"mitochan"	"lwrNorm"	"medNorm"	"uprNorm"
-1.90327037354145	-3.45850150295486	-2.32364058345377	-1.22120519940932
-1.89677163120065	-3.44662104893659	-2.31860410864719	-1.20846723112734
-1.89027288885985	-3.42624804497913	-2.31351715548624	-1.20372816895052
-1.88377414651905	-3.42233397406084	-2.30581711594018	-1.20709481078117
-1.87727540417826	-3.40568259791525	-2.29671372517011	-1.20098805038385
-1.87077666183746	-3.4115727413976	-2.29299440981902	-1.18511170086482
-1.86427791949666	-3.3975981267502	-2.28260464059635	-1.18185603774815
-1.85777917715586	-3.38496372141345	-2.27560057908524	-1.184446150059
-1.85128043481507	-3.37397833410929	-2.26696694324605	-1.17427683504817
-1.84478169247427	-3.35863127205141	-2.25888295904619	-1.17029665883845
-1.83828295013347	-3.35327338097997	-2.24815569271672	-1.15656394253518
-1.83178420779267	-3.35599610905994	-2.24231939615125	-1.15883327676923
-1.82528546545187	-3.32593582416704	-2.2340951884864	-1.14476105044361
-1.81878672311108	-3.31540136279327	-2.22346405988599	-1.15287473979555
-1.81228798077028	-3.31193066928115	-2.2175838955407	-1.14495248208198
-1.80578923842948	-3.30797219912324	-2.2138989106528	-1.13714359891777
-1.79929049608868	-3.28755517680624	-2.20705672316528	-1.12785729976676
-1.79279175374788	-3.27776237202836	-2.19487887733923	-1.13904450030585
-1.78629301140709	-3.27416803702909	-2.18549553716275	-1.12311550510855
-1.77979426906629	-3.25659202815729	-2.18038685413398	-1.10064280678121
-1.77329552672549	-3.2456128187342	-2.17360570527133	-1.12043369601592
-1.76679678438469	-3.24593182650341	-2.16506488141589	-1.10731696300995
-1.76029804204389	-3.22805639695839	-2.15774984742187	-1.10403484724397
-1.7537992997031	-3.21356959949928	-2.15044974023481	-1.08758345581301
-1.7473005573623	-3.20266866645217	-2.14181445530111	-1.0939289419904
-1.7408018150215	-3.19533180707036	-2.13240711044131	-1.08718997020751
-1.7343030726807	-3.18782522761888	-2.1299778654288	-1.07788962376595
-1.7278043303399	-3.18220971167706	-2.11937819366142	-1.08425021920187
-1.72130558799911	-3.16551708405368	-2.10975811285816	-1.06950294290113
-1.71480684565831	-3.14950799746963	-2.10302041098223	-1.07385680341863
-1.70830810331751	-3.14692164078099	-2.09968920170146	-1.05474013404143
-1.70180936097671	-3.13227110080174	-2.08173541406735	-1.04954611041201
-1.69531061863591	-3.12254211680703	-2.08269010025152	-1.04531819897913
-1.68881187629512	-3.11850697011774	-2.07443835099765	-1.05156214115587
-1.68231313395432	-3.09791107476706	-2.06516880691031	-1.04719417514425
-1.67581439161352	-3.10173479505803	-2.05874091045525	-1.03191283816626
-1.66931564927272	-3.07979596930618	-2.05225378135396	-1.02822020777826
-1.66281690693192	-3.07338874822655	-2.03917313854034	-1.02043947395779
-1.65631816459113	-3.05970650807675	-2.03238435844442	-1.01902886544888
-1.64981942225033	-3.05101932991227	-2.02402133042212	-1.01410598984062
-1.64332067990953	-3.04012797913092	-2.02047410536459	-1.00972637548342
-1.63682193756873	-3.02810976610425	-2.01172739850481	-1.00053218328488
-1.63032319522793	-3.01954843405119	-2.00215025520281	-0.998973415225792
-1.62382445288714	-3.01004629936005	-1.99561872030037	-0.990839925613686
-1.61732571054634	-3.01033786942549	-1.98955996343174	-0.980270698068066
-1.61082696820554	-2.99389858822671	-1.97774218187588	-0.970788176384013
-1.60432822586474	-2.97839907080673	-1.97350081315332	-0.980138420793862
-1.59782948352394	-2.97987692005609	-1.96149904293041	-0.973744768954866
-1.59133074118315	-2.96132343804709	-1.95754697070587	-0.968115605150358
-1.58483199884235	-2.94298850197579	-1.94865141076315	-0.974393672520889
-1.57833325650155	-2.94528841590003	-1.94119381109617	-0.959832177494161
-1.57183451416075	-2.92774439372096	-1.93653869500351	-0.952414152924038
-1.56533577181995	-2.92116988260728	-1.92372933428512	-0.951244370605128
-1.55883702947916	-2.90964296255793	-1.91640853028923	-0.9360030130056
-1.55233828713836	-2.89881670332811	-1.90830247865621	-0.935694297313466
-1.54583954479756	-2.88625554764473	-1.90161046078624	-0.930954591320392
-1.53934080245676	-2.88762584072145	-1.89162986989888	-0.924106503467359
-1.53284206011596	-2.86741936302349	-1.88878005249132	-0.906845482667646
-1.52634331777517	-2.85012760383154	-1.87778530989926	-0.918969066970571
-1.51984457543437	-2.84599929089317	-1.87408460248729	-0.910531873048099
-1.51334583309357	-2.83813977849793	-1.86291634737686	-0.903999524834295
-1.50684709075277	-2.8280113667497	-1.8585689006666	-0.903197193382979
-1.50034834841197	-2.81091642579797	-1.84660374746425	-0.886835091760451
-1.49384960607118	-2.80609688753056	-1.84148351822888	-0.893388999696526
-1.48735086373038	-2.79731181722392	-1.83161971724319	-0.881847999837547
-1.48085212138958	-2.78437913965504	-1.82379329209875	-0.877511045329374
-1.47435337904878	-2.77244710621443	-1.81965399799077	-0.883733676860922
-1.46785463670798	-2.76429471856944	-1.8086735407753	-0.869939435712159
-1.46135589436719	-2.75487432479358	-1.80219923883751	-0.864033451395914
-1.45485715202639	-2.74714315669885	-1.79837099130392	-0.857384961931637
-1.44835840968559	-2.73257471031774	-1.78572561902987	-0.841436525043536
-1.44185966734479	-2.7231099569262	-1.77846028048539	-0.853020932902877
-1.43536092500399	-2.7085994987461	-1.77012198742819	-0.838859229759989
-1.4288621826632	-2.71642327576733	-1.76569798932636	-0.832571266396351
-1.4223634403224	-2.69618249855233	-1.75798170061072	-0.824642140025524
-1.4158646979816	-2.67956858645664	-1.74922554202779	-0.817267786005757
-1.4093659556408	-2.65760997287239	-1.74063547343779	-0.826357886078663
-1.4028672133	-2.65886301830714	-1.73191141584121	-0.815997367086689
-1.39636847095921	-2.65244104308351	-1.72781172277652	-0.803117796210967
-1.38986972861841	-2.62876747627691	-1.71673650401734	-0.806535084929802
-1.38337098627761	-2.64173332493905	-1.71364518923493	-0.791237206587028
-1.37687224393681	-2.62123912387996	-1.70189828296151	-0.796998853771297
-1.37037350159601	-2.60848579789109	-1.69771876831373	-0.784992328320089
-1.36387475925522	-2.60703676299495	-1.68462419421332	-0.780815591355063
-1.35737601691442	-2.59752806702754	-1.67918406911716	-0.769932614389776
-1.35087727457362	-2.57995583536647	-1.66985149726833	-0.771385638290715
-1.34437853223282	-2.57588780916544	-1.66221703442271	-0.767303468166162
-1.33787978989202	-2.5522971400496	-1.65474777918443	-0.753572638076944
-1.33138104755123	-2.55043478998023	-1.64612713735276	-0.750784257100839
-1.32488230521043	-2.5457091819502	-1.63891239890756	-0.748084164651569
-1.31838356286963	-2.53717902614791	-1.63487624752175	-0.738367580320179
-1.31188482052883	-2.52000357881586	-1.62714754579011	-0.734155104834689
-1.30538607818803	-2.51115243267091	-1.61184412609133	-0.727879094653268
-1.29888733584724	-2.49971862143809	-1.60852165499216	-0.729661269422657
-1.29238859350644	-2.49099664625302	-1.60157920965205	-0.708541220340116
-1.28588985116564	-2.47585030942431	-1.592745953458	-0.707418987951185
-1.27939110882484	-2.47544700871549	-1.58327938974264	-0.709046280671294
-1.27289236648405	-2.46385775132287	-1.57935894353705	-0.693566804190428
-1.26639362414325	-2.45018946033437	-1.5722254948603	-0.698746809811537
-1.25989488180245	-2.44179516650133	-1.56393306823124	-0.692170413825011
-1.25339613946165	-2.4271829804686	-1.55672007249523	-0.690901014655417
-1.24689739712085	-2.4132211327756	-1.54754095373149	-0.676879541729882
-1.24039865478005	-2.42486951840946	-1.53842599830495	-0.682346410077897
-1.23389991243926	-2.39265258897571	-1.53291981327424	-0.675976145118264
-1.22740117009846	-2.38780085558986	-1.52342494560246	-0.666098031454923
-1.22090242775766	-2.3796798297846	-1.51262153207786	-0.665353481051827
-1.21440368541686	-2.36727804273965	-1.50783928039604	-0.651864508973095
-1.20790494307607	-2.35197059165324	-1.50030523930945	-0.648014723140669
-1.20140620073527	-2.34303223756785	-1.4923581994081	-0.649757567181475
-1.19490745839447	-2.34390848730848	-1.48399036103909	-0.63004243329926
-1.18840871605367	-2.33143323733145	-1.47716999507729	-0.62591648317982
-1.18190997371287	-2.31476594721362	-1.46820470117183	-0.627716139302638
-1.17541123137208	-2.30573669433403	-1.46413343195749	-0.616960304683379
-1.16891248903128	-2.30117074875826	-1.4566900664742	-0.60972956195658
-1.16241374669048	-2.29409690024579	-1.44605961284337	-0.606629095428636
-1.15591500434968	-2.27698638153701	-1.44282406314491	-0.602837302452904
-1.14941626200888	-2.26357594834949	-1.43237129810285	-0.599681169700409
-1.14291751966809	-2.25130041380296	-1.4211677965887	-0.591024565589104
-1.13641877732729	-2.24188712859799	-1.41539657258219	-0.575103792307478
-1.12992003498649	-2.23426998556856	-1.40627302936687	-0.573177562274938
-1.12342129264569	-2.23747035965329	-1.39692415820918	-0.578871940187715
-1.11692255030489	-2.21891844239871	-1.39016019938189	-0.569942812288652
-1.1104238079641	-2.20660409022946	-1.38432491438399	-0.567259821866587
-1.1039250656233	-2.2038220725559	-1.372347904286	-0.557536606331028
-1.0974263232825	-2.18443388247896	-1.37064728046703	-0.545554461848598
-1.0909275809417	-2.18124058837617	-1.36038349225694	-0.544642318862208
-1.0844288386009	-2.17804508574797	-1.35352533899117	-0.53412574649234
-1.07793009626011	-2.16290214278111	-1.34412805315974	-0.533545365044709
-1.07143135391931	-2.14269831834746	-1.33731776780763	-0.534013580747045
-1.06493261157851	-2.13469137793572	-1.32516178338685	-0.519891798124787
-1.05843386923771	-2.13438577693877	-1.32122546285387	-0.52107497270564
-1.05193512689691	-2.12541524249275	-1.31398029091098	-0.513242684372517
-1.04543638455612	-2.11552449203503	-1.31218073621508	-0.508541394922083
-1.03893764221532	-2.10297680431165	-1.30059796397595	-0.503390046724584
-1.03243889987452	-2.09048208311973	-1.29086165553101	-0.495447846804116
-1.02594015753372	-2.08490878987676	-1.28348750502579	-0.481314234853011
-1.01944141519292	-2.07914795473679	-1.2737640530401	-0.478069262430375
-1.01294267285213	-2.05966071442461	-1.26559147244193	-0.476818622216244
-1.00644393051133	-2.04964719956185	-1.26187886585067	-0.46581935021718
-0.99994518817053	-2.03436807463431	-1.25071277627683	-0.467858188320343
-0.993446445829732	-2.03364768954237	-1.243785872599	-0.466514371713054
-0.986947703488934	-2.0306311841485	-1.23543226558251	-0.454439460830249
-0.980448961148136	-2.02391370198811	-1.23100859970731	-0.457324482551465
-0.973950218807338	-2.00778577858859	-1.2198530817162	-0.444725294091618
-0.96745147646654	-1.99273032132211	-1.216642594725	-0.42977441845365
-0.960952734125742	-1.98626223122725	-1.20704751663015	-0.429041339048031
-0.954453991784944	-1.97643803424985	-1.19616859861007	-0.419753915534828
-0.947955249444146	-1.96535101663891	-1.19154807284401	-0.39861627941734
-0.941456507103348	-1.96075160196242	-1.18123021475986	-0.418822662581639
-0.93495776476255	-1.93976754847036	-1.17854108446203	-0.406024656575133
-0.928459022421752	-1.94114905113858	-1.16960591009617	-0.401286863268821
-0.921960280080954	-1.92272811543454	-1.16216364253096	-0.396525110983777
-0.915461537740156	-1.91345642600609	-1.15036440802159	-0.3915863590569
-0.908962795399358	-1.90407218733546	-1.1413093315909	-0.380841828253923
-0.90246405305856	-1.89407174909527	-1.13766425483556	-0.376449542216502
-0.895965310717762	-1.87706785311951	-1.12843691063559	-0.377495541474163
-0.889466568376964	-1.88101325747327	-1.11974291400253	-0.371402061412633
-0.882967826036166	-1.8587223694103	-1.11295982852336	-0.355272173107716
-0.876469083695368	-1.86106134483392	-1.10577322117234	-0.365590437107771
-0.86997034135457	-1.85405160342257	-1.09704315289235	-0.35966743947517
-0.863471599013772	-1.83345469420574	-1.08869496175607	-0.346231881089904
-0.856972856672974	-1.8300801129561	-1.08337311961507	-0.335369162286805
-0.850474114332176	-1.82016114237997	-1.07232411987879	-0.326718470696998
-0.843975371991378	-1.81247403223489	-1.06861544815352	-0.323423910631972
-0.83747662965058	-1.80594590050497	-1.05854800343936	-0.325156152305456
-0.830977887309782	-1.79022354207934	-1.05078466186603	-0.31583866229893
-0.824479144968984	-1.77735942432517	-1.04369824309117	-0.301201415581928
-0.817980402628186	-1.76673459319822	-1.03506346953604	-0.29423337497281
-0.811481660287388	-1.75698155404104	-1.02809030353904	-0.290044196649522
-0.80498291794659	-1.7527769031231	-1.02072237622205	-0.29195459225189
-0.798484175605792	-1.74454188164265	-1.01287384315596	-0.279202421473126
-0.791985433264994	-1.7389052061764	-1.00494461895229	-0.286744857131125
-0.785486690924196	-1.72302740868911	-0.995672714390084	-0.272537115374275
-0.778987948583398	-1.71257864104988	-0.989239544907281	-0.261065530984242
-0.772489206242601	-1.70402380303168	-0.982644357758516	-0.26254353023028
-0.765990463901802	-1.70261261889468	-0.974402173942599	-0.250085953223592
-0.759491721561005	-1.68229504324147	-0.966568763653638	-0.24332243064448
-0.752992979220207	-1.67459130903613	-0.962619983700979	-0.241571527406759
-0.746494236879409	-1.66838330801154	-0.952243774588307	-0.233546010732897
-0.739995494538611	-1.65940448033689	-0.94302648928629	-0.23092230392945
-0.733496752197813	-1.63890440286673	-0.937429829339996	-0.224549286983846
-0.726998009857015	-1.63423591934039	-0.927330098173353	-0.224091838452077
-0.720499267516217	-1.63169484373064	-0.92243260906206	-0.211473415512993
-0.714000525175419	-1.61333855275244	-0.912660937396022	-0.212013718816349
-0.707501782834621	-1.61310060163352	-0.905141296485646	-0.201411725677498
-0.701003040493823	-1.60307966170889	-0.895869011726678	-0.195236080222387
-0.694504298153025	-1.5883148775877	-0.886752864266313	-0.194735729961
-0.688005555812227	-1.58135994995044	-0.883254765988813	-0.175344988770414
-0.681506813471429	-1.56337161478498	-0.87302668708031	-0.170593928804813
-0.675008071130631	-1.56790529184913	-0.867242503310403	-0.165946427914833
-0.668509328789833	-1.55147571723741	-0.860555549720306	-0.161642563154606
-0.662010586449035	-1.53608692498276	-0.849945805746159	-0.158688188109038
-0.655511844108237	-1.54288597548361	-0.841339438725615	-0.145486875905862
-0.649013101767439	-1.53558519351584	-0.834248336651769	-0.146743250130924
-0.642514359426641	-1.51661671565626	-0.824085512839024	-0.146751882765959
-0.636015617085843	-1.50608723547638	-0.81708235356054	-0.127451539225854
-0.629516874745045	-1.50252101115629	-0.808416592871939	-0.118626512569914
-0.623018132404247	-1.49217454701738	-0.802387474744662	-0.12150631783298
-0.616519390063449	-1.48823454383097	-0.797225194839901	-0.113251411672181
-0.610020647722651	-1.4700589818835	-0.788423992802257	-0.100776548397995
-0.603521905381853	-1.46472599839463	-0.778960213295455	-0.0951495044223683
-0.597023163041055	-1.4496644926292	-0.771039534754986	-0.0887660105390939
-0.590524420700257	-1.44700514898782	-0.764500406979379	-0.0908849064287559
-0.584025678359459	-1.43078870486893	-0.755464520157708	-0.0776992415900778
-0.577526936018661	-1.43328435368449	-0.748536608091869	-0.0740037141984425
-0.571028193677863	-1.41135006361581	-0.741363826750469	-0.0702577164565872
-0.564529451337065	-1.39426862589965	-0.733867500341632	-0.066336220194872
-0.558030708996267	-1.40337595069328	-0.724349288744945	-0.0522813223405233
-0.551531966655469	-1.38452047408373	-0.716343539730708	-0.0492576281847943
-0.545033224314671	-1.38164267539003	-0.710112238558827	-0.0476990640391325
-0.538534481973873	-1.3741170583613	-0.70342260893487	-0.0380508018345514
-0.532035739633075	-1.36251090622084	-0.693882685316071	-0.0298103358220686
-0.525536997292277	-1.34957567986976	-0.687249458020784	-0.0276439310873184
-0.519038254951479	-1.34968772944553	-0.682614104847617	-0.0217314147089619
-0.512539512610681	-1.33318722924693	-0.674293367274141	-0.0113848247690331
-0.506040770269883	-1.32745955649601	-0.663054225519788	-0.000452922806710212
-0.499542027929085	-1.31243753027987	-0.657676051690204	0.00266861125952688
-0.493043285588287	-1.30454520305427	-0.650332359518922	0.00823011901614122
-0.486544543247489	-1.29586586070763	-0.637334981881228	0.0202920750101181
-0.480045800906691	-1.29093757000359	-0.632897895200348	0.0226230294140903
-0.473547058565893	-1.28140292913227	-0.62283839017209	0.038144284846286
-0.467048316225096	-1.27303040752075	-0.616076382224723	0.0335921841209458
-0.460549573884298	-1.26446624182374	-0.606446925676116	0.0492032963670355
-0.454050831543499	-1.25623087435881	-0.603554519318156	0.0494516420857435
-0.447552089202702	-1.25449143839421	-0.594830857542165	0.0607151724045927
-0.441053346861904	-1.23379239728625	-0.588758109628841	0.0577704382979994
-0.434554604521106	-1.23125938530125	-0.579530323883973	0.0645740221344224
-0.428055862180308	-1.21832867274763	-0.572211882714614	0.0742746949078185
-0.42155711983951	-1.21062497774056	-0.561830375513829	0.0807018182092165
-0.415058377498712	-1.20116049526759	-0.554365500674043	0.0936094376586499
-0.408559635157914	-1.20257205220929	-0.549725879809134	0.094350023233733
-0.402060892817116	-1.18533047632514	-0.538341522012314	0.1025966313118
-0.395562150476318	-1.18002222489669	-0.531093141072368	0.107039207924016
-0.38906340813552	-1.15708433127524	-0.527511358058474	0.123329789864833
-0.382564665794722	-1.14912224650521	-0.517353426632095	0.121126908515178
-0.376065923453924	-1.14098933090761	-0.507564449330612	0.12938885504536
-0.369567181113126	-1.14044416391222	-0.5014569670495	0.136838673270926
-0.363068438772328	-1.12953690986715	-0.49371123606983	0.15310333863935
-0.35656969643153	-1.11989862367709	-0.486457963313072	0.148275256698306
-0.350070954090732	-1.1092519283882	-0.477205648815279	0.155059121080109
-0.343572211749934	-1.10186782646677	-0.467355406069086	0.167460359786259
-0.337073469409136	-1.09866597933265	-0.459366109741374	0.171406210032011
-0.330574727068338	-1.08811801974125	-0.456202070117569	0.176297274137696
-0.32407598472754	-1.07857756894038	-0.447932598296511	0.188733833205211
-0.317577242386742	-1.0670111114943	-0.44158928638303	0.190998273551249
-0.311078500045944	-1.0656159615442	-0.430258015307908	0.200039348068213
-0.304579757705146	-1.05234393974899	-0.423098830540226	0.206332305403257
-0.298081015364348	-1.04414743830196	-0.420291245665657	0.214456915175563
-0.29158227302355	-1.03925769937309	-0.408459697501257	0.222057184583898
-0.285083530682752	-1.02126841842539	-0.400702971815768	0.232073205078152
-0.278584788341954	-1.01934630181972	-0.390786428522143	0.241201422062684
-0.272086046001156	-1.01872256490011	-0.385013904240529	0.234224430853622
-0.265587303660358	-1.00342056590432	-0.373510330302787	0.253759564127243
-0.25908856131956	-0.989174446554977	-0.367780595698003	0.254193382688295
-0.252589818978762	-0.989301057337896	-0.364061477566968	0.262265593049671
-0.246091076637964	-0.977845479007201	-0.353914767649788	0.277067185380064
-0.239592334297166	-0.970634674657798	-0.348984539723428	0.275893087480103
-0.233093591956368	-0.956152303864303	-0.340527904378258	0.292834745952313
-0.22659484961557	-0.949899762570144	-0.333484775786658	0.289632977626684
-0.220096107274772	-0.933645195852367	-0.321111990229634	0.298743516647429
-0.213597364933974	-0.937821781661816	-0.315646038571984	0.304479603240727
-0.207098622593176	-0.924367130066944	-0.309446922679807	0.311404140844157
-0.200599880252378	-0.921099482941986	-0.297196012210489	0.317994552282885
-0.19410113791158	-0.900784301535	-0.292361301465313	0.331792146603487
-0.187602395570782	-0.899400903302421	-0.281377815232142	0.339860921488608
-0.181103653229984	-0.895906660060244	-0.276118362710395	0.348705227445885
-0.174604910889187	-0.898006847078338	-0.266089897969731	0.34989883868941
-0.168106168548388	-0.872805621384577	-0.2617182638527	0.350681043292814
-0.16160742620759	-0.86964603114815	-0.253007866571394	0.367405698696565
-0.155108683866793	-0.862737688182345	-0.246660429023012	0.364670910366625
-0.148609941525994	-0.84984279414184	-0.236971426269706	0.379612692986224
-0.142111199185196	-0.842792289564744	-0.231198229365353	0.390134883216857
-0.135612456844399	-0.837106917038815	-0.221450804650725	0.382061815042712
-0.129113714503601	-0.833476656236874	-0.216410322215213	0.397635660213423
-0.122614972162802	-0.813060503600068	-0.202349671211219	0.405788828420203
-0.116116229822005	-0.812041395212958	-0.197607263138644	0.418150719805732
-0.109617487481207	-0.808226515032281	-0.189603573567196	0.429813200622044
-0.103118745140409	-0.793241397090665	-0.183557200997877	0.43357778645909
-0.0966200027996107	-0.788359732208221	-0.175492167007845	0.436529875605645
-0.0901212604588126	-0.786259489417807	-0.166939135916973	0.445521652559568
-0.0836225181180148	-0.778726465629756	-0.160503168120012	0.450849452333865
-0.0771237757772167	-0.769773943741261	-0.152025293170775	0.463580586416151
-0.0706250334364187	-0.75559958752057	-0.143872655705512	0.465947017121306
-0.0641262910956208	-0.751673340721875	-0.136374221318675	0.46719332198516
-0.0576275487548228	-0.736476599632474	-0.130351457398276	0.475635909847279
-0.0511288064140247	-0.734303990971475	-0.122666997859475	0.488775001712293
-0.0446300640732269	-0.729897400673491	-0.112363658168071	0.498051958152034
-0.0381313217324288	-0.725410006565491	-0.109157396543587	0.511560774711697
-0.0316325793916308	-0.718482916996081	-0.0964387708827657	0.514322177510468
-0.0251338370508329	-0.706136492913425	-0.0904766845178595	0.523656191845555
-0.0186350947100349	-0.697852858060789	-0.0858106483599966	0.528888198446134
-0.0121363523692368	-0.692674776320658	-0.0756665063100448	0.538223743296547
-0.00563761002843899	-0.68169149741092	-0.0674042704058283	0.549302506950969
0.00086113231235907	-0.665660449859641	-0.0545530049532989	0.559227458724691
0.00735987465315691	-0.66653198020756	-0.054382864557966	0.556817672816535
0.013858616993955	-0.654463724143434	-0.0447916274357202	0.569676763230566
0.020357359334753	-0.649093196879259	-0.0378087493168906	0.57923421223485
0.0268561016755509	-0.640409127794753	-0.0252606920907103	0.582562422811727
0.0333548440163489	-0.629449187945914	-0.0216093902018831	0.590205979636099
0.039853586357147	-0.622745920823788	-0.0132521833098087	0.605421324094678
0.0463523286979448	-0.619571946670588	-0.00327009166847152	0.603342377078935
0.0528510710387429	-0.608382795885356	-0.000505434204046657	0.617895027133452
0.0593498133795409	-0.607925831594005	0.00905815934947377	0.627092853914793
0.0658485557203388	-0.594220141000514	0.0181529672381656	0.633686463897857
0.0723472980611368	-0.584122691808617	0.0266409044928292	0.636012954235983
0.0788460404019349	-0.579573077370579	0.0348766053087529	0.649522777952827
0.0853447827427327	-0.578916625283322	0.0443309058646177	0.653395166184877
0.0918435250835308	-0.561778643274337	0.0486812661020965	0.660752751287275
0.0983422674243286	-0.55005714176171	0.0581327539802202	0.667454799603998
0.104841009765127	-0.547723667703455	0.0641654096293098	0.671406082589455
0.111339752105925	-0.537151746659983	0.0723771740790894	0.688808197575321
0.117838494446723	-0.525625595518002	0.0788559207666524	0.699427757347876
0.124337236787521	-0.528598164209441	0.0873240200995258	0.697979144776742
0.130835979128319	-0.526824542114712	0.100358769239885	0.703296773702866
0.137334721469117	-0.509182226543753	0.103808577596618	0.719484172415743
0.143833463809915	-0.498658007330888	0.110241586151365	0.725331492162927
0.150332206150713	-0.497500276242155	0.120431287187012	0.732986612913013
0.15683094849151	-0.487687688499801	0.126983913526812	0.747523659210989
0.163329690832308	-0.480709546597339	0.135782281285639	0.745814781338748
0.169828433173107	-0.478192839030364	0.144089516829739	0.760027413742135
0.176327175513904	-0.469572545763142	0.152287372343653	0.76251153395934
0.182825917854702	-0.456790684247281	0.158219532100593	0.782316679941093
0.189324660195501	-0.448676498192154	0.166579699564472	0.778577663020736
0.195823402536298	-0.448268559994968	0.175407152559496	0.793111194570214
0.202322144877096	-0.435475337326095	0.179528289712893	0.797706116440405
0.208820887217894	-0.43033556338838	0.187997840202122	0.808978533430356
0.215319629558692	-0.423181925283795	0.1968855001819	0.817768757062167
0.22181837189949	-0.421799544815733	0.206017476375439	0.827931453864877
0.228317114240288	-0.409944855088138	0.211438287129665	0.835154253969453
0.234815856581086	-0.405753864504223	0.214665377691713	0.853737169525646
0.241314598921884	-0.394346867413857	0.22863730543644	0.850697900957136
0.247813341262682	-0.391482487636381	0.240595291668289	0.858767568106387
0.25431208360348	-0.380362252785493	0.242624700521164	0.872679771939717
0.260810825944278	-0.374724728551498	0.249604366862235	0.883598349072611
0.267309568285076	-0.371121720953982	0.258630303652847	0.879714714702679
0.273808310625874	-0.360380548412778	0.265412773238993	0.889817496842718
0.280307052966672	-0.355792891063608	0.274132788575363	0.897922100745045
0.28680579530747	-0.34507806521023	0.28121083560131	0.906343657167629
0.293304537648268	-0.337419732680621	0.290703879427075	0.913602894633825
0.299803279989066	-0.331064946874529	0.297719227504405	0.928393088937463
0.306302022329864	-0.323177655404756	0.303942419204926	0.928051485885247
0.312800764670662	-0.325335790466309	0.312017222106282	0.940398118754991
0.31929950701146	-0.312093436584389	0.319657294777467	0.956094860848653
0.325798249352258	-0.297991475000671	0.327685695424776	0.958151318761882
0.332296991693056	-0.296322216410209	0.335820093961807	0.970441863070425
0.338795734033854	-0.289358114192094	0.340819890136426	0.979249520955121
0.345294476374652	-0.284581932509833	0.348932288239595	0.981501700257891
0.35179321871545	-0.268596053433211	0.358097305482	0.999874518822215
0.358291961056248	-0.265764734474146	0.367163314475661	1.00110055281004
0.364790703397046	-0.26023672265504	0.374145605718122	1.02017326939772
0.371289445737844	-0.248537490231813	0.383035124203551	1.01585415843487
0.377788188078642	-0.253476988454334	0.391769755930461	1.02466447855626
0.38428693041944	-0.241692473353036	0.398347584977167	1.03843253213256
0.390785672760238	-0.240799470444308	0.403588703273918	1.0491805255939
0.397284415101036	-0.230672861062332	0.412752847825374	1.05274791988407
0.403783157441834	-0.223890233669165	0.418525703310194	1.06980940490519
0.410281899782632	-0.210380989458547	0.429062918634282	1.07206019197714
0.41678064212343	-0.20530183861253	0.437848179822585	1.07398699237135
0.423279384464228	-0.201526493183753	0.443300226123938	1.0881572130383
0.429778126805026	-0.186097405749387	0.452802663798447	1.1059817745756
0.436276869145824	-0.181526030657918	0.459820328841725	1.11702164292028
0.442775611486621	-0.188449736881266	0.46635493611919	1.11039579116358
0.44927435382742	-0.172387523917423	0.471998810758055	1.11562049442089
0.455773096168218	-0.176764139157346	0.480337438712437	1.13387368649434
0.462271838509015	-0.16935402168531	0.492520695158139	1.14860905171842
0.468770580849814	-0.151552503611804	0.497098353527833	1.16452415522927
0.475269323190612	-0.150476020665282	0.506437849169392	1.16674452533803
0.481768065531409	-0.147065166552081	0.511623777164496	1.17524109096227
0.488266807872208	-0.133028268582291	0.519372566394963	1.18546292246962
0.494765550213006	-0.137126405327526	0.530922952288021	1.18634806219181
0.501264292553803	-0.124929043667303	0.535588062982386	1.20325476164598
0.507763034894602	-0.117717755154238	0.544407945968738	1.20522852974685
0.514261777235399	-0.115313728339157	0.552170446733377	1.21478107536598
0.520760519576197	-0.104237547299551	0.559763818333899	1.23291528296938
0.527259261916996	-0.0962055849381247	0.570278645646276	1.22452042332128
0.533758004257793	-0.0915023935392431	0.57840854425887	1.2444804506891
0.540256746598591	-0.0853652023687931	0.581015617793961	1.24545985224484
0.546755488939389	-0.0817686607257416	0.591018137433516	1.26235272747988
0.553254231280187	-0.0621256228480275	0.597721192179538	1.27035257750056
0.559752973620985	-0.0617492112305756	0.606987241259468	1.28358438513336
0.566251715961783	-0.0587586385870007	0.615829360053936	1.29492318596579
0.572750458302581	-0.0543685543999272	0.621396710807634	1.30273361091929
0.579249200643379	-0.0472780325446465	0.630519014993741	1.30480335776852
0.585747942984177	-0.0370556931886241	0.638093872995881	1.30693289129491
0.592246685324975	-0.0338279586685428	0.64607491409703	1.31970616467536
0.598745427665773	-0.0226211145302665	0.650513138740475	1.33225397454809
0.605244170006571	-0.0143584937893066	0.664533350949181	1.33882894918948
0.611742912347369	-0.0145222149705775	0.669260090218268	1.34697651754477
0.618241654688167	-0.00767957701428801	0.676776057757844	1.35928157513358
0.624740397028965	0.00431086908089974	0.683278867650936	1.36893762091221
0.631239139369763	-0.00230731909375038	0.689873858230277	1.37839421003512
0.637737881710561	0.00593782714125899	0.700426253383339	1.38824486181087
0.644236624051359	0.0169213450525663	0.70533905731994	1.38778209441252
0.650735366392157	0.020092141468072	0.719030895221344	1.40674783787547
0.657234108732955	0.0312669846428937	0.722855956764131	1.41168484865472
0.663732851073753	0.0356090615565017	0.732758256048017	1.43044387430303
0.670231593414551	0.0545105382382105	0.737642125469176	1.438458298489
0.676730335755349	0.045807728482225	0.746399233979555	1.44546571117869
0.683229078096147	0.054075569665591	0.754533264840555	1.45274302924474
0.689727820436945	0.0606460422349997	0.762399008496188	1.46170869424214
0.696226562777743	0.0608083359254467	0.769317733865307	1.46966128534793
0.702725305118541	0.074061977024586	0.777695676040951	1.49306653099138
0.709224047459339	0.0840264508890714	0.789954411710789	1.48864851208748
0.715722789800137	0.0908579100886458	0.795399789751484	1.49896223083601
0.722221532140935	0.0896251442226728	0.803491333183014	1.51339498111212
0.728720274481733	0.093942606867773	0.808946492874507	1.51917129294447
0.735219016822531	0.107431585630097	0.813673833526344	1.52911438405431
0.741717759163329	0.112455521283288	0.828853077616483	1.53091412066126
0.748216501504126	0.113260252166921	0.833568103449017	1.54545777131527
0.754715243844925	0.129017214368429	0.839413204276251	1.55426763074796
0.761213986185723	0.123343074153545	0.848533094096465	1.56565221247978
0.76771272852652	0.133985540649444	0.859255366843733	1.57979480526577
0.774211470867319	0.14361833285614	0.864672960173187	1.58960517714691
0.780710213208117	0.148516805698553	0.87036620273356	1.59693094463196
0.787208955548914	0.148841588026232	0.879960253721517	1.61384977651474
0.793707697889713	0.15606234834702	0.889489814361115	1.60889318172397
0.80020644023051	0.159969563692588	0.894566416001652	1.63097508617249
0.806705182571308	0.174484472434731	0.899175361267266	1.62980427275072
0.813203924912107	0.175053777041147	0.909764408554405	1.64094747197668
0.819702667252904	0.183996540399757	0.916817655747323	1.65830279583699
0.826201409593702	0.193834718234428	0.927862708981354	1.65566420552502
0.832700151934501	0.188035935851964	0.934700063601549	1.66931697877644
0.839198894275298	0.19737969587827	0.942742000974719	1.68550518327433
0.845697636616096	0.209761277427827	0.946337110339679	1.69595905092799
0.852196378956894	0.218731738024294	0.958770667696338	1.69652192578459
0.858695121297692	0.219001658913314	0.963201353708924	1.71560436475232
0.86519386363849	0.218678410423666	0.972401752789822	1.72505696647726
0.871692605979288	0.236236476140258	0.982015565828466	1.72468168676366
0.878191348320086	0.232825255774955	0.988921746735406	1.73533609948733
0.884690090660884	0.24091593365729	1.00211780726292	1.75776360777665
0.891188833001682	0.245132595915123	1.00393199435744	1.76766353894752
0.89768757534248	0.247816485795134	1.009689315723	1.77278146827604
0.904186317683278	0.26260837208805	1.02129058903487	1.78080071362238
0.910685060024076	0.262342515532351	1.02722966697636	1.78986146791065
0.917183802364874	0.274237642892673	1.03382996146374	1.79451556590404
0.923682544705672	0.265417494691476	1.0422936360647	1.80667036256489
0.93018128704647	0.283084100589338	1.05120302688774	1.828654392726
0.936680029387268	0.286530400654256	1.06099350795781	1.82053736509598
0.943178771728066	0.297709476618394	1.06570491134065	1.83839726426866
0.949677514068864	0.301829944187751	1.07310294753237	1.84425338226094
0.956176256409662	0.317006014584645	1.07805064003964	1.85601658125611
0.96267499875046	0.310135306895285	1.08877139590654	1.86000046907795
0.969173741091258	0.3155083827924	1.09731873743672	1.87337491037061
0.975672483432056	0.330082725287071	1.10532173470678	1.88216039345842
0.982171225772854	0.337947048866908	1.10919765515271	1.89722068469178
0.988669968113652	0.336083909944461	1.11948772608629	1.90151630445678
0.99516871045445	0.339171586427026	1.12782299456757	1.92044968030183
1.00166745279525	0.342037247619521	1.13701548156012	1.92467538348954
1.00816619513605	0.353658372770905	1.14166875434217	1.93819135908796
1.01466493747684	0.356618901116044	1.15265296713693	1.94733921906078
1.02116367981764	0.367602914949677	1.15483566113975	1.95556900128537
1.02766242215844	0.367810790746855	1.16361698751164	1.96421831031793
1.03416116449924	0.388084571619691	1.17341785140291	1.97243284316565
1.04065990684004	0.38417550011922	1.18490294890169	1.97827619011934
1.04715864918083	0.387182038744531	1.18767211450777	2.00337573922271
1.05365739152163	0.401198808215997	1.19665760254444	1.99943698063421
1.06015613386243	0.391863399509186	1.20209885071623	2.01623985357747
1.06665487620323	0.404452776762801	1.21099504578375	2.00969993954586
1.07315361854403	0.40883086016535	1.22178956492976	2.03374316556495
1.07965236088482	0.420948491043302	1.22754534692126	2.03196083596573
1.08615110322562	0.418187595599992	1.23943851416759	2.05693811699954
1.09264984556642	0.425661097194895	1.24516222745572	2.05358954326473
1.09914858790722	0.43288034859095	1.25336928411877	2.07385085984808
1.10564733024802	0.436558076298278	1.25876209440524	2.08038934767248
1.11214607258881	0.44779221432469	1.26745058784496	2.08924077063181
1.11864481492961	0.446422036136962	1.27303329220116	2.093726733284
1.12514355727041	0.453458775854492	1.28285860792565	2.10918533807141
1.13164229961121	0.461898557278006	1.29284677292073	2.10294496958864
1.13814104195201	0.470823820375716	1.29690948678229	2.13266317893654
1.1446397842928	0.467088195837904	1.30907606389719	2.13909066422213
1.1511385266336	0.471145623312917	1.31545592330024	2.14802045156978
1.1576372689744	0.48826576489293	1.32235343873779	2.15702271513599
1.1641360113152	0.490631299958613	1.32784942657327	2.17064567008829
1.170634753656	0.500782373724458	1.33637352042412	2.18414469893855
1.17713349599679	0.494876596825408	1.34504825051368	2.18765030734431
1.18363223833759	0.50709576182043	1.35488788184386	2.20817613379569
1.19013098067839	0.514134969158511	1.36007267472988	2.21205793398198
1.19662972301919	0.518693129481131	1.36844466419225	2.22559858732222
1.20312846535999	0.527021490429764	1.37448807000847	2.2244367008091
1.20962720770078	0.530534617805975	1.38606926783859	2.24468721405439
1.21612595004158	0.540829812988066	1.39189038192911	2.24537746884405
1.22262469238238	0.534651634614312	1.39900364506807	2.26269142613236
1.22912343472318	0.536229849299151	1.40487376449456	2.27260954502577
1.23562217706398	0.55416183110768	1.41291661213472	2.27926907274052
1.24212091940477	0.553618523959319	1.42386608634145	2.28999571725367
1.24861966174557	0.557884129962814	1.4283839277963	2.30385424201767
1.25511840408637	0.566607296955122	1.43436765201559	2.31264886134583
1.26161714642717	0.567228479633089	1.44557760636569	2.3239859612293
1.26811588876796	0.576970736158128	1.45308472952573	2.32791483946358
1.27461463110876	0.583946057168407	1.46429514448345	2.33618480781912
1.28111337344956	0.585285454345876	1.47051582697538	2.35804710151873
1.28761211579036	0.600897333932552	1.47625015974208	2.36729628903473
1.29411085813116	0.599057520004054	1.4868779764558	2.36956514953184
1.30060960047195	0.606587717104143	1.48979168403305	2.38159619654417
1.30710834281275	0.606453047294305	1.49774083939274	2.39666897459743
1.31360708515355	0.612599851294333	1.50915982047013	2.40249227099435
1.32010582749435	0.616486283725816	1.51564375500008	2.41267014112118
1.32660456983515	0.625501616097674	1.52280644005936	2.4242579880139
1.33310331217594	0.622074475745201	1.52867981081603	2.43260149811385
1.33960205451674	0.637055541272347	1.53735422493014	2.44170166348525
1.34610079685754	0.643765324910507	1.54765592395665	2.44741731599287
1.35259953919834	0.639957789433165	1.55414946667348	2.46157670965081
1.35909828153914	0.650842939321717	1.56050898410226	2.46869748025437
1.36559702387993	0.669832018381248	1.56836920075503	2.47928085699927
1.37209576622073	0.668585742609672	1.57805255118372	2.48757435177341
1.37859450856153	0.65972994868432	1.58470913215449	2.50452262373028
1.38509325090233	0.677949515309582	1.59369139238357	2.51112705271754
1.39159199324313	0.684837516520358	1.60051224658399	2.5220141239628
1.39809073558392	0.687619534849867	1.61254373643019	2.53865889431622
1.40458947792472	0.691477051479152	1.61841746343878	2.54804868621282
1.41108822026552	0.69221112666784	1.62379065987713	2.55594917576556
1.41758696260632	0.712396820809064	1.6297491994195	2.5618985308185
1.42408570494712	0.707053612693664	1.63758953692493	2.57464724898909
1.43058444728791	0.698603735277101	1.65147425813284	2.57999483125213
1.43708318962871	0.72180467307415	1.65581025082109	2.59146276967839
1.44358193196951	0.717619995157867	1.66486059330792	2.60718939567916
1.45008067431031	0.716413463643251	1.66675350085927	2.61714016060061
1.45657941665111	0.746562420267901	1.6759800813928	2.62888050504131
1.4630781589919	0.739759826610844	1.68473795162358	2.63028967931077
1.4695769013327	0.747429267542566	1.69336381979965	2.65034079847802
1.4760756436735	0.749262807422525	1.70000707520044	2.64959667469454
1.4825743860143	0.754848712677539	1.70897382137077	2.6620328713437
1.4890731283551	0.754147399765019	1.71632066224046	2.67725787675409
1.49557187069589	0.756025354054621	1.72472837253449	2.69030901836126
1.50207061303669	0.769593795572827	1.73539909130664	2.68919140322472
1.50856935537749	0.768972586024568	1.74292332964546	2.70384929520503
1.51506809771829	0.776469174476725	1.75019649332629	2.72005191200146
1.52156684005909	0.776987486199352	1.75688583444075	2.71959616945045
1.52806558239988	0.786303053132211	1.76116510035472	2.74046474388452
1.53456432474068	0.798310444223999	1.77039442348262	2.74937369431658
1.54106306708148	0.807809110464859	1.77925845845122	2.760064916231
1.54756180942228	0.813639641164489	1.78711417920447	2.7641942388883
1.55406055176308	0.807663077841603	1.79575108516604	2.78111314294949
1.56055929410387	0.818502217015895	1.80023501607812	2.78460399949173
1.56705803644467	0.818343243085916	1.80849664164193	2.80140584700602
1.57355677878547	0.824250916778604	1.81693026437083	2.80910687586265
1.58005552112627	0.827335554282217	1.82824676135743	2.81423030112034
1.58655426346707	0.832594980127165	1.83333512718558	2.82932179909784
1.59305300580786	0.843767351774499	1.84334852302552	2.83917043873117
1.59955174814866	0.851011249554469	1.85096152347435	2.8550428291233
1.60605049048946	0.849255675337231	1.85549532222752	2.85936968654814
1.61254923283026	0.854271353782854	1.86594630397792	2.86549794033051
1.61904797517106	0.868881322036845	1.8772632041972	2.88129564562635
1.62554671751185	0.875443074409645	1.87754973210324	2.89908450260535
1.63204545985265	0.873977380992195	1.88689783217918	2.90133074340002
1.63854420219345	0.877322780618002	1.89638411103801	2.91792183718945
1.64504294453425	0.8855109613276	1.9044369455165	2.93543213492284
1.65154168687505	0.894264126913707	1.91202399123984	2.9378429767867
1.65804042921584	0.884417787391511	1.92337376479861	2.94060404185428
1.66453917155664	0.899423670736642	1.92729106756467	2.94286007141068
1.67103791389744	0.910996267769998	1.93467242737891	2.96328294230648
1.67753665623824	0.909704826696272	1.94124037182356	2.96707246850725
1.68403539857904	0.914458000221183	1.95182200731709	2.98371246413256
1.69053414091983	0.92595869095348	1.95977928393766	2.99198979891898
1.69703288326063	0.927900281481141	1.96825015366895	2.99833131125577
1.70353162560143	0.939796243661091	1.9722836780921	3.00882555320104
1.71003036794223	0.941831270966151	1.97528600408468	3.03688750190275
1.71652911028303	0.937941106933735	1.99269903605593	3.0335546369112
1.72302785262382	0.94864360404925	1.99738826442696	3.0443723186343
1.72952659496462	0.958020924524625	2.00368771897346	3.06141856318772
1.73602533730542	0.954504206247728	2.00756700139127	3.06759346243131
1.74252407964622	0.961162758777992	2.01784732703633	3.07807154493677
1.74902282198702	0.965143800142234	2.02726810640444	3.08469457727685
1.75552156432781	0.983059264726845	2.03508890994472	3.09779194898991
1.76202030666861	0.975969083291327	2.04236658084809	3.10213326177985
1.76851904900941	0.981482862514391	2.05090051537274	3.12773596659683
1.77501779135021	0.994046548305324	2.05906662132751	3.12668920126183
1.78151653369101	0.998758754013025	2.068396654075	3.14491147688065
1.7880152760318	1.00605635018956	2.071997396247	3.15168281585405
1.7945140183726	1.00274936725485	2.08160233722405	3.15082813052488
1.8010127607134	1.01595610407416	2.08889815110453	3.17573355608107
1.8075115030542	1.00671765470342	2.09920809358776	3.16528520473408
1.814010245395	1.02048711980196	2.10539085144919	3.19025058576992
1.82050898773579	1.02749692214518	2.10979449872144	3.19583526637747
1.82700773007659	1.02727715448771	2.12216404085796	3.2023333931097
1.83350647241739	1.0396030072315	2.13428198966903	3.22340992287094
1.84000521475819	1.03438689660812	2.13491991508854	3.24603554461793
1.84650395709899	1.04727171504749	2.14920129361987	3.23668832708629
1.85300269943978	1.04517191283193	2.15399157916723	3.24798243677305
1.85950144178058	1.05553657045938	2.1578252647958	3.25321844648095
1.86600018412138	1.06211403249697	2.16667370927817	3.27067836494084
1.87249892646218	1.06701341710536	2.17071905096206	3.27232249486125
1.87899766880298	1.06632341625476	2.18575319568794	3.29713837362411
1.88549641114377	1.07871093538539	2.19318674368161	3.30261277388847
1.89199515348457	1.08857911172487	2.20126833884993	3.30732993124724
1.89849389582537	1.08657118524702	2.2095164763823	3.33873735605591
1.90499263816617	1.09771726817157	2.2159861730014	3.3421913667753
1.91149138050696	1.09206739792499	2.22325205332423	3.34834727596671
1.91799012284776	1.10108320302874	2.23023138440035	3.35863511638796
1.92448886518856	1.10946621035324	2.23607794534406	3.36210626227838
1.93098760752936	1.11152460884037	2.24328854770152	3.38362731659902
1.93748634987016	1.1252122291365	2.2518155873871	3.38701154275526
1.94398509221095	1.11288128600232	2.26209251249318	3.37968847542357
1.95048383455175	1.12709187663923	2.27109431476087	3.41732459964466
1.95698257689255	1.1411666023677	2.27602994991265	3.40677704267908
1.96348131923335	1.13832524052012	2.28500449928308	3.42811641264839
1.96998006157415	1.13717389191476	2.29311444187463	3.44373691329252
1.97647880391494	1.14962655898842	2.29715062265749	3.45858034697537
1.98297754625574	1.15270942393649	2.31033416138277	3.45573319094111
1.98947628859654	1.15704516794971	2.31256494587491	3.47827477488406
1.99597503093734	1.15965780876746	2.32089817295236	3.47825460743502
2.00247377327814	1.17051685188687	2.33468438826184	3.49289146241906
2.00897251561893	1.17502664982562	2.33997661802948	3.50867571501968
2.01547125795973	1.17254388924396	2.34706236985675	3.51967948994861
2.02197000030053	1.18373261182948	2.35206634773429	3.52764033930735
2.02846874264133	1.19483628891334	2.35839558528956	3.53417587459766
2.03496748498213	1.19255936096392	2.36675541410356	3.55623969197006
2.04146622732292	1.19153290032414	2.37599371365008	3.55496591085733
2.04796496966372	1.2062944837782	2.38572341014669	3.58501891010457
2.05446371200452	1.21148540680527	2.38862554705842	3.5767609069997
2.06096245434532	1.20526641573872	2.39626945227741	3.59381828024774
2.06746119668612	1.22608422800917	2.40994150411087	3.60823358408422
2.07395993902691	1.22153157770111	2.41135536547461	3.61037179216094
2.08045868136771	1.22214066762215	2.42028270732211	3.62042951745005
2.08695742370851	1.23011937612534	2.4301129107035	3.62849640750369
2.09345616604931	1.23667116887952	2.44074582639762	3.63969951362003
2.09995490839011	1.23171313979682	2.44411884116007	3.6493402512013
2.1064536507309	1.24085577192184	2.4557156689957	3.65028466413406
2.1129523930717	1.24769748236094	2.46111614568683	3.66471146287769
2.1194511354125	1.25591123626071	2.47008029912657	3.68283743749027
2.1259498777533	1.26293668274892	2.47827078916752	3.69648117674979
2.1324486200941	1.25791544063826	2.48421627780613	3.70096924018743
2.13894736243489	1.27359107885016	2.490568076775	3.71735984663476
2.14544610477569	1.27339830412246	2.50326668349226	3.72145605133832
2.15194484711649	1.27906708924947	2.50881155000793	3.73011301903035
2.15844358945729	1.27487725157167	2.5177422239456	3.74701319496616
2.16494233179809	1.30057982423587	2.52195978154079	3.75383246482363
2.17144107413888	1.29715315279207	2.52609769188932	3.76968181352183
2.17793981647968	1.31260069977743	2.53488535528475	3.78249116137732
2.18443855882048	1.31993369531754	2.54673041965078	3.79121081695163
2.19093730116128	1.30781964693685	2.55159022416729	3.79407416782187
2.19743604350208	1.31966909696196	2.55781645100744	3.80139825336027
2.20393478584287	1.3266297399701	2.5672907136812	3.82583598256336
2.21043352818367	1.32370783869058	2.57411375387365	3.83261642715403
2.21693227052447	1.32020706316205	2.58295209919091	3.83744430683828
2.22343101286527	1.33012611600788	2.58782400403491	3.85824396858842
2.22992975520607	1.33196596486347	2.5976999624369	3.87622749775825
2.23642849754686	1.35232546543627	2.60452240564253	3.87876366903927
2.24292723988766	1.35405257296326	2.61958670019992	3.88830683066365
2.24942598222846	1.349246341841	2.61970132362742	3.89514949021439
2.25592472456926	1.3611668201535	2.6286962531638	3.90164316257325
2.26242346691006	1.37547173109548	2.63834617591149	3.91847277642282
2.26892220925085	1.36732055441127	2.64703609730732	3.93821423782512
2.27542095159165	1.3747003058299	2.655346939044	3.93014501869637
2.28191969393245	1.37697562983604	2.66467825384478	3.93548724262418
2.28841843627325	1.38278677775698	2.66909780730591	3.94995248522987
2.29491717861405	1.40096369664561	2.67474507386332	3.9569093101073
2.30141592095484	1.38607852174945	2.68694744482214	3.96949337649934
2.30791466329564	1.40224102894612	2.69436844705794	3.98744050600958
2.31441340563644	1.40420219430744	2.70287714764888	3.99883928409518
2.32091214797724	1.41121279883293	2.71201747756521	4.01092799382842
2.32741089031804	1.40707366656851	2.71484302522421	4.01629428570341
2.33390963265883	1.42639325830666	2.72507359646937	4.03846110280519
2.34040837499963	1.43128383193513	2.7295469504099	4.03631867333044
2.34690711734043	1.43761328906658	2.73608843610274	4.05370716685702
2.35340585968123	1.43155528143726	2.74713578516298	4.05595510543415
2.35990460202203	1.43396205027918	2.75237872267245	4.07389243001094
2.36640334436282	1.44235866514241	2.76142997519679	4.07647290907603
2.37290208670362	1.44510905490836	2.77339339617528	4.08727874610211
2.37940082904442	1.45561086246212	2.77849647290754	4.10535148758339
2.38589957138522	1.46167516515198	2.78739673466344	4.12140477100704
2.39239831372602	1.4691298839664	2.79524872431032	4.1242248837033
2.39889705606681	1.46799422421225	2.80645623795752	4.13555972502218
2.40539579840761	1.4742040542521	2.80979861460079	4.15148072142392
2.41189454074841	1.48426888614842	2.81764447696576	4.1564988343533
2.41839328308921	1.47299251647406	2.82765990638815	4.16494158053844
2.42489202543001	1.4847108372529	2.83273194769818	4.17025153245352
2.4313907677708	1.49336196123241	2.8358601051305	4.18548832821527
2.4378895101116	1.50008755312293	2.84643233668964	4.20502647433609
2.4443882524524	1.49840853549168	2.85906749878863	4.20658249054779
2.4508869947932	1.51158860848498	2.86378397932252	4.201904179232
2.457385737134	1.53038540259177	2.86855250843907	4.23533616618808
2.46388447947479	1.50940057002904	2.87553822280197	4.25836070239227
2.47038322181559	1.5135226540321	2.8847849607433	4.2599948085623
2.47688196415639	1.51685638426891	2.8973313573579	4.26180626438117
2.48338070649719	1.51895279677262	2.89747364718576	4.27251353199738
2.48987944883799	1.5451202819764	2.90954248935935	4.28858331720764
2.49637819117878	1.54725846977207	2.92074665006402	4.30079886369416
2.50287693351958	1.5480565461998	2.92575946619581	4.29697890126759
2.50937567586038	1.56082212118704	2.93641206934486	4.30683982582057
2.51587441820118	1.55541740904564	2.94460728861543	4.320898547771
2.52237316054197	1.55529508022015	2.94980590876399	4.34081478530877
2.52887190288277	1.57601308689151	2.95405195075663	4.34365823804257
2.53537064522357	1.56954754826661	2.96778056635207	4.36109712994108
2.54186938756437	1.58167310476513	2.9729021784543	4.37007542175881
2.54836812990517	1.58605760075042	2.97696626342121	4.37130988247543
2.55486687224597	1.57947729958563	2.98688811818044	4.39542354541076
2.56136561458676	1.5898420729266	2.99279965597654	4.40577573497985
2.56786435692756	1.58087961549602	3.00306644637446	4.40898703436129
2.57436309926836	1.59952761912895	3.00713649268303	4.42272749356417
2.58086184160916	1.60677715912735	3.02080857940598	4.4382701265108
2.58736058394995	1.61916045508542	3.02515126023423	4.4390449988451
2.59385932629075	1.6186335545189	3.03202542235954	4.44378925479471
2.60035806863155	1.63281119408865	3.04289319221369	4.45230449428651
2.60685681097235	1.63062002500702	3.04940818357093	4.47533724605558
2.61335555331315	1.63817621894557	3.05418138834581	4.47791276892654
2.61985429565394	1.65184505892967	3.06122066769965	4.49290403173627
2.62635303799474	1.63524200597399	3.07099592671144	4.50420359094221
2.63285178033554	1.63748701899523	3.08163252343471	4.51937772883723
2.63935052267634	1.65859975793569	3.09053558707147	4.52759447023335
2.64584926501714	1.65547720623987	3.09171444605599	4.54078913319775
2.65234800735793	1.66465122254646	3.10131372374748	4.55388947606759
2.65884674969873	1.66503644535817	3.11007894093997	4.57261722781143
2.66534549203953	1.66184011010056	3.11970016470155	4.56916770069994
2.67184423438033	1.67851329351076	3.12863283939953	4.58528897110991
2.67834297672113	1.68339650933219	3.13275686108986	4.5773916056216
2.68484171906192	1.69592847043533	3.14285634930161	4.60106142724277
2.69134046140272	1.68694176991779	3.14737433358799	4.6057682136596
2.69783920374352	1.70263502372988	3.1558886189875	4.62107056772288
2.70433794608432	1.69891842044347	3.17143510520038	4.63661416150949
2.71083668842512	1.69479760594564	3.17193406150625	4.6448875353671
2.71733543076591	1.71684743472552	3.17618277580703	4.64286849725657
2.72383417310671	1.71663452395842	3.1877360783312	4.66605846460282
2.73033291544751	1.71772536435146	3.1975449829186	4.67957604042279
2.73683165778831	1.72179374383689	3.19633778215502	4.68212918504035
2.74333040012911	1.7387614094052	3.213807830842	4.69941960118625
2.7498291424699	1.74101164346789	3.21852614574883	4.69824308355686
2.7563278848107	1.7525556660267	3.2282845870867	4.71006022038958
2.7628266271515	1.74467342756969	3.23453914274256	4.73548381329736
2.7693253694923	1.73684605179122	3.24433540923802	4.7364046644142
2.7758241118331	1.76147198536817	3.2502943280049	4.75698956100506
2.78232285417389	1.74825433925826	3.25596807335598	4.76189197795647
2.78882159651469	1.76769053125238	3.26710984952702	4.77790480158221
2.79532033885549	1.77403167253445	3.27257299745537	4.78991808402622
2.80181908119629	1.78518062789839	3.28375018453046	4.80051423705908
2.80831782353709	1.79094656086497	3.28961619985272	4.79760650415459
2.81481656587788	1.78323337589559	3.29498363370916	4.8101010892041
2.82131530821868	1.78874882466434	3.30331200404104	4.82573651044336
2.82781405055948	1.78994305978667	3.30663329480428	4.8397002212874
2.83431279290028	1.80238656844074	3.31788811995297	4.83731065116003
2.84081153524108	1.79494012450247	3.32799661934279	4.86361196854869
2.84731027758187	1.81992179074291	3.3300443973143	4.87698158260267
2.85380901992267	1.82466171113856	3.34754153688095	4.87260111525661
2.86030776226347	1.82028941834761	3.35075011170547	4.88649805922986
2.86680650460427	1.82495517502668	3.35973855493805	4.89383863901151
2.87330524694507	1.817007403761	3.36317139909718	4.91727863103023
2.87980398928586	1.83726516541465	3.37482691725341	4.9253676235072
2.88630273162666	1.83903491579782	3.38393146571287	4.92924473126447
2.89280147396746	1.83174823457915	3.38968972067313	4.93844766835706
2.89930021630826	1.84875922892995	3.39388087891957	4.95487472793184
2.90579895864906	1.85698280801944	3.40247305990644	4.95201476113852
2.91229770098985	1.85444143319484	3.41112828850313	4.98149498308937
2.91879644333065	1.85665972583965	3.4175863608945	4.99082376316918
2.92529518567145	1.85569093829621	3.42936762214609	4.98667491879531
2.93179392801225	1.87658260521571	3.43217980786084	5.0022327521266
2.93829267035305	1.87893486149108	3.44177011919273	5.02319699657127
2.94479141269384	1.88563278914606	3.45129889709544	5.03201101141785
2.95129015503464	1.89018710836826	3.4555729963757	5.04454956396677
2.95778889737544	1.88914162951458	3.46637457535713	5.04790328115561
2.96428763971624	1.89296574017942	3.47594958277781	5.06649108773036
2.97078638205704	1.89005694091471	3.48051004051961	5.0677430610731
2.97728512439783	1.91036149861032	3.48838959585696	5.08844269480523
2.98378386673863	1.90898601490565	3.49559529913149	5.09616042734909
2.99028260907943	1.92471888645358	3.50454241255303	5.10321068347604
2.99678135142023	1.91077979660812	3.50724955353585	5.11379318222326
3.00328009376103	1.92144434998866	3.51806834902813	5.118343423075
3.00977883610182	1.93595159723188	3.5292382705371	5.12829447062813
3.01627757844262	1.92193536100971	3.53848917848373	5.12861930693426
3.02277632078342	1.93422613149097	3.54105813441029	5.15255405623583
3.02927506312422	1.94608178976868	3.55083412723765	5.17940623993119
3.03577380546501	1.94927949351409	3.55596926968697	5.17623125580972
3.04227254780581	1.93848431571407	3.56201392617988	5.18913852333253
3.04877129014661	1.96815003292371	3.57626777930292	5.20841955337461
3.05527003248741	1.97030321147641	3.5823949028923	5.21752941580463
3.06176877482821	1.95042819871593	3.58516462298487	5.22776082818506
3.06826751716901	1.96989888150382	3.59816073159106	5.23102774993792
3.0747662595098	1.98093227083621	3.60534860114506	5.23729728300013
3.0812650018506	1.98631267799505	3.61379813928714	5.244983223834
3.0877637441914	1.98976593998466	3.61693683193225	5.26091944404188
3.0942624865322	1.9900309401524	3.62410693242466	5.27370567518474
3.100761228873	1.99065308311564	3.6394282761477	5.29976845114181
3.10725997121379	1.99089692254216	3.64491538187347	5.30188395369142
3.11375871355459	2.00899944933741	3.65161100933421	5.30087268521333
3.12025745589539	2.00731550752091	3.66338184840455	5.31781968338227
3.12675619823619	2.02295764261263	3.66463546923364	5.33256672170919
3.13325494057698	2.02216955397709	3.67034488680323	5.33722074769736
3.13975368291778	2.02288402894506	3.67956814059198	5.34905068060408
3.14625242525858	2.03628907754383	3.69058191335708	5.36040667977745
3.15275116759938	2.03390508620007	3.6983416679946	5.37324824402744
3.15924990994018	2.04253678142399	3.7069088598554	5.3862143741399
3.16574865228098	2.04659346790536	3.71555030282673	5.40230389515618
3.17224739462177	2.05134544343297	3.72648856040313	5.39776519881506
3.17874613696257	2.04980373974484	3.7246431793579	5.40616204978389
3.18524487930337	2.06041557730309	3.7384346017675	5.42580563582487
3.19174362164417	2.06208095546879	3.7413627814917	5.42823264428755
3.19824236398496	2.05487567549379	3.74715676939503	5.44474141126368
3.20474110632576	2.06109747141095	3.75897424365168	5.45044341941714
3.21123984866656	2.06170324997022	3.76858916678908	5.46511293168224
3.21773859100736	2.07671777343938	3.77448926816078	5.46938000703894
3.22423733334816	2.08890127310537	3.78335861015892	5.47959955672588
3.23073607568895	2.08961392540934	3.7932952829114	5.50454616821778
3.23723481802975	2.09934119453142	3.79838334097442	5.51367188848021
3.24373356037055	2.10368082297586	3.8072095684388	5.51752641639966
3.25023230271135	2.08512300211862	3.81629753823261	5.5364293381026
3.25673104505215	2.10407180907963	3.82555792642368	5.54621811303507
3.26322978739295	2.11538504957082	3.82493940044879	5.55820195145472
3.26972852973374	2.11958209899372	3.83806524627578	5.55626783356774
3.27622727207454	2.12088640803025	3.84308086366231	5.57976708765622
3.28272601441534	2.1362001102475	3.84842840360861	5.57500674603568
3.28922475675614	2.12799368885054	3.86005278620767	5.58321808982385
3.29572349909693	2.14957730414106	3.86623976078283	5.59075310742701
3.30222224143773	2.14537619904937	3.87541421949309	5.61694171470159
3.30872098377853	2.15613881408401	3.88743349840832	5.62710174389726
3.31521972611933	2.16038785527648	3.89361181603899	5.62327541130557
3.32171846846013	2.15914514110885	3.89764106598662	5.64007552370785
3.32821721080092	2.16979222094542	3.90229228172696	5.66071047776238
3.33471595314172	2.17432770689905	3.91798665827579	5.67412102313059
3.34121469548252	2.16449719562306	3.91508316321854	5.68272883523923
3.34771343782332	2.18394158047171	3.92949045088888	5.69466368659241
3.35421218016412	2.17747279587623	3.93371522646538	5.70641349405892
3.36071092250491	2.18527777750074	3.94581686075908	5.7190842722423
3.36720966484571	2.20373047616097	3.95384702040563	5.71491560857052
3.37370840718651	2.20211255596859	3.96146498349823	5.73253114628949
3.38020714952731	2.20529318223606	3.97553959858226	5.75420902330494
3.38670589186811	2.20368643303644	3.97136688602354	5.75692012180105
3.3932046342089	2.20871533704697	3.98177329260907	5.76055360124154
3.3997033765497	2.21306021899937	3.9888055144104	5.78265379764081
3.4062021188905	2.20963586270818	3.99840370545741	5.78361190634489
3.4127008612313	2.22525167901604	4.0098918436717	5.79172152552978
3.4191996035721	2.23066928054706	4.01568186318989	5.80266969703772
3.42569834591289	2.23717258235316	4.02618483307813	5.83265409874391
3.43219708825369	2.24657059501695	4.03586408683779	5.83692189828696
3.43869583059449	2.24272100853898	4.04062498929642	5.83786948988317
3.44519457293529	2.24913143835205	4.04857519346048	5.864028910038
3.45169331527609	2.24758336833939	4.05349846238849	5.85976883124948
3.45819205761688	2.26263048465459	4.05638302551849	5.87675119622867
3.46469079995768	2.28339928012558	4.07090401693645	5.89214390419766
3.47118954229848	2.2753294651433	4.08114565941009	5.90674253956243
3.47768828463928	2.27610607599149	4.08495504108653	5.90828862263759
3.48418702698008	2.27845276443761	4.0882593617253	5.9202136538336
3.49068576932087	2.27209627017592	4.10264338866089	5.93512178966875
3.49718451166167	2.29103609060252	4.10720507250806	5.93257625468198
3.50368325400247	2.29857822622211	4.11591284195305	5.96677595438871
3.51018199634327	2.31262106538077	4.12476574204896	5.9612917423729
3.51668073868407	2.29921267196973	4.13209133538689	5.96795929894286
3.52317948102486	2.31008319515561	4.13972178757638	5.98332885567897
3.52967822336566	2.30995090963773	4.14369575172144	5.99691958149467
3.53617696570646	2.31161057079106	4.15226809139693	6.01484683477104
3.54267570804726	2.32309347691918	4.15280260409505	6.01968536686303
3.54917445038806	2.32319068804595	4.17279094813452	6.02563874178208
3.55567319272885	2.32803966882147	4.17718070789741	6.02894964000341
3.56217193506965	2.35799447165273	4.18274621562638	6.05456683132882
3.56867067741045	2.33552340329784	4.19356707267139	6.06205946054868
3.57516941975125	2.34534244543919	4.20069652419845	6.06499573954294
3.58166816209205	2.34874397172998	4.20851707180196	6.07786736351355
3.58816690443284	2.34941437469046	4.21298582164898	6.08700456672053
3.59466564677364	2.35804172274729	4.22513824638617	6.09541415676992
3.60116438911444	2.36488981190871	4.22841214485781	6.11214578193017
3.60766313145524	2.37446941636837	4.23886350930304	6.11672810464512
3.61416187379604	2.3769670217763	4.25122873186319	6.13851392715785
3.62066061613683	2.3755531623797	4.25314310555559	6.13429239937455
3.62715935847763	2.38548900787683	4.26405350995914	6.13459220591694
3.63365810081843	2.37508642432121	4.27762692035325	6.16618718501068
3.64015684315923	2.37198545778895	4.27569257954613	6.17637329634235
3.64665558550003	2.40485888715471	4.29031875839978	6.17817164007335
3.65315432784082	2.40142979967377	4.29096228235707	6.19813837079402
3.65965307018162	2.40579930604748	4.29499753075605	6.21094590467168
3.66615181252242	2.41128812349832	4.30906230472915	6.23336317561758
3.67265055486322	2.41292352352349	4.32149983982535	6.23794154464402
3.67914929720402	2.42766135436062	4.32461549493257	6.24735202893901
3.68564803954481	2.42163586353634	4.32999877461758	6.26621134230511
3.69214678188561	2.43240503640578	4.33808268549192	6.2661442459791
3.69864552422641	2.41962933966716	4.34432506093886	6.2767917648344
3.70514426656721	2.44197316343499	4.35320483380689	6.2793777779917
3.71164300890801	2.43960433967543	4.35884079580542	6.3008308028109
3.7181417512488	2.45484628634056	4.36845248692726	6.31639707110602
3.7246404935896	2.44504884367738	4.38677222617243	6.30266126120881
3.7311392359304	2.45588849199052	4.38632512551511	6.33309821827187
3.7376379782712	2.45656051543833	4.39155531356209	6.34510103360212
3.744136720612	2.45915567457965	4.4027380743311	6.34331365209073
3.75063546295279	2.46591328461405	4.40763424206082	6.35716611309098
3.75713420529359	2.46319218070616	4.41625694564694	6.35988514175423
3.76363294763439	2.48719583500542	4.42585763313625	6.38312019099987
3.77013168997519	2.48189328488484	4.43036734443827	6.40491674195145
3.77663043231599	2.47946666876048	4.44235439743725	6.39393016373381
3.78312917465678	2.4933420725655	4.44578719291765	6.41492689520685
3.78962791699758	2.50017090408684	4.45796214255731	6.4239476292233
3.79612665933838	2.49697794208516	4.45834763971182	6.43663575892652
3.80262540167918	2.50634818912894	4.47262089727032	6.44598703017757
3.80912414401997	2.51571931368842	4.47962343728444	6.44595370027784
3.81562288636077	2.52271312834957	4.48507538581253	6.46285172694312
3.82212162870157	2.52525402273732	4.49255148303363	6.4743829866677
3.82862037104237	2.53557430602198	4.49911457310388	6.48533411232116
3.83511911338317	2.52091370411079	4.5123268187751	6.48953562829763
3.84161785572396	2.53454691882931	4.51478929801257	6.50621647929536
3.84811659806476	2.52694233172271	4.52212082485711	6.51103974042662
3.85461534040556	2.55270273190987	4.52912387772087	6.53432239345801
3.86111408274636	2.55932453213608	4.54246361449018	6.54940690296044
3.86761282508716	2.55721087995437	4.54866447400531	6.55823796977009
3.87411156742795	2.577056220012	4.55474035145712	6.57566261212845
3.88061030976875	2.56498854023892	4.56368625354099	6.56521672994529
3.88710905210955	2.56545947232204	4.56789312239745	6.58280282046939
3.89360779445035	2.58324610304168	4.5742178874822	6.58643611288921
3.90010653679115	2.58009299288203	4.58318309713754	6.61150943971737
3.90660527913194	2.59287679585016	4.59351840075584	6.61327985080393
3.91310402147274	2.57504002691381	4.6041333273576	6.62758583967723
3.91960276381354	2.57164319644576	4.6090011001644	6.65331012386001
3.92610150615434	2.58102796694564	4.61641886376719	6.65087491264889
3.93260024849514	2.59308064886697	4.62497279160539	6.65992205695793
3.93909899083593	2.60572992463012	4.62710026926392	6.66589019594041
3.94559773317673	2.60711678953796	4.64388818737205	6.68532403025304
3.95209647551753	2.61307288914588	4.6449506766581	6.69810960042329
3.95859521785833	2.62260895361571	4.65364727576437	6.70096775918167
3.96509396019913	2.63111949818948	4.66336095906252	6.72539616481871
3.97159270253992	2.62820827524585	4.67518097338681	6.72492603460984
3.97809144488072	2.63428389832151	4.67748603419108	6.74824772667509
3.98459018722152	2.63235031899422	4.69041489337979	6.74197532543971
3.99108892956232	2.64749904552412	4.69501626143842	6.76235611620599
3.99758767190312	2.6406537784938	4.70055237038253	6.767330406312
4.00408641424391	2.64894965904931	4.71212730380361	6.76435313331462
4.01058515658471	2.65298628649199	4.72203391553284	6.79705875849163
4.01708389892551	2.66886924313441	4.72299879075311	6.79646461789659
4.02358264126631	2.655240759566	4.73821834231639	6.80712504135485
4.03008138360711	2.68407085591403	4.73418643901013	6.82716156693643
4.0365801259479	2.6784065444658	4.74253939853003	6.82948060637922
4.0430788682887	2.69299107331421	4.75381935184031	6.83084862734477
4.0495776106295	2.69337492472924	4.76499760387278	6.84194438784029
4.0560763529703	2.68526999286517	4.77295961334576	6.86470064903042
4.0625750953111	2.69920937011684	4.77809628888687	6.87851424533497
4.06907383765189	2.69781577032955	4.78726972298718	6.87399561651897
4.07557257999269	2.70264502950452	4.7955346661823	6.90610343613135
4.08207132233349	2.70630326525545	4.80129574097803	6.89590318443317
4.08857006467429	2.70740849649898	4.8082550167132	6.92294139151425
4.09506880701509	2.72122942116727	4.81696632152218	6.92873920039757
4.10156754935588	2.720608362266	4.82631794361844	6.93699169674165
4.10806629169668	2.73133781848196	4.83299097227903	6.96310105777051
4.11456503403748	2.72812601092292	4.84093596330225	6.96851723539104
4.12106377637828	2.73550076375137	4.85232107441305	6.97504184308257
4.12756251871908	2.73977205857828	4.85527275278956	6.97907024910381
4.13406126105987	2.74723426015826	4.86400031236036	7.00692648942719
4.14056000340067	2.74672801544061	4.86927237590024	7.01414826520378
4.14705874574147	2.76236811959926	4.88237542034734	7.01528433253133
4.15355748808227	2.74348318284833	4.8891594906837	7.02722793181483
4.16005623042307	2.77761905221178	4.8907457762736	7.04871057845955
4.16655497276386	2.78074397834843	4.90546607117585	7.05052177695926
4.17305371510466	2.77869018316558	4.90964452565761	7.06586545121438
4.17955245744546	2.78116670620763	4.92244781949533	7.07171618691749
4.18605119978626	2.78159715141319	4.92236690832119	7.08169658528491
4.19254994212706	2.80071240641218	4.93094538360082	7.0924395965857
4.19904868446785	2.79638314514689	4.9406788606108	7.10091422246621
4.20554742680865	2.80301759265007	4.95051098503099	7.13329650234411
4.21204616914945	2.80999828793584	4.9553115627796	7.11412404713774
4.21854491149025	2.79314341313796	4.96075681215847	7.14768531946835
4.22504365383105	2.81398229615344	4.9722170806535	7.1390279363149
4.23154239617184	2.82338952110011	4.98268564180873	7.16676591788499
4.23804113851264	2.82743022094433	4.98399938996737	7.1767547238904
4.24453988085344	2.81574161305015	4.99345089087713	7.19044507355839
4.25103862319424	2.83171473260911	5.00974193686244	7.18504776984551
4.25753736553504	2.84464494208321	5.00879623481078	7.20235650494315
4.26403610787583	2.86407444230528	5.02054539830154	7.21613524468001
4.27053485021663	2.85875158208554	5.03191016722288	7.220326849675
4.27703359255743	2.86438130319738	5.03581111008869	7.21997756856574
4.28353233489823	2.86751471093463	5.0400758902375	7.25573628944594
4.29003107723902	2.85264158657526	5.04267380071808	7.25423470737954
4.29652981957982	2.86822792015506	5.05527772223721	7.26416531546309
4.30302856192062	2.86334260882442	5.0627999051571	7.266520998993
4.30952730426142	2.88813671432183	5.07023082004181	7.27609754823177
4.31602604660222	2.88073491482748	5.07747706304644	7.28182293249197
4.32252478894302	2.89202355161197	5.08539543403243	7.30072171964658
4.32902353128381	2.89187443928565	5.09867859485022	7.31310989482076
4.33552227362461	2.88793011510645	5.09715276037551	7.33780010785873
4.34202101596541	2.90711188196591	5.10953266868437	7.3585496109322
4.34851975830621	2.90901563964313	5.11726829915948	7.35574682475719
4.35501850064701	2.90347650474193	5.12772221156785	7.35793757179084
4.3615172429878	2.91345434748792	5.13308651708529	7.3720787623149
4.3680159853286	2.92552211426718	5.13902924089552	7.39056793226967
4.3745147276694	2.92597022060139	5.14416073935259	7.3992189217622
4.3810134700102	2.92964642676079	5.15574035614666	7.41721550325535
4.38751221235099	2.93888012018834	5.16423952886597	7.41475728634098
4.39401095469179	2.94412565371196	5.16964934119966	7.42582892440385
4.40050969703259	2.94880247455915	5.18281880449936	7.44073576154564
4.40700843937339	2.94768705898033	5.18744892129152	7.45582932913958
4.41350718171419	2.96085381016106	5.19474285744444	7.45728321982603
4.42000592405499	2.95986861016152	5.20276850034769	7.47213045543531
4.42650466639578	2.97134714205391	5.20991264433017	7.48507681291296
4.43300340873658	2.97232372206346	5.22052318478716	7.50382109378201
4.43950215107738	2.96526626996547	5.22953980965887	7.49867685914667
4.44600089341818	2.9776544323248	5.23287211233714	7.52286235993776
4.45249963575898	2.96304764753291	5.24173453074122	7.53418758711108
4.45899837809977	2.99310490448543	5.24953546440551	7.53080410792337
4.46549712044057	2.99386111675722	5.26213275481413	7.53679451479019
4.47199586278137	2.99263577917806	5.26964219722856	7.57049058045527
4.47849460512217	2.99705839830413	5.27801479154733	7.57649867951745
4.48499334746296	3.00624266881275	5.27929484703078	7.59313318493615
4.49149208980376	3.01752342183559	5.28947699217818	7.60723704563935
4.49799083214456	3.00687662604154	5.29801599620237	7.59825639050614
4.50448957448536	3.00957079798211	5.30162960831588	7.60927759072423
4.51098831682616	3.01601640661757	5.30912860423199	7.62055337716992
4.51748705916695	3.03080232185542	5.3195766422311	7.63614910796894
4.52398580150775	3.02757929754332	5.32915749574373	7.64217984601028
4.53048454384855	3.04476624008995	5.33749686115082	7.65795629490985
4.53698328618935	3.03452831551189	5.34367175651372	7.65706422292069
4.54348202853015	3.0528630717422	5.35653751128727	7.68010801580706
4.54998077087095	3.05771089276049	5.36067839209234	7.68227495972725
4.55647951321174	3.04571456461376	5.35972157410496	7.67577550027768
4.56297825555254	3.05970041763934	5.37459609054417	7.70384689197383
4.56947699789334	3.06427567881027	5.37862967515962	7.73768008626744
4.57597574023414	3.07404875621478	5.3858335374864	7.73351920684547
4.58247448257493	3.07449526334744	5.39066741412347	7.73333887882288
4.58897322491573	3.07259825988967	5.40634796829303	7.75099987646935
