"mitochan"	"lwrNorm"	"medNorm"	"uprNorm"
-1.90327037354145	-3.45199926363377	-2.34325098530077	-1.19902953370257
-1.89685869040176	-3.44734933360822	-2.33103235220705	-1.19751063531905
-1.89044700726207	-3.44240090139628	-2.32698926121523	-1.19804807670246
-1.88403532412239	-3.42174732236164	-2.31454015133472	-1.19224168451155
-1.8776236409827	-3.42385623133529	-2.3081774136359	-1.18763615200024
-1.87121195784301	-3.40074703850942	-2.30240265286802	-1.19461243925721
-1.86480027470333	-3.40273710908614	-2.2955902732839	-1.16613700670008
-1.85838859156364	-3.37781739777994	-2.28718408219566	-1.17178039167101
-1.85197690842395	-3.38326632336814	-2.2766217207982	-1.16977013748665
-1.84556522528426	-3.36649461263878	-2.27404270426352	-1.15338150957977
-1.83915354214458	-3.35184137569613	-2.26051920396343	-1.14967701715465
-1.83274185900489	-3.35152810289122	-2.26010842655457	-1.15261925840231
-1.8263301758652	-3.33234045062107	-2.24768944111273	-1.14500205185517
-1.81991849272552	-3.33640136035649	-2.23987528741972	-1.14739368096058
-1.81350680958583	-3.31675154561158	-2.2365324598721	-1.13424902390165
-1.80709512644614	-3.30896981225591	-2.22554682664583	-1.12477511762953
-1.80068344330645	-3.29483542872396	-2.21580640923751	-1.12815900568281
-1.79427176016677	-3.27846669727944	-2.20943147019169	-1.12927060673756
-1.78786007702708	-3.27190584502786	-2.20131960354983	-1.10259155104925
-1.78144839388739	-3.262746548925	-2.19122330750883	-1.10921085837547
-1.7750367107477	-3.26586726434962	-2.18619656405847	-1.10569681060804
-1.76862502760802	-3.24880173016375	-2.1791037489901	-1.09468275412368
-1.76221334446833	-3.23335988829811	-2.17273516429364	-1.09138387495459
-1.75580166132864	-3.22365843065659	-2.16214048586089	-1.08304667718068
-1.74938997818896	-3.20923791421351	-2.15544268369976	-1.08113848566408
-1.74297829504927	-3.19985979150411	-2.15015767689237	-1.0807150690136
-1.73656661190958	-3.19558562541601	-2.14077820054551	-1.0721937022734
-1.73015492876989	-3.17954069828049	-2.13624604421629	-1.06842768122433
-1.72374324563021	-3.16815994697941	-2.12388366768743	-1.06618565015038
-1.71733156249052	-3.15720631611801	-2.11738049499887	-1.05401685071282
-1.71091987935083	-3.1531672842748	-2.10861512507938	-1.04125247011106
-1.70450819621115	-3.14254353296059	-2.10203991628657	-1.03839696683979
-1.69809651307146	-3.13680269112364	-2.09640281566205	-1.04448071745692
-1.69168482993177	-3.12118842103196	-2.0901861414308	-1.04165880865514
-1.68527314679208	-3.11601845263115	-2.08100656276388	-1.02640376859738
-1.6788614636524	-3.10475083992888	-2.07155991203406	-1.01952640330124
-1.67244978051271	-3.0801074359889	-2.06372966248372	-1.02582684395849
-1.66603809737302	-3.0794288349459	-2.0567485405465	-1.02670928676904
-1.65962641423334	-3.06777359907855	-2.04750369460603	-1.00829371508929
-1.65321473109365	-3.06226129026991	-2.04266708249199	-0.99595281994259
-1.64680304795396	-3.04623702432854	-2.03026087315577	-1.00311172913389
-1.64039136481427	-3.04367228197813	-2.02590860478303	-0.999771931173988
-1.63397968167459	-3.03196656466061	-2.02109620472155	-0.998165238691355
-1.6275679985349	-3.02435401640712	-2.01203291300079	-0.978177245738847
-1.62115631539521	-3.00655696157656	-2.00032148624906	-0.971856251355195
-1.61474463225553	-2.99669246267036	-1.99661998099426	-0.974779831850107
-1.60833294911584	-2.98246709789536	-1.98968697920579	-0.974913603764873
-1.60192126597615	-2.97339132642229	-1.97699539581672	-0.965226537079715
-1.59550958283646	-2.96670443470947	-1.97468599440741	-0.957344668626852
-1.58909789969678	-2.96326120950414	-1.96359143933422	-0.950513473246704
-1.58268621655709	-2.95061631117602	-1.95886820659028	-0.945393986540529
-1.5762745334174	-2.93294720531378	-1.9478053439707	-0.951105462836503
-1.56986285027771	-2.93218861627931	-1.94288210177974	-0.934888494272396
-1.56345116713803	-2.91660787736753	-1.93252215038004	-0.92140378019692
-1.55703948399834	-2.90716271689709	-1.92880490184214	-0.936781885306564
-1.55062780085865	-2.89534883444386	-1.92237166871554	-0.918730137541773
-1.54421611771897	-2.87516601170937	-1.91063395559817	-0.91848374587417
-1.53780443457928	-2.88050965279474	-1.90475203831039	-0.911637054514441
-1.53139275143959	-2.86359811045732	-1.8951150679599	-0.912935763697592
-1.5249810682999	-2.85157931596191	-1.88994426422239	-0.903911816568299
-1.51856938516022	-2.84582977356067	-1.88108471926266	-0.897373604283743
-1.51215770202053	-2.84072919416856	-1.86989842942812	-0.890863193051744
-1.50574601888084	-2.82886665085796	-1.86447137497062	-0.883867072498618
-1.49933433574116	-2.81684169158423	-1.85663356900837	-0.886434485206533
-1.49292265260147	-2.79967406291822	-1.84909572984403	-0.879670040835847
-1.48651096946178	-2.79885991444824	-1.8395291151939	-0.866435021047649
-1.48009928632209	-2.78749416152115	-1.83778465039514	-0.866082777867238
-1.47368760318241	-2.78664699873794	-1.82649462101349	-0.867819728768521
-1.46727592004272	-2.76862396140307	-1.8205970586125	-0.854905116628726
-1.46086423690303	-2.76040250459156	-1.81358590048458	-0.856265068671176
-1.45445255376335	-2.74191311165916	-1.80362557569764	-0.832411123773188
-1.44804087062366	-2.73898874870769	-1.79783396783122	-0.844909326466184
-1.44162918748397	-2.72243064475999	-1.78555550731258	-0.837638203642769
-1.43521750434428	-2.71129365932689	-1.78103410230822	-0.824656269720489
-1.4288058212046	-2.70294511048052	-1.77089354458514	-0.821150681274232
-1.42239413806491	-2.69682610172158	-1.76418599764006	-0.82199206017146
-1.41598245492522	-2.67946754846308	-1.75808152493533	-0.818695445855779
-1.40957077178554	-2.68626622177812	-1.7493715825247	-0.800356848144871
-1.40315908864585	-2.66595524361581	-1.74424282019502	-0.810293645692631
-1.39674740550616	-2.64924692585199	-1.73387779628887	-0.796246403287717
-1.39033572236647	-2.64056301477098	-1.72473133278644	-0.799831480114141
-1.38392403922679	-2.63706663140107	-1.71761435624453	-0.784314957684909
-1.3775123560871	-2.61618006806331	-1.70753214750815	-0.785200617209386
-1.37110067294741	-2.6091737554468	-1.70456287101155	-0.775740838010139
-1.36468898980772	-2.60601582130916	-1.69583853802429	-0.778438749555742
-1.35827730666804	-2.59605427827032	-1.68991123661089	-0.768330751690594
-1.35186562352835	-2.57700945602779	-1.68047347060573	-0.757578766467064
-1.34545394038866	-2.57535218626477	-1.67127525783921	-0.752907395285484
-1.33904225724898	-2.57184517613911	-1.6675788801376	-0.753540420371316
-1.33263057410929	-2.55487800545482	-1.65954037305504	-0.745528791628283
-1.3262188909696	-2.54852641132837	-1.6513036189356	-0.743440325291038
-1.31980720782991	-2.53001000972235	-1.6440157299219	-0.730891119046421
-1.31339552469023	-2.52240141329995	-1.63292685963951	-0.742516547935669
-1.30698384155054	-2.5222911878582	-1.62546546044763	-0.730255475324152
-1.30057215841085	-2.50432023352581	-1.6183594149154	-0.716465977801842
-1.29416047527117	-2.49085890755056	-1.61103454912569	-0.714893380730767
-1.28774879213148	-2.49432108137326	-1.60607032165568	-0.708105137443475
-1.28133710899179	-2.48374479141414	-1.59744257109674	-0.700760508834112
-1.2749254258521	-2.46987888728272	-1.58665173167446	-0.692381174284595
-1.26851374271242	-2.45626024474414	-1.58008237550726	-0.702337297865495
-1.26210205957273	-2.452148616033	-1.5738367490966	-0.693656225163358
-1.25569037643304	-2.44662638994407	-1.56922632722008	-0.67810348992176
-1.24927869329336	-2.41704815124963	-1.55974658653394	-0.669527065148393
-1.24286701015367	-2.4281897788566	-1.55164582748511	-0.677434294956408
-1.23645532701398	-2.40502901822531	-1.54182209335186	-0.663085180169504
-1.23004364387429	-2.3985224456597	-1.53378582132548	-0.661131994952076
-1.22363196073461	-2.38549963280403	-1.52783816930393	-0.659357636945822
-1.21722027759492	-2.37612432928754	-1.51857567892485	-0.649099835384471
-1.21080859445523	-2.36708454590894	-1.51278396908882	-0.6424305492611
-1.20439691131554	-2.36769625661146	-1.50516882386477	-0.637432907702627
-1.19798522817586	-2.34921692254274	-1.49669912358758	-0.630620560203687
-1.19157354503617	-2.33687198624297	-1.4901787912888	-0.63346957307052
-1.18516186189648	-2.33589576699177	-1.48085134329828	-0.616769520564509
-1.1787501787568	-2.31706825725155	-1.47541060852614	-0.620420353016233
-1.17233849561711	-2.31419146098651	-1.46415790411491	-0.619813532769931
-1.16592681247742	-2.30170150767372	-1.45969138624591	-0.61349441704484
-1.15951512933773	-2.2907355000764	-1.45002385732904	-0.594376698461208
-1.15310344619805	-2.2819534216213	-1.44435584592657	-0.596556321164316
-1.14669176305836	-2.27500915994003	-1.43537072078507	-0.589141368826705
-1.14028007991867	-2.25269120320081	-1.43043772578283	-0.594172351629057
-1.13386839677899	-2.24579709120969	-1.42177315553489	-0.575681714778531
-1.1274567136393	-2.24418505729401	-1.41550699384764	-0.575530011007359
-1.12104503049961	-2.22600274815292	-1.40720829376197	-0.5662615762106
-1.11463334735992	-2.22246676939099	-1.39532294875356	-0.554128485846204
-1.10822166422024	-2.20776019619875	-1.39123754927359	-0.563017871862479
-1.10180998108055	-2.19570069845961	-1.38106454127965	-0.552634997558702
-1.09539829794086	-2.19598604979034	-1.37587782224325	-0.542866151753917
-1.08898661480118	-2.18165068935719	-1.36744875200046	-0.538507937827454
-1.08257493166149	-2.17342106350951	-1.35588304367048	-0.535109638193322
-1.0761632485218	-2.16699974721656	-1.35421101270773	-0.524228546419998
-1.06975156538211	-2.15462804010946	-1.34062212644895	-0.5326273476596
-1.06333988224243	-2.14033249026793	-1.33644988495669	-0.512105020308512
-1.05692819910274	-2.1305937281007	-1.32708459641995	-0.51758309927539
-1.05051651596305	-2.1202766518171	-1.32265352595039	-0.506200811853107
-1.04410483282336	-2.11942423563325	-1.31093881169651	-0.496859166462684
-1.03769314968368	-2.10011694874988	-1.30210889740809	-0.495794227310672
-1.03128146654399	-2.09661623546155	-1.29982531660604	-0.489872036616805
-1.0248697834043	-2.09293453038248	-1.28491928434593	-0.476809611963609
-1.01845810026462	-2.07916666868822	-1.27945559341215	-0.472776225666911
-1.01204641712493	-2.07814525564924	-1.27552597218193	-0.471343400845897
-1.00563473398524	-2.06237058730042	-1.26798852857404	-0.460102535399412
-0.999223050845555	-2.04361661453519	-1.26046633369315	-0.460505936769016
-0.992811367705867	-2.04118263368584	-1.25032187822449	-0.456308968603528
-0.98639968456618	-2.02796245129964	-1.24417431910577	-0.449144449011906
-0.979988001426493	-2.01958729623614	-1.23715989684349	-0.445716094665528
-0.973576318286806	-2.00836504312631	-1.22824414360455	-0.436191363099873
-0.967164635147119	-1.99159767866375	-1.22391220898869	-0.431753925626276
-0.960752952007431	-1.98085207222433	-1.20996531086812	-0.424397216538812
-0.954341268867744	-1.98604005428397	-1.20685002943506	-0.421935946159064
-0.947929585728057	-1.97137374456818	-1.19595926351975	-0.420594418352215
-0.94151790258837	-1.9615856427475	-1.18750737086777	-0.405878784268737
-0.935106219448683	-1.94587978757464	-1.18225377644724	-0.403966439494732
-0.928694536308995	-1.94701753799964	-1.17282514685163	-0.3929211677973
-0.922282853169308	-1.93519779359122	-1.16617584499969	-0.388896343852016
-0.915871170029621	-1.9194752464024	-1.16430425254695	-0.379858839196721
-0.909459486889934	-1.91218973987232	-1.15210923416245	-0.388730706470599
-0.903047803750247	-1.90259811694634	-1.14256921868477	-0.378936371867586
-0.89663612061056	-1.89513703343587	-1.13664939394573	-0.375902359146751
-0.890224437470872	-1.88253180305589	-1.12781206182852	-0.367602979157046
-0.883812754331185	-1.87349293996763	-1.11982688824573	-0.368077996279398
-0.877401071191498	-1.85979431017265	-1.11061016856967	-0.352558155321771
-0.870989388051811	-1.85766070018568	-1.10769350554668	-0.356036690751545
-0.864577704912123	-1.84574810417929	-1.09756563351333	-0.338422655112921
-0.858166021772436	-1.83259597628601	-1.09012828784975	-0.333809624958719
-0.851754338632749	-1.83811217455919	-1.08130710537444	-0.328871425549269
-0.845342655493062	-1.81049319822768	-1.07618059634253	-0.325599997188032
-0.838930972353375	-1.81226743570693	-1.06972475251624	-0.329170250563609
-0.832519289213687	-1.79702549769506	-1.06137815005207	-0.309327506948512
-0.826107606074	-1.78371346320567	-1.0513511628846	-0.302043261253719
-0.819695922934313	-1.77623127052884	-1.04310958605146	-0.29262813358284
-0.813284239794626	-1.78026903593843	-1.03431705399226	-0.296542893829518
-0.806872556654939	-1.75919491453161	-1.0278016224897	-0.288318503977074
-0.800460873515252	-1.75507680861168	-1.02286853698689	-0.281896189349949
-0.794049190375564	-1.74239095217549	-1.00859299045699	-0.277140694756347
-0.787637507235877	-1.73519240655295	-1.00404796871461	-0.274226892880913
-0.78122582409619	-1.72908801857403	-0.997395439462643	-0.264929598593068
-0.774814140956503	-1.71859244123898	-0.988445452279673	-0.26640550023392
-0.768402457816816	-1.70316249455591	-0.982598627521044	-0.258614873595746
-0.761990774677128	-1.70238295254199	-0.976013305468743	-0.250470995113129
-0.755579091537441	-1.67943418109459	-0.965653983089505	-0.242927984363373
-0.749167408397754	-1.67207409199417	-0.960796980993034	-0.24129703632494
-0.742755725258067	-1.66637924596952	-0.953337155950726	-0.235266604488513
-0.73634404211838	-1.66107729684187	-0.942913355459212	-0.221188007049087
-0.729932358978692	-1.65173939051772	-0.937384140801111	-0.22071564512387
-0.723520675839005	-1.63351588064713	-0.929756572885606	-0.211503428511193
-0.717108992699318	-1.6267507561478	-0.921895538138001	-0.21332899060868
-0.710697309559631	-1.62047831326225	-0.916094966419921	-0.203178550945584
-0.704285626419944	-1.60829794622056	-0.903698323299795	-0.190515880244216
-0.697873943280257	-1.60211310543362	-0.898892711711005	-0.176335357595481
-0.691462260140569	-1.58912453597309	-0.888790109691379	-0.178410571443625
-0.685050577000882	-1.57748619800446	-0.882020557532598	-0.180025842210504
-0.678638893861195	-1.56927694080469	-0.872524150454035	-0.174088054080361
-0.672227210721508	-1.56777340950422	-0.871527020548846	-0.154013312224384
-0.66581552758182	-1.55560859621681	-0.863387929943334	-0.156139358593682
-0.659403844442133	-1.5480017868559	-0.851189937135009	-0.155598669340989
-0.652992161302446	-1.52948868948914	-0.844418715577433	-0.144300475630457
-0.646580478162759	-1.52407266913251	-0.836492381384039	-0.136541670988771
-0.640168795023072	-1.50931168810682	-0.82599584742098	-0.122592083723048
-0.633757111883384	-1.51114183326442	-0.820753189295356	-0.127888353161456
-0.627345428743697	-1.50126103879932	-0.811695779487072	-0.120133659977278
-0.62093374560401	-1.48422229339323	-0.802087665003085	-0.113586127342776
-0.614522062464323	-1.47864264857686	-0.79825406423359	-0.117238895803636
-0.608110379324636	-1.4784002063279	-0.790366666766125	-0.0985852309035156
-0.601698696184949	-1.46527006428705	-0.784178123276345	-0.103112300812928
-0.595287013045261	-1.45714865824738	-0.777156302326124	-0.0901070639087566
-0.588875329905574	-1.44817706860993	-0.767555524849791	-0.078747675100871
-0.582463646765887	-1.43794209980018	-0.758815037758508	-0.0766431699101686
-0.5760519636262	-1.42628551804677	-0.751350377514266	-0.0694565667601229
-0.569640280486513	-1.41735113731433	-0.743998012521415	-0.0592478415441117
-0.563228597346825	-1.39787738009622	-0.737354051181818	-0.0665747055988387
-0.556816914207138	-1.39969148995107	-0.731306137523019	-0.0493909117262705
-0.550405231067451	-1.39223310728316	-0.722526932827379	-0.0493940399965088
-0.543993547927764	-1.38056726840044	-0.714325974688142	-0.0394581021147413
-0.537581864788077	-1.37971422282628	-0.707071920743176	-0.0372202224207582
-0.531170181648389	-1.36096817259772	-0.70283224430269	-0.0230003044907206
-0.524758498508702	-1.3458746784792	-0.687998830213593	-0.0189454797687638
-0.518346815369015	-1.34746950354074	-0.684385817789315	-0.0103193769544332
-0.511935132229328	-1.33648913897796	-0.67681293937625	-0.00094915326162257
-0.505523449089641	-1.32855268433374	-0.673386782606678	-0.00969243488125531
-0.499111765949954	-1.32267182579641	-0.659120456461454	0.00228566650738163
-0.492700082810266	-1.31296411349254	-0.653418006783037	0.00282624364646618
-0.486288399670579	-1.29460613597061	-0.64408350039618	0.015979562567844
-0.479876716530892	-1.29329799332264	-0.638781141597935	0.0223885893772718
-0.473465033391205	-1.2869422522142	-0.629257721048789	0.0331870183533257
-0.467053350251518	-1.28539832145677	-0.62039600112895	0.0392717361394298
-0.46064166711183	-1.27156583497283	-0.618204881665577	0.0393536761502433
-0.454229983972143	-1.26222171786382	-0.605743099022736	0.0483322196730109
-0.447818300832456	-1.24271481239498	-0.599561022766635	0.0468658896056923
-0.441406617692769	-1.25037524336888	-0.591616697445891	0.0679424724085846
-0.434994934553081	-1.23097419176533	-0.585935058210601	0.0646890767952464
-0.428583251413394	-1.22341424174082	-0.573553477647867	0.0732053078148046
-0.422171568273707	-1.22058944781747	-0.568273634167292	0.0846357721945145
-0.41575988513402	-1.2103741582872	-0.56099702453683	0.0907083628133248
-0.409348201994333	-1.19992497910486	-0.554069476826572	0.104572527366344
-0.402936518854646	-1.19158526377492	-0.54383187734235	0.0995867373944278
-0.396524835714958	-1.17886833476747	-0.541336706440219	0.104928587028032
-0.390113152575271	-1.17227969044911	-0.52994197850923	0.118662290052499
-0.383701469435584	-1.16245767532095	-0.522004682975911	0.119364781312344
-0.377289786295897	-1.15655738596561	-0.514645384506649	0.124571056635364
-0.37087810315621	-1.15092914351595	-0.509854967546944	0.133957578620066
-0.364466420016522	-1.13544666720055	-0.500527118952814	0.139960166232493
-0.358054736876835	-1.13350493071009	-0.489226378396334	0.153070687043766
-0.351643053737148	-1.11924883720093	-0.484628605927072	0.159662457002724
-0.345231370597461	-1.11443912533001	-0.479642606497683	0.157436252565459
-0.338819687457774	-1.09446608901749	-0.468925469986724	0.161475798122478
-0.332408004318086	-1.09874701747256	-0.461924342482532	0.171356647413197
-0.325996321178399	-1.08246608090978	-0.454704161952727	0.182559573178741
-0.319584638038712	-1.08313909900743	-0.446640620767618	0.194114931247001
-0.313172954899025	-1.08232624043649	-0.439865115358725	0.192242321802521
-0.306761271759338	-1.06599508283137	-0.431033151783868	0.204753671322283
-0.300349588619651	-1.0622510688004	-0.423905116446531	0.213190758031247
-0.293937905479963	-1.04312432211248	-0.416173785699272	0.220565647266257
-0.287526222340276	-1.040115862015	-0.405340449591936	0.225644525445192
-0.281114539200589	-1.03536631795759	-0.400697959347772	0.226872445201876
-0.274702856060902	-1.02285515486533	-0.392242290787332	0.239076066070677
-0.268291172921215	-1.01333040873779	-0.38282083380449	0.251042061077824
-0.261879489781527	-1.01363705586701	-0.377143003204288	0.250756690981552
-0.25546780664184	-0.997991071998749	-0.370378693224783	0.254578499663284
-0.249056123502153	-0.988830241315832	-0.362183117934753	0.2644532846647
-0.242644440362466	-0.97405971129345	-0.354166867247611	0.268636962588267
-0.236232757222778	-0.973139021792663	-0.346062997285217	0.285814220186764
-0.229821074083091	-0.958265496977867	-0.337712576328949	0.280330241875075
-0.223409390943404	-0.955876614665367	-0.328662085945323	0.296137855745894
-0.216997707803717	-0.945111027704	-0.319283973452954	0.297065848496733
-0.21058602466403	-0.937006887229656	-0.314662223820542	0.303331001725929
-0.204174341524343	-0.936829715451897	-0.307333754952225	0.314451558398047
-0.197762658384655	-0.92583370938057	-0.299699300548626	0.316249907758643
-0.191350975244968	-0.914362943806034	-0.291914387880925	0.324415235154316
-0.184939292105281	-0.905591514662412	-0.285856829995568	0.335130265691937
-0.178527608965594	-0.901567577023486	-0.277683982394112	0.337067247038697
-0.172115925825907	-0.881708483858718	-0.270113098721899	0.35480743164468
-0.165704242686219	-0.884367117642176	-0.262835719285358	0.360490596778798
-0.159292559546532	-0.867955348576165	-0.256133160840888	0.364252852980588
-0.152880876406845	-0.860337348300412	-0.248804464641038	0.374658090513522
-0.146469193267158	-0.853391918376449	-0.236920941450231	0.381749726545849
-0.140057510127471	-0.848110833681702	-0.229322789938549	0.392067793851548
-0.133645826987783	-0.839644674704744	-0.220509456839336	0.393392441312713
-0.127234143848096	-0.831761184250617	-0.215032184454069	0.403088191707172
-0.120822460708409	-0.821080812596071	-0.209872950119149	0.406140902268026
-0.114410777568722	-0.814323400566493	-0.200245111703504	0.414414861368392
-0.107999094429035	-0.809302011386592	-0.195326586669414	0.415227995560667
-0.101587411289348	-0.798409801150544	-0.185927471862248	0.428785342437857
-0.0951757281496604	-0.795288223011552	-0.175886451163443	0.439953516153173
-0.0887640450099731	-0.785035897107097	-0.168943603319688	0.449259433003142
-0.0823523618702859	-0.778462614385076	-0.162604924356827	0.458818787036289
-0.0759406787305987	-0.771714001156026	-0.155023522052912	0.461515824508789
-0.0695289955909115	-0.764148569471942	-0.14659350582317	0.466216970644966
-0.0631173124512243	-0.752584185033613	-0.140157209291745	0.475731676647202
-0.0567056293115371	-0.741366856891721	-0.132161335698955	0.485968722008711
-0.0502939461718499	-0.737644978094345	-0.12545085067989	0.489431416270862
-0.0438822630321627	-0.731182417820044	-0.115524710734603	0.495227046589417
-0.0374705798924755	-0.725580176802808	-0.10870400022627	0.506934909684105
-0.0310588967527883	-0.715531622440362	-0.0990858882266356	0.508954943669942
-0.0246472136131011	-0.706727884465954	-0.0932088938715115	0.519109008289884
-0.0182355304734139	-0.694991131567321	-0.0857129722227319	0.526556972097151
-0.0118238473337267	-0.694959883874429	-0.0800609568423949	0.53492545638658
-0.00541216419403945	-0.680367256848674	-0.0702030148909591	0.539416136554725
0.000999518945647537	-0.685025837057988	-0.0626164659266576	0.554147157522475
0.00741120208533474	-0.6794293722393	-0.0575383371371533	0.552025557331631
0.013822885225022	-0.662137895808829	-0.0488547064371094	0.568407255910343
0.0202345683647092	-0.654234553226476	-0.0398946765144504	0.580323199229006
0.0266462515043964	-0.650246322424454	-0.0301882444388994	0.574619001086697
0.0330579346440836	-0.643868091140132	-0.0262872577409929	0.586678463923864
0.0394696177837708	-0.62857035997069	-0.0186324267713752	0.598735934985325
0.045881300923458	-0.628653355239083	-0.00547554798698823	0.607858134533513
0.0522929840631452	-0.609506720241022	-0.00271459713800866	0.611657460579368
0.0587046672028324	-0.611716865554076	0.00694833639609108	0.619850737408142
0.0651163503425196	-0.606836834168722	0.0155580023824825	0.619100226368055
0.0715280334822068	-0.59784392345857	0.0208592751166791	0.631684303392774
0.077939716621894	-0.586911633312886	0.0281688474841269	0.645050096146888
0.0843513997615812	-0.570893399404643	0.0345774647078013	0.660393627830157
0.0907630829012684	-0.573963984932405	0.0416082205850264	0.660181329675867
0.0971747660409554	-0.559241204155266	0.0526101589873471	0.66341786493976
0.103586449180643	-0.562083932649241	0.0599127685882572	0.670979603220009
0.10999813232033	-0.54720089072136	0.0667800501309061	0.681844400598402
0.116409815460017	-0.553766062058166	0.0738440637170852	0.684507481470762
0.122821498599704	-0.530735642004523	0.081877677412423	0.698740707079824
0.129233181739392	-0.532581189610059	0.0936254359177996	0.695435537704265
0.135644864879079	-0.521880916265437	0.0986315094120924	0.716901941964234
0.142056548018766	-0.514542670470648	0.104995936293204	0.730736284965938
0.148468231158453	-0.503725991750854	0.112742741387758	0.72380501760776
0.15487991429814	-0.493971156074666	0.121577013701216	0.740130401523739
0.161291597437828	-0.48624513992561	0.129493620826514	0.744297495704345
0.167703280577514	-0.483973510997423	0.135639417817051	0.763656955812365
0.174114963717202	-0.482129192147065	0.146031544686143	0.75797256909463
0.180526646856889	-0.471751222302577	0.149239722210573	0.767683482718263
0.186938329996576	-0.468826169982168	0.159048212855313	0.777235608895574
0.193350013136263	-0.454437499405182	0.168071390311113	0.790672014309022
0.199761696275951	-0.441200933602176	0.175019242810259	0.797926239493223
0.206173379415638	-0.441811067508559	0.18246851378771	0.806719340224485
0.212585062555325	-0.43715318421949	0.189592820632898	0.808994923462077
0.218996745695012	-0.43730123507308	0.197329200948879	0.817394339527338
0.2254084288347	-0.418555402439133	0.205894273315687	0.824466866348235
0.231820111974387	-0.412389062497736	0.212606700012799	0.834378245098801
0.238231795114074	-0.401922491341491	0.219489482311748	0.844468949092008
0.244643478253761	-0.391173939849941	0.227589936976024	0.855337825206799
0.251055161393448	-0.391150202774737	0.234729891347718	0.862593328815629
0.257466844533135	-0.383817660965834	0.242574301599941	0.868436975193355
0.263878527672822	-0.377067995361619	0.251493490487186	0.877770449016717
0.27029021081251	-0.373016223138537	0.259979423313558	0.88790521604311
0.276701893952197	-0.357581449503394	0.266148645907658	0.895508841866162
0.283113577091884	-0.353686638819366	0.275026431631925	0.901351657655488
0.289525260231571	-0.354299793645939	0.280647494576795	0.909074828811697
0.295936943371259	-0.346719512184519	0.290480942270916	0.920856656506184
0.302348626510946	-0.334046672686183	0.296300374629773	0.931620126017514
0.308760309650633	-0.333095800310977	0.303097782776014	0.937363039911073
0.31517199279032	-0.324985817965821	0.312313499266269	0.945323412915443
0.321583675930007	-0.316877757901942	0.320506858825808	0.956314741859873
0.327995359069694	-0.304279241879732	0.326340260629573	0.962808767881927
0.334407042209382	-0.301575728053785	0.334236546871402	0.962718687684312
0.340818725349069	-0.288409945299361	0.341424325310341	0.985845810635657
0.347230408488756	-0.287661012557462	0.351297363304712	0.995382269951925
0.353642091628443	-0.283258221018244	0.357778382153501	1.00230919727584
0.36005377476813	-0.282569707158184	0.367501857430735	1.00197556736078
0.366465457907818	-0.256960345493174	0.373240881826324	1.02163745475226
0.372877141047505	-0.262846206933576	0.378975703186191	1.02577748405945
0.379288824187192	-0.244580730512819	0.391948693778534	1.03021787423027
0.385700507326879	-0.246713049696859	0.395778690444885	1.04154754778145
0.392112190466567	-0.243953490322027	0.404557894863987	1.047149117686
0.398523873606254	-0.243317847691644	0.410999160041625	1.0528178279245
0.404935556745941	-0.221155194350756	0.421485918020601	1.07424363276306
0.411347239885628	-0.224350377810377	0.428121041083887	1.07512450381967
0.417758923025315	-0.218895334025817	0.434623943776502	1.07907741274345
0.424170606165002	-0.209215828532115	0.438597271137887	1.0876263216688
0.43058228930469	-0.201100307521697	0.449183536919367	1.09306009774059
0.436993972444377	-0.188718064080541	0.459224649343448	1.1034293846223
0.443405655584064	-0.188484699487264	0.467268317555306	1.11998512949259
0.449817338723751	-0.187300936685827	0.474484873837321	1.12105472436818
0.456229021863438	-0.179310260780893	0.480274298259073	1.14155568393054
0.462640705003126	-0.167603944074842	0.490129374828695	1.1473222284349
0.469052388142813	-0.160336998972766	0.497164521939302	1.15460215686773
0.4754640712825	-0.148721219239959	0.500891757440878	1.15242978154387
0.481875754422187	-0.154136509448167	0.511765602999669	1.16856351831394
0.488287437561874	-0.142924775329862	0.518508183934549	1.18336693212764
0.494699120701561	-0.137715592079439	0.527009139739055	1.19129687690221
0.501110803841249	-0.132702272052058	0.533777152189072	1.20752312892589
0.507522486980936	-0.117297119963941	0.541898833290336	1.2107809511068
0.513934170120623	-0.118617804769536	0.550587718701155	1.2187697999765
0.52034585326031	-0.108969491762846	0.556317466354186	1.22454458441929
0.526757536399998	-0.102206842309828	0.565530128618559	1.2362793583298
0.533169219539685	-0.0957196732952885	0.574740448448722	1.24245523323598
0.539580902679372	-0.0938172738872001	0.578314613685214	1.25579992653628
0.545992585819059	-0.0908769877443142	0.592153920152915	1.26374952112417
0.552404268958747	-0.0866182956874631	0.597245114399773	1.27008029161823
0.558815952098433	-0.0681991670489918	0.606916939840487	1.26724350488703
0.56522763523812	-0.060502164798956	0.61095924741437	1.2936835707563
0.571639318377808	-0.0540164606622771	0.617914361465288	1.30067261059473
0.578051001517495	-0.0588571164251912	0.624696040060587	1.29822034326662
0.584462684657182	-0.0471073323947397	0.633874434674082	1.31279797993712
0.590874367796869	-0.0377560319803527	0.640422833278237	1.31955618940482
0.597286050936557	-0.0361087179182108	0.650177586867196	1.3313448762157
0.603697734076244	-0.0216919292373617	0.65713926220337	1.33857072475997
0.610109417215931	-0.0187590720337514	0.663717595921743	1.3471952794066
0.616521100355618	-0.0179925254449391	0.673743685238675	1.36579289213771
0.622932783495306	-0.00690760739514171	0.683356667495108	1.36660966444462
0.629344466634993	-0.00833946661373535	0.685547956472009	1.3709627865464
0.63575614977468	0.00377239307463602	0.696238897630623	1.39079841452723
0.642167832914367	0.0171463866786127	0.708089343053049	1.39291568374373
0.648579516054054	0.0193581492251717	0.71317462540078	1.4098134918534
0.654991199193741	0.0271169005282168	0.719507967098511	1.41167031937404
0.661402882333429	0.0291493982402892	0.725817886504669	1.41709444935109
0.667814565473116	0.026891177630068	0.732089946253029	1.42662794905456
0.674226248612803	0.0404414877961705	0.739195660648952	1.44398492513532
0.68063793175249	0.0468232733494664	0.747727015987628	1.44019798394374
0.687049614892177	0.041873646911952	0.758342836442998	1.46394054283551
0.693461298031865	0.052689930329207	0.765618099044827	1.46341247880911
0.699872981171552	0.0640437677023361	0.770848672467736	1.49015898249497
0.706284664311239	0.0691651724109797	0.781617863812107	1.48465526742066
0.712696347450926	0.0793638321367058	0.788349750976482	1.49187372422652
0.719108030590613	0.0857803710973876	0.79566561192665	1.50959388730258
0.7255197137303	0.0906200997052399	0.803512974140883	1.51639516695483
0.731931396869988	0.088245945280406	0.809778835447985	1.52278674951211
0.738343080009675	0.0962898047706036	0.820494470708465	1.52465003787207
0.744754763149362	0.104784883597262	0.829317910465011	1.54643286929367
0.751166446289049	0.11509691784758	0.834780818826559	1.56542209160892
0.757578129428737	0.120340429864694	0.843126702428214	1.5659929674508
0.763989812568424	0.12323360682336	0.852527952030663	1.57533126438602
0.770401495708111	0.135288990985779	0.860227400123956	1.57681394559923
0.776813178847798	0.144330503807928	0.864287131721779	1.58214379152744
0.783224861987485	0.150053512389587	0.870856884699713	1.59545196229964
0.789636545127173	0.152045822274938	0.883139960090164	1.60943722136428
0.79604822826686	0.155620484277372	0.888997291514621	1.61274233595627
0.802459911406547	0.161970191134054	0.897167535147578	1.62468974764386
0.808871594546234	0.169576319196697	0.90383717788472	1.63743405905314
0.815283277685921	0.180289645072181	0.90871489572568	1.64764995422008
0.821694960825608	0.190007245891661	0.920436517531822	1.64704039429159
0.828106643965296	0.179538979048092	0.922874616123907	1.66353712392463
0.834518327104983	0.195938739455652	0.933928681700644	1.68111155192887
0.84093001024467	0.198904120542715	0.9390606051876	1.69042414676994
0.847341693384357	0.201827789173603	0.952529190923053	1.68895160582746
0.853753376524045	0.207434343864097	0.95794655799415	1.70266367538925
0.860165059663732	0.205923257798072	0.964788372042722	1.71348192021938
0.866576742803419	0.217514569495021	0.973600966601438	1.72374096448725
0.872988425943106	0.225698978472312	0.975178673946043	1.72790544468063
0.879400109082793	0.22515515252294	0.98730919821693	1.74001344739784
0.88581179222248	0.234547387657166	0.995638312016929	1.74566364578789
0.892223475362167	0.24644025304579	1.00146668748949	1.76606453311527
0.898635158501855	0.25667783226812	1.00989607283619	1.76971675548337
0.905046841641542	0.249549532426728	1.01751941170603	1.77362126942212
0.911458524781229	0.255652495171738	1.0264397174797	1.79450561409716
0.917870207920916	0.275663935139488	1.03570903334366	1.80142089735936
0.924281891060604	0.274073449530512	1.04173764346264	1.80798981210896
0.930693574200291	0.286995889919274	1.04864044612151	1.81647710922306
0.937105257339978	0.284857659049035	1.05688759778161	1.82707150360304
0.943516940479665	0.291363487963132	1.06544966888612	1.8333026326488
0.949928623619352	0.295024865401729	1.07357815343886	1.84069746944062
0.956340306759039	0.300750224949477	1.07968837848577	1.86375964615846
0.962751989898727	0.310156902469275	1.08686738480146	1.87126702657801
0.969163673038414	0.313406372072463	1.09640007285836	1.87298362613436
0.975575356178101	0.314611759096414	1.10219056078389	1.88981378812943
0.981987039317788	0.330349173379992	1.11571725119269	1.89792454489651
0.988398722457475	0.326790562966924	1.11765221100487	1.90617808714064
0.994810405597163	0.336752193119402	1.12940216047062	1.90633534503433
1.00122208873685	0.335556205481826	1.13609421119628	1.91847032699064
1.00763377187654	0.349214160053813	1.14455010457681	1.93415349441262
1.01404545501622	0.349514668338657	1.14766358457595	1.94384506275596
1.02045713815591	0.356938609246561	1.15623084432029	1.95805434882721
1.0268688212956	0.372753457932826	1.1669794492346	1.96409899527765
1.03328050443529	0.366789125866194	1.1743331153682	1.96977283671366
1.03969218757497	0.382311452900125	1.18308007679796	1.98736720938432
1.04610387071466	0.384539349462484	1.18358280116434	2.0011043215961
1.05251555385435	0.386314288260197	1.19573856666529	1.9970866610881
1.05892723699403	0.393198038521599	1.20270059677471	2.00749645929403
1.06533892013372	0.394132870227538	1.21334920145368	2.02928711140348
1.07175060327341	0.405543591249337	1.2212044209375	2.02593494287502
1.0781622864131	0.403817646368039	1.22608757852545	2.03775947296697
1.08457396955278	0.416664177455742	1.23055859802387	2.0489795269211
1.09098565269247	0.426812662499167	1.24003891462445	2.06114912744845
1.09739733583216	0.423610852770523	1.24880220604414	2.06842345759725
1.10380901897185	0.424699003720181	1.25946331639138	2.08100120729458
1.11022070211153	0.440687936370916	1.26227713994455	2.0910974234651
1.11663238525122	0.439577052424287	1.27369057361642	2.10237566397813
1.12304406839091	0.447670636776518	1.28138835615241	2.11303993106862
1.12945575153059	0.461534384095743	1.28684611353225	2.1143468932401
1.13586743467028	0.463833009789592	1.29675512187147	2.13407357886075
1.14227911780997	0.4599873244337	1.30508438001231	2.13573010719338
1.14869080094966	0.465430678409227	1.31108182331917	2.15113779540702
1.15510248408934	0.477781943121244	1.32189556165663	2.15521636942146
1.16151416722903	0.47905783538407	1.32534956908586	2.17180640189016
1.16792585036872	0.488437964089379	1.336688651434	2.18280386922319
1.1743375335084	0.495421740602039	1.34249870881953	2.19623166635224
1.18074921664809	0.504692059996009	1.34621008091261	2.20073740694317
1.18716089978778	0.502685861926686	1.35243322252732	2.20931562614908
1.19357258292747	0.514089253986061	1.36608294426243	2.21870570636215
1.19998426606715	0.507862219967404	1.37300317350682	2.22573786309418
1.20639594920684	0.524296104852461	1.38228200723124	2.2365646406573
1.21280763234653	0.521472063052313	1.38829125407717	2.24001149976646
1.21921931548621	0.535915691272623	1.39091742317748	2.26054821272819
1.2256309986259	0.533240737778538	1.40388493760959	2.2747411978045
1.23204268176559	0.539735555741134	1.41162844610691	2.28215011650064
1.23845436490528	0.539082410881232	1.42109092184691	2.28764590472444
1.24486604804496	0.560771713701693	1.42859670256843	2.29346612886465
1.25127773118465	0.558556054358237	1.43584320578828	2.31972440936122
1.25768941432434	0.554937674021836	1.443325860705	2.32517678634257
1.26410109746402	0.572058335308729	1.45188955528859	2.32871404269327
1.27051278060371	0.559902809800922	1.457235929971	2.33494297756808
1.2769244637434	0.572736533132154	1.46940290848657	2.33907075902917
1.28333614688309	0.58513496736749	1.47407654808146	2.36175552262464
1.28974783002277	0.589694200940699	1.47917281843286	2.36461646101639
1.29615951316246	0.595906704700516	1.48370927600024	2.37182146190736
1.30257119630215	0.599477372877575	1.49457699518597	2.3891631517221
1.30898287944184	0.607721975996223	1.50274346419812	2.39992192576521
1.31539456258152	0.613387166648633	1.50929848114222	2.40588368382853
1.32180624572121	0.616373478837786	1.51892566640587	2.41733221538489
1.3282179288609	0.621769112049862	1.52346401753569	2.41983448604835
1.33462961200058	0.633623115147067	1.53311084288318	2.43654660184981
1.34104129514027	0.630109201724927	1.53929227949539	2.45051813037636
1.34745297827996	0.646054818671819	1.55026934325387	2.46102198982521
1.35386466141965	0.651546289171521	1.55530559752729	2.47424609554995
1.36027634455933	0.655305877817023	1.56454021482122	2.47932264827606
1.36668802769902	0.648059771816028	1.57187897186775	2.48733945620482
1.37309971083871	0.662946156928428	1.58306414970957	2.49285629590501
1.37951139397839	0.66505136232858	1.58768867916222	2.50376820620662
1.38592307711808	0.660817620330114	1.59759840589216	2.51220714303166
1.39233476025777	0.675186703180803	1.60143016511126	2.52580015579433
1.39874644339746	0.677317249873231	1.60583586461783	2.52573543710952
1.40515812653714	0.691499153711003	1.61644099278495	2.54582755131681
1.41156980967683	0.691724689921562	1.62956440336817	2.54914690640312
1.41798149281652	0.69678741247643	1.63426651325985	2.57353696088341
1.4243931759562	0.697394540994459	1.64089369284214	2.58522590411796
1.43080485909589	0.709094610893635	1.65108180579969	2.59656249575485
1.43721654223558	0.705033427139411	1.65731744387903	2.58606504671493
1.44362822537527	0.714762324689482	1.66623301925778	2.60760916225293
1.45003990851495	0.7184606797182	1.6729636445856	2.61502050943647
1.45645159165464	0.72953834495877	1.68241271378089	2.62815583106052
1.46286327479433	0.732964045496191	1.68641922797337	2.64629408630156
1.46927495793402	0.734836755835333	1.69484026888652	2.64842139574051
1.4756866410737	0.741400226742173	1.69823229538074	2.6672812798336
1.48209832421339	0.746407964009615	1.70687305869474	2.66399064543826
1.48851000735308	0.758008048115445	1.72106106305544	2.66883654829116
1.49492169049276	0.758627959631562	1.72386492612977	2.69498083023428
1.50133337363245	0.765464601430722	1.73336692088419	2.68280032542517
1.50774505677214	0.774556850862363	1.74023931424867	2.71204093615327
1.51415673991183	0.774574842873872	1.74814758207264	2.71319777014025
1.52056842305151	0.779412591111985	1.75664810339317	2.72642333773776
1.5269801061912	0.777182139740761	1.76255702850992	2.74013806013006
1.53339178933089	0.779093609360466	1.77095105412603	2.74342661133334
1.53980347247057	0.793205079450807	1.78051702379167	2.75962636581119
1.54621515561026	0.802823263302688	1.78970403079157	2.7730674505503
1.55262683874995	0.808999153673588	1.79294316896473	2.78894669460209
1.55903852188964	0.812042577736873	1.80222048457329	2.79398849240674
1.56545020502932	0.816366822889962	1.80904275161867	2.79670196563578
1.57186188816901	0.827318244886251	1.81601236721746	2.80236309491682
1.5782735713087	0.819468386815683	1.82610670465385	2.8211040882245
1.58468525444838	0.83222841671342	1.83377958253059	2.83094197359583
1.59109693758807	0.833428923203425	1.8392739917446	2.84318843999122
1.59750862072776	0.841950093034721	1.84764191616112	2.85436192873208
1.60392030386745	0.840318132442004	1.85608878258705	2.86628628657296
1.61033198700713	0.847934270810229	1.86592019182349	2.86727735293587
1.61674367014682	0.855016549347548	1.87186093572326	2.8860547757455
1.62315535328651	0.872273084246272	1.88007283350353	2.90072486454991
1.62956703642619	0.857481230202994	1.88389656494454	2.89784885676483
1.63597871956588	0.869656485646165	1.89491649791622	2.91449959441232
1.64239040270557	0.883896241136118	1.90077591547348	2.91374317265466
1.64880208584526	0.882771898528004	1.91013777584289	2.92554552315038
1.65521376898494	0.886471735561015	1.91330722558383	2.94297928980598
1.66162545212463	0.891830722523207	1.92687919443333	2.95273289844816
1.66803713526432	0.900346916416278	1.93776570681454	2.95741882809916
1.67444881840401	0.899478729409856	1.94411872864529	2.96985508694832
1.68086050154369	0.915057678126404	1.95312209538511	2.98341314036484
1.68727218468338	0.92060544556159	1.95678354561526	2.9928059949018
1.69368386782307	0.916672329190772	1.96287956174734	3.01137051367225
1.70009555096275	0.91602108377036	1.96690916907539	3.01446580959532
1.70650723410244	0.932307586976282	1.97921905819472	3.02940102081427
1.71291891724213	0.927601609462282	1.98689683877369	3.03083681441007
1.71933060038182	0.94128110197923	1.99423798638611	3.04067478311603
1.7257422835215	0.952377225569837	2.003269382235	3.05878701425921
1.73215396666119	0.944357266568989	2.00840380426762	3.07443484711886
1.73856564980088	0.95719069090889	2.01695810134176	3.07107792626647
1.74497733294056	0.958321055914991	2.02554431943756	3.08713291923738
1.75138901608025	0.966746722842418	2.03380839844503	3.08796560120687
1.75780069921994	0.980299888547101	2.038577965087	3.1041254432169
1.76421238235963	0.972175244222874	2.04942366215059	3.12288660091439
1.77062406549931	0.976267501835948	2.0517351705149	3.12450474954489
1.777035748639	0.992522274787898	2.06217273890321	3.13019802602577
1.78344743177869	0.982054083431288	2.07203160903833	3.14123243547534
1.78985911491837	0.993937116678262	2.08146008220816	3.16124373750057
1.79627079805806	0.994767015416407	2.08708731164901	3.16687120617566
1.80268248119775	1.00968020456465	2.09572597840836	3.18303502389182
1.80909416433744	1.00386554977027	2.09963001693285	3.17578209764902
1.81550584747712	1.02193630838391	2.108676051403	3.19686579147443
1.82191753061681	1.02788653701794	2.11845784833729	3.21068018928152
1.8283292137565	1.02753120605034	2.12369629199073	3.22030466545697
1.83474089689618	1.03606871505047	2.12968895027329	3.22215203378117
1.84115258003587	1.02677974609042	2.13775057528981	3.25319922768212
1.84756426317556	1.03519930318734	2.14597928127904	3.25026306244951
1.85397594631525	1.05037686350093	2.15936965676641	3.26879987229746
1.86038762945493	1.0415341206184	2.16224922709572	3.26522271970499
1.86679931259462	1.05125019840788	2.16615740519518	3.28691514162912
1.87321099573431	1.06173240967524	2.17727926014801	3.29738094593559
1.879622678874	1.07054422607962	2.18568715100655	3.29606566990981
1.88603436201368	1.06502519676914	2.19366902941518	3.30422280686185
1.89244604515337	1.07308404753869	2.20109548866078	3.31278265319457
1.89885772829306	1.06817960633871	2.20696012110138	3.32892431157259
1.90526941143274	1.08292477728446	2.2208949640096	3.34809764988937
1.91168109457243	1.0859163872497	2.23028238117315	3.35270032235781
1.91809277771212	1.09997679123443	2.23351925066253	3.36351697840333
1.92450446085181	1.09188433014192	2.2411590225851	3.36465919981051
1.93091614399149	1.10945620089693	2.24726562168926	3.38892236053531
1.93732782713118	1.10330683630233	2.25924428978851	3.39014577950776
1.94373951027087	1.1125376210385	2.25860670375963	3.40473078233366
1.95015119341055	1.1135299020734	2.26968715538447	3.41689254920953
1.95656287655024	1.11829648269501	2.27394874230805	3.42340321452285
1.96297455968993	1.11451950386573	2.28277637126335	3.42836396820777
1.96938624282962	1.13039703511951	2.29530318488319	3.44663071478898
1.9757979259693	1.13726420215505	2.30187596435127	3.4518501567188
1.98220960910899	1.13625969961928	2.31153922486333	3.46616509396203
1.98862129224868	1.15823761888458	2.31843632942273	3.47682987768247
1.99503297538836	1.16446941976592	2.32886105811126	3.4885434787769
2.00144465852805	1.17072001451505	2.32977702424105	3.49507652591887
2.00785634166774	1.16390164519864	2.34382756623875	3.51208823473675
2.01426802480743	1.18129619268389	2.3488587810573	3.52639541195681
2.02067970794711	1.18610802562262	2.35287626472162	3.52052995664834
2.0270913910868	1.18515423479541	2.35728566617229	3.53243275500332
2.03350307422649	1.18426561224863	2.37104514020932	3.54291992849183
2.03991475736618	1.19499025627692	2.37843548034099	3.54845612969895
2.04632644050586	1.19860728907086	2.38673737291864	3.56206017676891
2.05273812364555	1.19896261415297	2.39276836994329	3.57239789509072
2.05914980678524	1.19617113739161	2.40177628146575	3.60854870504657
2.06556148992492	1.21344541350892	2.40840408221194	3.60037623275532
2.07197317306461	1.20818236265442	2.41038814405483	3.60956991594407
2.0783848562043	1.21710695223331	2.42287191503672	3.62167343724137
2.08479653934399	1.21472820790663	2.42858262970116	3.63977825507995
2.09120822248367	1.23461480149969	2.435439542043	3.63506340833715
2.09761990562336	1.24471568275012	2.44789014603805	3.65952985690345
2.10403158876305	1.24404481047382	2.45249713246187	3.66574026991261
2.11044327190273	1.23822547623862	2.46394527572167	3.66951035135061
2.11685495504242	1.24802893372086	2.4700206086407	3.67497403386257
2.12326663818211	1.26243756886199	2.47788214405563	3.6948232671937
2.1296783213218	1.25694885804342	2.48822314182866	3.71538597015702
2.13609000446148	1.2704478380044	2.49324642189752	3.70782100520207
2.14250168760117	1.26705106791439	2.50294792463736	3.73437811504342
2.14891337074086	1.27309998830701	2.51167423636907	3.74075883279434
2.15532505388054	1.27195093506021	2.51534587238485	3.74450184396743
2.16173673702023	1.28723962673064	2.52232791802114	3.75693374802872
2.16814842015992	1.28188595607137	2.53277492342327	3.75529488809543
2.17456010329961	1.29452171855762	2.53815089169406	3.77416660900952
2.18097178643929	1.2942152392042	2.5510409772316	3.77872271427387
2.18738346957898	1.30067592100949	2.55510086785683	3.80739302531448
2.19379515271867	1.30881870705982	2.55967690723719	3.81881808862657
2.20020683585836	1.3115217610361	2.57005272898486	3.82505191359301
2.20661851899804	1.31616182337639	2.58047143415388	3.83119072174246
2.21303020213773	1.32755910317359	2.58616804627627	3.83686062662673
2.21944188527742	1.32292566708135	2.59264524473868	3.84945548554961
2.2258535684171	1.325093876685	2.60000271734069	3.85928139130145
2.23226525155679	1.33776961544172	2.60745527975003	3.88321280150547
2.23867693469648	1.34252421373195	2.61568975189801	3.87347897987709
2.24508861783617	1.35370137395003	2.62141243818625	3.88836534967014
2.25150030097585	1.34330199783122	2.63249949318186	3.89821614472831
2.25791198411554	1.35031108515753	2.63785382144717	3.9158165744975
2.26432366725523	1.35049998776061	2.6462932155449	3.91908074146754
2.27073535039491	1.36638074608935	2.65208819912049	3.92203800827004
2.2771470335346	1.37547690670182	2.66347528538732	3.94317466141273
2.28355871667429	1.37037965351768	2.66945161645579	3.95050059258558
2.28997039981398	1.39028219253279	2.67530330244046	3.96900361223008
2.29638208295366	1.38588039673748	2.68643339332949	3.97639490918814
2.30279376609335	1.39127229946503	2.69019191437728	3.97938212584477
2.30920544923304	1.38718345058115	2.70398577207161	3.99783141358197
2.31561713237272	1.39326571677113	2.70463794328324	4.00946706520216
2.32202881551241	1.40254296924511	2.71568171579209	4.01637508148865
2.3284404986521	1.41067831601284	2.72295307082909	4.0323702522795
2.33485218179179	1.41367381655032	2.73275036534236	4.0430154662504
2.34126386493147	1.40649085531557	2.73766177480408	4.04332640668996
2.34767554807116	1.41562629481709	2.74779461820215	4.05483741102048
2.35408723121085	1.4231728667124	2.75589904304674	4.0690291901912
2.36049891435054	1.43608695944593	2.76274944399585	4.07389378426963
2.36691059749022	1.42795520006767	2.76783671312188	4.09287735016413
2.37332228062991	1.4461608943317	2.77658875523053	4.09519886825957
2.3797339637696	1.4487855170924	2.7848990306753	4.10390550074748
2.38614564690928	1.4439798614148	2.78771843036959	4.12271924773575
2.39255733004897	1.45071909445248	2.80081219905153	4.12152847600884
2.39896901318866	1.45210982121669	2.80696401981938	4.15003379377727
2.40538069632835	1.47241274699645	2.81200864259233	4.14833998842052
2.41179237946803	1.46538916557045	2.82647285279149	4.17541078071677
2.41820406260772	1.47467425895795	2.82902715799645	4.16056673860059
2.42461574574741	1.48264131338491	2.834637464699	4.19780224491803
2.43102742888709	1.49057732536705	2.84778773361952	4.20144459704933
2.43743911202678	1.48096524368199	2.8550634011015	4.20234579272911
2.44385079516647	1.48354063866321	2.86461365812575	4.21840724787017
2.45026247830616	1.49252844658456	2.86705830500271	4.22699494502521
2.45667416144584	1.49713704930777	2.87423938882893	4.23075682580582
2.46308584458553	1.51208667847843	2.88609314846887	4.23891468465209
2.46949752772522	1.51658588130027	2.89091501872703	4.25319235956881
2.4759092108649	1.51871780455258	2.89937058188351	4.27433516656798
2.48232089400459	1.51391562317496	2.90888478189737	4.27099030070955
2.48873257714428	1.51731619997904	2.91254233378314	4.28668285404563
2.49514426028397	1.52841782942822	2.92041859934006	4.29836170831991
2.50155594342365	1.54784986713537	2.93147251274685	4.31093387912142
2.50796762656334	1.55102950603208	2.93479638137486	4.32901780085687
2.51437930970303	1.53732702231985	2.94932865806361	4.3316935235821
2.52079099284272	1.55874764584572	2.95142081484808	4.33534610466091
2.5272026759824	1.55231662868987	2.95710630320329	4.35429364445471
2.53361435912209	1.55950040351243	2.96560090821421	4.36802739876638
2.54002604226178	1.55802369377066	2.97720213983691	4.36344499798746
2.54643772540146	1.58210892772117	2.98410560086568	4.37459924097223
2.55284940854115	1.57928907789693	2.99234229357196	4.40322759922187
2.55926109168084	1.57305188513088	2.99765717324753	4.40128122242692
2.56567277482052	1.57400110371003	3.00291797394164	4.41483531262127
2.57208445796021	1.58041728456362	3.01736498643493	4.42453627232988
2.5784961410999	1.59636680020888	3.01712189283731	4.43961869677795
2.58490782423959	1.59715356604514	3.0311324750041	4.44508131108793
2.59131950737927	1.61639637848806	3.04047254172203	4.45553325041453
2.59773119051896	1.61170760055417	3.05039639788526	4.46388189657861
2.60414287365865	1.61571776286362	3.05206828512225	4.4769415583156
2.61055455679834	1.62177468228741	3.06185322594677	4.49271652503747
2.61696623993802	1.61952804394603	3.07127022178153	4.49329951246023
2.62337792307771	1.62933640559535	3.07993576438441	4.52073491767657
2.6297896062174	1.63123670015686	3.08254984550903	4.51844366573439
2.63620128935708	1.63343948523349	3.08920745268519	4.52540224222829
2.64261297249677	1.64584621011899	3.09862719977944	4.53453346398775
2.64902465563646	1.65036550171472	3.10240511231558	4.55852104682854
2.65543633877615	1.64735597710086	3.11959788936492	4.57372549904555
2.66184802191583	1.65448138099191	3.12001829203982	4.5703303191447
2.66825970505552	1.6741842611034	3.12931886706329	4.58012405090256
2.67467138819521	1.66387841363533	3.1348885668708	4.59330755581588
2.68108307133489	1.67595460159206	3.13773436067555	4.59784916462111
2.68749475447458	1.67421007786269	3.15086657283108	4.61356897982435
2.69390643761427	1.68525377344203	3.16616282497885	4.62700115226086
2.70031812075396	1.68190694562439	3.16905878485418	4.63982361416205
2.70672980389364	1.68806264108968	3.18200223074314	4.64091027957918
2.71314148703333	1.69768608769425	3.1846036809716	4.65726375639024
2.71955317017302	1.69540240461081	3.18922625266828	4.66707946220372
2.7259648533127	1.70452490203087	3.19508063892841	4.68205738425791
2.73237653645239	1.7138837571655	3.21125229842522	4.69534441976791
2.73878821959208	1.72662857809645	3.21371367231493	4.70042590315364
2.74519990273177	1.71995071254827	3.22136118710919	4.71509036527035
2.75161158587145	1.72813027233631	3.2276283012407	4.71927794900382
2.75802326901114	1.73214119216616	3.23748667271295	4.733729456634
2.76443495215083	1.74153761319349	3.24632557650685	4.74712367397451
2.77084663529052	1.71485806770365	3.25133877686126	4.7368823966618
2.7772583184302	1.73146734317932	3.25973859392745	4.75905051491557
2.78367000156989	1.75090341550769	3.26696248448516	4.76782850308445
2.79008168470958	1.757951780952	3.27587883058639	4.78361901317837
2.79649336784926	1.75263949723082	3.28314916777385	4.79694565889732
2.80290505098895	1.75835097522377	3.29147835952273	4.80015292064292
2.80931673412864	1.76046711303988	3.30368056482759	4.8176816421323
2.81572841726833	1.77601614417789	3.30671428976154	4.81559792918715
2.82214010040801	1.78661559710953	3.31392391871099	4.84339222339009
2.8285517835477	1.77884624026399	3.32567214835385	4.84957411267373
2.83496346668739	1.77275451502802	3.33099043140936	4.85548855104764
2.84137514982707	1.78317218215956	3.33755843122664	4.86922578589113
2.84778683296676	1.78460623183298	3.34927223053469	4.88301036370747
2.85419851610645	1.80824159355803	3.35441245570396	4.88318018732221
2.86061019924614	1.81436763368585	3.36021956111226	4.89939825300147
2.86702188238582	1.811208649996	3.36775920591732	4.91936858305091
2.87343356552551	1.81728247517591	3.37590364314323	4.9206708659304
2.8798452486652	1.81641339624332	3.38177177258502	4.92701742172741
2.88625693180488	1.81632945112161	3.39282137436889	4.93406333526506
2.89266861494457	1.82813082789546	3.39786360077633	4.95703154158215
2.89908029808426	1.82367043513688	3.40768913076923	4.95269176676229
2.90549198122395	1.83336994379097	3.41718401703436	4.98289050464942
2.91190366436363	1.83250189514589	3.4179452577436	4.98035875920558
2.91831534750332	1.84871542513153	3.43026687047285	5.00154860795417
2.92472703064301	1.84933860963825	3.43660658537293	5.01007974028025
2.9311387137827	1.84995507000548	3.44139062008398	5.02191143275803
2.93755039692238	1.86036400284237	3.45300515599282	5.02466544055614
2.94396208006207	1.8689252854638	3.45879357669293	5.03223696630903
2.95037376320176	1.86120434477198	3.47068324789641	5.04540687001089
2.95678544634144	1.8659870893223	3.47804274787974	5.06118287112948
2.96319712948113	1.88198660596495	3.47780135376897	5.07512339930402
2.96960881262082	1.88686877454472	3.48830289621567	5.07135548231224
2.97602049576051	1.87650725266089	3.50110491450068	5.08791840250179
2.98243217890019	1.89753270982391	3.50796900422815	5.10628539701308
2.98884386203988	1.90005870049969	3.50442793239857	5.09967615377782
2.99525554517957	1.90152132718005	3.52026480516101	5.12124648194801
3.00166722831925	1.89369902560974	3.52711595403391	5.12334317011546
3.00807891145894	1.92028531366437	3.53739384461364	5.14083363472561
3.01449059459863	1.92001651685352	3.54640679443746	5.15535774765334
3.02090227773832	1.92586668717314	3.55586603776244	5.16737280589711
3.027313960878	1.91839481437082	3.56136322039299	5.17476502409751
3.03372564401769	1.92740743115043	3.56604683991996	5.17925774851401
3.04013732715738	1.93557568238358	3.57332477933836	5.18745516650496
3.04654901029706	1.93986343065979	3.58525731093522	5.20424620409195
3.05296069343675	1.93053469344241	3.59262086421528	5.21994885326277
3.05937237657644	1.94971072008764	3.60215814976548	5.22641764120642
3.06578405971613	1.97155113666314	3.60587963842258	5.24531802423914
3.07219574285581	1.95983427518613	3.6149071978365	5.23712659671409
3.0786074259955	1.96282948310026	3.62444281177161	5.25510124265612
3.08501910913519	1.97512031675493	3.62726100026335	5.26561206696764
3.09143079227488	1.96571737163316	3.63321204868479	5.29180603089977
3.09784247541456	1.97403633831402	3.64594621194178	5.28222113001685
3.10425415855425	1.97910915435546	3.65359501890923	5.30592465848442
3.11066584169394	1.97829926383828	3.66130181745799	5.32289946242412
3.11707752483362	2.00264710330112	3.66823385891676	5.31649066880355
3.12348920797331	1.99817032806269	3.66752348909643	5.3298259104789
3.129900891113	1.99747888567904	3.68717151247705	5.33739193826557
3.13631257425269	2.01029604211688	3.68976301142587	5.35205678360556
3.14272425739237	2.01327021943235	3.69788395951152	5.35631230527304
3.14913594053206	2.00897080128218	3.70515846502432	5.38066288784693
3.15554762367175	2.02998838042541	3.7119274435742	5.39128377162558
3.16195930681143	2.00831645765069	3.72015463144842	5.38851098142165
3.16837098995112	2.02672285533059	3.72488396345191	5.4159657581244
3.17478267309081	2.02784600158605	3.72901564351029	5.42338890967863
3.1811943562305	2.03148071342274	3.74519552926842	5.43306829177099
3.18760603937018	2.03900423921596	3.75690562315334	5.43377490639037
3.19401772250987	2.04829954462615	3.76230872574967	5.45825106164836
3.20042940564956	2.06073810380009	3.76655766931217	5.46599479726455
3.20684108878924	2.05418632898212	3.77381116252932	5.4687567285145
3.21325277192893	2.06743585034778	3.78747902335562	5.48721883109647
3.21966445506862	2.05665980073119	3.79088142022385	5.49575946453918
3.22607613820831	2.06739905112167	3.79692260719721	5.50847749260497
3.23248782134799	2.07020704300015	3.80090090456716	5.50444876304796
3.23889950448768	2.07437606190345	3.81482611182745	5.52611761991376
3.24531118762737	2.07926207563376	3.82213695478527	5.53060971937664
3.25172287076705	2.10460442754973	3.83140758090224	5.54582139750146
3.25813455390674	2.07890132111467	3.83651191182603	5.55177766547924
3.26454623704643	2.09589933537241	3.84176890526249	5.571241325789
3.27095792018612	2.10142493316936	3.85857449412305	5.57196877610225
3.2773696033258	2.11238326184934	3.85886520083579	5.57410286689272
3.28378128646549	2.1048167434331	3.86340285381327	5.59441913360232
3.29019296960518	2.13514605609439	3.87724816185419	5.60885532067504
3.29660465274487	2.12258985333147	3.88406512839744	5.62055094097402
3.30301633588455	2.12054173680113	3.8996166374718	5.6327057073197
3.30942801902424	2.13951798249476	3.89905810179607	5.63185512619201
3.31583970216393	2.1293722154251	3.90867001734499	5.64947526389348
3.32225138530361	2.15736161326903	3.91308654721564	5.66401968236522
3.3286630684433	2.14887032115462	3.92177211971722	5.66821793868773
3.33507475158299	2.14590793435617	3.93407108543468	5.67963191917458
3.34148643472268	2.16061116961407	3.94410780970574	5.69488505387069
3.34789811786236	2.16000868884855	3.94697301255414	5.71200780018109
3.35430980100205	2.16734385727626	3.95663034577794	5.70891600552658
3.36072148414174	2.1648554483325	3.95886087400075	5.72764368775178
3.36713316728142	2.17853030763962	3.96799113820718	5.73864835763806
3.37354485042111	2.16367698328663	3.97234117456247	5.74456372165512
3.3799565335608	2.17474526562724	3.98662916413879	5.75156706334946
3.38636821670049	2.19572283924769	3.99201637310344	5.75808073286479
3.39277989984017	2.19840616611295	4.00130624085652	5.78644953126318
3.39919158297986	2.19873481049317	4.00678496896552	5.80407506788315
3.40560326611955	2.19919043170657	4.01319166485632	5.80362756236126
3.41201494925923	2.21719709432613	4.02417377551633	5.80938507407462
3.41842663239892	2.20685437183032	4.03400969296882	5.81467102549909
3.42483831553861	2.22636248874836	4.03525841155504	5.83583815201877
3.4312499986783	2.23348098057831	4.04234587858131	5.8505817311603
3.43766168181798	2.22773604568394	4.05175657473835	5.84541996422519
3.44407336495767	2.23339458127752	4.05644157264562	5.86452896282521
3.45048504809736	2.23647240597025	4.06831394531909	5.87218943386641
3.45689673123705	2.24904474442093	4.0722864961188	5.88443841516147
3.46330841437673	2.24882165761339	4.08445597045082	5.8867437663747
3.46972009751642	2.24803984626007	4.09259691255467	5.89803789599602
3.47613178065611	2.26178957703012	4.09626667387867	5.91761544952291
3.48254346379579	2.26440041621497	4.10369726034305	5.92573608723619
3.48895514693548	2.25219306393792	4.10941565850296	5.92765726246561
3.49536683007517	2.26760088952556	4.11878538020026	5.95326924328792
3.50177851321486	2.249638746347	4.12885309477025	5.96281815910288
3.50819019635454	2.29205667452186	4.1338550622014	5.96337456100266
3.51460187949423	2.29170111358732	4.13960736320487	5.98254879689664
3.52101356263392	2.28405600457585	4.15477421112501	5.99822624143022
3.5274252457736	2.29894324714593	4.15803347077593	5.99366720729927
3.53383692891329	2.29026835949522	4.1675906537155	6.00741064997943
3.54024861205298	2.2912520951644	4.1756045140301	6.02524831667612
3.54666029519267	2.31458999801929	4.1837892893849	6.0377743795371
3.55307197833235	2.31242445535799	4.18089029508234	6.03873928300245
3.55948366147204	2.31701670251813	4.19716119583372	6.04948323393542
3.56589534461173	2.32555510969274	4.20492972151406	6.06458525528404
3.57230702775141	2.3393163253878	4.21634703287028	6.07563127209306
3.5787187108911	2.33267455770003	4.21664117786222	6.08845678405961
3.58513039403079	2.33062141491457	4.22599872871694	6.0971547056371
3.59154207717048	2.34276335010668	4.23791556463734	6.1084110180289
3.59795376031016	2.33592929400393	4.24122517755488	6.10635394849776
3.60436544344985	2.35538040798678	4.25443411661199	6.12955889593987
3.61077712658954	2.35258137764728	4.26142998187791	6.1483187843541
3.61718880972923	2.35289589721311	4.26053494053499	6.14750794854008
3.62360049286891	2.36207311018952	4.27197025824117	6.15138042932885
3.6300121760086	2.36885666818141	4.27932374263236	6.17893341225887
3.63642385914829	2.36089481975986	4.28977495583019	6.18065858623714
3.64283554228797	2.37739706083933	4.29526794458106	6.1835694219957
3.64924722542766	2.37680201753686	4.30275950297473	6.20409448753974
3.65565890856735	2.38679052192841	4.31291568444127	6.20964190821212
3.66207059170703	2.38260696626328	4.31974454957227	6.23768476635235
3.66848227484672	2.39540949286113	4.33286718928091	6.24545029997356
3.67489395798641	2.40035367367114	4.33215307073689	6.25558645450827
3.6813056411261	2.39496481301862	4.34295564378138	6.25170614415959
3.68771732426578	2.41587471141239	4.35005855118642	6.25715314492623
3.69412900740547	2.41503893651968	4.34978263657845	6.2804539910207
3.70054069054516	2.41209933904019	4.36371830032405	6.28161980170326
3.70695237368485	2.42478105598423	4.37881938074941	6.30914886168147
3.71336405682453	2.41847706477143	4.38049628679811	6.3090480495383
3.71977573996422	2.42835574664113	4.38610488538313	6.31453890654722
3.72618742310391	2.4449146124265	4.39708716806486	6.32600689261882
3.73259910624359	2.43413156478583	4.40693365391139	6.33988976429937
3.73901078938328	2.43890293350766	4.41758998702325	6.35028396220526
3.74542247252297	2.45900797197388	4.4221773435766	6.36452068901713
3.75183415566266	2.45916146281488	4.42251330629135	6.37372968929715
3.75824583880234	2.44341322257872	4.43471125330444	6.39224498768285
3.76465752194203	2.45957600036591	4.43803902940983	6.40093236866655
3.77106920508172	2.46784800249461	4.44910530917503	6.40739595875528
3.77748088822141	2.47276065089172	4.46080599449341	6.41283027283205
3.78389257136109	2.48008845078982	4.47271408703307	6.42596232787912
3.79030425450078	2.49082610798243	4.47584499458273	6.43852341508467
3.79671593764047	2.48486879259096	4.47724609938074	6.46403993532022
3.80312762078015	2.50085587889151	4.48431176964025	6.45721650682145
3.80953930391984	2.50363799017463	4.50322620259877	6.46632160897491
3.81595098705953	2.49560407033247	4.50839718917869	6.47429870462177
3.82236267019921	2.51491327863504	4.51462201835007	6.48166623447164
3.8287743533389	2.51608736270338	4.52249298050524	6.51372691284899
3.83518603647859	2.50707414818363	4.52531322557868	6.50540302193063
3.84159771961828	2.51834854843311	4.53265136917683	6.52082558097754
3.84800940275796	2.51322664400489	4.54701426248543	6.5382583395241
3.85442108589765	2.53463537237345	4.55349423669027	6.54929575309461
3.86083276903734	2.54397323645389	4.55908172698273	6.5561529723093
3.86724445217703	2.54003679216533	4.56022354872164	6.56612156876872
3.87365613531671	2.53779998025503	4.57423759278251	6.57350561460559
3.8800678184564	2.55515804411305	4.58063935252516	6.58992475379211
3.88647950159609	2.54807397319953	4.59023903883642	6.60278058409921
3.89289118473577	2.56333937390439	4.59894487936062	6.60939853912168
3.89930286787546	2.57572794598198	4.60378846447035	6.62415816380839
3.90571455101515	2.54758264661205	4.61423832467212	6.65236048967737
3.91212623415484	2.562660396365	4.62245722019428	6.63254096055109
3.91853791729452	2.56989066052599	4.63268197834291	6.64034718730757
3.92494960043421	2.57849645776016	4.64031792937705	6.67419181831079
3.9313612835739	2.60068451517941	4.6437774383889	6.67284804417061
3.93777296671359	2.58490620958765	4.65004493306469	6.67711148334882
3.94418464985327	2.60183827811011	4.66018998060853	6.67662013401434
3.95059633299296	2.61824723730143	4.67041790505218	6.72089041122576
3.95700801613265	2.59484771951339	4.67699063221898	6.71076583819087
3.96341969927233	2.60053317375543	4.68380633873933	6.71123557989184
3.96983138241202	2.62648593711232	4.68717396017364	6.73185227096608
3.97624306555171	2.61903467907127	4.69615912427723	6.75031155929216
3.98265474869139	2.62683040580048	4.70193936422549	6.75886460007037
3.98906643183108	2.63532439579824	4.71550961938807	6.77140646224409
3.99547811497077	2.63166297877786	4.71855151468377	6.7804802828267
4.00188979811046	2.62314547286099	4.72996192301397	6.77955961764767
4.00830148125014	2.64223381570544	4.73648658889333	6.79507040023054
4.01471316438983	2.63805307315551	4.74763661461966	6.81297250069217
4.02112484752952	2.64225296297274	4.74778039318823	6.81116124807571
4.02753653066921	2.66147766018406	4.76380896864963	6.83590804881022
4.03394821380889	2.65651934094271	4.76938159281533	6.84141538905579
4.04035989694858	2.67826109690201	4.77538329011209	6.85302888611449
4.04677158008827	2.66384647919706	4.78486827444562	6.86098000555043
4.05318326322795	2.68042200921351	4.78790353240329	6.86390176072987
4.05959494636764	2.68138187670412	4.79605423352889	6.89398179296374
4.06600662950733	2.69630659490883	4.80228861905152	6.88305351887734
4.07241831264701	2.69837116015236	4.81374829088731	6.91868728496667
4.0788299957867	2.70462230526585	4.81240605136458	6.91639149999232
4.08524167892639	2.69279004278884	4.82538074295264	6.9391363172339
4.09165336206608	2.71005053279822	4.83226955577342	6.9256726273861
4.09806504520576	2.69443295029041	4.84703696174203	6.95159394607135
4.10447672834545	2.71151091473423	4.84679772850608	6.95562812194943
4.11088841148514	2.71807765774421	4.85561786258499	6.96628894868654
4.11730009462483	2.72575270250222	4.86282025818786	6.98856937545418
4.12371177776451	2.72692421105803	4.87248983487083	6.97688125158197
4.1301234609042	2.74324990089367	4.87638350188038	6.99663896212458
4.13653514404389	2.73946086119474	4.88824696943389	7.02714151057224
4.14294682718358	2.73481084921901	4.89225993555091	7.02488119291666
4.14935851032326	2.74369184465156	4.90307209693246	7.05182829192006
4.15577019346295	2.74447774192202	4.91037986124024	7.05353563699318
4.16218187660264	2.74383584533344	4.92506869946193	7.0606645252387
4.16859355974232	2.75834149842447	4.92769713642521	7.0581690804192
4.17500524288201	2.76516960739576	4.93595148099673	7.07109447076599
4.1814169260217	2.74822901368441	4.94418442946854	7.08636204045944
4.18782860916139	2.78135574085317	4.94557281642296	7.10792681883844
4.19424029230107	2.78233413569641	4.95537708525657	7.12084953520039
4.20065197544076	2.77973307333075	4.96508728673165	7.1316930719696
4.20706365858045	2.78313552564349	4.97380317935827	7.14375561061862
4.21347534172013	2.79430152242498	4.98405911846199	7.15543632593939
4.21988702485982	2.79446430305797	4.98980507948053	7.15297566484994
4.22629870799951	2.80794788796098	4.99987641386922	7.16340118837982
4.23271039113919	2.81392619876854	5.00342087983708	7.1690461370455
4.23912207427888	2.81411797542143	5.00933738012849	7.19557812958239
4.24553375741857	2.82057134012426	5.02062132915302	7.20255925350594
4.25194544055826	2.81871864688926	5.02723995959513	7.20833262569508
4.25835712369794	2.81199366886008	5.04032730334637	7.22136323945572
4.26476880683763	2.81579966329124	5.04712602457355	7.22566671474551
4.27118048997732	2.83813957383709	5.03979607859721	7.22725903613423
4.27759217311701	2.8341874725827	5.05328618867468	7.23250184932919
4.28400385625669	2.84264418699394	5.0690459633242	7.26099392295124
4.29041553939638	2.84045239031224	5.06553687292287	7.26912186081165
4.29682722253607	2.84053752387026	5.08124646131025	7.27275056458509
4.30323890567576	2.86533353918025	5.08453856729842	7.28897783722533
4.30965058881544	2.84765561224852	5.10051855198323	7.29470294484372
4.31606227195513	2.86175660974549	5.09908025083579	7.30574724496129
4.32247395509482	2.87283562007623	5.11426137520869	7.32169094425521
4.3288856382345	2.86051125554193	5.1142882786155	7.33207378929662
4.33529732137419	2.8854250660073	5.12427553914433	7.3376187635323
4.34170900451388	2.88781328553226	5.13953558623813	7.34661491368426
4.34812068765357	2.88289342418403	5.1430714192276	7.36347170420657
4.35453237079325	2.88940236533329	5.15714821662522	7.37466230888854
4.36094405393294	2.89478374109777	5.15997085009501	7.39159242115
4.36735573707263	2.90392291382058	5.16336198888885	7.41143069178673
4.37376742021231	2.90495313421684	5.17025791639113	7.39692756160751
4.380179103352	2.91189725015599	5.1790150929431	7.41767896744559
4.38659078649169	2.92857987041232	5.18695086675221	7.4458806297547
4.39300246963137	2.92179940942824	5.20207128351488	7.45031852639422
4.39941415277106	2.93165970719889	5.20507529918895	7.44278404049283
4.40582583591075	2.91944772865854	5.21363813103638	7.45994460311283
4.41223751905044	2.94381939577101	5.21438758050729	7.47392213208184
4.41864920219012	2.96154575924265	5.22784947271909	7.47517869529077
4.42506088532981	2.93994879889747	5.2332054307213	7.4904590168221
4.4314725684695	2.94653401786286	5.24111383161942	7.50179604963117
4.43788425160919	2.96510352696158	5.24746726921902	7.51917289255694
4.44429593474887	2.96140105676863	5.25703706774795	7.51733367129727
4.45070761788856	2.96504346234984	5.26236981527999	7.54143378880291
4.45711930102825	2.96965246318114	5.26423811653823	7.55451279505451
4.46353098416794	2.96979146447736	5.27769791314606	7.54947503061605
4.46994266730762	2.9732063009072	5.29011847630116	7.5702188058385
4.47635435044731	2.98022301555727	5.29567199116873	7.57421158220944
4.482766033587	2.97894443899668	5.30744683595946	7.57908393774492
4.48917771672668	2.99495381131413	5.30601002449083	7.59102638824732
4.49558939986637	2.9956207102292	5.31316863047339	7.6029559016844
4.50200108300606	2.99545987233061	5.32489652327147	7.61956329213765
