"mitochan"	"lwrNorm"	"medNorm"	"uprNorm"
-1.90327037354145	-2.18188281804433	-1.90990804332248	-1.63319787251913
-1.89677163120065	-2.17789608154015	-1.90273382935816	-1.6320295130841
-1.89027288885985	-2.16952489952436	-1.89754813332122	-1.62363450504303
-1.88377414651905	-2.16729140841381	-1.89013589276162	-1.61674081256183
-1.87727540417826	-2.15688044222571	-1.88421094399766	-1.61234320343593
-1.87077666183746	-2.15385668484063	-1.87934117648792	-1.60882309621461
-1.86427791949666	-2.14080424150865	-1.87356606503989	-1.6009735329676
-1.85777917715586	-2.13791155061375	-1.86614545951767	-1.59344232401258
-1.85128043481507	-2.13140612593296	-1.85861317139386	-1.587249759033
-1.84478169247427	-2.11921702971045	-1.85293421402361	-1.58142361334122
-1.83828295013347	-2.12211342475159	-1.84641024929138	-1.57778380559235
-1.83178420779267	-2.11216385318106	-1.84113491070809	-1.56736319802146
-1.82528546545187	-2.10345971316958	-1.83453926707446	-1.56668923538717
-1.81878672311108	-2.09800831591416	-1.82879827176539	-1.55723097414079
-1.81228798077028	-2.0925860077429	-1.82254831388881	-1.55062454904423
-1.80578923842948	-2.08842424846883	-1.81546795430905	-1.54715487594033
-1.79929049608868	-2.08248445476437	-1.81067897636816	-1.54010799779398
-1.79279175374788	-2.07034198600083	-1.80289350556353	-1.53184780049943
-1.78629301140709	-2.07251995995224	-1.80030254119716	-1.53008736336597
-1.77979426906629	-2.06685227167426	-1.79330484545809	-1.52161135796244
-1.77329552672549	-2.05454134302733	-1.78529810053309	-1.51423820086473
-1.76679678438469	-2.0479849004627	-1.7803316607411	-1.50976905988972
-1.76029804204389	-2.04656504242833	-1.77232511994822	-1.50194954915732
-1.7537992997031	-2.03619783443169	-1.7679856132313	-1.50354295269698
-1.7473005573623	-2.02862857241548	-1.7624849969872	-1.49128647668156
-1.7408018150215	-2.02440013135969	-1.7555421928635	-1.48597019646928
-1.7343030726807	-2.02044228212481	-1.75026311606424	-1.47716612949926
-1.7278043303399	-2.00947885926008	-1.74331210846551	-1.46947138754534
-1.72130558799911	-2.0039754176744	-1.73631665422915	-1.46550560452681
-1.71480684565831	-2.00110108088117	-1.73024914374479	-1.45835881816542
-1.70830810331751	-1.99136308811153	-1.72312369051958	-1.45199545392823
-1.70180936097671	-1.98712118460821	-1.71759047902995	-1.44781111587104
-1.69531061863591	-1.97811824264362	-1.71157565585443	-1.44380356860522
-1.68881187629512	-1.97962261439817	-1.70592970449124	-1.43657977649949
-1.68231313395432	-1.96786033612174	-1.69971560829841	-1.42831258096819
-1.67581439161352	-1.96058783968411	-1.69313816874691	-1.42665906876657
-1.66931564927272	-1.95230510386139	-1.68831851686343	-1.42199684002414
-1.66281690693192	-1.94664052043551	-1.68050411468094	-1.41152493988423
-1.65631816459113	-1.94398913658041	-1.67536027872152	-1.40843887568981
-1.64981942225033	-1.93861670913406	-1.6691880316547	-1.39938477700657
-1.64332067990953	-1.92911781145077	-1.66227163429398	-1.39364951199611
-1.63682193756873	-1.9267196174941	-1.65482716936487	-1.39038704586847
-1.63032319522793	-1.91892872390516	-1.64850072042727	-1.38302942830861
-1.62382445288714	-1.91256175972961	-1.64461603105391	-1.37554392006596
-1.61732571054634	-1.90763980381231	-1.63904106922206	-1.36990942461989
-1.61082696820554	-1.89938005701897	-1.63056616046017	-1.36227827755453
-1.60432822586474	-1.89491866527594	-1.62801076830893	-1.36132000884066
-1.59782948352394	-1.883656710897	-1.61839299635938	-1.34855786373719
-1.59133074118315	-1.88161216737186	-1.61340278362732	-1.34543102374417
-1.58483199884235	-1.8742279769758	-1.60409013415914	-1.33856272039487
-1.57833325650155	-1.86985443944071	-1.59953032812624	-1.33200303192671
-1.57183451416075	-1.86403143053424	-1.59196185620222	-1.32045057342373
-1.56533577181995	-1.85656949484874	-1.58984314711869	-1.3190343493773
-1.55883702947916	-1.84869896760307	-1.58290458055402	-1.3104310364483
-1.55233828713836	-1.84067270844386	-1.57547680928998	-1.30641002604244
-1.54583954479756	-1.83463980914133	-1.57068047758972	-1.29827009653064
-1.53934080245676	-1.83132342956893	-1.56401811030761	-1.29496095728942
-1.53284206011596	-1.82579596300329	-1.55669039419529	-1.28565030593166
-1.52634331777517	-1.81217443707033	-1.55076512752107	-1.28257853514278
-1.51984457543437	-1.8091838052516	-1.54324532604467	-1.27867038901262
-1.51334583309357	-1.8042794090699	-1.5384970509863	-1.27230552694832
-1.50684709075277	-1.79953517300061	-1.53195231695399	-1.26762649052184
-1.50034834841197	-1.79099076596936	-1.525954483993	-1.25350433241169
-1.49384960607118	-1.7834085287332	-1.51982293555759	-1.2514191296136
-1.48735086373038	-1.78218505369746	-1.51513575400733	-1.24491080927942
-1.48085212138958	-1.77224981789756	-1.50820527975716	-1.23923256209382
-1.47435337904878	-1.76402452780445	-1.50163507824566	-1.23724192630381
-1.46785463670798	-1.76432608827337	-1.49523719430441	-1.22633811341982
-1.46135589436719	-1.75465541859302	-1.48964432467473	-1.22386277078521
-1.45485715202639	-1.74827868228182	-1.48131147907008	-1.21380764710445
-1.44835840968559	-1.74268652093672	-1.47668320878362	-1.20860745023264
-1.44185966734479	-1.73716933391019	-1.46917758968609	-1.20435591073491
-1.43536092500399	-1.72781813376252	-1.46538451113261	-1.19916177659811
-1.4288621826632	-1.726523188095	-1.45920772236314	-1.19878376144268
-1.4223634403224	-1.71919031267373	-1.45173820943221	-1.18424177931332
-1.4158646979816	-1.71251830647712	-1.44560026331869	-1.18411888850061
-1.4093659556408	-1.70326894178664	-1.43867169488376	-1.17498324737838
-1.4028672133	-1.69794562922273	-1.43164528325472	-1.16672786669304
-1.39636847095921	-1.69088837601269	-1.42626651804777	-1.165520032869
-1.38986972861841	-1.68698353423601	-1.42068388716478	-1.15522761857846
-1.38337098627761	-1.68208040261767	-1.41334681796588	-1.150795756346
-1.37687224393681	-1.67363949689729	-1.40683867679546	-1.14643758845716
-1.37037350159601	-1.66799764280137	-1.40264332222668	-1.14215127457756
-1.36387475925522	-1.65860791596765	-1.39907552537169	-1.13300595353429
-1.35737601691442	-1.65421343815435	-1.39192981123878	-1.12528065243671
-1.35087727457362	-1.65055363710683	-1.38352864786081	-1.11884872601644
-1.34437853223282	-1.6379938601646	-1.37669999410704	-1.11564235357148
-1.33787978989202	-1.63097104578298	-1.37355867947865	-1.107388368478
-1.33138104755123	-1.62811005709041	-1.36267810696604	-1.09961457880409
-1.32488230521043	-1.61904610314022	-1.35966872607578	-1.09648184342715
-1.31838356286963	-1.61698160488511	-1.35285459620044	-1.08757051571723
-1.31188482052883	-1.60963068656	-1.34622104300814	-1.08062764698057
-1.30538607818803	-1.60184524783734	-1.3398802455301	-1.07675565666419
-1.29888733584724	-1.59725528270169	-1.33419115648415	-1.07175581542684
-1.29238859350644	-1.59205769267957	-1.32834745389611	-1.06505384323846
-1.28588985116564	-1.58432029951176	-1.32326634534212	-1.05880993246717
-1.27939110882484	-1.57435276011463	-1.31428178854858	-1.04801216279496
-1.27289236648405	-1.57322053996676	-1.30909330805019	-1.04482181316276
-1.26639362414325	-1.5648377324281	-1.30335124422556	-1.03836736246605
-1.25989488180245	-1.55822843542927	-1.29719392893107	-1.03339845214474
-1.25339613946165	-1.54922380518264	-1.2904681987634	-1.03347407609445
-1.24689739712085	-1.54671830327902	-1.28396267262708	-1.02274213994978
-1.24039865478005	-1.54107150282309	-1.27939699227889	-1.01159831660082
-1.23389991243926	-1.53142885820743	-1.27355913198875	-1.00745179381899
-1.22740117009846	-1.52866597465862	-1.26810739106101	-1.00591690191372
-1.22090242775766	-1.51554012358879	-1.25907400390682	-0.995027646842865
-1.21440368541686	-1.5183820882845	-1.25410729242793	-0.996136185525974
-1.20790494307607	-1.51101680420218	-1.25007629795641	-0.990023409551828
-1.20140620073527	-1.50301214339623	-1.24091585145561	-0.977086629800908
-1.19490745839447	-1.49427914516619	-1.23629005286034	-0.976170446671296
-1.18840871605367	-1.49206125223363	-1.2284556184945	-0.9659482780182
-1.18190997371287	-1.48048429501169	-1.22249965696005	-0.9624899194975
-1.17541123137208	-1.47698028299567	-1.21618199675632	-0.956017348948462
-1.16891248903128	-1.47054501875413	-1.21022800770194	-0.945032903942437
-1.16241374669048	-1.46362372925648	-1.20430317269408	-0.944410972594018
-1.15591500434968	-1.45939144295067	-1.19894555595078	-0.935044955445167
-1.14941626200888	-1.4557955307008	-1.19292633921194	-0.92906360433451
-1.14291751966809	-1.44864749981372	-1.18580699597544	-0.921662439884628
-1.13641877732729	-1.43922484664912	-1.17886438115714	-0.920453744038442
-1.12992003498649	-1.43383474661705	-1.17238004706956	-0.912243198415545
-1.12342129264569	-1.42874210686058	-1.16663899533163	-0.906513025285924
-1.11692255030489	-1.42563741695899	-1.16083648240463	-0.89773056729329
-1.1104238079641	-1.41698059932979	-1.15291257906357	-0.890689779856436
-1.1039250656233	-1.4058387216467	-1.14692052419419	-0.885409711785024
-1.0974263232825	-1.40256688490326	-1.14201121372678	-0.877982823098725
-1.0909275809417	-1.39364339154628	-1.13488197860145	-0.876116307086735
-1.0844288386009	-1.39336545348582	-1.1299026052775	-0.873446337362414
-1.07793009626011	-1.38298472368962	-1.12476553462262	-0.863931445783032
-1.07143135391931	-1.38193597370936	-1.11848118756949	-0.857310890805856
-1.06493261157851	-1.3796767468836	-1.11028004824143	-0.849502280838787
-1.05843386923771	-1.36498221768679	-1.10601297968244	-0.845159823612977
-1.05193512689691	-1.35458100689363	-1.09773285199767	-0.83925437294446
-1.04543638455612	-1.35635081233548	-1.0929920163954	-0.829697360296562
-1.03893764221532	-1.34964486355908	-1.08489262422694	-0.826945292364869
-1.03243889987452	-1.33446621879588	-1.07952358710801	-0.818079356766844
-1.02594015753372	-1.33686280355012	-1.07343965490219	-0.811785695967298
-1.01944141519292	-1.32832008146829	-1.06809350214971	-0.803855752525248
-1.01294267285213	-1.32404690079114	-1.06300704959132	-0.802321559634193
-1.00644393051133	-1.31056771704319	-1.05416982443797	-0.792227668607684
-0.99994518817053	-1.31173095302234	-1.04724898382553	-0.787360258910396
-0.993446445829732	-1.30209679505569	-1.04238992100656	-0.786164294628405
-0.986947703488934	-1.29690263725078	-1.03719415747714	-0.775626372339198
-0.980448961148136	-1.28924030727053	-1.03116485697374	-0.76793755613954
-0.973950218807338	-1.28158916715919	-1.02557106062244	-0.771764002794295
-0.96745147646654	-1.27554282914807	-1.01714024456916	-0.760145995562142
-0.960952734125742	-1.27468640772391	-1.01221838629309	-0.748287578893396
-0.954453991784944	-1.26725268678874	-1.0033680434905	-0.743735661119774
-0.947955249444146	-1.25754891020605	-0.9981330118194	-0.740063183544558
-0.941456507103348	-1.25239183853909	-0.993114328088929	-0.735436379269255
-0.93495776476255	-1.24973124527769	-0.988688517389198	-0.724373255981361
-0.928459022421752	-1.24072796932956	-0.981846884617762	-0.720061845365868
-0.921960280080954	-1.23736053225666	-0.977402611510228	-0.715089376045253
-0.915461537740156	-1.22440040282591	-0.968124821232304	-0.71033571794927
-0.908962795399358	-1.2210282935709	-0.961527657489269	-0.70308590050216
-0.90246405305856	-1.21702879882284	-0.955379618430774	-0.69880615952176
-0.895965310717762	-1.20816826068964	-0.950926088098568	-0.690771050735727
-0.889466568376964	-1.20368031690466	-0.94418280217492	-0.685029805305319
-0.882967826036166	-1.1990906423836	-0.937567153095299	-0.679498788958289
-0.876469083695368	-1.18774570355013	-0.930450974215036	-0.673667064591232
-0.86997034135457	-1.18782868027796	-0.924338231534956	-0.666870380764132
-0.863471599013772	-1.17158492917696	-0.91660291635997	-0.65539878196041
-0.856972856672974	-1.16971096524111	-0.911873562098735	-0.655439973151519
-0.850474114332176	-1.16688364418635	-0.907366312649729	-0.649308092970788
-0.843975371991378	-1.16354205746384	-0.901046644219891	-0.642853127903414
-0.83747662965058	-1.15274967617897	-0.892164805728793	-0.634001274863654
-0.830977887309782	-1.14450837852112	-0.888638237751106	-0.628170955856561
-0.824479144968984	-1.14064604357813	-0.881924712507039	-0.62581990778005
-0.817980402628186	-1.13178639167214	-0.877187513491773	-0.619730951387711
-0.811481660287388	-1.12397114291971	-0.867890936057999	-0.608956517295931
-0.80498291794659	-1.12035406020735	-0.862063809056148	-0.604799523612879
-0.798484175605792	-1.11142229392675	-0.857285591003746	-0.600025892717279
-0.791985433264994	-1.10805748445686	-0.850748368059514	-0.589571512731784
-0.785486690924196	-1.09842509316255	-0.844934861861914	-0.588292461869213
-0.778987948583398	-1.09807907200592	-0.837908521412928	-0.587731701978276
-0.772489206242601	-1.08565513551957	-0.833507833888079	-0.579746641812719
-0.765990463901802	-1.08413113915264	-0.826856527356814	-0.570619445612588
-0.759491721561005	-1.07533519386447	-0.820169358735968	-0.563034980839175
-0.752992979220207	-1.06865608005908	-0.81234596516558	-0.557237215308652
-0.746494236879409	-1.06661586784273	-0.808222768537921	-0.550037925151449
-0.739995494538611	-1.06166674231102	-0.802634683778416	-0.546037826140026
-0.733496752197813	-1.05175505267714	-0.797505905335699	-0.535388124215694
-0.726998009857015	-1.04240167930227	-0.788463587202644	-0.529568315974841
-0.720499267516217	-1.04110262467898	-0.783073092728485	-0.524721835598074
-0.714000525175419	-1.03559629535282	-0.775871525874907	-0.520763082973257
-0.707501782834621	-1.02442204039854	-0.770663892209163	-0.514639203949049
-0.701003040493823	-1.0240515993285	-0.765356404706754	-0.510593083544076
-0.694504298153025	-1.01250304498924	-0.758617413733785	-0.504449643580413
-0.688005555812227	-1.00573192045471	-0.751994834449175	-0.49736622283213
-0.681506813471429	-1.0069884029943	-0.744903142592096	-0.49237779834702
-0.675008071130631	-0.996876391444523	-0.738287433168885	-0.479269368095476
-0.668509328789833	-0.988529018829021	-0.731951998510419	-0.472847510850346
-0.662010586449035	-0.98557848032631	-0.727017771413289	-0.473675300868466
-0.655511844108237	-0.972867362293301	-0.720448076672521	-0.462188022800822
-0.649013101767439	-0.973404491661701	-0.716513422484222	-0.458117577895801
-0.642514359426641	-0.961487646120745	-0.708071164286611	-0.455078364390337
-0.636015617085843	-0.958838605182971	-0.70409744196181	-0.447669838600321
-0.629516874745045	-0.952654063035393	-0.696435204767774	-0.440952800996125
-0.623018132404247	-0.947284713078343	-0.689215662137442	-0.439899117831505
-0.616519390063449	-0.944528196328817	-0.687148187244724	-0.428763030370032
-0.610020647722651	-0.932964000570921	-0.677530690604519	-0.418937217804674
-0.603521905381853	-0.925140515763016	-0.672524963562106	-0.417071286925619
-0.597023163041055	-0.923224247391146	-0.665624202584325	-0.407826862983163
-0.590524420700257	-0.913329178596965	-0.659823032990113	-0.399027407594092
-0.584025678359459	-0.908560120915061	-0.651192575525818	-0.398364731176705
-0.577526936018661	-0.906971700357876	-0.645921445737929	-0.388854863821134
-0.571028193677863	-0.896149416778437	-0.642543671151513	-0.382237983425461
-0.564529451337065	-0.889555682400406	-0.63404247740565	-0.376798557519139
-0.558030708996267	-0.88743208788025	-0.628228656282391	-0.370702597062261
-0.551531966655469	-0.878066125391167	-0.621599004905578	-0.368189497186637
-0.545033224314671	-0.870213058980995	-0.614533359297688	-0.361966163468819
-0.538534481973873	-0.863324237870284	-0.609545882823181	-0.35786890607153
-0.532035739633075	-0.860324604915018	-0.604459997254728	-0.349510675434309
-0.525536997292277	-0.853041267215426	-0.595271318200458	-0.343768130692643
-0.519038254951479	-0.847936259724293	-0.590490468963825	-0.33919664543752
-0.512539512610681	-0.843007098474795	-0.584794938096429	-0.325861309012966
-0.506040770269883	-0.830688135833595	-0.575840209459177	-0.321099291029476
-0.499542027929085	-0.829087503145405	-0.571421943417285	-0.316732283827993
-0.493043285588287	-0.819660906268629	-0.568330308542583	-0.317543031483948
-0.486544543247489	-0.816200602802099	-0.560633391965548	-0.304455575842846
-0.480045800906691	-0.805031136875944	-0.55369531256066	-0.299012536298563
-0.473547058565893	-0.802063196143359	-0.547520357378411	-0.296042573507787
-0.467048316225096	-0.800589712479073	-0.543274471150229	-0.284622778088901
-0.460549573884298	-0.787150006019915	-0.537185071125783	-0.283919958397962
-0.454050831543499	-0.78038486737707	-0.528472352118851	-0.27631617052865
-0.447552089202702	-0.771893199828492	-0.520563035871301	-0.27156136951933
-0.441053346861904	-0.771896974764205	-0.519670742905327	-0.261581092415742
-0.434554604521106	-0.765816245089344	-0.510712153816145	-0.256358107505475
-0.428055862180308	-0.759301907895141	-0.502548919020697	-0.247191561242273
-0.42155711983951	-0.756713349915726	-0.499685858015498	-0.245724591801366
-0.415058377498712	-0.745291132198128	-0.493787491412478	-0.236095816880779
-0.408559635157914	-0.741572157343809	-0.485204701275786	-0.234162491145094
-0.402060892817116	-0.736252289389465	-0.480032290197355	-0.223559450791013
-0.395562150476318	-0.729947987288886	-0.474515926667002	-0.219847456772556
-0.38906340813552	-0.719398291096277	-0.466286945450628	-0.217359676344161
-0.382564665794722	-0.714541183298203	-0.458864235964998	-0.204445422416441
-0.376065923453924	-0.704931558481264	-0.453769623100716	-0.196736263243138
-0.369567181113126	-0.702968520697965	-0.449200602843831	-0.197550265850663
-0.363068438772328	-0.694508188768022	-0.443411746550503	-0.188876941847681
-0.35656969643153	-0.69138218382517	-0.436680282030916	-0.182967878480967
-0.350070954090732	-0.684176508458763	-0.429620440723195	-0.177700664776363
-0.343572211749934	-0.675510482713552	-0.423612726038958	-0.169461115158668
-0.337073469409136	-0.673376646981295	-0.418639468766973	-0.16629808270832
-0.330574727068338	-0.663293707457832	-0.411475118860815	-0.155220622178824
-0.32407598472754	-0.654580712699219	-0.406281884851772	-0.150502168538064
-0.317577242386742	-0.654461683917474	-0.39908729431382	-0.142942164749291
-0.311078500045944	-0.64779400070908	-0.391921089440074	-0.139275742477487
-0.304579757705146	-0.643363667682812	-0.386985384096448	-0.139605257187913
-0.298081015364348	-0.629226925303858	-0.382378854795323	-0.130785365923315
-0.29158227302355	-0.628233989034123	-0.372453787129384	-0.11818561049285
-0.285083530682752	-0.620033604067045	-0.368660517682402	-0.113924265074086
-0.278584788341954	-0.61687496695051	-0.361424361188224	-0.116111636000882
-0.272086046001156	-0.610531125432346	-0.356992332246575	-0.102262849145236
-0.265587303660358	-0.605311187955728	-0.350554431318471	-0.101622315440937
-0.25908856131956	-0.599271107659393	-0.343740658942577	-0.0888788674188875
-0.252589818978762	-0.589129000384177	-0.338319934202692	-0.0844392106873331
-0.246091076637964	-0.586633307674351	-0.332899722788933	-0.0777299193594513
-0.239592334297166	-0.576016493365304	-0.325541168851105	-0.0702229357952117
-0.233093591956368	-0.569161848472726	-0.317620591296812	-0.0676410645532814
-0.22659484961557	-0.56491017510467	-0.313221055314881	-0.0591390348286449
-0.220096107274772	-0.558269719444008	-0.305798337571037	-0.0567266647466449
-0.213597364933974	-0.553715857974241	-0.297895699722078	-0.0489196609832256
-0.207098622593176	-0.546033264019101	-0.29256622366688	-0.0436485143859101
-0.200599880252378	-0.542216569476144	-0.286449847920384	-0.0378560896816199
-0.19410113791158	-0.537325544379975	-0.282578569269318	-0.0318351391809826
-0.187602395570782	-0.523933096630888	-0.275902798157631	-0.027273466978919
-0.181103653229984	-0.522115952809645	-0.269239894301063	-0.0154401046177679
-0.174604910889187	-0.514559830674404	-0.264418958708434	-0.00992536870360256
-0.168106168548388	-0.505147605370802	-0.256128172031039	-0.00574052152755241
-0.16160742620759	-0.500357654443726	-0.2511351317116	-0.00362797793846702
-0.155108683866793	-0.495100208881688	-0.244698386816511	0.00892767287773744
-0.148609941525994	-0.488170122287775	-0.239948340654647	0.0129839507315989
-0.142111199185196	-0.482970370883591	-0.233164113201907	0.0182241635151903
-0.135612456844399	-0.479754688159757	-0.225720330124038	0.027513590824237
-0.129113714503601	-0.473580791101724	-0.219131526957047	0.0316394318373806
-0.122614972162802	-0.469314980200078	-0.214226905998411	0.0369307184361903
-0.116116229822005	-0.456496287311277	-0.207801477358035	0.0437392466967043
-0.109617487481207	-0.449535922830419	-0.200185086811386	0.0534386068533819
-0.103118745140409	-0.441525124050016	-0.192727753469303	0.0604955514222526
-0.0966200027996107	-0.439046425278448	-0.189052814528731	0.0638597138767259
-0.0901212604588126	-0.427393457451294	-0.183392696756238	0.0685912140604246
-0.0836225181180148	-0.43222485204157	-0.177666674172811	0.0722010665484458
-0.0771237757772167	-0.419813888584253	-0.169593216220152	0.0819262006320675
-0.0706250334364187	-0.417508232226658	-0.162604888078086	0.0863609902587861
-0.0641262910956208	-0.406677495258926	-0.156816920284561	0.0944133181183833
-0.0576275487548228	-0.404738138831904	-0.15305834761246	0.100367946417914
-0.0511288064140247	-0.393909240857689	-0.144904806486077	0.105724864991867
-0.0446300640732269	-0.389706525554874	-0.139566127057387	0.111167816416468
-0.0381313217324288	-0.383299598128945	-0.134710249964862	0.112948042804557
-0.0316325793916308	-0.378400205645306	-0.126451703695071	0.124796910056638
-0.0251338370508329	-0.373619932747694	-0.120185845414645	0.129334311769559
-0.0186350947100349	-0.369666367087466	-0.113819899531765	0.132603958569325
-0.0121363523692368	-0.358077679721191	-0.109177693017118	0.142292805725938
-0.00563761002843899	-0.354091665403756	-0.103701944971583	0.150809498549228
0.00086113231235907	-0.347179781746756	-0.09687426604322	0.15544071093523
0.00735987465315691	-0.342585221158469	-0.0891912922560809	0.161195555254457
0.013858616993955	-0.335364815536674	-0.08360605673389	0.166886217548704
0.020357359334753	-0.326233629034575	-0.0764359035335608	0.171333304358932
0.0268561016755509	-0.323681360356442	-0.0710588153230512	0.179100910276246
0.0333548440163489	-0.319165816061436	-0.0661996810625294	0.187242295514449
0.039853586357147	-0.312450538531757	-0.0597962136167517	0.192113109642817
0.0463523286979448	-0.302007980052704	-0.0500160839589076	0.197984833430419
0.0528510710387429	-0.293800857710603	-0.0454724815475978	0.204732101789106
0.0593498133795409	-0.288310458154317	-0.0415651541065097	0.210050892419434
0.0658485557203388	-0.286364782315255	-0.034014929970477	0.213836441485721
0.0723472980611368	-0.276766212936161	-0.0277811009418708	0.227231867330183
0.0788460404019349	-0.269223546924706	-0.0196374422490312	0.23220592420571
0.0853447827427327	-0.262838442094995	-0.0160683743871316	0.232782373273509
0.0918435250835308	-0.255314315887887	-0.00814924510157804	0.241069838176649
0.0983422674243286	-0.25308995120674	-0.00378567582604733	0.248883858003734
0.104841009765127	-0.245916470537339	0.00308768350339523	0.255565001436619
0.111339752105925	-0.239449890962976	0.0100293041301886	0.262797650240217
0.117838494446723	-0.235519400555335	0.0131876723920971	0.26556165343248
0.124337236787521	-0.227050929109355	0.0228193172042719	0.270853048829059
0.130835979128319	-0.221417847864316	0.02669697567081	0.275161355463517
0.137334721469117	-0.214509885119671	0.0338190482722686	0.283168296027253
0.143833463809915	-0.210022776137653	0.0403775776633911	0.28940075624628
0.150332206150713	-0.20027020828136	0.0458807196289414	0.298779160095682
0.15683094849151	-0.195961820778733	0.0519192226513818	0.301127178580107
0.163329690832308	-0.191272237716829	0.0568936629392751	0.308258463439258
0.169828433173107	-0.182746716114084	0.0679201038782757	0.314492418325017
0.176327175513904	-0.1786601956727	0.0732554942138774	0.319517297053369
0.182825917854702	-0.171052155587974	0.0773106605895607	0.327865910923235
0.189324660195501	-0.166543149748418	0.085511918313575	0.334824862892855
0.195823402536298	-0.158752269469566	0.089912554219167	0.338647801534158
0.202322144877096	-0.154518664670602	0.0940703943331764	0.340366195122876
0.208820887217894	-0.148204611115552	0.102640531649551	0.355785102769836
0.215319629558692	-0.142185917479249	0.110294372205795	0.358721042244176
0.22181837189949	-0.132632580542192	0.116236697648972	0.367468173130852
0.228317114240288	-0.128156794791761	0.119893491786201	0.373523258937694
0.234815856581086	-0.123046097363614	0.12545539455357	0.377037465136944
0.241314598921884	-0.114458700049196	0.132559324404371	0.381244255067187
0.247813341262682	-0.109099326751457	0.139646472890027	0.388180711463811
0.25431208360348	-0.105731653847812	0.146332210198267	0.395555900650296
0.260810825944278	-0.099321822403798	0.153011586329776	0.401712156968926
0.267309568285076	-0.0917875756175629	0.156757776686094	0.404432469820783
0.273808310625874	-0.0871636904071728	0.163194004422111	0.4145858682779
0.280307052966672	-0.0768883257715114	0.170179733342635	0.415916375539163
0.28680579530747	-0.0735228872504181	0.175818358255639	0.42387630153021
0.293304537648268	-0.0645077805324244	0.18125043883517	0.431753973682937
0.299803279989066	-0.0613693691524083	0.187503090055942	0.436296619920103
0.306302022329864	-0.0544818077446335	0.196425880841426	0.448433118393782
0.312800764670662	-0.0482599693257172	0.200807715480173	0.449204928723399
0.31929950701146	-0.0417739872414569	0.207135357576995	0.455960256747337
0.325798249352258	-0.0324235973141181	0.213725581928928	0.464603462936889
0.332296991693056	-0.0303832789655015	0.219208874800751	0.466922466860012
0.338795734033854	-0.024335823150049	0.227199606876253	0.474748990510805
0.345294476374652	-0.0186154353866345	0.231751924874368	0.48004060703949
0.35179321871545	-0.0135342140184896	0.23675236301148	0.487578600005439
0.358291961056248	-0.00247768156218315	0.244339934797193	0.493170546926185
0.364790703397046	0.00305520583881043	0.251685504361671	0.498389190939712
0.371289445737844	0.00870058678283304	0.258505958091984	0.504487329744713
0.377788188078642	0.016730632745961	0.26410949654148	0.515086360601625
0.38428693041944	0.0227529887718917	0.269446503697645	0.523091871091101
0.390785672760238	0.0277492238928406	0.275395358678253	0.524793075858114
0.397284415101036	0.0311250478644435	0.279810309900484	0.52964576629825
0.403783157441834	0.0443007736045914	0.288526774501973	0.533331343782441
0.410281899782632	0.0473460059250775	0.293359024590274	0.54226495789364
0.41678064212343	0.0530816554428641	0.300237227343819	0.547804120498464
0.423279384464228	0.0607633531072165	0.307044359255629	0.553002797724396
0.429778126805026	0.0664474330928664	0.313839489197979	0.561843050227991
0.436276869145824	0.0655498231276124	0.318943156148393	0.565958071977417
0.442775611486621	0.0759803305461662	0.324106098905871	0.570416642757208
0.44927435382742	0.0830334028790841	0.331475792760237	0.580138378201084
0.455773096168218	0.0879944949368342	0.338745201278645	0.585371336233389
0.462271838509015	0.0962182672767939	0.340636060626603	0.593076431197442
0.468770580849814	0.104430268578563	0.350844543450893	0.600850349213028
0.475269323190612	0.105301537621026	0.353441299468868	0.604354249547409
0.481768065531409	0.116435853123868	0.361053379200002	0.608829436954005
0.488266807872208	0.120020964959535	0.367786122260831	0.618894930916477
0.494765550213006	0.126115508200756	0.374413036980755	0.621121753772311
0.501264292553803	0.134927673064557	0.381865499781265	0.628862653222781
0.507763034894602	0.139854866116958	0.385189188377357	0.633941408249547
0.514261777235399	0.142722249467613	0.391373949055857	0.638260647886884
0.520760519576197	0.153747462228698	0.40064817771694	0.644269715329538
0.527259261916996	0.158183484932897	0.404049345683906	0.656666639266216
0.533758004257793	0.162435525671938	0.412690582209213	0.662549181531109
0.540256746598591	0.167404434580475	0.416571708912547	0.665268744583437
0.546755488939389	0.172786747645627	0.422799360840673	0.675524126645907
0.553254231280187	0.183066865520024	0.429906634823431	0.678159066077106
0.559752973620985	0.187659397772379	0.437107552508485	0.683091683212839
0.566251715961783	0.195066137304083	0.442139840450283	0.695310103372726
0.572750458302581	0.200369007957504	0.449442052692407	0.696166783607507
0.579249200643379	0.207228007298565	0.455690182648843	0.70275216068018
0.585747942984177	0.21235107901857	0.461797414205088	0.70677903688341
0.592246685324975	0.216364687580211	0.466685699719942	0.710472944141312
0.598745427665773	0.227662099744336	0.475240517133248	0.72094888464941
0.605244170006571	0.230815619649139	0.480370638194652	0.728895875107704
0.611742912347369	0.239890717579796	0.48545998442037	0.734000960864181
0.618241654688167	0.247274869806958	0.490536998719948	0.738515228412589
0.624740397028965	0.248725261648847	0.49897240743218	0.749282602863079
0.631239139369763	0.258278001346846	0.505881804989393	0.755180881388089
0.637737881710561	0.259558371132298	0.509818731462178	0.756122455636119
0.644236624051359	0.270706106102837	0.514453344288867	0.765338922685055
0.650735366392157	0.272276724636669	0.523238733852556	0.770166753920434
0.657234108732955	0.283426191463646	0.527809558848993	0.77506478765996
0.663732851073753	0.290058601688416	0.536223356372513	0.78270053057932
0.670231593414551	0.291663030048362	0.542230624427265	0.790033152324761
0.676730335755349	0.298170431987562	0.548619351533714	0.793570680690685
0.683229078096147	0.309672552917106	0.553296997975398	0.802285300734818
0.689727820436945	0.311073120762426	0.560959554559645	0.805445043245082
0.696226562777743	0.315372815514309	0.564440478375529	0.809720348842167
0.702725305118541	0.324529236542643	0.572089708952319	0.820536048347412
0.709224047459339	0.329963435527787	0.579007168895911	0.828188941688361
0.715722789800137	0.334389452293412	0.582764842606274	0.829566498190614
0.722221532140935	0.343842543250012	0.593914298732148	0.839077859776688
0.728720274481733	0.352534932393517	0.597479840202719	0.845596734998847
0.735219016822531	0.35454936605676	0.603718563281761	0.849065112112779
0.741717759163329	0.360769868223976	0.608763538934466	0.85828058184781
0.748216501504126	0.364816231427826	0.614984331619385	0.862139239755821
0.754715243844925	0.371758266756967	0.621824260326256	0.869371487327447
0.761213986185723	0.378475517488281	0.62917173473811	0.875231601462008
0.76771272852652	0.388959813524436	0.633786571471163	0.879493540365461
0.774211470867319	0.390940981981875	0.63862561838415	0.886223210368254
0.780710213208117	0.396090743206771	0.645968080519506	0.890279381648753
0.787208955548914	0.404949700534305	0.651696292847277	0.900380141009395
0.793707697889713	0.41016098681599	0.658700252803428	0.903946027120951
0.80020644023051	0.417697182773947	0.665566929339156	0.914241015146349
0.806705182571308	0.422135932328997	0.672703708066799	0.91816711115696
0.813203924912107	0.428821965732856	0.676490333934496	0.925543659879397
0.819702667252904	0.436050454353082	0.681548917783118	0.926664654390638
0.826201409593702	0.438888800801603	0.688149587730796	0.934224120664183
0.832700151934501	0.446928569072589	0.695275270808313	0.947500705037584
0.839198894275298	0.458656795719799	0.701026066395508	0.948005943068278
0.845697636616096	0.460093442939965	0.709336729228779	0.953530567498913
0.852196378956894	0.465754005257175	0.716321915409517	0.960725975351087
0.858695121297692	0.473605728051485	0.721363392747079	0.966341975373187
0.86519386363849	0.481023374866431	0.72806925015066	0.973840945977592
0.871692605979288	0.487897804717492	0.734161480552088	0.979792112795183
0.878191348320086	0.491722546721635	0.740691372062975	0.986402854644332
0.884690090660884	0.497876790332172	0.747147360927506	0.994118461111288
0.891188833001682	0.505003134495114	0.750063078641685	1.00131312032148
0.89768757534248	0.508551992571314	0.757566833255337	1.00886151923349
0.904186317683278	0.517642626974674	0.764376921439235	1.01413097005938
0.910685060024076	0.522468089070154	0.770529551809691	1.02077064818194
0.917183802364874	0.532298342546534	0.777740450262687	1.0214180246655
0.923682544705672	0.535235149981857	0.781749468228472	1.02459083703996
0.93018128704647	0.543994622185301	0.788994350238164	1.03739432012559
0.936680029387268	0.54655776858129	0.795433528790183	1.03916289141248
0.943178771728066	0.552609263844491	0.803157882572789	1.05185574834265
0.949677514068864	0.561545909770636	0.808121493606501	1.05563028649879
0.956176256409662	0.567055224353095	0.812518369654376	1.05984180229986
0.96267499875046	0.571213514865665	0.819322033975521	1.06783554609993
0.969173741091258	0.581377942856376	0.827341849881323	1.07685561309173
0.975672483432056	0.58506126308026	0.832236226101985	1.08005454207983
0.982171225772854	0.59324629145378	0.84018017511564	1.0850777206948
0.988669968113652	0.597052886715971	0.846305029203238	1.09097049990858
0.99516871045445	0.605477627100601	0.850669705625363	1.10173637318721
1.00166745279525	0.610178254616767	0.855211686430021	1.10132088999723
1.00816619513605	0.61591263718821	0.863413723348068	1.10853468906711
1.01466493747684	0.623296928157139	0.87042889205137	1.11566965413478
1.02116367981764	0.626667585478666	0.876044442138263	1.1208934148282
1.02766242215844	0.634374717402202	0.883043772583425	1.12651522712365
1.03416116449924	0.641268481092557	0.888782918380387	1.13744085846469
1.04065990684004	0.646120000228256	0.89450788054177	1.14061414929848
1.04715864918083	0.653431814218255	0.901135889163855	1.14524861260728
1.05365739152163	0.658284083908613	0.904566561195372	1.15514133174612
1.06015613386243	0.664538876652813	0.911618142442463	1.16179406822274
1.06665487620323	0.671036826350492	0.92140728520485	1.16710879906141
1.07315361854403	0.677829310773497	0.926696659958683	1.17257661415206
1.07965236088482	0.686711991828635	0.930751402710291	1.1783434296421
1.08615110322562	0.689845609707693	0.938035388635883	1.18214056862407
1.09264984556642	0.699559911467927	0.944999408039415	1.19289947191718
1.09914858790722	0.703200616525499	0.948795648147243	1.19856158339614
1.10564733024802	0.712431988247234	0.95665450483353	1.20564267132871
1.11214607258881	0.713517358135711	0.964308610046171	1.21036916183577
1.11864481492961	0.725801058102934	0.968775679973004	1.21296198223614
1.12514355727041	0.729368925708198	0.974563707870146	1.22338135227861
1.13164229961121	0.735898293030804	0.979326532839134	1.22700897534264
1.13814104195201	0.741204854970084	0.989596345148648	1.23467801329978
1.1446397842928	0.745587896662885	0.993148342237973	1.24100410703044
1.1511385266336	0.754155579062445	1.00147921011972	1.24802680441384
1.1576372689744	0.762260398982935	1.0077302621348	1.25017682267218
1.1641360113152	0.76390094189657	1.01111786722416	1.26149930938933
1.170634753656	0.767985378654864	1.01830716924788	1.26585685338974
1.17713349599679	0.781273133382311	1.02405694542696	1.2701791711755
1.18363223833759	0.779646712382014	1.02962552518738	1.27452010950223
1.19013098067839	0.792387901103025	1.03732417291488	1.2816500095428
1.19662972301919	0.795088559078085	1.04443355861618	1.28964458295567
1.20312846535999	0.804315478042325	1.04792010320926	1.29654326932954
1.20962720770078	0.809760364912351	1.05384646896455	1.30223659547084
1.21612595004158	0.820597506675922	1.0621496220098	1.30721828861364
1.22262469238238	0.821835978003098	1.07062671007416	1.31671579184728
1.22912343472318	0.828679750835454	1.07568769921094	1.32320267257022
1.23562217706398	0.832742249634873	1.08009948228503	1.3283997756199
1.24212091940477	0.841337069152153	1.08801890227394	1.3330948269065
1.24861966174557	0.842451651183484	1.09165020030102	1.33809590167162
1.25511840408637	0.85665759554357	1.09856499591271	1.34414711128481
1.26161714642717	0.8584066654878	1.10390286208727	1.35110648755628
1.26811588876796	0.867730810715339	1.10945842419668	1.35771211775009
1.27461463110876	0.866910948573258	1.11817406893276	1.36376337226714
1.28111337344956	0.876424230376709	1.12383400668605	1.37089607794539
1.28761211579036	0.883959099726994	1.12875593389365	1.37408145875596
1.29411085813116	0.892653790071984	1.13504021877596	1.38168283333763
1.30060960047195	0.895801905593453	1.14203117988702	1.38813952642947
1.30710834281275	0.898672539948873	1.14831855015547	1.39633988837622
1.31360708515355	0.905248805529612	1.15543079228377	1.40547462899028
1.32010582749435	0.914176915765813	1.16143564305572	1.41062651309323
1.32660456983515	0.922147332968092	1.16630487494282	1.41426703454941
1.33310331217594	0.925328476343783	1.17391085116138	1.41732343513939
1.33960205451674	0.934699438751614	1.18089788325358	1.42629730289972
1.34610079685754	0.94131744992762	1.18491703844545	1.43200309717859
1.35259953919834	0.940361133746224	1.19125714871769	1.43901881371384
1.35909828153914	0.95759462533488	1.19835387110876	1.44603951825556
1.36559702387993	0.955577319973605	1.20417410052475	1.45096922615314
1.37209576622073	0.965200454772862	1.21076520910372	1.4594790886575
1.37859450856153	0.969520969603093	1.21722763467744	1.46250362487467
1.38509325090233	0.977596049478257	1.22226893402823	1.46721602908421
1.39159199324313	0.979131122769525	1.22642224756354	1.47547230732603
1.39809073558392	0.987121332978766	1.23539355362781	1.48328378247855
1.40458947792472	0.992792287278217	1.24046895084352	1.4932640036351
1.41108822026552	0.997588168971107	1.24769794375667	1.49454861502217
1.41758696260632	1.00843681058058	1.25364426430814	1.49917842229182
1.42408570494712	1.017121526021	1.25916806160394	1.50576573350785
1.43058444728791	1.01753848514426	1.26655302726374	1.51083001776214
1.43708318962871	1.02774245637205	1.27278961728249	1.51804971391473
1.44358193196951	1.03341737607943	1.27939256189914	1.52398898383638
1.45008067431031	1.03955173589938	1.28493557466039	1.53059601203942
1.45657941665111	1.041753091824	1.2903912152575	1.53641612258682
1.4630781589919	1.04923185583089	1.2982878814962	1.54611178468853
1.4695769013327	1.05727412713137	1.30422511948263	1.5505273045987
1.4760756436735	1.06066719414907	1.30953333849561	1.55838731917941
1.4825743860143	1.06563968948391	1.31636148606121	1.56390151816797
1.4890731283551	1.07016628892131	1.32178363103502	1.56811236758737
1.49557187069589	1.08031820488308	1.32693865354993	1.57128069814912
1.50207061303669	1.08721011121151	1.33645595498297	1.58295104162711
1.50856935537749	1.09212700387227	1.33894875776019	1.58927024109613
1.51506809771829	1.09807151874188	1.34442322054844	1.59264538143972
1.52156684005909	1.10636718089135	1.35269420925034	1.60101797222311
1.52806558239988	1.11337007162856	1.35850105440321	1.6046345319999
1.53456432474068	1.11647037056676	1.36563851547509	1.61412161264615
1.54106306708148	1.12437424050718	1.37014943937297	1.61618301939207
1.54756180942228	1.13175136055984	1.37683007253736	1.62527809711515
1.55406055176308	1.1369266863173	1.38230658537005	1.62819580291033
1.56055929410387	1.14400814113746	1.39002962861764	1.63677934423444
1.56705803644467	1.14603928883544	1.39440651606589	1.64599694372621
1.57355677878547	1.15499983977903	1.40182415737916	1.65106692727629
1.58005552112627	1.16170310493438	1.40681475024626	1.65225098225553
1.58655426346707	1.16785835821588	1.41177302775045	1.66060207102616
1.59305300580786	1.17321919471886	1.42195090565328	1.67069221055394
1.59955174814866	1.18289059220528	1.42780872037665	1.67341159219738
1.60605049048946	1.18872456273527	1.43420530445552	1.68103419995311
1.61254923283026	1.19073658299245	1.4386807441455	1.68528293647095
1.61904797517106	1.19692629011196	1.44483734117788	1.69643157034388
1.62554671751185	1.20346270970385	1.45335876904808	1.69382499240977
1.63204545985265	1.20561838420082	1.45797376921427	1.70063762002244
1.63854420219345	1.21468433264036	1.46505905025906	1.71567469153288
1.64504294453425	1.22575578686973	1.47112001545565	1.72332524463917
1.65154168687505	1.23119382077216	1.47570230396366	1.72400946745542
1.65804042921584	1.23261013243173	1.48162058235727	1.73106458575838
1.66453917155664	1.23725590795175	1.48898600386284	1.73366201759016
1.67103791389744	1.24518347879954	1.49485745201921	1.73965675396312
1.67753665623824	1.2551201167649	1.50400796145593	1.75209887582602
1.68403539857904	1.26134167150851	1.50448427690807	1.75442921249171
1.69053414091983	1.26623401537575	1.51296231969151	1.75829355105989
1.69703288326063	1.2758332196946	1.52182374786002	1.76975317956774
1.70353162560143	1.27755725430782	1.52492180364214	1.77122672129875
1.71003036794223	1.28561177901643	1.53129925861015	1.77789921967563
1.71652911028303	1.29303295346655	1.53867847101218	1.78555112717409
1.72302785262382	1.29727395197888	1.54467918507495	1.79113767425821
1.72952659496462	1.29904561063827	1.54924166452523	1.7978013400421
1.73602533730542	1.3066772624661	1.55736608335649	1.80254383124164
1.74252407964622	1.31670860036947	1.56239093841485	1.81054440101146
1.74902282198702	1.31854228162965	1.56585946191905	1.81554673588194
1.75552156432781	1.32965915485652	1.57420881395936	1.82608474177725
1.76202030666861	1.33754530287175	1.58319287901272	1.83003834001206
1.76851904900941	1.33681154494922	1.58717519440522	1.83755672872718
1.77501779135021	1.34853915645252	1.59283788303188	1.83874559913736
1.78151653369101	1.34839971756052	1.60007248676269	1.84711562635318
1.7880152760318	1.35808864691798	1.60712469034467	1.85395326329147
1.7945140183726	1.36417622367447	1.61488465204739	1.85690700064887
1.8010127607134	1.3657799112013	1.61840171768854	1.86609411215585
1.8075115030542	1.37829183663227	1.62621734799246	1.87302343753999
1.814010245395	1.38407244908106	1.6316983222337	1.87795450935451
1.82050898773579	1.38836142534158	1.63675258386175	1.88320472465918
1.82700773007659	1.3959066430789	1.64406118873728	1.88602655700135
1.83350647241739	1.39889660856993	1.64884395181825	1.89729803246778
1.84000521475819	1.40876372031094	1.65493297112886	1.9068667619408
1.84650395709899	1.41254657868029	1.66046700383967	1.90934761233089
1.85300269943978	1.41969493954043	1.67010080258428	1.91858142716833
1.85950144178058	1.42735681749376	1.67204279251121	1.92185307727333
1.86600018412138	1.42863199458588	1.68153975780055	1.92667643761495
1.87249892646218	1.43713825608247	1.68607308763823	1.93633432135021
1.87899766880298	1.44401760212737	1.69249356258795	1.94149274218301
1.88549641114377	1.44815161751537	1.69686537121568	1.94473628321121
1.89199515348457	1.46199540055962	1.70672132311415	1.95585374830154
1.89849389582537	1.45923549858337	1.71117195727527	1.96011469061905
1.90499263816617	1.47211086917786	1.71986916929651	1.96130960662732
1.91149138050696	1.47167411478964	1.72448048789096	1.97358823202481
1.91799012284776	1.48450396829763	1.72956695685823	1.9828120224358
1.92448886518856	1.48639652769801	1.73685214751467	1.98868644402473
1.93098760752936	1.49355015085697	1.74195713291274	1.99204198197142
1.93748634987016	1.4971932423355	1.74930031802622	1.99623697166767
1.94398509221095	1.50501537125735	1.75458349372801	2.00134768466743
1.95048383455175	1.51532924005748	1.76236597124077	2.01405231880243
1.95698257689255	1.52244799585878	1.76773854973312	2.0153950041617
1.96348131923335	1.52477075611813	1.77552272805319	2.02033406649528
1.96998006157415	1.52672895849339	1.77849627209292	2.02562845996159
1.97647880391494	1.5317972039005	1.78415591279179	2.03161912572645
1.98297754625574	1.54539792749628	1.79185806559121	2.04194651806974
1.98947628859654	1.55343993854235	1.79910646995212	2.04961270696462
1.99597503093734	1.555490529647	1.80456484549476	2.0502148796963
2.00247377327814	1.56269797367205	1.80982913190691	2.06296450440406
2.00897251561893	1.57165174639199	1.81624716514195	2.06446638072409
2.01547125795973	1.57679215929192	1.82302648978823	2.0734174597789
2.02197000030053	1.57769359112503	1.82783141940064	2.08209377247851
2.02846874264133	1.58566137464693	1.83559600336797	2.08372804242348
2.03496748498213	1.59345181781866	1.83981339802417	2.09226553681895
2.04146622732292	1.60018020556157	1.84616665630412	2.09722865389508
2.04796496966372	1.60164333863155	1.85342366857608	2.10164594616326
2.05446371200452	1.61304026635311	1.85997734967474	2.10817718186905
2.06096245434532	1.61506782096486	1.86630991610412	2.11554756188246
2.06746119668612	1.62520228120218	1.8749745306131	2.12126971510815
2.07395993902691	1.62990916379789	1.87838186967118	2.13238910430697
2.08045868136771	1.63441924077822	1.88314977309838	2.1363071700855
2.08695742370851	1.64291366085889	1.89126944630672	2.14045648791777
2.09345616604931	1.64646169346617	1.89739686016484	2.14300608914809
2.09995490839011	1.65578073797841	1.90076076339446	2.14690766833609
2.1064536507309	1.66062312875612	1.90911871183346	2.15903665824316
2.1129523930717	1.66375223511727	1.91597348541008	2.16248653043237
2.1194511354125	1.6729872705335	1.92028666641863	2.17074750188521
2.1259498777533	1.67878046551112	1.92905689934644	2.17552357279108
2.1324486200941	1.68285295426503	1.93396267065993	2.18171061315872
2.13894736243489	1.69253168735339	1.94282793732854	2.18906475046412
2.14544610477569	1.69920353502381	1.94449382901292	2.19944100654549
2.15194484711649	1.70036367858827	1.95284580489549	2.20366259806297
2.15844358945729	1.70796167818578	1.96015311142717	2.20920132144695
2.16494233179809	1.71372402327706	1.96418486952353	2.21669312947783
2.17144107413888	1.7215627132847	1.9710605526742	2.22551967752495
2.17793981647968	1.72709517067532	1.97825353663522	2.23061410168294
2.18443855882048	1.73296786691664	1.98501995031787	2.23236402085663
2.19093730116128	1.73903935721331	1.9907385739641	2.2430447947109
2.19743604350208	1.74575272249056	1.99718492268112	2.25149762919123
2.20393478584287	1.75249489992749	2.00255126574419	2.25093851646421
2.21043352818367	1.75987605201966	2.00958211203073	2.25912964477785
2.21693227052447	1.7630225456053	2.01518971806621	2.26399591175295
2.22343101286527	1.76994962247713	2.02186800378986	2.27127851937327
2.22992975520607	1.7755853629597	2.02767615619205	2.2775551017266
2.23642849754686	1.78312345210072	2.03427349829496	2.28191284786802
2.24292723988766	1.78890874460312	2.0405392324259	2.29323636696028
2.24942598222846	1.79459360216911	2.04591255522087	2.29900844355041
2.25592472456926	1.80047356042612	2.05136212428022	2.30166368840723
2.26242346691006	1.80578141586279	2.05677110809246	2.30568725144122
2.26892220925085	1.81139295707915	2.06297560992512	2.31405501391967
2.27542095159165	1.82133064818525	2.0687437643883	2.31892667191202
2.28191969393245	1.82836051252435	2.07836351936049	2.32718308778604
2.28841843627325	1.83000773978816	2.08298958951175	2.33351311701849
2.29491717861405	1.83763423587139	2.09038278859712	2.34183801517796
2.30141592095484	1.846512112897	2.09581566785814	2.3480487078821
2.30791466329564	1.84929256559832	2.10398169826932	2.35503780868231
2.31441340563644	1.85690463046976	2.10750442492313	2.35812258998847
2.32091214797724	1.86218782570426	2.11306126529805	2.36223269384452
2.32741089031804	1.87237564424916	2.12193163356284	2.37164059998985
2.33390963265883	1.87556282012012	2.12521164473955	2.37840859522189
2.34040837499963	1.88337526213123	2.13371098363708	2.38409764208372
2.34690711734043	1.88575974901796	2.13955774269589	2.39081366616897
2.35340585968123	1.8908482821858	2.14407972334495	2.39691344122153
2.35990460202203	1.90103968023726	2.15315878540747	2.3996489941305
2.36640334436282	1.90953928707641	2.15907708094458	2.40951237179136
2.37290208670362	1.91595416826447	2.16352548943556	2.41251371588503
2.37940082904442	1.91646117235772	2.16834233284951	2.42180690313412
2.38589957138522	1.92422654753234	2.17609112354595	2.42676767345741
2.39239831372602	1.93045712865552	2.18197392333154	2.43456907288949
2.39889705606681	1.94387825899136	2.18832164091501	2.4397732621717
2.40539579840761	1.94310092520631	2.19523513036626	2.4447968765806
2.41189454074841	1.94911807859381	2.20131634222823	2.45517802959662
2.41839328308921	1.95234576309662	2.20740279045007	2.46213364903928
2.42489202543001	1.95532523925446	2.2120189877396	2.4656749461533
2.4313907677708	1.9661933291877	2.21701719656578	2.4720248915102
2.4378895101116	1.97351343661086	2.224919284282	2.47650201225295
2.4443882524524	1.97756885631554	2.23148516205259	2.48389234276646
2.4508869947932	1.98649624514775	2.23965015430117	2.48579851026467
2.457385737134	1.99416244095192	2.24442693655982	2.48910067780438
2.46388447947479	1.9949602218979	2.24830882810636	2.50104906477854
2.47038322181559	2.00685709103797	2.25787498431369	2.50593271205258
2.47688196415639	2.00981039179924	2.26263698009134	2.51294135687852
2.48338070649719	2.01618308461061	2.2670115422197	2.52105114950861
2.48987944883799	2.02498872715111	2.27660347754988	2.52919610281096
2.49637819117878	2.02882445445346	2.28124163711503	2.53162530732301
2.50287693351958	2.03502400457983	2.28626831460653	2.53959696244828
2.50937567586038	2.03973247342062	2.29432578575659	2.54336561752005
2.51587441820118	2.04978042965913	2.30096598543521	2.54674158892446
2.52237316054197	2.04998124613895	2.30484663541294	2.55758095047794
2.52887190288277	2.05883772091684	2.31231162412709	2.5661734430305
2.53537064522357	2.06941456078399	2.31848876031335	2.57093345798786
2.54186938756437	2.06894934397657	2.32533343811827	2.57511359761634
2.54836812990517	2.07538011798044	2.32972662486591	2.58564315128704
2.55486687224597	2.08757757863661	2.33741250817064	2.59185245689343
2.56136561458676	2.0933241656753	2.34375660562106	2.59027915487693
2.56786435692756	2.09379676723328	2.34881713480855	2.60120783782617
2.57436309926836	2.10601809403336	2.35465389374715	2.60648240761529
2.58086184160916	2.11124839884014	2.35864927495447	2.61972042736094
2.58736058394995	2.11437667502979	2.36919079109133	2.61775093883976
2.59385932629075	2.12472738464748	2.37345195374646	2.62564433089512
2.60035806863155	2.12513532831613	2.38112152071439	2.63658453100287
2.60685681097235	2.13438475469422	2.38535376666685	2.64251113902108
2.61335555331315	2.13757200216984	2.39438836067232	2.65080262620615
2.61985429565394	2.14384188120736	2.39799320835463	2.6492547825921
2.62635303799474	2.1528042835682	2.40638508155874	2.66373133123223
2.63285178033554	2.15957737096085	2.40937173439942	2.66007231742469
2.63935052267634	2.15943652312293	2.41680798007114	2.66451593283393
2.64584926501714	2.17243417933997	2.42329483017053	2.67343175126259
2.65234800735793	2.17670476795299	2.42811188199316	2.68753833412512
2.65884674969873	2.18111976432819	2.43730512593696	2.68791310069536
2.66534549203953	2.18736020933503	2.44212964683434	2.69687368377324
2.67184423438033	2.19161047112675	2.448104919358	2.70472090663586
2.67834297672113	2.19884810243959	2.45512177784579	2.70793456285648
2.68484171906192	2.20593715593537	2.46160602442992	2.71588958319562
2.69134046140272	2.21502571274623	2.4668557186578	2.7216176407007
2.69783920374352	2.21961686843183	2.47347133912225	2.72152156198096
2.70433794608432	2.22358354561959	2.4799494459851	2.73386089605018
2.71083668842512	2.23821505018987	2.48504505656889	2.73966731859701
2.71733543076591	2.24007922598417	2.49047452719026	2.74240037603878
2.72383417310671	2.24487917365114	2.49735769594014	2.7494180571982
2.73033291544751	2.2528822996643	2.50406152376073	2.76131041544513
2.73683165778831	2.25764363512328	2.51062145146644	2.76612867479775
2.74333040012911	2.26007312186742	2.51560807178354	2.77253850787126
2.7498291424699	2.26990661115389	2.52384808255741	2.77912468379577
2.7563278848107	2.27704425327584	2.52877517050516	2.7827324328916
2.7628266271515	2.28216250426242	2.53308459910792	2.78704026591143
2.7693253694923	2.28871631582208	2.5424581542442	2.79966781237375
2.7758241118331	2.29222909438302	2.54612236590707	2.80228751819962
2.78232285417389	2.30237453187274	2.55503686568322	2.80555513692525
2.78882159651469	2.30592427801948	2.56116767353908	2.81656584561226
2.79532033885549	2.31017490730206	2.56284814190631	2.81555736994476
2.80181908119629	2.31604734222351	2.57286831299322	2.82722522544906
2.80831782353709	2.32172282827091	2.57955328081232	2.83494671135167
2.81481656587788	2.33177089763476	2.58240710520174	2.83772490093113
2.82131530821868	2.33820820186836	2.58964052478066	2.84264093597623
2.82781405055948	2.34504962352011	2.59921651051696	2.85185971721852
2.83431279290028	2.3470302533932	2.60120368033948	2.85595712879403
2.84081153524108	2.35718680315195	2.60584374282129	2.85801609626772
2.84731027758187	2.36046472406669	2.61505283806951	2.86860568081146
2.85380901992267	2.36405352546974	2.62194109124162	2.8746619679522
2.86030776226347	2.3745632774526	2.62692104670904	2.87991558705514
2.86680650460427	2.3805731230645	2.6360526314536	2.89048124188877
2.87330524694507	2.38529871106489	2.64231512795789	2.89626329980436
2.87980398928586	2.39373807909888	2.64605049351211	2.89995237089874
2.88630273162666	2.39749411109829	2.65406791177755	2.91166389546456
2.89280147396746	2.40110864108184	2.65770711081794	2.91374586544343
2.89930021630826	2.40767349433885	2.6639102152762	2.91752179730765
2.90579895864906	2.41406686090719	2.66858371768383	2.92237702975651
2.91229770098985	2.42422619398089	2.67812366754333	2.92842241340575
2.91879644333065	2.42493502328689	2.68218946794368	2.93812722900461
2.92529518567145	2.43212734083921	2.68881179106064	2.94614797740633
2.93179392801225	2.44042055416137	2.69356725955364	2.95429014114724
2.93829267035305	2.44450209006258	2.70158393253889	2.95565673748243
2.94479141269384	2.4496356160428	2.70826294046569	2.96422247947481
2.95129015503464	2.45739204267734	2.71366869793784	2.96887286094502
2.95778889737544	2.46181481680661	2.71811551370788	2.97661190020651
2.96428763971624	2.47315191229312	2.72799810737651	2.98423660964744
2.97078638205704	2.47734336621295	2.73405270238352	2.98878026188589
2.97728512439783	2.48350263117398	2.73947933968146	2.99127127362053
2.98378386673863	2.48470837669517	2.74608455622218	3.0029175769135
2.99028260907943	2.50072083505269	2.7529338109887	3.00745504564957
2.99678135142023	2.50141714055918	2.75712177836177	3.01164220155324
3.00328009376103	2.5071223034999	2.76472781348395	3.01633992495102
3.00977883610182	2.51310636434241	2.77047111539823	3.02562560602749
3.01627757844262	2.52040836108915	2.77826744423621	3.03120316836732
3.02277632078342	2.52400267491142	2.78146685042937	3.03848220809799
3.02927506312422	2.52992756153099	2.78726409587102	3.0469784196828
3.03577380546501	2.53861608047277	2.79545992548005	3.05040072343514
3.04227254780581	2.54402734145442	2.80153162252996	3.0577583807569
3.04877129014661	2.55388321573106	2.80827446142728	3.06049385366043
3.05527003248741	2.55668957055393	2.81333881271707	3.07398238258382
3.06176877482821	2.56339065462878	2.81999177993274	3.07521613048216
3.06826751716901	2.5672079534208	2.82519861575509	3.08079455567332
3.0747662595098	2.5751561093419	2.83344145127655	3.09073126330024
3.0812650018506	2.58144980151078	2.83895211677457	3.09569580177415
3.0877637441914	2.58633155159601	2.84492928737965	3.10166051755739
3.0942624865322	2.59266413194781	2.84925167614833	3.10701255540639
3.100761228873	2.59710099204134	2.85675423188208	3.1111750863826
3.10725997121379	2.60424693998666	2.86255989857933	3.11673714744433
3.11375871355459	2.61083435766943	2.86982452105344	3.12379145965197
3.12025745589539	2.61916404945051	2.87558860264201	3.13326364961902
3.12675619823619	2.61686305421478	2.88102446894062	3.1359415038977
3.13325494057698	2.63026700640169	2.88795024150072	3.1473156652577
3.13975368291778	2.63480950186039	2.89528852316711	3.1505287781656
3.14625242525858	2.63823365078911	2.90007019272097	3.15869812480131
3.15275116759938	2.64342670192372	2.90642642140965	3.16281047429642
3.15924990994018	2.6530731463018	2.91433968023603	3.17390631616808
3.16574865228098	2.66278247674419	2.9182893981345	3.17682946868726
3.17224739462177	2.66620267286016	2.9268793228712	3.18642342657912
3.17874613696257	2.67397713489361	2.92968860277029	3.18929502755463
3.18524487930337	2.68172174290446	2.93628970822447	3.19560737036019
3.19174362164417	2.68492622369395	2.94294676621789	3.1986048880621
3.19824236398496	2.69182199326777	2.94831841690846	3.20844582671606
3.20474110632576	2.69708351172438	2.95449413743716	3.21271069646492
3.21123984866656	2.70444046196359	2.9629898285936	3.21573333796855
3.21773859100736	2.71267604913897	2.96982343284696	3.22970448147911
3.22423733334816	2.71902069253025	2.97530217770776	3.23279404026989
3.23073607568895	2.71950766993166	2.97978384205258	3.24645712009883
3.23723481802975	2.72938637211091	2.98687230609661	3.24534438785008
3.24373356037055	2.73517202749033	2.99183402603676	3.25427713229222
3.25023230271135	2.74055292722519	2.99914682228158	3.2595838482671
3.25673104505215	2.74643851691646	3.00796416596181	3.26975693836545
3.26322978739295	2.75155848938931	3.00995197546675	3.27160515692788
3.26972852973374	2.75558552769067	3.01887752660841	3.2752635415084
3.27622727207454	2.75990581486173	3.02726323571499	3.28542480651193
3.28272601441534	2.76914356817379	3.0283360114206	3.28187726036961
3.28922475675614	2.77340323341309	3.0361036860608	3.29202877434447
3.29572349909693	2.78425116991642	3.04182046317909	3.2990961926063
3.30222224143773	2.7904219055354	3.05111648561801	3.30867371832368
3.30872098377853	2.7951849628883	3.05494922986713	3.31327894501226
3.31521972611933	2.79994007066404	3.06236403069041	3.31981588312699
3.32171846846013	2.80834832768092	3.06869454334321	3.32636029108987
3.32821721080092	2.80990264678312	3.07404843782295	3.33245671259277
3.33471595314172	2.8258837051798	3.08091792167643	3.33734614922241
3.34121469548252	2.82333852632753	3.08623554718981	3.34676191704847
3.34771343782332	2.83322440797996	3.09310636654444	3.34898459803877
3.35421218016412	2.83605805094668	3.09796828058062	3.3561974983898
3.36071092250491	2.84307096136673	3.10427819168412	3.3676447621787
3.36720966484571	2.85176348062788	3.11136844009495	3.36878743469702
3.37370840718651	2.85776260005737	3.11806186858419	3.37950310024333
3.38020714952731	2.86175985866411	3.12283645657424	3.38586815962901
3.38670589186811	2.86867843277138	3.13013643050458	3.38761353095667
3.3932046342089	2.87545711850667	3.1329086799045	3.39298043724615
3.3997033765497	2.87797852122226	3.14195635148855	3.401304619161
3.4062021188905	2.88590959456065	3.14745327193936	3.4110772830082
3.4127008612313	2.8934228625228	3.15592914179195	3.41762154646763
3.4191996035721	2.89719431854152	3.15927295206354	3.42266947783956
3.42569834591289	2.90656727214849	3.16626887844849	3.42787148266154
3.43219708825369	2.91104517617025	3.17025676481433	3.43461598871689
3.43869583059449	2.91649902399259	3.17860581436765	3.44209849082242
3.44519457293529	2.9240646847081	3.18662022827345	3.44514932151415
3.45169331527609	2.9286625904812	3.19112410942896	3.44892039733077
3.45819205761688	2.93810762056209	3.19786784621595	3.45839010250804
3.46469079995768	2.93840377926798	3.20452480225076	3.46696305413973
3.47118954229848	2.94321775665162	3.20977618011152	3.4704593785824
3.47768828463928	2.95358817112677	3.21404986921448	3.47980844311904
3.48418702698008	2.96223282365388	3.22096517653416	3.48596464354669
3.49068576932087	2.9635524637257	3.22835626023463	3.48787707424214
3.49718451166167	2.97128913013863	3.2357431102411	3.49872618792369
3.50368325400247	2.97913384121819	3.24016203084797	3.50652410910166
3.51018199634327	2.98135312525812	3.24603297272554	3.50642495425102
3.51668073868407	2.99086057750135	3.25308359528531	3.51759557923164
3.52317948102486	2.99705179978683	3.25979062977222	3.52245134973533
3.52967822336566	2.99993383432624	3.2654650936385	3.53000644604026
3.53617696570646	3.00761334900379	3.27157766287512	3.53768280914965
3.54267570804726	3.01727886792798	3.27809754874995	3.54268182279024
3.54917445038806	3.01991721330714	3.28587294749276	3.54762982335194
3.55567319272885	3.03013470271588	3.29101920811412	3.55482812620307
3.56217193506965	3.03510054147333	3.29686792501835	3.56110647666017
3.56867067741045	3.03905795697245	3.30151793641913	3.56262421195909
3.57516941975125	3.04526799534557	3.30739671371357	3.57169845553718
3.58166816209205	3.05322763737927	3.31458780375471	3.57980198739128
3.58816690443284	3.05940221464882	3.32248194710889	3.58308712406968
3.59466564677364	3.06532323149603	3.32771929841223	3.59418491876442
3.60116438911444	3.07199000902653	3.33429997325859	3.59529354155569
3.60766313145524	3.07816715500063	3.34067328401667	3.60514990779312
3.61416187379604	3.08158691933031	3.34712714865813	3.60867114421096
3.62066061613683	3.08396006184465	3.35192755116585	3.6144972678963
3.62715935847763	3.09327575289637	3.35543387723654	3.61984204416766
3.63365810081843	3.09962759254009	3.36502130667019	3.62492784945561
3.64015684315923	3.10649679033679	3.36954357240901	3.6294802143922
3.64665558550003	3.11479093869683	3.3757216396734	3.63523403965453
3.65315432784082	3.12464614189115	3.38274803982008	3.64938784887193
3.65965307018162	3.12643273812607	3.38617073563697	3.65315483173466
3.66615181252242	3.13246808278705	3.39546064395295	3.66004507698596
3.67265055486322	3.13603997618913	3.40211159977077	3.66661593346233
3.67914929720402	3.1479046335206	3.40690597784483	3.67013802484697
3.68564803954481	3.14446623509023	3.41510157075117	3.67419960058741
3.69214678188561	3.15751572923275	3.42058819497516	3.68055070319322
3.69864552422641	3.16385579936856	3.42477216321328	3.69394415483233
3.70514426656721	3.16610213968814	3.43320429196595	3.69596061679311
3.71164300890801	3.17114803139742	3.43800998859319	3.70824125901021
3.7181417512488	3.18061722903737	3.44455489505868	3.71180691453929
3.7246404935896	3.18479334064935	3.44994187533529	3.72024495522971
3.7311392359304	3.19364957339927	3.45790303972113	3.72031342606831
3.7376379782712	3.19430034992723	3.46165373116143	3.72787627192721
3.744136720612	3.20515323510508	3.46787654465101	3.73468062325342
3.75063546295279	3.21020059247029	3.47477877226598	3.7413078836425
3.75713420529359	3.2157269350825	3.48205524822201	3.74496432762795
3.76363294763439	3.22958397151259	3.48760781089128	3.75357371635029
3.77013168997519	3.22683701356595	3.49488709036526	3.76082642809763
3.77663043231599	3.23395222599688	3.49970436450109	3.76936147094695
3.78312917465678	3.23776640054237	3.50654057424266	3.77445802709512
3.78962791699758	3.24442894373542	3.51218624797881	3.77916378257427
3.79612665933838	3.25073449685268	3.52029343719322	3.78483766883324
3.80262540167918	3.25991743044845	3.52479849256146	3.79160114507937
3.80912414401997	3.26607726161516	3.52961839186219	3.79438784915456
3.81562288636077	3.27137328678847	3.53698472705727	3.79884105637241
3.82212162870157	3.27556998077133	3.54385269301015	3.80934446445098
3.82862037104237	3.2837196937265	3.55007189754008	3.81724757825441
3.83511911338317	3.28483869842184	3.55723115015863	3.82308822749591
3.84161785572396	3.29680584240726	3.56443778923217	3.82555676680862
3.84811659806476	3.30020692483757	3.56769872552716	3.83852274349192
3.85461534040556	3.30605511604947	3.57613293596674	3.84402950518754
3.86111408274636	3.31312594983366	3.58132515850432	3.84812396161107
3.86761282508716	3.31924711623565	3.58781087943581	3.85941771158316
3.87411156742795	3.32362231203604	3.5936617558483	3.86128657529612
3.88061030976875	3.32669952937891	3.59879944981237	3.8642868691399
3.88710905210955	3.33987220665091	3.60463611146776	3.87125485771059
3.89360779445035	3.34294548191815	3.61008609159141	3.87745482009059
3.90010653679115	3.35249543242313	3.61887192749607	3.89014760050536
3.90660527913194	3.35805588361461	3.62399619846899	3.8966731570365
3.91310402147274	3.36445361224142	3.62999346824218	3.90181138103563
3.91960276381354	3.36966010144372	3.63607811531261	3.90523112644256
3.92610150615434	3.36978867678211	3.64196741551307	3.91271768876026
3.93260024849514	3.38307866114072	3.65036719510128	3.9163051556721
3.93909899083593	3.38560708486314	3.65500757977676	3.92444921180624
3.94559773317673	3.39546371919466	3.66102031491572	3.93176239721657
3.95209647551753	3.39886274087661	3.66785177863659	3.93837013917909
3.95859521785833	3.40575461737977	3.67651750048832	3.94450530649415
3.96509396019913	3.41516293856581	3.67879076304538	3.94872833400681
3.97159270253992	3.41719083594101	3.68577598995753	3.95126914099419
3.97809144488072	3.42576402971763	3.69172043756019	3.96002329977039
3.98459018722152	3.43060173890087	3.69890840595347	3.96830911033232
3.99108892956232	3.43516973996822	3.70788151733478	3.97182473403
3.99758767190312	3.44344821195586	3.71093870884989	3.98357926267075
4.00408641424391	3.44754468941895	3.71716952206035	3.99259680282539
4.01058515658471	3.45351944603824	3.72360379073403	3.99537898027901
4.01708389892551	3.45634955533474	3.72979025203098	4.00207354422052
4.02358264126631	3.4679638707872	3.73558549152344	4.01222127208332
4.03008138360711	3.47126073676196	3.74247215576231	4.01465345969456
4.0365801259479	3.48173767987883	3.74801734562426	4.01734724601337
4.0430788682887	3.48349837214489	3.75191001861608	4.02588825300824
4.0495776106295	3.48990725465605	3.76001658853957	4.0301611324737
4.0560763529703	3.49651729937908	3.76782337413413	4.03816706201361
4.0625750953111	3.50362915536094	3.77188884302436	4.04357059430153
4.06907383765189	3.50648855117599	3.77849216248768	4.05000277831825
4.07557257999269	3.51775882512451	3.78800254506577	4.05776878762222
4.08207132233349	3.52281548489084	3.79310063440935	4.06172545222806
4.08857006467429	3.52835350708433	3.79733043191245	4.06728174202388
4.09506880701509	3.52667014843263	3.80422657241569	4.07310729174548
4.10156754935588	3.54518847648428	3.80864928710225	4.08218134206869
4.10806629169668	3.54451382875593	3.81591927342214	4.08775154803541
4.11456503403748	3.54986012523723	3.82177643819689	4.09436466880872
4.12106377637828	3.55760509505259	3.82712927330723	4.09500863889243
4.12756251871908	3.5625900841472	3.8352432545945	4.10976605026723
4.13406126105987	3.56735647701943	3.84133508958923	4.10917669004004
4.14056000340067	3.57605242079657	3.84803803220506	4.11616214418243
4.14705874574147	3.58898714752889	3.85566825221476	4.12267143520285
4.15355748808227	3.58650497935158	3.86036620881942	4.13087549976108
4.16005623042307	3.59295264939894	3.86620109942624	4.13686880070301
4.16655497276386	3.60417985737093	3.87236744758007	4.14401429752949
4.17305371510466	3.60637872897202	3.87843626951138	4.150860666049
4.17955245744546	3.61348182775374	3.88366095637034	4.16076762595731
4.18605119978626	3.61693109656708	3.89036691383682	4.16392521890229
4.19254994212706	3.62753493163074	3.89575897645058	4.17158880573998
4.19904868446785	3.63641555627749	3.90270112909134	4.17496554323443
4.20554742680865	3.63399943379499	3.9083021333517	4.18110250027681
4.21204616914945	3.64427424032198	3.91552768733271	4.18682496308288
4.21854491149025	3.6480194264542	3.92317808282033	4.19605094970985
4.22504365383105	3.64997345352412	3.92658194449832	4.19452780632773
4.23154239617184	3.66339350958573	3.93391407158813	4.20182224798746
4.23804113851264	3.66743932485863	3.94074215249927	4.21259992430343
4.24453988085344	3.67105939929091	3.94470471845124	4.21787463891941
4.25103862319424	3.67535047391986	3.95360710402679	4.22560559253564
4.25753736553504	3.68694283142845	3.95760003864678	4.22935011578071
4.26403610787583	3.68822506471118	3.96494752550762	4.23739384402775
4.27053485021663	3.69664193414285	3.97132301653237	4.24221657108331
4.27703359255743	3.70149552272475	3.97855930608823	4.25188827821467
4.28353233489823	3.71112609530857	3.98298677184082	4.25403412617373
4.29003107723902	3.71424579314164	3.99150307950599	4.25734430657823
4.29652981957982	3.72374443234475	3.99511128668523	4.27033168678188
4.30302856192062	3.72983488912648	4.00056013991235	4.27590396579313
4.30952730426142	3.73244650293193	4.00741070187039	4.2822094379564
4.31602604660222	3.73963322137389	4.01383453798413	4.28937747138419
4.32252478894302	3.74810807949423	4.02142966641293	4.29889853781104
4.32902353128381	3.75128943965669	4.02774448221088	4.30168536478496
4.33552227362461	3.75117084468197	4.03483924684043	4.31253721852257
4.34202101596541	3.76326246382606	4.03936230386141	4.30840286660604
4.34851975830621	3.77375195387092	4.04451513825053	4.31904886690414
4.35501850064701	3.77755550021412	4.05350623075752	4.32253960583524
4.3615172429878	3.78412234898592	4.05709791075517	4.33245005413146
4.3680159853286	3.79178310377433	4.06466149682662	4.34264848427871
4.3745147276694	3.7966865026519	4.06917951694854	4.34424556347629
4.3810134700102	3.79805589812918	4.07485737410147	4.3508603296994
4.38751221235099	3.81252213192685	4.08301742612158	4.35851476569955
4.39401095469179	3.81511935563011	4.08868153593208	4.35986871603766
4.40050969703259	3.81964983473035	4.09433946993667	4.3683560206107
4.40700843937339	3.8299169071248	4.10046102995268	4.37769019712009
4.41350718171419	3.82835839643656	4.10550365749507	4.37888470400319
4.42000592405499	3.83694929621267	4.11311052454413	4.39239784974859
4.42650466639578	3.84446768972887	4.12055470680231	4.39926750077962
4.43300340873658	3.85331622604618	4.12466417259603	4.40624090723041
4.43950215107738	3.86054761099479	4.1314493363475	4.41094508927647
4.44600089341818	3.86039202842059	4.13769545821701	4.41603543778952
4.45249963575898	3.86800082448353	4.14350412060061	4.41816399782175
4.45899837809977	3.86668204658745	4.15031013233484	4.42864448093179
4.46549712044057	3.88229210456418	4.15746365460425	4.43330503419319
4.47199586278137	3.88401095686432	4.16350096063006	4.4368889948726
4.47849460512217	3.89266412760763	4.16823661553267	4.44589173276339
4.48499334746296	3.89855593149893	4.17614486237388	4.45539594924711
4.49149208980376	3.90832824378041	4.18155531549254	4.45567721673983
4.49799083214456	3.91722358243244	4.18907468958744	4.46564358793733
4.50448957448536	3.91663659216173	4.19584802937909	4.47447857310177
4.51098831682616	3.92460743292398	4.20037282351709	4.48051356864625
4.51748705916695	3.93348134452778	4.20513046025715	4.4826331671545
4.52398580150775	3.93600649141886	4.21409396018869	4.49206630000115
4.53048454384855	3.94313322416955	4.21820825258262	4.49677405733374
4.53698328618935	3.94671100519199	4.22587449856859	4.50333357129743
4.54348202853015	3.95331988830253	4.22932918211951	4.50894539564182
4.54998077087095	3.96055589385591	4.23642812000425	4.51604082839539
4.55647951321174	3.96337945462888	4.24148863490949	4.52436836420793
4.56297825555254	3.9719788636568	4.24941414278132	4.52970434198694
4.56947699789334	3.97724315627893	4.25570729148228	4.53970713646705
4.57597574023414	3.98372707287627	4.26208539386773	4.54136004341759
4.58247448257493	3.99091201048513	4.26896010736137	4.54562280639694
4.58897322491573	3.99503856223312	4.27268237905804	4.54707364196649
