"mitochan"	"lwrNorm"	"medNorm"	"uprNorm"
-1.90327037354145	-1.87911487617583	-1.60440505399464	-1.33305596628045
-1.8966507915407	-1.87251843955433	-1.5995537228814	-1.32712432672671
-1.89003120953995	-1.86884383786319	-1.59380273211661	-1.31986006964666
-1.88341162753921	-1.85543113533292	-1.58898884603038	-1.31705408690491
-1.87679204553846	-1.85174423844637	-1.58357281947911	-1.31051514415523
-1.87017246353771	-1.8514176358468	-1.57775310933335	-1.30457015842147
-1.86355288153697	-1.84565817102283	-1.57244995181037	-1.29829041072087
-1.85693329953622	-1.83585525195643	-1.56554630101725	-1.29114491574541
-1.85031371753547	-1.83327580726459	-1.56018413051582	-1.28739888076609
-1.84369413553472	-1.83123386366939	-1.55529352291318	-1.28360879749915
-1.83707455353398	-1.82192767739598	-1.55009833973302	-1.27428202162628
-1.83045497153323	-1.81354942337428	-1.54224062771097	-1.27562577817645
-1.82383538953248	-1.81043276091305	-1.53988285233572	-1.26995355659279
-1.81721580753174	-1.80604415659154	-1.53055798334604	-1.2561649218927
-1.81059622553099	-1.79877747410127	-1.52773079499728	-1.25463016729297
-1.80397664353024	-1.79827097165056	-1.52069610574889	-1.25161524111819
-1.7973570615295	-1.78260102177094	-1.51421164464769	-1.24166940477015
-1.79073747952875	-1.78280722770691	-1.51041767638982	-1.23488675837583
-1.784117897528	-1.77581759410786	-1.50464751488099	-1.23530200959231
-1.77749831552725	-1.76728824895967	-1.49855937582806	-1.22567066266548
-1.77087873352651	-1.76197734415332	-1.4946325198764	-1.22796867866846
-1.76425915152576	-1.7583984695857	-1.48964334133355	-1.2190956301018
-1.75763956952501	-1.75752543308254	-1.48167064278382	-1.20887697943384
-1.75101998752427	-1.74551806509032	-1.47756022879122	-1.20409502029787
-1.74440040552352	-1.74399851867115	-1.47153467670718	-1.19967776725327
-1.73778082352277	-1.73439392783097	-1.46560487493967	-1.19319835928534
-1.73116124152202	-1.73505407117419	-1.46198168753266	-1.18705303133507
-1.72454165952128	-1.73017944899293	-1.45540064006937	-1.1822742923488
-1.71792207752053	-1.72380649569107	-1.44993009540432	-1.17792602720347
-1.71130249551978	-1.7105917764629	-1.4443692576559	-1.17165005337936
-1.70468291351904	-1.7059204581694	-1.43734261240268	-1.16921774198576
-1.69806333151829	-1.70310914940576	-1.43217024146885	-1.16567881859856
-1.69144374951754	-1.70248065242307	-1.42705650131073	-1.15512013737379
-1.68482416751679	-1.69017688625844	-1.42003930037963	-1.15222457226831
-1.67820458551605	-1.68624793337632	-1.41477854395813	-1.14514910950412
-1.6715850035153	-1.67969391987196	-1.40927394474683	-1.13715266445545
-1.66496542151455	-1.6769873662206	-1.40427291529713	-1.13200767347054
-1.65834583951381	-1.66966429582917	-1.39625457239288	-1.12706793535266
-1.65172625751306	-1.66812709556286	-1.39425809417017	-1.12303646571159
-1.64510667551231	-1.65664780875773	-1.38929226913377	-1.11194604042107
-1.63848709351156	-1.65136200706792	-1.38201730997344	-1.11237525619266
-1.63186751151082	-1.64428699076227	-1.37572844256411	-1.10664214534044
-1.62524792951007	-1.64300960457355	-1.37111399039585	-1.10324747154265
-1.61862834750932	-1.63618605656223	-1.36595264741414	-1.09402159986537
-1.61200876550858	-1.6314492737024	-1.35985235755295	-1.08692027128144
-1.60538918350783	-1.62310022659499	-1.35415321878929	-1.08554889298704
-1.59876960150708	-1.6194426364241	-1.34943936502164	-1.07784895308457
-1.59215001950634	-1.61212978835698	-1.34066176817133	-1.06869746196142
-1.58553043750559	-1.6113784432132	-1.33853320033314	-1.06435526265586
-1.57891085550484	-1.60540186466311	-1.33080784861066	-1.06306049163665
-1.57229127350409	-1.59824468120155	-1.32517349324234	-1.05661622268052
-1.56567169150335	-1.59091616158069	-1.31936322409758	-1.05036947280248
-1.5590521095026	-1.58165809641706	-1.3161597046263	-1.04522375649544
-1.55243252750185	-1.57850175917846	-1.31145868164469	-1.04212342279746
-1.54581294550111	-1.57196953134485	-1.30114065218036	-1.03087325855253
-1.53919336350036	-1.5679194878706	-1.298589529915	-1.0273180269646
-1.53257378149961	-1.56201189007278	-1.29226920414389	-1.02751459660564
-1.52595419949886	-1.55652372129334	-1.28742815931461	-1.01623171328707
-1.51933461749812	-1.54829775234793	-1.2815755710584	-1.0155915744116
-1.51271503549737	-1.5413596482767	-1.27429284599377	-1.00680006253137
-1.50609545349662	-1.54018427958373	-1.26884940092831	-1.00429295002888
-1.49947587149588	-1.53534489367443	-1.26425548605218	-0.998627009737587
-1.49285628949513	-1.53479632984878	-1.25771480347295	-0.988751005816474
-1.48623670749438	-1.52304141150958	-1.25356364822857	-0.97806706806355
-1.47961712549363	-1.51705676744607	-1.24914480300801	-0.980196119800292
-1.47299754349289	-1.51302561894362	-1.24210316033594	-0.970611950488202
-1.46637796149214	-1.50762611560252	-1.23588093682633	-0.969168736712262
-1.45975837949139	-1.50570579836104	-1.23130848320831	-0.962791780495166
-1.45313879749065	-1.49710303243458	-1.22610640536124	-0.957322128309439
-1.4465192154899	-1.48883593185363	-1.22057640084365	-0.952094771882546
-1.43989963348915	-1.48317068042722	-1.2160127580577	-0.948387809656405
-1.4332800514884	-1.47686865202073	-1.20729912787341	-0.937685904039913
-1.42666046948766	-1.47696421492233	-1.20344491903842	-0.933839831737183
-1.42004088748691	-1.46897392980978	-1.19816621668908	-0.927782312403549
-1.41342130548616	-1.45890981097539	-1.19089923483766	-0.920314328213276
-1.40680172348542	-1.45696662210755	-1.18740170483757	-0.914620102194926
-1.40018214148467	-1.44016990877855	-1.17995607862599	-0.913028124260916
-1.39356255948392	-1.4461243040177	-1.17615398623559	-0.905859443813548
-1.38694297748317	-1.43762191314482	-1.16762249475408	-0.90101538941722
-1.38032339548243	-1.43309443838211	-1.16431975747551	-0.89679390617455
-1.37370381348168	-1.42720942995457	-1.16062394534213	-0.891961329689827
-1.36708423148093	-1.42474624430424	-1.15200148215042	-0.879880094471444
-1.36046464948019	-1.41822433293408	-1.14828966035691	-0.87832487007466
-1.35384506747944	-1.40831505269787	-1.13820220711261	-0.870042280160729
-1.34722548547869	-1.40269140192748	-1.13592301446744	-0.868129955247551
-1.34060590347795	-1.39558238247026	-1.13172955281813	-0.859246460837341
-1.3339863214772	-1.39135143114889	-1.12537418821603	-0.859996045172432
-1.32736673947645	-1.38551544774114	-1.11790721799574	-0.846314947324977
-1.3207471574757	-1.37915648844229	-1.11207130048835	-0.843633305976785
-1.31412757547496	-1.38007101265155	-1.10758347123063	-0.839918123172517
-1.30750799347421	-1.37164360154895	-1.1022532579967	-0.834158339600711
-1.30088841147346	-1.36643048356063	-1.09728065110299	-0.82871994090344
-1.29426882947272	-1.36179526761179	-1.09039395915016	-0.822251395069015
-1.28764924747197	-1.35162646413191	-1.08681903829764	-0.820991437526104
-1.28102966547122	-1.34547786120675	-1.0798746174857	-0.808701039278501
-1.27441008347047	-1.34153757766446	-1.07424559548057	-0.807487679368653
-1.26779050146973	-1.34309445400401	-1.06899296567702	-0.802567899375534
-1.26117091946898	-1.32856502686713	-1.06644273945809	-0.799790981743101
-1.25455133746823	-1.32137548731673	-1.05887496471409	-0.79612480472353
-1.24793175546749	-1.3201469968886	-1.05171994835833	-0.783395476703625
-1.24131217346674	-1.31487481106757	-1.04484683169014	-0.780307451189609
-1.23469259146599	-1.30884560515321	-1.04545445873694	-0.774721761723804
-1.22807300946524	-1.30593005946703	-1.03614378879301	-0.764603972073696
-1.2214534274645	-1.29907256342986	-1.03147528845732	-0.769441447044788
-1.21483384546375	-1.29261101986368	-1.02364053043805	-0.759575308365086
-1.208214263463	-1.28643736200336	-1.01892315198096	-0.747336125195018
-1.20159468146226	-1.27799096436897	-1.01342017319973	-0.745217092615535
-1.19497509946151	-1.27436928559766	-1.00905126711746	-0.742358732363385
-1.18835551746076	-1.26935800442187	-1.00209110691029	-0.737778650439744
-1.18173593546001	-1.26617035501704	-0.995211786820099	-0.728010076676709
-1.17511635345927	-1.26150773275607	-0.991972755764957	-0.726568380882781
-1.16849677145852	-1.2508704159801	-0.984170598095964	-0.71474096280038
-1.16187718945777	-1.24365594593851	-0.980270822720611	-0.711532273485861
-1.15525760745703	-1.23634476149203	-0.973798980100474	-0.70688896813854
-1.14863802545628	-1.23399557921172	-0.967523314110466	-0.697119252941614
-1.14201844345553	-1.23269904293823	-0.960804636446345	-0.695237049729214
-1.13539886145479	-1.22174191217369	-0.95483538792982	-0.690689323705784
-1.12877927945404	-1.21732461248104	-0.952178511222992	-0.686429233836084
-1.12215969745329	-1.21694633593702	-0.943161888820457	-0.681355534178953
-1.11554011545254	-1.21055316729136	-0.940731395099837	-0.669254854538899
-1.1089205334518	-1.20200779030168	-0.934884068067582	-0.667241570146892
-1.10230095145105	-1.19435048220202	-0.93111043049206	-0.662345124932547
-1.0956813694503	-1.19307096391118	-0.924423339231507	-0.657915221304681
-1.08906178744956	-1.18700531408477	-0.918705739648777	-0.648960007687606
-1.08244220544881	-1.1785760228236	-0.912401478079907	-0.648641165449902
-1.07582262344806	-1.17496502361459	-0.906463311924658	-0.640515112439952
-1.06920304144731	-1.16536266399484	-0.901938876236271	-0.636189623552756
-1.06258345944657	-1.16577788194634	-0.896732664594994	-0.628309419497193
-1.05596387744582	-1.1496060969966	-0.889781280562866	-0.626639087951473
-1.04934429544507	-1.15337281555271	-0.885610019511192	-0.619783138595477
-1.04272471344433	-1.14588106252965	-0.877102266743943	-0.609963882601123
-1.03610513144358	-1.13956877794538	-0.872856579329429	-0.613851675678008
-1.02948554944283	-1.13423045382734	-0.869579575945959	-0.604622161133538
-1.02286596744208	-1.12592631806534	-0.861037639689047	-0.597357411901758
-1.01624638544134	-1.12428225968316	-0.856062695957247	-0.591801388043498
-1.00962680344059	-1.11956946782319	-0.851265216388836	-0.58546799090592
-1.00300722143984	-1.10971434571663	-0.845541169640217	-0.579046218475807
-0.996387639439096	-1.10640710672001	-0.838635252121398	-0.572860563980693
-0.989768057438349	-1.10242110656088	-0.835119027742696	-0.568616909242256
-0.983148475437602	-1.09465876177213	-0.828546568392972	-0.564944667702296
-0.976528893436855	-1.08948841972397	-0.823176941417236	-0.558855976635771
-0.969909311436108	-1.08225152736448	-0.816212507044511	-0.552196842263804
-0.96328972943536	-1.07876233197279	-0.812810216367227	-0.543844990673113
-0.956670147434613	-1.07511712960095	-0.807468336139647	-0.539511071223708
-0.950050565433866	-1.06463222345338	-0.800279575052166	-0.533488562556264
-0.943430983433119	-1.06051058119777	-0.796105027354264	-0.530411409845623
-0.936811401432372	-1.0568032551767	-0.78923746946332	-0.525382319729135
-0.930191819431625	-1.04907724886751	-0.785082046211438	-0.523918031169186
-0.923572237430878	-1.04691407269198	-0.779758230363494	-0.510332707408047
-0.916952655430131	-1.04172567557074	-0.774937895341699	-0.506066453736853
-0.910333073429384	-1.03685960019369	-0.769452595273766	-0.498869877864496
-0.903713491428637	-1.02777087595398	-0.761365032124335	-0.494108650965549
-0.897093909427889	-1.0235454573071	-0.756520434758502	-0.487673588256214
-0.890474327427142	-1.01962444665681	-0.752039333294324	-0.483752610780013
-0.883854745426395	-1.01342315577756	-0.74613130109376	-0.485444721170945
-0.877235163425648	-1.00294700318985	-0.739197413335273	-0.474772090101494
-0.870615581424901	-1.00227710164806	-0.734815306749276	-0.476518116637913
-0.863995999424154	-0.991833483596287	-0.729415126582001	-0.467471127725054
-0.857376417423407	-0.987706285205076	-0.721367420418285	-0.456198663342869
-0.85075683542266	-0.98489812385877	-0.71743003861164	-0.446205345890511
-0.844137253421913	-0.974135507317874	-0.710361257758606	-0.444863267266655
-0.837517671421166	-0.968335216262886	-0.705514175764084	-0.44209332576837
-0.830898089420418	-0.968938620112754	-0.698867709542685	-0.434423974653958
-0.824278507419671	-0.959160520788412	-0.694449040703738	-0.428962768156527
-0.817658925418924	-0.950469426588054	-0.689843013873539	-0.419804381454073
-0.811039343418177	-0.945861856443034	-0.68247223610017	-0.422059256426749
-0.80441976141743	-0.946011759601401	-0.677924074550575	-0.414500454512477
-0.797800179416683	-0.940072492097476	-0.673190441203616	-0.407809754629324
-0.791180597415936	-0.932346143451977	-0.664131715588195	-0.399609211862673
-0.784561015415189	-0.926407419240661	-0.66006307118691	-0.401020070341814
-0.777941433414442	-0.921150513695942	-0.655430469991455	-0.392802394548199
-0.771321851413695	-0.914354568538053	-0.649005062446493	-0.385278460754238
-0.764702269412947	-0.909519765945432	-0.642641416524317	-0.378964462218304
-0.7580826874122	-0.904589025528911	-0.639510219202305	-0.373837052070941
-0.751463105411453	-0.898647177966331	-0.633086860057456	-0.365176245166266
-0.744843523410706	-0.894793995067796	-0.629135802381429	-0.361194110138029
-0.738223941409959	-0.887962780511523	-0.622563922713458	-0.357987578711644
-0.731604359409212	-0.876905204402524	-0.613639662398747	-0.349293381771546
-0.724984777408465	-0.880652532634678	-0.611340701098726	-0.343838122688322
-0.718365195407718	-0.866967984219103	-0.605655698294088	-0.341447131887116
-0.711745613406971	-0.864020552405847	-0.599962286213778	-0.336520644447847
-0.705126031406224	-0.859238296216622	-0.595439860916765	-0.3304576104973
-0.698506449405476	-0.853751581601098	-0.588121830501284	-0.325575959166171
-0.691886867404729	-0.846967653261946	-0.583239691191721	-0.317236257259191
-0.685267285403982	-0.839371551289569	-0.575817084675566	-0.311185198081754
-0.678647703403235	-0.832589321670991	-0.57312783534462	-0.308826904197398
-0.672028121402488	-0.826768415321672	-0.565968998213729	-0.29769288020335
-0.665408539401741	-0.82701630988719	-0.561410425918584	-0.299750473376292
-0.658788957400994	-0.815880895836514	-0.554888042713322	-0.293669234522938
-0.652169375400247	-0.813462020022464	-0.550159516802011	-0.285952722953358
-0.6455497933995	-0.806792761615211	-0.546612426444242	-0.281619551312376
-0.638930211398753	-0.799236032383386	-0.537046518014606	-0.273554785968267
-0.632310629398005	-0.800294276905276	-0.53191414587897	-0.267943557505565
-0.625691047397258	-0.79239154332725	-0.527319674375136	-0.262939362828811
-0.619071465396511	-0.787839904098618	-0.522418065964521	-0.25289205118175
-0.612451883395764	-0.777444205259804	-0.516301858292536	-0.251608038807916
-0.605832301395017	-0.769615144910288	-0.511736384629313	-0.24697232300946
-0.59921271939427	-0.769884288146624	-0.503768022866723	-0.244773845599608
-0.592593137393523	-0.762781790301579	-0.499309754727918	-0.238353146003412
-0.585973555392776	-0.765467681469468	-0.493938737555881	-0.233004300578828
-0.579353973392029	-0.754517737354634	-0.488072950257116	-0.226666705973957
-0.572734391391281	-0.743742240882548	-0.482075196684078	-0.221931204719927
-0.566114809390534	-0.74031812199147	-0.476629996613654	-0.21488545545983
-0.559495227389787	-0.732718757877858	-0.470832377605388	-0.201036241281934
-0.55287564538904	-0.726110786309232	-0.465091284784897	-0.20564501192788
-0.546256063388293	-0.726016194300411	-0.461306630212592	-0.19843735044749
-0.539636481387546	-0.716971462854686	-0.455299480790411	-0.194332210046802
-0.533016899386799	-0.712002000496229	-0.447840134838738	-0.187790133291217
-0.526397317386052	-0.706009279132716	-0.444857767835674	-0.1826216776683
-0.519777735385305	-0.699529709439192	-0.437368097571736	-0.177653195107321
-0.513158153384558	-0.695019939930174	-0.433225408537415	-0.170310894655492
-0.50653857138381	-0.688216048394751	-0.425609872177674	-0.166622754491061
-0.499918989383063	-0.682735212467557	-0.420352112612861	-0.161936501550437
-0.493299407382316	-0.680774564606756	-0.418428608112595	-0.156989680770965
-0.486679825381569	-0.674345510359972	-0.409982014760497	-0.147820742156832
-0.480060243380822	-0.666850490889377	-0.404355157860722	-0.141351840965228
-0.473440661380075	-0.65997006421117	-0.398939101985379	-0.135217146122897
-0.466821079379328	-0.657267341218018	-0.39083536457116	-0.127305057457211
-0.460201497378581	-0.651750141501346	-0.387173689687149	-0.122658713960015
-0.453581915377834	-0.647919248367495	-0.383829132949411	-0.123859413199372
-0.446962333377086	-0.637600031790393	-0.377310951901284	-0.113487616168897
-0.440342751376339	-0.638920938312585	-0.370834329052115	-0.10626266268247
-0.433723169375592	-0.624280420924655	-0.364788956350095	-0.104832929311405
-0.427103587374845	-0.621518498627175	-0.359988976255828	-0.096725862821466
-0.420484005374098	-0.617967880837431	-0.35451298392023	-0.0948887445569157
-0.413864423373351	-0.612551227637037	-0.350580862839708	-0.0873447365460989
-0.407244841372604	-0.602830033054681	-0.341958086450763	-0.0821999042771313
-0.400625259371857	-0.597628273288627	-0.336617132275807	-0.0768553713385114
-0.39400567737111	-0.594883057901438	-0.329746327890064	-0.0656058542152224
-0.387386095370363	-0.588554389728808	-0.324273821828505	-0.062119952729435
-0.380766513369615	-0.58428475186858	-0.322397611871361	-0.0581865017414439
-0.374146931368868	-0.580382099176197	-0.315135574783903	-0.0554220103519135
-0.367527349368121	-0.575243259543878	-0.3101282759693	-0.0444958139275911
-0.360907767367374	-0.567949364367165	-0.304053014640487	-0.0424418608921325
-0.354288185366627	-0.560723600135898	-0.299860401885949	-0.035514129710942
-0.34766860336588	-0.558083050953512	-0.292238494655484	-0.0227585173902432
-0.341049021365133	-0.55138646501307	-0.288371389815157	-0.025855932680521
-0.334429439364386	-0.549280555159634	-0.28224827704616	-0.0155333385860893
-0.327809857363639	-0.536128315494468	-0.275914768236916	-0.0116230414527403
-0.321190275362892	-0.531094230720891	-0.266536438725908	-0.00591815679547853
-0.314570693362144	-0.52854827353516	-0.264825320192179	-0.00595529572049288
-0.307951111361397	-0.521928044891968	-0.259363267110316	0.00290508200127258
-0.30133152936065	-0.520650622374931	-0.253153296257262	0.00817854985351272
-0.294711947359903	-0.516556269612611	-0.249732639321528	0.0114966080169833
-0.288092365359156	-0.504210812951124	-0.242868639525323	0.0154665940487721
-0.281472783358409	-0.497303270758759	-0.236435484188447	0.029009128889128
-0.274853201357662	-0.492134641661708	-0.230517764820235	0.0326681655674889
-0.268233619356915	-0.485140291285744	-0.225903109840311	0.0363229735915981
-0.261614037356168	-0.484971031580102	-0.218812249405647	0.0406949001133371
-0.254994455355421	-0.475995391954224	-0.214358409772666	0.0486475404039582
-0.248374873354674	-0.47388739741211	-0.209374167162366	0.0548184926523582
-0.241755291353926	-0.469783917486529	-0.20243859044611	0.0596149063601664
-0.235135709353179	-0.458110728684387	-0.197247431142915	0.0631615074459576
-0.228516127352432	-0.454323340244856	-0.192722302910004	0.0723885950087212
-0.221896545351685	-0.448914167671697	-0.187559264739994	0.0749546302979859
-0.215276963350938	-0.443214267280743	-0.180941650043662	0.0780559640794191
-0.208657381350191	-0.434369391517087	-0.17465599524458	0.0875144443222818
-0.202037799349444	-0.430299859012243	-0.168748601514772	0.0933458608886839
-0.195418217348697	-0.427999438847862	-0.164023145659757	0.0979455274333288
-0.18879863534795	-0.427843722116397	-0.16011069059367	0.0997762309524224
-0.182179053347203	-0.414789239362488	-0.152412769476152	0.106568779506281
-0.175559471346455	-0.411379108719714	-0.149508972708002	0.121717560141168
-0.168939889345708	-0.402797527698642	-0.143900792528974	0.119584409753199
-0.162320307344961	-0.398102770445538	-0.136128790344719	0.129758862986892
-0.155700725344214	-0.393490195299149	-0.128695277753897	0.130152044845953
-0.149081143343467	-0.387135846450439	-0.125185972166674	0.133503004173206
-0.14246156134272	-0.383053774058133	-0.117080672084762	0.147321858688747
-0.135841979341973	-0.38116058109135	-0.112893171938653	0.14570406630594
-0.129222397341226	-0.372002378629112	-0.106977570092643	0.154364884543954
-0.122602815340479	-0.368562688726024	-0.103968817052347	0.15709493489986
-0.115983233339731	-0.357000907649477	-0.0972390434191503	0.164265659994666
-0.109363651338984	-0.349406959651122	-0.0924232479498337	0.171177446115975
-0.102744069338237	-0.343613740438241	-0.0863669892230157	0.174422955338783
-0.09612448733749	-0.343534897902701	-0.0802160943422807	0.182290715028209
-0.0895049053367429	-0.33416644706384	-0.0736650619004518	0.187865047648932
-0.0828853233359959	-0.325204165912424	-0.0681548597695042	0.194222865290767
-0.0762657413352488	-0.322961239772191	-0.0651236892023386	0.193967490323435
-0.0696461593345017	-0.320071962079798	-0.0591091926504635	0.207724421346163
-0.0630265773337546	-0.313523655837701	-0.0516720043229241	0.208364877399444
-0.0564069953330075	-0.30509620710246	-0.0486544466579489	0.210593848608366
-0.0497874133322604	-0.302993594261878	-0.0418661537948661	0.220277568244986
-0.0431678313315134	-0.295586456859558	-0.0360434935820725	0.224799904244468
-0.0365482493307663	-0.292561519762372	-0.0318175319473211	0.233103420709867
-0.0299286673300192	-0.286925744774435	-0.0245032386270504	0.239238565613256
-0.0233090853292719	-0.284830370438617	-0.0206032420179544	0.241472780527063
-0.0166895033285248	-0.274290453618099	-0.0143463514179154	0.24755224129515
-0.0100699213277777	-0.270117771454268	-0.0072899566020167	0.255105401173825
-0.00345033932703065	-0.265272777887734	-0.00349595768227195	0.254340901518776
0.00316924267371643	-0.261537833907405	0.00301369648950516	0.261929900948952
0.00978882467446351	-0.253142013413284	0.0104398033123773	0.269776405176164
0.0164084066752106	-0.247734031543815	0.014075249700835	0.274175017938674
0.0230279886759577	-0.244204697288916	0.0214676981148125	0.282036819594491
0.0296475706767048	-0.235458318150827	0.0271549151398772	0.288813267013768
0.0362671526774518	-0.228340201407137	0.0305304620947197	0.291862976450563
0.0428867346781989	-0.222344324875435	0.0376755516266332	0.296777433916856
0.0495063166789462	-0.218370182413485	0.0417768366708237	0.31068733960021
0.0561258986796933	-0.214675051213484	0.0490383225458539	0.310600108808231
0.0627454806804404	-0.209004349757601	0.0528192069887109	0.308208020862326
0.0693650626811875	-0.197006318877606	0.0613963249722422	0.318711809019394
0.0759846446819346	-0.199406087303434	0.0625060039733872	0.326278274821249
0.0826042266826816	-0.191445470643183	0.0689272149486186	0.328132053197815
0.0892238086834287	-0.185681837516765	0.0755787083144543	0.339473846126782
0.0958433906841758	-0.176447765406565	0.0811291523052309	0.346244240336393
0.102462972684923	-0.17857151555997	0.0861493580410319	0.350237835622638
0.10908255468567	-0.167064527876357	0.0911432784922442	0.352295350548749
0.115702136686417	-0.164349479658321	0.100425162091509	0.359117173530645
0.122321718687164	-0.156304401631046	0.102988291967315	0.363886541586725
0.128941300687911	-0.150631141853355	0.110027843224038	0.373453489393133
0.135560882688659	-0.149760987365859	0.113848769093506	0.374679772919066
0.142180464689405	-0.142087462083338	0.11903403159912	0.383918776311742
0.148800046690153	-0.136010927456469	0.126135387353139	0.384163638826531
0.1554196286909	-0.132680920680559	0.131614778094002	0.396077835626498
0.162039210691647	-0.119181602386593	0.13943311713134	0.398206294040368
0.168658792692394	-0.116701835259096	0.142314584792358	0.405000892098031
0.175278374693141	-0.11116399704715	0.145446045895268	0.409924136805131
0.181897956693888	-0.10885908530972	0.153612602580756	0.415028160839155
0.188517538694635	-0.103174316093439	0.158640366017434	0.41602387170838
0.195137120695382	-0.0942944989022221	0.166930108259374	0.426970585441368
0.201756702696129	-0.0908084476391544	0.170479327086084	0.432987711740052
0.208376284696877	-0.0845516542291379	0.175460547317894	0.433678582764877
0.214995866697623	-0.0764902842396376	0.182935745012687	0.442476586848863
0.221615448698371	-0.0734808852722252	0.18647721760157	0.450013657927189
0.228235030699118	-0.0681188452903426	0.192062199711807	0.453611924737261
0.234854612699865	-0.0611320388200795	0.201157017898395	0.455452372598741
0.241474194700612	-0.0563261947672909	0.205358903476146	0.467051964901683
0.248093776701359	-0.0560125730856583	0.210988702693516	0.466717520538767
0.254713358702106	-0.0471232530796266	0.217702148944456	0.482334229539774
0.261332940702853	-0.0378931582202769	0.218393431963236	0.476603632475217
0.267952522703601	-0.0366490652968313	0.227266742698453	0.488181803018868
0.274572104704347	-0.0265805492221029	0.230956422669275	0.490437875520187
0.281191686705095	-0.0211153770942653	0.240115206823033	0.501818709033779
0.287811268705842	-0.0120491597644582	0.246006825106811	0.509645276536316
0.294430850706589	-0.0128476754003399	0.252465497307053	0.508771982340148
0.301050432707336	-0.0041883412229141	0.255295080494651	0.519689717584802
0.307670014708083	-0.000365666503435733	0.259298669656576	0.523756914179383
0.31428959670883	0.00785528418443038	0.264523352238472	0.524128586327624
0.320909178709577	0.00872865688125393	0.271234244813931	0.529763666305311
0.327528760710325	0.016133196405865	0.278201792225086	0.537370326097008
0.334148342711071	0.0224112765573202	0.281862737862751	0.541219698202715
0.340767924711819	0.0263656253882778	0.287081010650736	0.546977807699046
0.347387506712566	0.03584979582983	0.295021314682369	0.552527832061026
0.354007088713313	0.0374579628841312	0.299884815831628	0.562153461084333
0.36062667071406	0.0471589565557151	0.305663911907128	0.563416589296176
0.367246252714807	0.0492918854947626	0.313040579722408	0.574719591576209
0.373865834715554	0.0583518511717522	0.314936188783656	0.574460833428397
0.380485416716301	0.0617462052340037	0.322480965362894	0.582176427244442
0.387104998717049	0.0686544285918431	0.32508423850669	0.584056261768369
0.393724580717795	0.0725791171287378	0.332391470472722	0.590394109352907
0.400344162718543	0.0771164255437656	0.336199598670529	0.594944966098339
0.40696374471929	0.0829547920414966	0.342225833040352	0.601555110584984
0.413583326720037	0.0899587988867991	0.352227601802831	0.61658747841344
0.420202908720784	0.0913538689374758	0.355566905958745	0.614827635096158
0.426822490721531	0.102594820507537	0.359581627773381	0.620263530902655
0.433442072722278	0.108463501824992	0.365823187388399	0.624297455756575
0.440061654723025	0.113604408003368	0.372936017755872	0.631694334781659
0.446681236723772	0.114399363386375	0.378332498445798	0.639166556305697
0.453300818724519	0.121452633308682	0.382861202831097	0.644234923925449
0.459920400725267	0.12509510547287	0.389033493608111	0.653061979670079
0.466539982726013	0.136973033136318	0.395719573554909	0.65118357177147
0.473159564726761	0.13995432482586	0.397656837667673	0.660690119376321
0.479779146727508	0.143655644394114	0.406403260871054	0.664514454246322
0.486398728728255	0.152567886220522	0.412475323474619	0.67230060257867
0.493018310729002	0.152503818972198	0.416543844321789	0.678458894198662
0.499637892729749	0.16501557627472	0.42380702451767	0.684692847843731
0.506257474730496	0.165429801538651	0.426608425937831	0.68710963948355
0.512877056731243	0.168997067775969	0.430509690414663	0.692822490269466
0.51949663873199	0.182054397665443	0.441829386979545	0.69668050470556
0.526116220732737	0.184624816201221	0.443763958582539	0.702924034104343
0.532735802733485	0.192620181358454	0.450012464872798	0.7087686688068
0.539355384734232	0.194024923448006	0.455184154118074	0.713252274382729
0.545974966734979	0.199072285643056	0.460976829195822	0.7226211861353
0.552594548735726	0.208017934876723	0.465204434224053	0.725582876652366
0.559214130736473	0.210742173428033	0.470546363982828	0.732020646800249
0.56583371273722	0.217653845947905	0.47758058005648	0.73863797397591
0.572453294737967	0.222500232587188	0.484361578911377	0.740360300454032
0.579072876738714	0.23084813016416	0.490340903106203	0.754327306385671
0.585692458739461	0.235380032724089	0.493883147710996	0.752173767204647
0.592312040740208	0.240723424216567	0.49975997722479	0.760538558663377
0.598931622740956	0.249051968545207	0.506252362819253	0.769039499172106
0.605551204741703	0.25363399823309	0.511529168264864	0.771714834135444
0.61217078674245	0.25710086688438	0.518014677041908	0.774974411198741
0.618790368743197	0.261097649128647	0.522210312893403	0.782054177403518
0.625409950743944	0.266703484273848	0.528333876570671	0.786752882727774
0.632029532744691	0.271912817810822	0.532735597680383	0.792417743164439
0.638649114745438	0.28128432677765	0.537550784030563	0.798963374884316
0.645268696746185	0.288674113341807	0.546389283506127	0.808368640197367
0.651888278746932	0.293682723207887	0.550516900441002	0.813913144328578
0.65850786074768	0.297382463286322	0.558910108175006	0.818258796510472
0.665127442748426	0.300960754626795	0.565189743617255	0.825505917899387
0.671747024749174	0.307047967199231	0.567715152165234	0.8268523183749
0.678366606749921	0.314803712790248	0.572792212488917	0.831271447598377
0.684986188750668	0.316543210847986	0.579098306689224	0.841959170265391
0.691605770751415	0.323918401002328	0.584344347916032	0.844940696572006
0.698225352752162	0.33310745939937	0.590524529458063	0.85043199356855
0.704844934752909	0.334248341244237	0.594281145295516	0.857067057700634
0.711464516753656	0.342815603269723	0.60305443722343	0.860521931066837
0.718084098754403	0.352514928670549	0.605843181033135	0.863088217435879
0.72470368075515	0.352014849730199	0.612635323408104	0.870950426057159
0.731323262755898	0.355343738327896	0.616942909052849	0.878267406955541
0.737942844756645	0.365137895548652	0.62295267846631	0.881239014225614
0.744562426757392	0.370932510657825	0.62829613127109	0.890101337179871
0.751182008758139	0.37347389542148	0.633593929199617	0.892494319640877
0.757801590758886	0.381762852584659	0.639281689120193	0.898972085590369
0.764421172759633	0.38591971346488	0.644675044648781	0.90609470247099
0.77104075476038	0.391278642022602	0.649521989780678	0.913475076212842
0.777660336761127	0.399077335052224	0.655154519262116	0.915270607464133
0.784279918761874	0.402693838796444	0.661560313466844	0.920146919321892
0.790899500762622	0.40596448234797	0.66827405634427	0.93106806922666
0.797519082763368	0.418559697290548	0.673097275193606	0.931178848221918
0.804138664764116	0.414857353624223	0.678783740453121	0.939396625786401
0.810758246764863	0.426031106864085	0.685781220704962	0.942171771550655
0.81737782876561	0.431556419182594	0.689763457529699	0.949030980103846
0.823997410766357	0.43855226646674	0.694940684198626	0.952736026734363
0.830616992767104	0.442368480849396	0.703802222540305	0.955784077580319
0.837236574767851	0.448866306192262	0.706550757191886	0.967654919504997
0.843856156768598	0.45561241062695	0.711639555046374	0.963858527100921
0.850475738769346	0.457581509264909	0.716957897469855	0.976844883317344
0.857095320770092	0.460034545369006	0.724405842601064	0.981711698582411
0.86371490277084	0.469026910128584	0.729551823027745	0.986880657072682
0.870334484771587	0.472100918904956	0.734408427384396	1.00116609280799
0.876954066772334	0.479710043775488	0.741214608481405	0.997182349698387
0.883573648773081	0.483863761234114	0.746248037448072	1.00186510576393
0.890193230773828	0.492770268219421	0.752065394693711	1.01204126717374
0.896812812774575	0.498687765747395	0.757239984252772	1.01817608888839
0.903432394775322	0.506432027171019	0.765640494073822	1.02060855457075
0.91005197677607	0.508405276046967	0.770005694531765	1.02823619769787
0.916671558776816	0.516810314600585	0.773262621773225	1.03479388057002
0.923291140777564	0.522908460301342	0.780590549499632	1.04063657408331
0.929910722778311	0.52505329587161	0.785964196864648	1.04610262814882
0.936530304779058	0.532286234524144	0.792023855165081	1.05119599140141
0.943149886779805	0.538067848140979	0.797101421468182	1.05840356863078
0.949769468780552	0.542887350029885	0.801651149061113	1.06220748995409
0.956389050781299	0.549898336346086	0.808197593621631	1.06886125855769
0.963008632782046	0.554248148408423	0.813995787142388	1.07208809290192
0.969628214782793	0.554529871288653	0.820067610697856	1.07979934565178
0.97624779678354	0.562979917923742	0.824778041229865	1.08064419084036
0.982867378784288	0.570986550278137	0.830833462925412	1.08605662177861
0.989486960785035	0.578202791053325	0.834466892489665	1.09431525048941
0.996106542785782	0.584135229473971	0.842077313799654	1.1017384908985
1.00272612478653	0.583216073485298	0.845404798517121	1.10608398481102
1.00934570678728	0.588314619518975	0.852630050916158	1.11258403113793
1.01596528878802	0.601785048354641	0.857460032812921	1.11568197734695
1.02258487078877	0.604372461877883	0.865164176854299	1.12597938309814
1.02920445278952	0.606670859847391	0.870303932377316	1.12921113077907
1.03582403479026	0.612475816511737	0.872624441504037	1.13414685032165
1.04244361679101	0.621091119989714	0.879963626250628	1.14500195453613
1.04906319879176	0.630733792228976	0.885717384340323	1.14454621783019
1.05568278079251	0.629725377767627	0.892420257704861	1.14736446922835
1.06230236279325	0.632665027479597	0.896159633328594	1.15204177063649
1.068921944794	0.642314472797255	0.902241532946064	1.16514089113926
1.07554152679475	0.646722804844454	0.910007500870048	1.17180631964385
1.08216110879549	0.655176661117443	0.914287941416255	1.16954635427568
1.08878069079624	0.660094954095579	0.919667271423142	1.17963355220514
1.09540027279699	0.661736597509525	0.924742904750514	1.1851445627235
1.10201985479774	0.667801030496245	0.931113850489142	1.18665459687062
1.10863943679848	0.675307695672775	0.935178938978216	1.19459973972739
1.11525901879923	0.680661807407693	0.941558117822347	1.20297360701623
1.12187860079998	0.688667559503858	0.948015543364761	1.20930836808504
1.12849818280072	0.691610951439242	0.952670902759545	1.21580891796251
1.13511776480147	0.698102035011953	0.957048086119903	1.21268844529982
1.14173734680222	0.702702859995432	0.963590708062736	1.22208731406021
1.14835692880296	0.708001479427811	0.969585301021543	1.2282832846553
1.15497651080371	0.715337238861467	0.974452874700186	1.23290037218772
1.16159609280446	0.723243411247361	0.979800947050478	1.24084507393977
1.16821567480521	0.723281577376961	0.985985507901097	1.249313036679
1.17483525680595	0.732918667323299	0.991051560365467	1.24644385197988
1.1814548388067	0.738602286570438	0.996707549175304	1.25744406755243
1.18807442080745	0.742992886389863	1.00508949547037	1.26325706613779
1.19469400280819	0.746178812450442	1.00751154034522	1.2710970821318
1.20131358480894	0.754710662999944	1.01403369560826	1.27652034218084
1.20793316680969	0.764558224342093	1.02025476831095	1.27644312894464
1.21455274881044	0.762966160726661	1.02567023537355	1.28455568417354
1.22117233081118	0.770530760676934	1.02943157507448	1.2914868136794
1.22779191281193	0.777704248687711	1.03544385810444	1.29540447766406
1.23441149481268	0.78358686417832	1.04296136245154	1.3046282153671
1.24103107681342	0.784690547333161	1.04725226483349	1.30797147757621
1.24765065881417	0.793118885262257	1.0536735061046	1.31605268452873
1.25427024081492	0.800017189702986	1.058606482131	1.31647629640947
1.26088982281567	0.804858724236797	1.06475227976001	1.32798272093243
1.26750940481641	0.813428169912009	1.06811370465319	1.33076221896845
1.27412898681716	0.815067370493883	1.07538165195671	1.33923681066504
1.28074856881791	0.819655116518749	1.08018982350758	1.33825386578453
1.28736815081865	0.825365408277947	1.08720580804298	1.34791717880846
1.2939877328194	0.834265006325906	1.09389794007215	1.35289607024465
1.30060731482015	0.841833326052647	1.09762107818571	1.35702637000957
1.3072268968209	0.842134941016032	1.1031953306648	1.361327863168
1.31384647882164	0.851898301012755	1.10843438409714	1.36950466126843
1.32046606082239	0.850775183533103	1.11658883780777	1.3774915541547
1.32708564282314	0.862051593035783	1.119731429296	1.38146929026506
1.33370522482388	0.866108136780317	1.12440960672241	1.38924660106096
1.34032480682463	0.875436245010505	1.13216057872338	1.3903360895776
1.34694438882538	0.877681574766745	1.13750611373796	1.39871238997284
1.35356397082613	0.88003848145408	1.1450624077556	1.40308191986813
1.36018355282687	0.891903072284783	1.14722188910853	1.40614619142317
1.36680313482762	0.891843981988653	1.15415495784536	1.41516415566959
1.37342271682837	0.899918441940989	1.16036984655164	1.42051726132405
1.38004229882911	0.905592996274147	1.16717665674215	1.42462529375791
1.38666188082986	0.911364205821959	1.17091110464916	1.43649732409206
1.39328146283061	0.918913028931187	1.17717142911397	1.43730030027898
1.39990104483135	0.922559803084903	1.18207894826396	1.444071572908
1.4065206268321	0.924616621343007	1.18757050949731	1.44421189073584
1.41314020883285	0.935948982219509	1.19337528785804	1.45459807860306
1.4197597908336	0.940155120410562	1.19718686122902	1.46049525332925
1.42637937283434	0.944026593740471	1.20527275333051	1.46340995001326
1.43299895483509	0.949872967967559	1.20948005146714	1.46639639415389
1.43961853683584	0.952914697447739	1.21572816914103	1.4770916562597
1.44623811883658	0.960223796767324	1.22055172495391	1.48017296813297
1.45285770083733	0.968630088143714	1.22544510300726	1.48753096707298
1.45947728283808	0.969791907718585	1.2314802426371	1.49171847110475
1.46609686483883	0.97938275550433	1.23956773430154	1.49805156523731
1.47271644683957	0.983505366205431	1.24186870073918	1.50269110837772
1.47933602884032	0.987629925129471	1.24745704725873	1.50790706139439
1.48595561084107	0.994680443836864	1.25323921159704	1.51453468486142
1.49257519284181	0.995781612016663	1.26011457890913	1.51692741610217
1.49919477484256	1.00769793136188	1.26534635360792	1.52459755241375
1.50581435684331	1.00693009895359	1.27071086589337	1.53327946520385
1.51243393884406	1.02039017475362	1.2772578975829	1.53418480491736
1.5190535208448	1.02167976708231	1.28137830324271	1.54183247710919
1.52567310284555	1.02426463111736	1.28746317347037	1.54790882004
1.5322926848463	1.03650973231835	1.29407020967049	1.55561751648757
1.53891226684704	1.03770139251465	1.29739491689394	1.56140324250495
1.54553184884779	1.04566414022423	1.30430840169008	1.56486602355247
1.55215143084854	1.0490697969122	1.31043103890873	1.57130886344639
1.55877101284929	1.05948218277416	1.31547645751304	1.57655457940155
1.56539059485003	1.05921475359837	1.32119740297416	1.57928048588255
1.57201017685078	1.0637044754192	1.3256575863162	1.58419253749318
1.57862975885153	1.07437073510768	1.33325155902331	1.59378750462537
1.58524934085227	1.07655144674796	1.33971688311254	1.60070196547148
1.59186892285302	1.08227283310395	1.34569820397372	1.60273849382483
1.59848850485377	1.08831691960899	1.34859643962808	1.61055078991995
1.60510808685452	1.09651717774999	1.3553167833921	1.61788452363541
1.61172766885526	1.10076148752785	1.36171775355321	1.61907165083707
1.61834725085601	1.1055268387741	1.36658709335777	1.63002779296987
1.62496683285676	1.11269982732605	1.37228524735612	1.62941357932729
1.6315864148575	1.11347008318569	1.37797126973422	1.63592214213876
1.63820599685825	1.12357169056476	1.38313365982936	1.64271388891504
1.644825578859	1.12814153632988	1.38896158070424	1.6491772915334
1.65144516085974	1.1361257533845	1.39530753368333	1.65621879395777
1.65806474286049	1.1386230199272	1.39998333610848	1.65941805071821
1.66468432486124	1.14850963755229	1.40415642437453	1.66560879524861
1.67130390686199	1.15047946804071	1.40955417011481	1.67183830530091
1.67792348886273	1.15684102024109	1.41607154839127	1.6803426930395
1.68454307086348	1.1584831631396	1.4234239053901	1.68497646499962
1.69116265286423	1.16886459733699	1.42886881304711	1.68918831481348
1.69778223486497	1.17054170672709	1.43362548634329	1.69381115338908
1.70440181686572	1.18338879095383	1.43948902603137	1.69871280577274
1.71102139886647	1.18561806050149	1.44417030221011	1.70366743140218
1.71764098086722	1.18897134174677	1.44929910908688	1.70704090444146
1.72426056286796	1.195654220851	1.45542861496892	1.71164007489763
1.73088014486871	1.20072801477615	1.45823607730086	1.72279143714624
1.73749972686946	1.206478489074	1.46784475067897	1.7290496853648
1.7441193088702	1.210424777496	1.47132141611461	1.73327663215453
1.75073889087095	1.21814124082586	1.47646320205913	1.73885922679312
1.7573584728717	1.2229878100696	1.48204194484212	1.74011869183205
1.76397805487245	1.23074467828714	1.49032090421198	1.7528618636959
1.77059763687319	1.23548820588018	1.49310375920842	1.75334054232018
1.77721721887394	1.23746728536523	1.50084193982872	1.75980374586925
1.78383680087469	1.24334424657906	1.50529592636894	1.76476599751405
1.79045638287543	1.24998838365173	1.51096322440819	1.77165979829706
1.79707596487618	1.25906036308583	1.51691096351993	1.77354185614578
1.80369554687693	1.26362130018985	1.52227582626244	1.78184306650005
1.81031512887768	1.26682369298463	1.52639579388552	1.78925051521001
1.81693471087842	1.27760145433685	1.53541557342574	1.79740122855878
1.82355429287917	1.27688170580651	1.54019120600409	1.80324902504704
1.83017387487992	1.28455099362417	1.54433169629547	1.81025023863787
1.83679345688066	1.28836477583506	1.55054231564472	1.81196244520348
1.84341303888141	1.29530165087892	1.55790093913196	1.81467439299132
1.85003262088216	1.2971733868567	1.56183368459938	1.82331378540104
1.85665220288291	1.30534046914454	1.56594368402894	1.82815439225006
1.86327178488365	1.31188223222862	1.57302830032449	1.83479839959121
1.8698913668844	1.32013773222873	1.57861375460737	1.83746332971353
1.87651094888515	1.32274916420868	1.58342245174896	1.84341871013067
1.88313053088589	1.32823051041336	1.58919028606761	1.85033427258189
1.88975011288664	1.33120780174597	1.59592049535499	1.8520940410256
1.89636969488739	1.34059892236274	1.59963162965537	1.85963483777075
1.90298927688813	1.34332005589206	1.60740634513627	1.86560427825124
1.90960885888888	1.3541237158886	1.61191459605257	1.87693620407777
1.91622844088963	1.35043743720843	1.61620871724713	1.8767659945173
1.92284802289038	1.35887289259708	1.62371832527083	1.88414371341393
1.92946760489112	1.36607563556461	1.62860876794364	1.89313740792949
1.93608718689187	1.37561878154583	1.63664916603947	1.89540609354295
1.94270676889262	1.38520224478322	1.64022672451067	1.90085440477002
1.94932635089336	1.38220043558085	1.64577030346823	1.90589036976084
1.95594593289411	1.38884098205585	1.65026256449909	1.91128295586181
1.96256551489486	1.39293486049237	1.65518038575254	1.91799554506461
1.96918509689561	1.40163446044594	1.66279138882938	1.92061197052931
1.97580467889635	1.40406431141475	1.66734223972134	1.92815589842558
1.9824242608971	1.41203022797276	1.67217030656307	1.93334759263707
1.98904384289785	1.41205507091851	1.68014839681202	1.94103497159074
1.99566342489859	1.42112307325908	1.68291327966736	1.94370587946589
2.00228300689934	1.43116430668237	1.6889464071468	1.95310105425122
2.00890258890009	1.43572197994244	1.69611308574786	1.95799501420427
2.01552217090084	1.43952763141931	1.70083823164389	1.96290265293294
2.02214175290158	1.44294596312335	1.70645825977681	1.96557470135856
2.02876133490233	1.44987504414558	1.71278063653453	1.97256256922052
2.03538091690308	1.45411461197337	1.71909937726346	1.97934119695828
2.04200049890382	1.46100942772526	1.72266112374418	1.98396372956413
2.04862008090457	1.46861505666181	1.72804648917388	1.9847684612807
2.05523966290532	1.46987007467259	1.73524898527433	1.99769653695072
2.06185924490606	1.47996460314526	1.74060483749338	1.99931226945948
2.06847882690681	1.4797139513427	1.74523337516616	2.01008832813427
2.07509840890756	1.49248911612726	1.75047152859596	2.0117905334301
2.08171799090831	1.50029632696306	1.75838519563373	2.02352700690462
2.08833757290905	1.50046687873896	1.76330784472008	2.02580652606165
2.0949571549098	1.51014503368397	1.76919631018572	2.02875252651182
2.10157673691055	1.51037695079932	1.7728050388902	2.034903692133
2.10819631891129	1.52120547189754	1.77806753674548	2.0375303163216
2.11481590091204	1.52426575430676	1.78346538141714	2.04360662844871
2.12143548291279	1.53041738096383	1.78926617722127	2.05151810605358
2.12805506491354	1.53338592699725	1.79675924149879	2.06218465655541
2.13467464691428	1.53837056776034	1.80198766535517	2.05800022120167
2.14129422891503	1.54281078266285	1.80593222633767	2.0691620263258
2.14791381091578	1.55385290538568	1.81106287646501	2.07568300071348
2.15453339291652	1.5569715365335	1.82001307280839	2.08057596227656
2.16115297491727	1.55850012518896	1.82526950174318	2.08379559052655
2.16777255691802	1.56886288248401	1.83080183230495	2.09139852583007
2.17439213891877	1.57756927835189	1.83743708491981	2.09427691238933
2.18101172091951	1.57954354098455	1.84296301736214	2.10302527713378
2.18763130292026	1.58391711684798	1.84752813103576	2.10886848387395
2.19425088492101	1.58693300037722	1.85075675917195	2.11481591431818
2.20087046692175	1.59849603284042	1.8578978547749	2.1180456871253
2.2074900489225	1.60260543347989	1.86555675807236	2.12794547245972
2.21410963092325	1.60483502302149	1.86935289444507	2.13154514419908
2.220729212924	1.61129129597902	1.87423849874914	2.1333033856744
2.22734879492474	1.61875722475065	1.87840218204931	2.13968142350859
2.23396837692549	1.62228612833339	1.88723412610418	2.15156444357558
2.24058795892624	1.62451285721677	1.89000720669267	2.14878039504277
2.24720754092698	1.63823788838324	1.89755473523617	2.16171483715844
2.25382712292773	1.6431128121984	1.90312286593799	2.16368262273009
2.26044670492848	1.64163210840764	1.90737424332	2.17379396569391
2.26706628692923	1.65189624025485	1.91315839501406	2.17705321749639
2.27368586892997	1.6609359244803	1.92008142806061	2.18544579240987
2.28030545093072	1.66049933417985	1.92717682898616	2.18845718334745
2.28692503293147	1.66648757982486	1.93080474444641	2.19098981137641
2.29354461493221	1.67456589906052	1.93548710545771	2.19493136729772
2.30016419693296	1.67919490350069	1.94086528770397	2.20473176287591
2.30678377893371	1.68251458598021	1.94675911381424	2.20916295239307
2.31340336093446	1.69030061180677	1.95155373568173	2.21614328494852
2.3200229429352	1.69266243379896	1.95982354438064	2.21829934295458
2.32664252493595	1.69412018748494	1.96278549237149	2.22463631586781
2.3332621069367	1.70962264556106	1.96942352528471	2.23327474920382
2.33988168893744	1.71335550826642	1.97574510274317	2.23408967203507
2.34650127093819	1.71868748382283	1.98041440906581	2.24248375516472
2.35312085293894	1.72407190104102	1.98679760455646	2.24772618425163
2.35974043493968	1.73212247484362	1.99425945040494	2.25592358709213
2.36636001694043	1.72828533659578	1.99466887333683	2.25789475717795
2.37297959894118	1.73851848758855	2.00193115495661	2.26479567613601
2.37959918094193	1.74110980993072	2.00808453250374	2.26811214215685
2.38621876294267	1.74981603428988	2.01500856111153	2.27908099866029
2.39283834494342	1.75190672886387	2.0194801235756	2.27812749479422
2.39945792694417	1.76496513880209	2.02643267495747	2.28529141381178
2.40607750894491	1.76487637517001	2.03048790855729	2.29440084649681
2.41269709094566	1.77289915004403	2.0357322808668	2.29877854833633
2.41931667294641	1.77835490780762	2.0436877715001	2.30135328841129
2.42593625494716	1.78426143823809	2.04757707084403	2.31101977612206
2.4325558369479	1.78948911928669	2.0508692216963	2.31505846569278
2.43917541894865	1.79115081454229	2.05985794772094	2.31993449866264
2.4457950009494	1.8039276510391	2.06350727256984	2.32863463504099
2.45241458295014	1.80328543765103	2.06970489722331	2.33361934268428
2.45903416495089	1.80915936205661	2.07557090221246	2.34156575103373
2.46565374695164	1.82112034195237	2.08149927820077	2.34418846679758
2.47227332895239	1.82449624866915	2.08726800874253	2.35307291461416
2.47889291095313	1.83018041914083	2.09115068229379	2.35407102166789
2.48551249295388	1.83496605231768	2.0972060811309	2.36079080563659
2.49213207495463	1.842285251047	2.10310613720178	2.37308605485829
2.49875165695537	1.84937969613265	2.10727002140442	2.36889475549627
2.50537123895612	1.84793741095226	2.11435753252523	2.38036044801272
2.51199082095687	1.8543496302066	2.11900315923168	2.38588443283405
2.51861040295762	1.86202306081002	2.1244688511058	2.39045899626827
2.52522998495836	1.8707705069629	2.13306243081798	2.39626746397033
2.53184956695911	1.86934310625192	2.13659502559942	2.39715669158746
2.53846914895986	1.88048432934705	2.14398562764646	2.40316077363372
2.5450887309606	1.88242572790811	2.14920106339858	2.41659525497163
2.55170831296135	1.88977599676272	2.15425550603849	2.4193139314621
2.5583278949621	1.89352095483556	2.16099002825287	2.42163991713414
2.56494747696284	1.90169469365511	2.16779130843324	2.42523198078395
2.57156705896359	1.90757090005942	2.17138595780013	2.44023998022344
2.57818664096434	1.90948354109565	2.17550195639327	2.43853712522706
2.58480622296509	1.91375811381423	2.18064417491462	2.44304257062663
2.59142580496583	1.92439812348516	2.18730193462512	2.45574162415822
2.59804538696658	1.92932758127066	2.19029090291621	2.46137036396614
2.60466496896733	1.93134562070719	2.19756546866038	2.46277251404464
2.61128455096807	1.93953097911638	2.2057906135364	2.46677629297973
2.61790413296882	1.94524106642018	2.20980045396722	2.47467485238229
2.62452371496957	1.95349170889871	2.21756925464318	2.4806964091953
2.63114329697032	1.96097652600924	2.22008835241332	2.48412196920672
2.63776287897106	1.96059859849198	2.22668163625523	2.49169316275787
2.64438246097181	1.96157689174445	2.23259673153455	2.49624811846876
2.65100204297256	1.97230502384968	2.23851339002044	2.50040488178772
2.6576216249733	1.97102414336009	2.24394244514256	2.51210414477956
2.66424120697405	1.98464210652876	2.25149453564772	2.51484234872222
2.6708607889748	1.9949101951976	2.25294447039543	2.51924750706189
2.67748037097555	1.99809357758854	2.26016927051836	2.52376723497182
2.68409995297629	1.99912816922848	2.26689714314197	2.52988944705453
2.69071953497704	2.00065105286979	2.27123869667689	2.53468275357891
2.69733911697779	2.01300893108681	2.27745421120793	2.54447820506433
2.70395869897853	2.01770154894635	2.28232692757104	2.54652488069863
2.71057828097928	2.02695295921457	2.28863300054731	2.55525984712985
2.71719786298003	2.02253286758801	2.29200339367865	2.55928289101055
2.72381744498077	2.03076013235812	2.29915434585103	2.56541716084666
2.73043702698152	2.0389100731677	2.30753372008769	2.56547601898882
2.73705660898227	2.04512683717904	2.31082839672411	2.57252098942954
2.74367619098302	2.04795220322393	2.31460218723326	2.58066360548195
2.75029577298376	2.05558583181864	2.32264267868021	2.58273823078708
2.75691535498451	2.06457909777963	2.32749608796097	2.59281336995259
2.76353493698526	2.06621904035143	2.33347224153789	2.60433535944275
2.770154518986	2.07497068179957	2.3398390783863	2.5981060081613
2.77677410098675	2.07366285031118	2.34246443992564	2.60952429088053
2.7833936829875	2.08443435055859	2.34879298657588	2.61249643276365
2.79001326498825	2.0889796744213	2.35560611284328	2.62056465106789
2.79663284698899	2.09543172499798	2.36032097649717	2.62402198072901
2.80325242898974	2.10048131468289	2.36549628233058	2.63695256905852
2.80987201099049	2.10885663867411	2.37172487118692	2.63602583835487
2.81649159299123	2.11208753696303	2.37503160462709	2.64032210377762
2.82311117499198	2.12239636078715	2.38485684523418	2.646124126826
2.82973075699273	2.12193055246044	2.38871847819649	2.65632210475806
2.83635033899348	2.1289209589879	2.39298688404359	2.66043610126193
2.84296992099422	2.13486983209775	2.4000183015285	2.66444300809537
2.84958950299497	2.14175480356871	2.40447044915682	2.6732120099665
2.85620908499572	2.1479778373609	2.41051668807627	2.67551692967985
2.86282866699646	2.14732419860974	2.41500914038349	2.67930042275831
2.86944824899721	2.15582353283964	2.4223589682799	2.68793844083528
2.87606783099796	2.16512722473965	2.42815725124463	2.69309416256686
2.88268741299871	2.1663823766969	2.43319873495104	2.69739928234341
2.88930699499945	2.17459302454478	2.43897366709097	2.70566627524472
2.8959265770002	2.17844092010274	2.44539307590957	2.70942551241537
2.90254615900095	2.18466933493362	2.44820717237954	2.71354598464726
2.90916574100169	2.18641623566812	2.45385137983332	2.72024665555542
2.91578532300244	2.19481851271312	2.46262215303592	2.72876484716258
2.92240490500319	2.19696056858698	2.46582709561225	2.73222908012361
2.92902448700394	2.20320113344281	2.47012282685774	2.7389404358029
2.93564406900468	2.21306074802431	2.47924063237976	2.74416313282972
2.94226365100543	2.22049697471686	2.48304962942646	2.7464710999061
2.94888323300618	2.22025433368504	2.48942372609984	2.7534660990774
2.95550281500692	2.22843234333031	2.49644963433249	2.76380341891718
2.96212239700767	2.23490233712317	2.50089595355077	2.76949265982038
2.96874197900842	2.24123010823243	2.50580394349284	2.77065594101944
2.97536156100917	2.2421274717128	2.51100326438498	2.77616814847009
2.98198114300991	2.25292020923906	2.5178892814042	2.78327192314603
2.98860072501066	2.25369356797316	2.52372317164311	2.79040714824655
2.99522030701141	2.26312446686542	2.52873751749937	2.79331383160268
3.00183988901215	2.26390794902442	2.534406607879	2.80201632310558
3.0084594710129	2.27297323166683	2.53968617128747	2.80451318514416
3.01507905301365	2.27934256958427	2.54645534713492	2.81140636620938
3.0216986350144	2.27974653848995	2.55176315286947	2.81875883299644
3.02831821701514	2.29109871966135	2.55735206633496	2.82271323507256
3.03493779901589	2.29436409178367	2.56223154036058	2.83367089083937
3.04155738101664	2.29871326862996	2.56561118232703	2.83001834804098
3.04817696301738	2.30358815415089	2.57222796308455	2.84242246378079
3.05479654501813	2.31586247587881	2.57827110388832	2.83878089822175
3.06141612701888	2.31848681711779	2.58424805408993	2.85679034843469
3.06803570901962	2.32170768564242	2.58941701858571	2.85429471662019
3.07465529102037	2.32829858116182	2.59560965522309	2.85890049320589
3.08127487302112	2.3333900400387	2.60158397675141	2.87019904703161
3.08789445502187	2.34135926032952	2.60530666899663	2.87125249788066
3.09451403702261	2.34240989032419	2.61154739426847	2.87802864106187
3.10113361902336	2.35180133818475	2.6182461656006	2.88615150024924
3.10775320102411	2.3558204830295	2.62364366387364	2.8870012085808
3.11437278302485	2.36132689464548	2.63001489197098	2.8966269433889
3.1209923650256	2.37005868503671	2.63475640108911	2.90504338193228
3.12761194702635	2.37231175375756	2.63715210740321	2.90899647910365
3.1342315290271	2.37678837196811	2.6452396939931	2.91161805841396
3.14085111102784	2.38327718997544	2.65128393223239	2.9135009078719
3.14747069302859	2.38555875743454	2.65566272909568	2.92456172520858
3.15409027502934	2.39707041482304	2.66229689663165	2.92948858916029
3.16070985703008	2.40048230293311	2.66720980412095	2.93507757556483
3.16732943903083	2.40418659004224	2.67465750164239	2.9432326242379
3.17394902103158	2.40886433860441	2.67923367336342	2.94238460173391
3.18056860303233	2.4136763743176	2.68540536434084	2.9520121693365
3.18718818503307	2.42328823886036	2.69081169252492	2.95459282145303
3.19380776703382	2.42878704429364	2.69585801251544	2.96409131739888
3.20042734903457	2.43262432952175	2.70306010122191	2.97046750666064
3.20704693103531	2.43639396835016	2.7083684143285	2.97309270836823
3.21366651303606	2.44456772634232	2.71124666394554	2.97891773263666
3.22028609503681	2.45283267524023	2.71800888830274	2.9855514083061
3.22690567703755	2.45733852699567	2.72446854269158	2.99294707719719
3.2335252590383	2.46507278747004	2.72903922029775	2.99547384935483
3.24014484103905	2.4632059109205	2.73336134272728	3.00205223904116
3.2467644230398	2.47259634141433	2.74038533409916	3.00854616891419
3.25338400504054	2.48066440734242	2.74722760492307	3.01576460339534
3.26000358704129	2.48084823506689	2.74910072759187	3.01978992482072
3.26662316904204	2.49039596929276	2.75573107783435	3.02131832535999
3.27324275104278	2.49820510497553	2.76156456452049	3.02890129832159
3.27986233304353	2.50108126479099	2.76686980419756	3.04075716964827
3.28648191504428	2.50671925962782	2.77427859021121	3.04267777515006
3.29310149704503	2.5096177129063	2.78027696024435	3.05309157920903
3.29972107904577	2.51447851922316	2.78544197321178	3.05755125313598
3.30634066104652	2.51946518379221	2.79034448948291	3.0580208784196
3.31296024304727	2.52586541099371	2.79392437000199	3.0630471326663
3.31957982504801	2.53148036559359	2.80195566628398	3.07144855391563
3.32619940704876	2.53577072775934	2.80558902978077	3.07628747720239
3.33281898904951	2.54224344690752	2.81273736870277	3.07993086712279
3.33943857105026	2.54848405228146	2.81947608910108	3.08716945054205
3.346058153051	2.56117755557011	2.82287700409628	3.09205786142902
3.35267773505175	2.56028011486281	2.82826530872399	3.09918506533743
3.3592973170525	2.56601780796002	2.83536373542496	3.10083016872587
3.36591689905324	2.56705705080182	2.84173775447449	3.10756977121669
3.37253648105399	2.5782601340165	2.84670750322121	3.11745971959748
3.37915606305474	2.58373887227761	2.85254363467441	3.12030427608228
3.38577564505549	2.58974248762227	2.85544922804417	3.12813127575814
3.39239522705623	2.59823259961209	2.86493609643875	3.13454545416054
3.39901480905698	2.60212020235723	2.87033894210611	3.14250554233199
3.40563439105773	2.60542086324506	2.87402630697902	3.1450340487351
3.41225397305847	2.61342350193329	2.87892580236121	3.15243007942126
3.41887355505922	2.61726877471284	2.88474888821424	3.1541664714184
3.42549313705997	2.62219413000397	2.88832002985406	3.16053497781212
3.43211271906072	2.62559310950576	2.89697751770996	3.16576181483492
3.43873230106146	2.62676530337624	2.90155452068703	3.17371626608162
3.44535188306221	2.63701727588314	2.90758314235515	3.17923918105206
3.45197146506296	2.64148926292336	2.91431727127996	3.18409390223041
3.4585910470637	2.64975920507145	2.91970111757453	3.1852568890054
3.46521062906445	2.65465420500821	2.9241476770882	3.19798180651422
3.4718302110652	2.65903942777235	2.92971762964357	3.19744497874224
3.47844979306595	2.66786840433812	2.93425180034319	3.20312950735365
3.48506937506669	2.67176752633227	2.94103043513243	3.21092617547612
3.49168895706744	2.67558568793992	2.94687198900849	3.21525119229629
3.49830853906819	2.68048049940344	2.95167881667388	3.22063757463485
3.50492812106893	2.68788281120067	2.95803340621308	3.23178835646943
3.51154770306968	2.69678115732021	2.96198145638799	3.23521292507963
3.51816728507043	2.70168849444121	2.96853888127008	3.24110540348903
3.52478686707117	2.70643534297985	2.97564796631332	3.24307615897474
3.53140644907192	2.71504516315247	2.98065922249021	3.25098820041824
3.53802603107267	2.71797790937697	2.9840582579514	3.25430948253299
3.54464561307342	2.72144637188557	2.99021928334679	3.26585901607777
3.55126519507416	2.7238943463398	2.99742977004034	3.27139360142498
3.55788477707491	2.73261821655735	3.00306203012267	3.26951515959899
3.56450435907566	2.73740950811103	3.0071173841362	3.27951110233939
3.5711239410764	2.74838814815463	3.01298515177747	3.28829089072544
3.57774352307715	2.75002627966383	3.01955694908683	3.29177946056453
3.5843631050779	2.74996341304427	3.02558524097044	3.29595500925525
3.59098268707865	2.75757766514312	3.03150737137586	3.30292547225001
3.59760226907939	2.76528429357759	3.03829264651292	3.30968306638378
3.60422185108014	2.77465827895506	3.04038094886189	3.31055072915936
3.61084143308089	2.77273648936767	3.04781177340668	3.31431106304813
3.61746101508163	2.77834241701082	3.05482103334897	3.3285156714005
3.62408059708238	2.78870242817973	3.05767278237374	3.3303496242411
3.63070017908313	2.79152700835318	3.06390397275506	3.3359774096559
3.63731976108388	2.79651436236175	3.06813530342281	3.33849670045175
3.64393934308462	2.80715255063676	3.07421612035732	3.34704331796077
3.65055892508537	2.8126742676094	3.07983900236215	3.35098968092333
3.65717850708612	2.81437860200779	3.08816116151086	3.35523633536501
3.66379808908686	2.82394700139446	3.09336890570227	3.35957911326335
3.67041767108761	2.82765446171596	3.09805095287494	3.36552771954345
3.67703725308836	2.83060363811109	3.10279845402716	3.3740216402828
3.68365683508911	2.83567671567406	3.10942553852815	3.38374485162437
3.69027641708985	2.84264720171912	3.1126368629582	3.38873542030159
3.6968959990906	2.8518716313217	3.12244941975126	3.39231640020506
3.70351558109135	2.84919148953806	3.12458605713646	3.3973977882352
3.71013516309209	2.85509361123257	3.12998604853421	3.40722225428881
3.71675474509284	2.86481331401678	3.13804118728591	3.40932870890944
3.72337432709359	2.8682140518437	3.14147527109639	3.41391689533114
3.72999390909433	2.87659886340747	3.14667499343969	3.42200191341217
3.73661349109508	2.87849878915053	3.15302973506489	3.4239911589725
3.74323307309583	2.88815175243456	3.1601009444432	3.43091667852619
3.74985265509658	2.88843972689359	3.16456210805642	3.43502235810914
3.75647223709732	2.89700487764091	3.17128738370618	3.44306092986545
3.76309181909807	2.90430690843561	3.17572122550379	3.45097710725825
3.76971140109882	2.9097674924915	3.18098571952459	3.45012031676404
3.77633098309956	2.91685699803597	3.18786269755418	3.45893497215466
3.78295056510031	2.92009828518171	3.193376142864	3.46748677003308
3.78957014710106	2.92221523385251	3.19906349260003	3.46576829828878
3.79618972910181	2.9313256649912	3.20235306233691	3.47211851210851
3.80280931110255	2.93545863018666	3.21065233656905	3.48549663422816
3.8094288931033	2.93807986615594	3.21580249490525	3.4884202229261
3.81604847510405	2.94759308685941	3.22074765204872	3.49423215604473
3.82266805710479	2.95426118117325	3.22537367221785	3.49740953795217
3.82928763910554	2.96384713294256	3.23285561643928	3.50773585997207
3.83590722110629	2.96340848052821	3.23487983713988	3.50863937881355
3.84252680310703	2.9742887716791	3.24243763103705	3.51187831556433
3.84914638510778	2.97979074830588	3.24957805552516	3.52252890737563
3.85576596710853	2.97647804820598	3.25136878479775	3.52650039717221
3.86238554910928	2.98679814567389	3.26087894482318	3.53388055217824
3.86900513111002	2.99250836098576	3.26563246765691	3.53105852881569
3.87562471311077	3.00096869850799	3.27061216673029	3.54100374829533
3.88224429511152	3.00693671717237	3.27801463201714	3.5514366314152
3.88886387711226	3.01110733289792	3.28318688782985	3.55862430748387
3.89548345911301	3.01566632285278	3.29012530118548	3.55797283100764
3.90210304111376	3.0194387904383	3.29201095092766	3.56877145998474
3.90872262311451	3.02080724576969	3.2970176923936	3.57046355900581
3.91534220511525	3.02930802648318	3.30272476636137	3.57693215336619
3.921961787116	3.03789217506086	3.30786117286465	3.58413021042581
3.92858136911675	3.04660154164287	3.31665336608733	3.59034028678103
3.93520095111749	3.05101424112747	3.32235961965981	3.59862760125667
3.94182053311824	3.0507279585827	3.32531417282746	3.60025737748159
3.94844011511899	3.05689238886499	3.33515934475924	3.60946636519264
3.95505969711974	3.06130761288372	3.33933294194448	3.61126961462577
3.96167927912048	3.06995643180752	3.34407124136776	3.61805692568982
3.96829886112123	3.0772801154181	3.34812515137195	3.62041672966902
3.97491844312198	3.07550165738424	3.35215011910426	3.62718657127015
3.98153802512272	3.08465987433446	3.35994925810279	3.63733358987369
3.98815760712347	3.09357658499859	3.36483034546167	3.64307649464754
3.99477718912422	3.09496715527203	3.37289005983851	3.64663821368255
4.00139677112497	3.10090206953923	3.37550566072712	3.65159164866474
4.00801635312571	3.10473757273106	3.38459815789021	3.65695186121534
4.01463593512646	3.11368334173968	3.388234539769	3.6651426370064
4.02125551712721	3.1218678874061	3.39427538292789	3.66306667161802
4.02787509912795	3.12766549877633	3.40039186645859	3.67419333801643
4.0344946811287	3.1298553040001	3.40551082563461	3.68360114872072
4.04111426312945	3.13483400545252	3.40955449288962	3.68499955781918
4.0477338451302	3.14281073646886	3.41498067207976	3.69366157859441
4.05435342713094	3.14571928657542	3.42168788906021	3.69732300363255
4.06097300913169	3.15301586982378	3.42779342347822	3.70155856477002
4.06759259113244	3.15916559502744	3.43148821726748	3.70765353939101
4.07421217313318	3.16507609456111	3.43796023593014	3.71249294603458
4.08083175513393	3.16707051922403	3.44553686898855	3.72028874042298
4.08745133713468	3.17129248679666	3.4486305938227	3.73080404255726
4.09407091913543	3.18438726346791	3.45533565921039	3.72875707470901
4.10069050113617	3.18447493527866	3.46289857990273	3.73680465040045
4.10731008313692	3.1899798360555	3.46785904593416	3.74368973712332
4.11392966513767	3.19689931236298	3.47214101308202	3.74143448968516
4.12054924713841	3.20451378268735	3.47747817976557	3.75290974633309
4.12716882913916	3.20438501224271	3.48271738450001	3.75603207266649
4.13378841113991	3.21648835003755	3.48906641174662	3.76688503183362
4.14040799314066	3.21811605030086	3.49343588416652	3.76999522220098
4.1470275751414	3.21790381872458	3.49937765510373	3.77944333953761
4.15364715714215	3.228598853981	3.50580704729046	3.78500162061049
4.1602667391429	3.23926744103998	3.51230213252776	3.78725753588285
4.16688632114364	3.24312367156803	3.51606969004428	3.79391290066282
4.17350590314439	3.24343833484886	3.52150715955764	3.79693070097554
4.18012548514514	3.24711292881218	3.52617562801289	3.80391728163801
4.18674506714589	3.25712761291958	3.53362068549679	3.81279775631101
4.19336464914663	3.25894744085076	3.53964398876192	3.81716597387079
4.19998423114738	3.27182760696207	3.54561195088344	3.81664075374199
4.20660381314813	3.26840351718968	3.55086398653617	3.82522164854109
4.21322339514887	3.28049463110645	3.55744398218399	3.8366659271344
4.21984297714962	3.28286143260854	3.56168358916384	3.84086780166885
4.22646255915037	3.2923143000579	3.56644676064333	3.84403849316009
4.23308214115112	3.29524462579119	3.57349465463566	3.8511904242607
4.23970172315186	3.30287848017701	3.57751779201374	3.85755971797577
4.24632130515261	3.30791166785577	3.58094412601312	3.86025469356767
4.25294088715336	3.3102544699343	3.5890889484129	3.86875567307525
4.2595604691541	3.31725980343921	3.59440251648683	3.86987505678718
4.26618005115485	3.32414244783958	3.60139896958984	3.8812850123231
4.2727996331556	3.32878616020724	3.60620744043692	3.87817529289969
4.27941921515634	3.33855496833255	3.61227791519253	3.88899300887265
4.28603879715709	3.33734014900236	3.61674415367167	3.89406288221823
4.29265837915784	3.34395491978403	3.62299403701937	3.89946462004792
4.29927796115859	3.35446116860275	3.62873392526268	3.90714971403882
4.30589754315933	3.35822986613611	3.63370122521478	3.91539751358217
4.31251712516008	3.36064947977123	3.6382603743005	3.91926191892174
4.31913670716083	3.36560135845286	3.64422928551097	3.91957838140337
4.32575628916157	3.37564308534029	3.65014311845425	3.9282344744068
4.33237587116232	3.37697940307533	3.65903550920096	3.93496824688276
4.33899545316307	3.3850266701167	3.6605290077369	3.93372012359301
4.34561503516382	3.38921647237089	3.66896045414441	3.94518458050145
4.35223461716456	3.3946961150018	3.67266835705151	3.95051111370814
4.35885419916531	3.39530325994825	3.67824554189653	3.95552679954352
4.36547378116606	3.40313818019702	3.68515351934823	3.96070251545615
4.3720933631668	3.41222641488054	3.69028235197588	3.96397052999454
4.37871294516755	3.41880789923291	3.69528192511907	3.97733411599518
4.3853325271683	3.42213163574991	3.70096023090481	3.9793886842713
4.39195210916905	3.42981002615237	3.70733918403545	3.98785410666231
4.39857169116979	3.43217725290086	3.71220036143281	3.98773050514693
4.40519127317054	3.43606895109037	3.71830574141289	3.99438626106785
4.41181085517129	3.44662145044045	3.72471942326463	3.99887315121725
4.41843043717203	3.44479208932	3.72833204124675	4.00854356898504
4.42505001917278	3.45802054051474	3.73265173776605	4.01251573293817
4.43166960117353	3.4614869459462	3.73898770658513	4.02032337771181
4.43828918317428	3.46332093507894	3.74497570892021	4.02186407130461
4.44490876517502	3.47408248910766	3.75200121811355	4.02798745025981
4.45152834717577	3.48013279018866	3.75564109373223	4.03233441790937
4.45814792917652	3.48182703355342	3.76067552690561	4.03944285759307
4.46476751117726	3.48683383495553	3.77020537572531	4.04658793693163
4.47138709317801	3.49291561870205	3.77437680562557	4.0476673990925
4.47800667517876	3.5003371533338	3.7800480973802	4.05688250659732
4.4846262571795	3.50153150373616	3.78261274812423	4.06231855859346
4.49124583918025	3.50899555066871	3.79056205919842	4.06906318848434
4.497865421181	3.51519798496624	3.79537654184745	4.07799084562805
4.50448500318175	3.52310184840131	3.80172753844621	4.08029497785722
4.51110458518249	3.52917189924665	3.80895303360165	4.08874491722238
4.51772416718324	3.53108528062568	3.81420693707761	4.09452077048409
4.52434374918399	3.54144802031661	3.81824189551902	4.088932034189
4.53096333118473	3.54150433020308	3.82241118376278	4.10632066411894
4.53758291318548	3.54921737932092	3.82759268080054	4.11107254209172
4.54420249518623	3.5539986002505	3.83463473952128	4.11620002928573
4.55082207718698	3.55900616952833	3.84191116886025	4.11892386163327
4.55744165918772	3.56448560001585	3.84523539620398	4.12991023076321
4.56406124118847	3.57425427487669	3.85049404985551	4.13212605929278
4.57068082318922	3.57098554658935	3.85588764623693	4.1349463881375
4.57730040518996	3.58178173427835	3.86230443539519	4.14855805695288
4.58391998719071	3.58817495232174	3.86869665732996	4.14915579140871
4.59053956919146	3.60098592236449	3.87435709762233	4.15415608245327
4.5971591511922	3.60258850998604	3.88185056084982	4.16245857145267
4.60377873319295	3.60505912945961	3.88653982381506	4.1647136502032
4.6103983151937	3.613399094122	3.8890516202589	4.16553387320685
4.61701789719445	3.61241195229031	3.89492279783462	4.18157655841389
4.62363747919519	3.62233377063273	3.90283085071443	4.17900918068254
4.63025706119594	3.62732019084571	3.90732328437212	4.18781932006235
4.63687664319669	3.63225653394181	3.91229867265044	4.196819548798
4.64349622519743	3.63402917869734	3.91651184453605	4.20236111635562
4.65011580719818	3.64568014082346	3.9248248263212	4.19681621926582
4.65673538919893	3.64715539585521	3.92980531079248	4.21487054194437
4.66335497119968	3.6597816899449	3.93696271492403	4.21547939774965
4.66997455320042	3.65674059291775	3.94140208910605	4.22546932437162
4.67659413520117	3.66935973482097	3.94848565392086	4.23115198436106
4.68321371720192	3.67320474325002	3.95131465767693	4.23775812751082
4.68983329920266	3.67460657841455	3.95791140397747	4.24035230868286
4.69645288120341	3.68381330795722	3.96412024018848	4.24477771396937
4.70307246320416	3.68821882985953	3.96691024584797	4.25137178556697
4.70969204520491	3.68815027454232	3.97405178129303	4.2573784348559
