"mitochan"	"lwrNorm"	"medNorm"	"uprNorm"
-1.90327037354145	-3.48321848237661	-2.33899130230831	-1.20622766082046
-1.89755293934577	-3.46398621919986	-2.33860669809949	-1.19732683191684
-1.8918355051501	-3.45932447007216	-2.32648020215484	-1.19306458600646
-1.88611807095443	-3.43514278790783	-2.31727387826467	-1.17600939527695
-1.88040063675875	-3.44311770030841	-2.31175660175751	-1.1769656524597
-1.87468320256308	-3.4239744483943	-2.31084158829195	-1.1780358761074
-1.8689657683674	-3.42028067991279	-2.30079858092368	-1.16449206599446
-1.86324833417173	-3.41101619834768	-2.29209129246383	-1.18245323514828
-1.85753089997605	-3.39903637762442	-2.28470920946113	-1.17075151373169
-1.85181346578038	-3.39905158621616	-2.27973268138114	-1.16188261287205
-1.8460960315847	-3.37129381234078	-2.27676414395892	-1.16311090618379
-1.84037859738903	-3.37204494009327	-2.26115121693292	-1.16373930009251
-1.83466116319335	-3.37103215363079	-2.25731322446943	-1.15567795422123
-1.82894372899768	-3.36158361695721	-2.2513174715511	-1.14872075913917
-1.82322629480201	-3.35003701891913	-2.24427236893358	-1.14362926042774
-1.81750886060633	-3.33416414292531	-2.23963573437011	-1.1448635174002
-1.81179142641066	-3.32839748609959	-2.23236200756353	-1.13428147009983
-1.80607399221498	-3.30614053013329	-2.22596694334858	-1.12489716635486
-1.80035655801931	-3.30617345659712	-2.2175982213255	-1.12283140192586
-1.79463912382363	-3.29312788544551	-2.21170163444771	-1.12841569678802
-1.78892168962796	-3.28792814013295	-2.20504637723753	-1.12118403102601
-1.78320425543228	-3.28123557645808	-2.19460727480968	-1.11455320850353
-1.77748682123661	-3.26765662248902	-2.19096973724947	-1.10055299629817
-1.77176938704093	-3.24914054420872	-2.18029179268625	-1.10226296997936
-1.76605195284526	-3.24006141374106	-2.17476002507897	-1.10367407172394
-1.76033451864959	-3.2461808141825	-2.17013862790287	-1.09285966793093
-1.75461708445391	-3.23315279733695	-2.16332332423965	-1.07995158948443
-1.74889965025824	-3.23029855303675	-2.15718984110877	-1.07506097959898
-1.74318221606256	-3.21438843762229	-2.14770311188643	-1.07979297862038
-1.73746478186689	-3.21420735622115	-2.14368283610164	-1.06759713364268
-1.73174734767121	-3.19129984069892	-2.13452659735422	-1.07650665634815
-1.72602991347554	-3.18315775994511	-2.134619229994	-1.0579678840897
-1.72031247927986	-3.17839011187228	-2.12030311426724	-1.0628409780339
-1.71459504508419	-3.18457692918115	-2.11212764190553	-1.05058700425431
-1.70887761088851	-3.15902718604459	-2.10871945026802	-1.04807980724771
-1.70316017669284	-3.15857765796564	-2.10436615460529	-1.04128278500287
-1.69744274249717	-3.1387065052858	-2.0917442883674	-1.03702417301387
-1.69172530830149	-3.13459783469685	-2.0901105329946	-1.03665876420845
-1.68600787410582	-3.1247295844252	-2.07881812501419	-1.03255288780534
-1.68029043991014	-3.12041156732201	-2.07220945500008	-1.02399507053447
-1.67457300571447	-3.11557288177554	-2.06498758264896	-1.01670890617283
-1.66885557151879	-3.09609625847677	-2.06020346633916	-1.01962962847421
-1.66313813732312	-3.08766474732267	-2.05138316012004	-1.02211700312553
-1.65742070312744	-3.07845606493631	-2.04790696771315	-1.0045805317418
-1.65170326893177	-3.07223889051972	-2.04220329884607	-1.00504883280305
-1.64598583473609	-3.06632211713151	-2.0307044842557	-1.00905716893649
-1.64026840054042	-3.04855409302357	-2.02453090061077	-0.992371325637988
-1.63455096634475	-3.04396490948263	-2.01829827427118	-0.991871543099191
-1.62883353214907	-3.04065319497773	-2.01493811116634	-0.989011193491993
-1.6231160979534	-3.0278191745156	-2.00397165730348	-0.982488238614062
-1.61739866375772	-3.01241459569285	-1.99707043281659	-0.975358186326473
-1.61168122956205	-3.01340381262855	-1.98691382510468	-0.973726698428913
-1.60596379536637	-2.99353417048894	-1.98604147018066	-0.976135036463394
-1.6002463611707	-2.98666182714275	-1.97694157823989	-0.967648301340712
-1.59452892697502	-2.98613871221141	-1.97131843086739	-0.95924202082649
-1.58881149277935	-2.96529863182627	-1.96396447757436	-0.95358754749158
-1.58309405858367	-2.95866582329913	-1.95894055224938	-0.945551832790877
-1.577376624388	-2.94745801294228	-1.95427324052148	-0.949317102537809
-1.57165919019233	-2.94605223148503	-1.94223365307137	-0.941807098718871
-1.56594175599665	-2.93380842027902	-1.93481646667605	-0.93886538177119
-1.56022432180098	-2.93028835931142	-1.92812009988358	-0.935424200457097
-1.5545068876053	-2.91708696133511	-1.92293454348917	-0.927034155897195
-1.54878945340963	-2.90261906426594	-1.91652522219604	-0.914224068349698
-1.54307201921395	-2.89409517589533	-1.90907925417296	-0.914942808542115
-1.53735458501828	-2.89145112896773	-1.90761756115384	-0.914974663778115
-1.5316371508226	-2.87996615746477	-1.89608398124163	-0.909906407157489
-1.52591971662693	-2.86967827568178	-1.8865727657569	-0.905387757084071
-1.52020228243125	-2.86700354115723	-1.88442251849641	-0.911510080126562
-1.51448484823558	-2.85742052722953	-1.87574792813755	-0.892589996664097
-1.50876741403991	-2.84148837681562	-1.86800532258181	-0.883729786364509
-1.50304997984423	-2.83521332296528	-1.86396648995721	-0.880276905413346
-1.49733254564856	-2.82063988164332	-1.85822445523289	-0.882171315511061
-1.49161511145288	-2.81290883281759	-1.84789203664344	-0.882729883379681
-1.48589767725721	-2.81882065815124	-1.8409298162799	-0.878674366564788
-1.48018024306153	-2.79291647356298	-1.83214048991192	-0.868602874484303
-1.47446280886586	-2.7850315842471	-1.82459908123964	-0.868237404266173
-1.46874537467018	-2.77783366231456	-1.8189830033171	-0.858565967953489
-1.46302794047451	-2.77284266963234	-1.81225921454275	-0.857437102479628
-1.45731050627883	-2.7716465805737	-1.81007089517082	-0.845262661452929
-1.45159307208316	-2.75694767030777	-1.7998362363467	-0.83674156734944
-1.44587563788749	-2.74346546416392	-1.79173595822606	-0.843356781591687
-1.44015820369181	-2.7413273552071	-1.7875654180394	-0.822438494828383
-1.43444076949614	-2.71464881207395	-1.77940468324786	-0.836572204782179
-1.42872333530046	-2.71799804412768	-1.7716389038897	-0.826387147102661
-1.42300590110479	-2.70170207136992	-1.76219316379907	-0.809952407142707
-1.41728846690911	-2.68640774246026	-1.75940029226238	-0.814771904811365
-1.41157103271344	-2.67848926476378	-1.75236784490462	-0.827577550701228
-1.40585359851776	-2.67741119219793	-1.74539939949152	-0.795216230036459
-1.40013616432209	-2.6671704213784	-1.73388541109081	-0.79551708540079
-1.39441873012641	-2.65750633360112	-1.7329701175142	-0.796342453408606
-1.38870129593074	-2.65576462661518	-1.7239597700358	-0.790254750065914
-1.38298386173507	-2.64051406229526	-1.71685136052578	-0.793499752660166
-1.37726642753939	-2.63706947191309	-1.70965856630024	-0.783937451045605
-1.37154899334372	-2.61927216984483	-1.70636728494762	-0.781153969857864
-1.36583155914804	-2.62448531778321	-1.69378929997341	-0.76868819575301
-1.36011412495237	-2.61465885802124	-1.69017954853007	-0.768936314495706
-1.35439669075669	-2.60792252452259	-1.67916143321529	-0.765154931689114
-1.34867925656102	-2.59340054097064	-1.67711780003464	-0.76259415566952
-1.34296182236534	-2.58138896856022	-1.66956983442079	-0.758255167259494
-1.33724438816967	-2.56833535717871	-1.66352594461433	-0.744599923256886
-1.33152695397399	-2.56807406341216	-1.65698055052786	-0.740415706036129
-1.32580951977832	-2.5530770869348	-1.64918765906055	-0.743073038865403
-1.32009208558265	-2.54671882988626	-1.64497756796439	-0.735493083588613
-1.31437465138697	-2.533572572054	-1.63654379959818	-0.725343276260661
-1.3086572171913	-2.5227852748272	-1.62722422761168	-0.726027518428179
-1.30293978299562	-2.52357583510376	-1.62207531688946	-0.714785043787795
-1.29722234879995	-2.50533091870484	-1.61426728397919	-0.713054198145211
-1.29150491460427	-2.50590198827656	-1.61150831622123	-0.718929646274645
-1.2857874804086	-2.49150445568564	-1.60089064228239	-0.69917049222775
-1.28007004621292	-2.47517090263169	-1.59258930744759	-0.700049872553609
-1.27435261201725	-2.476247782508	-1.58754651433087	-0.703227221722691
-1.26863517782157	-2.47256572673156	-1.58216171832585	-0.701843216976815
-1.2629177436259	-2.45771628760395	-1.5722942550927	-0.690319689977484
-1.25720030943023	-2.44460736792533	-1.57037880917182	-0.690023414685535
-1.25148287523455	-2.43578634066407	-1.56094418579695	-0.6700245321576
-1.24576544103888	-2.4336907029073	-1.55417971881942	-0.673890245216819
-1.2400480068432	-2.43415361589639	-1.54894799092771	-0.669665729390598
-1.23433057264753	-2.41482321204374	-1.53664028437962	-0.658897228564192
-1.22861313845185	-2.41034959720095	-1.53340812464469	-0.660504188293664
-1.22289570425618	-2.3899490455469	-1.52734098776321	-0.655720937358186
-1.2171782700605	-2.3907482650222	-1.51756974973597	-0.648009947612088
-1.21146083586483	-2.37699848587387	-1.51523320125859	-0.644452253405088
-1.20574340166915	-2.37421027056633	-1.50653249437872	-0.633769395327191
-1.20002596747348	-2.3557000933828	-1.49734656791558	-0.631809355031105
-1.19430853327781	-2.36116916130979	-1.48901504760944	-0.623432520490767
-1.18859109908213	-2.33722060872211	-1.48451883494712	-0.629159685681544
-1.18287366488646	-2.32860347431198	-1.47798932297411	-0.613785391398808
-1.17715623069078	-2.32244447255761	-1.47126931791082	-0.603675802425446
-1.17143879649511	-2.31242775591017	-1.46286325762325	-0.600896868423794
-1.16572136229943	-2.29990508962231	-1.45791895671106	-0.601790223979619
-1.16000392810376	-2.30154226761984	-1.44944438714	-0.595240457220124
-1.15428649390808	-2.28397731900239	-1.44607240969986	-0.600674986133885
-1.14856905971241	-2.27645004476653	-1.43723683618928	-0.588101128571731
-1.14285162551673	-2.26733423249679	-1.42566733141782	-0.584243453045889
-1.13713419132106	-2.25353994230958	-1.42355952872784	-0.58279357928869
-1.13141675712539	-2.24783937478728	-1.41571025808858	-0.576398090759151
-1.12569932292971	-2.25224299423436	-1.41265215898707	-0.563887351943254
-1.11998188873404	-2.23648300865174	-1.39858984783745	-0.565023222035402
-1.11426445453836	-2.22358642146525	-1.39345222999357	-0.566241435805339
-1.10854702034269	-2.22216783416115	-1.39160174269047	-0.556857693233491
-1.10282958614701	-2.21475048866464	-1.38252468433712	-0.546798655962248
-1.09711215195134	-2.19641244333957	-1.37185686328399	-0.550355026630758
-1.09139471775566	-2.18884906839294	-1.36969905795782	-0.540774381559918
-1.08567728355999	-2.18048235328951	-1.35962270204291	-0.534670439502442
-1.07995984936431	-2.16631690936781	-1.3528945519675	-0.532884497430401
-1.07424241516864	-2.15877725950771	-1.3486864350279	-0.533354407970722
-1.06852498097297	-2.15252809190354	-1.34262332939187	-0.515787300681172
-1.06280754677729	-2.14874111498922	-1.33288356235891	-0.519802065746014
-1.05709011258162	-2.14031412922684	-1.32350581097497	-0.507803532224632
-1.05137267838594	-2.13947301689498	-1.319720025002	-0.505553054016859
-1.04565524419027	-2.11933305371842	-1.31509356319564	-0.496207565858501
-1.03993780999459	-2.10979010615714	-1.30566733796657	-0.495377453059919
-1.03422037579892	-2.10699613308589	-1.29760608107794	-0.494725968470181
-1.02850294160324	-2.10456497796341	-1.29333232802465	-0.486108632270418
-1.02278550740757	-2.08732661284043	-1.28285685338628	-0.490858333266865
-1.01706807321189	-2.07580352862616	-1.27859786908519	-0.472902561452987
-1.01135063901622	-2.06684960024933	-1.27156071296803	-0.472282030988501
-1.00563320482055	-2.0599702662789	-1.26611661823471	-0.468655392985849
-0.999915770624871	-2.05614743393104	-1.25879870756266	-0.464852852736195
-0.994198336429197	-2.05391055906052	-1.25196439811285	-0.455406203503825
-0.988480902233522	-2.03749777069389	-1.24639998139674	-0.447718374937393
-0.982763468037848	-2.02194856310025	-1.23971308635276	-0.449242420183664
-0.977046033842173	-2.01722622476231	-1.23016432855293	-0.44520007820439
-0.971328599646498	-2.00515467926166	-1.22471284516902	-0.441484847847919
-0.965611165450824	-2.00256349041846	-1.21407313839357	-0.43085714431923
-0.959893731255149	-1.99024903965467	-1.20894077365344	-0.423054798651938
-0.954176297059475	-1.98947119340385	-1.20377185434801	-0.424440165958127
-0.9484588628638	-1.9797131849718	-1.19789226978827	-0.422727443151344
-0.942741428668126	-1.97692782219105	-1.1902769983457	-0.408267726905905
-0.937023994472451	-1.95339266292907	-1.18298625422127	-0.41627961617426
-0.931306560276777	-1.95442516544477	-1.17322498824473	-0.400588139524121
-0.925589126081102	-1.94074935537455	-1.1685120631997	-0.387036887218569
-0.919871691885428	-1.93181979888271	-1.16120915038002	-0.391455813988851
-0.914154257689753	-1.91944194298586	-1.15886239633727	-0.390666992292201
-0.908436823494078	-1.92681801860961	-1.15109275537343	-0.381384900890648
-0.902719389298404	-1.90483574955103	-1.13755434525113	-0.377361243743291
-0.897001955102729	-1.90987093033677	-1.13500543317617	-0.375579334907224
-0.891284520907055	-1.88646602160457	-1.12538476687306	-0.362634427769932
-0.88556708671138	-1.87486614199549	-1.11999921354826	-0.363445436048363
-0.879849652515706	-1.86663438274757	-1.11563416897401	-0.349494348008504
-0.874132218320031	-1.85782729562819	-1.10739831177746	-0.349515601042255
-0.868414784124357	-1.854719191198	-1.09961996541169	-0.350199440265896
-0.862697349928682	-1.84067229174507	-1.09287711266822	-0.331570560061467
-0.856979915733008	-1.84239035474854	-1.08318395000183	-0.328438628184753
-0.851262481537333	-1.82849219958115	-1.08169625957611	-0.328554055985755
-0.845545047341658	-1.82611789025591	-1.07112982174688	-0.3290560384378
-0.839827613145984	-1.81235831507286	-1.065409902046	-0.321946262909842
-0.834110178950309	-1.79961376775333	-1.06063299046259	-0.313869777807674
-0.828392744754635	-1.79173287145417	-1.05417237240481	-0.316041613520671
-0.82267531055896	-1.78328419277338	-1.04501990584423	-0.300270483977734
-0.816957876363286	-1.77464604369089	-1.03887716731451	-0.296776266923294
-0.811240442167611	-1.76907189869518	-1.03283759002158	-0.302859378351854
-0.805523007971937	-1.76275339624319	-1.02627613388302	-0.291781382978646
-0.799805573776262	-1.75429995919975	-1.01669017770667	-0.282479982367548
-0.794088139580588	-1.74320440431555	-1.01130228149952	-0.284505578961377
-0.788370705384913	-1.73166227307318	-1.00394213448814	-0.268849075649625
-0.782653271189238	-1.71425475450683	-1.00184278590058	-0.265660618516356
-0.776935836993564	-1.71590271455928	-0.986249383912894	-0.259672094528668
-0.771218402797889	-1.70510624519388	-0.986373156994603	-0.254655128205894
-0.765500968602215	-1.70639736698686	-0.978246292903904	-0.24820914747274
-0.75978353440654	-1.69319192483358	-0.969564500549373	-0.238451633606497
-0.754066100210866	-1.68658186656922	-0.963320099787652	-0.242696322385676
-0.748348666015191	-1.67458662910327	-0.954361341681489	-0.231222441987446
-0.742631231819517	-1.66688031335321	-0.9508452450894	-0.221636373753368
-0.736913797623842	-1.66331992739565	-0.941485810185409	-0.228231782443808
-0.731196363428168	-1.64313721898261	-0.936826119837693	-0.217403836190098
-0.725478929232493	-1.64696392492158	-0.930640701652305	-0.21559835345447
-0.719761495036819	-1.62898280745262	-0.925428623283317	-0.203051261599691
-0.714044060841144	-1.62775772975918	-0.916705022170019	-0.196345379477728
-0.70832662664547	-1.61197349731225	-0.908814541280869	-0.205285922825798
-0.702609192449795	-1.60675759499279	-0.90113449483757	-0.192812413132511
-0.69689175825412	-1.60280700930877	-0.894122403410238	-0.175520887329719
-0.691174324058446	-1.5989218083971	-0.888162242906625	-0.175681971863163
-0.685456889862771	-1.58939651876465	-0.881382235321436	-0.180175035029575
-0.679739455667097	-1.57667698061316	-0.873419589393252	-0.16651767043989
-0.674022021471422	-1.56389004834233	-0.869240189892374	-0.167887352654287
-0.668304587275748	-1.56249580177177	-0.859401120035873	-0.163024974792527
-0.662587153080073	-1.55248122284965	-0.857362256031547	-0.147027803025129
-0.656869718884399	-1.53537924414928	-0.845809660380979	-0.152194745635271
-0.651152284688724	-1.54321143900142	-0.84026167938882	-0.140622641560848
-0.645434850493049	-1.52269860648362	-0.833667577644891	-0.133161821622469
-0.639717416297375	-1.51570465599774	-0.82768317310191	-0.133378204091658
-0.6339999821017	-1.51000981822595	-0.823534137755342	-0.127772958681209
-0.628282547906026	-1.49796676682906	-0.813665575627574	-0.11552216170238
-0.622565113710351	-1.49136672446229	-0.800659735919837	-0.120779084782429
-0.616847679514677	-1.48353310059518	-0.79955827140414	-0.105631030503161
-0.611130245319002	-1.4791022178135	-0.787978246267129	-0.105758109883702
-0.605412811123328	-1.46834931506298	-0.787855264715231	-0.097483292841509
-0.599695376927653	-1.46032874773733	-0.777867217842606	-0.0897300486486364
-0.593977942731978	-1.4474579370632	-0.773825410124122	-0.0918887525034075
-0.588260508536304	-1.44419458467721	-0.76502873344256	-0.0821997500193441
-0.582543074340629	-1.4323502076916	-0.754937660404931	-0.0753277576651454
-0.576825640144955	-1.4278613082604	-0.75064715174718	-0.0776632087543457
-0.57110820594928	-1.42228890118733	-0.742126811651866	-0.0591923765524259
-0.565390771753606	-1.40359847026913	-0.737737060427212	-0.0585566629876711
-0.559673337557931	-1.39988487678208	-0.731070424925881	-0.0591161415599482
-0.553955903362257	-1.39308787548787	-0.72340404910585	-0.0507530284136399
-0.548238469166582	-1.3820078487128	-0.712429200879988	-0.0445736868703685
-0.542521034970908	-1.37379113285456	-0.708993884952524	-0.0400059643366217
-0.536803600775233	-1.37928377229025	-0.702648230077817	-0.0304512674632747
-0.531086166579559	-1.36213632404361	-0.696311730595669	-0.0229966316968268
-0.525368732383884	-1.35969401466339	-0.690650840660629	-0.0296104181572668
-0.51965129818821	-1.3458018506015	-0.683329444697446	-0.0148827817889584
-0.513933863992535	-1.33941843601671	-0.674535392761814	-0.017095067137355
-0.50821642979686	-1.32751111229689	-0.667652044883569	0.00732526591127476
-0.502498995601186	-1.32115449018132	-0.664596821224767	-3.20578728967659e-05
-0.496781561405511	-1.31731921372973	-0.654882615986673	0.0122137624874323
-0.491064127209837	-1.30752439193625	-0.645992759751574	0.0239912848773706
-0.485346693014162	-1.29261119220299	-0.641697108456253	0.0221674349296553
-0.479629258818488	-1.29393449220254	-0.636573193799567	0.0244900003811272
-0.473911824622813	-1.27986912739036	-0.628979880334088	0.0349151030501989
-0.468194390427139	-1.28288339730956	-0.620847969140207	0.0355841693583145
-0.462476956231464	-1.27025564931009	-0.614578933807272	0.0404732575893468
-0.45675952203579	-1.26083840030685	-0.608094431758209	0.0472141375861247
-0.451042087840115	-1.24877589857847	-0.599210607868114	0.0488902074266589
-0.44532465364444	-1.24012347390008	-0.593475332577669	0.0592474668459469
-0.439607219448766	-1.22847156662873	-0.587206358052966	0.0624929108131716
-0.433889785253091	-1.2245561246487	-0.580181300086743	0.0669329171564446
-0.428172351057417	-1.23135478012793	-0.575260715048501	0.07484867477722
-0.422454916861742	-1.21025717634923	-0.566619745463364	0.0853160645169513
-0.416737482666068	-1.20617511338553	-0.558091878072075	0.0819748320150247
-0.411020048470393	-1.19259402514578	-0.551732036249994	0.0980960317041039
-0.405302614274719	-1.19528060277279	-0.542691755857676	0.0997514059481125
-0.399585180079044	-1.18081987199031	-0.537722978124704	0.10749833272548
-0.393867745883369	-1.17093631758623	-0.530160238668152	0.111904549582551
-0.388150311687695	-1.16624132836677	-0.523377673844472	0.121691080670449
-0.38243287749202	-1.15595848371684	-0.513737732592257	0.10933238920366
-0.376715443296346	-1.15184946182141	-0.507288983322418	0.126917921675378
-0.370998009100671	-1.13955276795315	-0.5038435571699	0.135672359901626
-0.365280574904997	-1.13234475904108	-0.496674415629095	0.139075404588435
-0.359563140709322	-1.12831836317934	-0.490701903490874	0.150487121071632
-0.353845706513648	-1.11408534212772	-0.4841117470618	0.151675678685176
-0.348128272317973	-1.1149479120321	-0.478216038924804	0.159732857665302
-0.342410838122299	-1.10161434463233	-0.469585550997178	0.171372289127782
-0.336693403926624	-1.09164196666672	-0.461459085112677	0.178848969285664
-0.33097596973095	-1.08097954415991	-0.457988845930267	0.169531397262888
-0.325258535535275	-1.07784810104723	-0.447468110472497	0.186313142646639
-0.319541101339601	-1.08201036940993	-0.441483616462178	0.180512529990404
-0.313823667143926	-1.06454411641394	-0.435333223767218	0.197420513232947
-0.308106232948251	-1.05378379639887	-0.427406917338398	0.207928355809682
-0.302388798752577	-1.04822066652787	-0.422160461932134	0.205550975818135
-0.296671364556902	-1.0455654118412	-0.416079952615344	0.216960294999349
-0.290953930361228	-1.02967900418574	-0.408862999786552	0.224263021380081
-0.285236496165553	-1.0351415708499	-0.402386108822255	0.222449004384832
-0.279519061969879	-1.0177724251503	-0.395884298733515	0.232422445081218
-0.273801627774204	-1.01400580659099	-0.387289433428114	0.240043538404108
-0.26808419357853	-0.998982452614706	-0.383375178245541	0.240078885164792
-0.262366759382855	-0.988790076560175	-0.372567662057839	0.254503264185315
-0.256649325187181	-0.98644915894315	-0.367305956957431	0.254927820265065
-0.250931890991506	-0.984492660409984	-0.359251127709454	0.264059203058227
-0.245214456795831	-0.974145299931227	-0.353344379128237	0.273972384750685
-0.239497022600157	-0.966652970776269	-0.344991467415626	0.278561067975268
-0.233779588404482	-0.955494820320189	-0.340880055103434	0.283063627611723
-0.228062154208808	-0.95650882130465	-0.33423066361498	0.287992692314192
-0.222344720013133	-0.943916056649354	-0.323597895112764	0.298430928756794
-0.216627285817459	-0.936631286842189	-0.31871917861465	0.311492682166661
-0.210909851621784	-0.925522766726176	-0.312509588810929	0.308996692883127
-0.20519241742611	-0.916507740858859	-0.307549607155533	0.309018841641799
-0.199474983230435	-0.908276497903209	-0.299259439892248	0.322495678752728
-0.193757549034761	-0.897775899844574	-0.289540371131467	0.327862481806749
-0.188040114839086	-0.902505762966082	-0.284119835824125	0.336092726538428
-0.182322680643412	-0.892296676740428	-0.278758527060703	0.340642322039655
-0.176605246447737	-0.885581885434778	-0.271851201257518	0.342887990810246
-0.170887812252062	-0.871414744494873	-0.262950612787498	0.356657240646197
-0.165170378056388	-0.865602440826273	-0.257090274138856	0.35560733505432
-0.159452943860713	-0.857809208422302	-0.250453686595639	0.372012728177348
-0.153735509665039	-0.855112716957983	-0.239624285231402	0.376121586417433
-0.148018075469364	-0.849580760426419	-0.236299107922928	0.39229237963499
-0.14230064127369	-0.833074404723621	-0.22526583031252	0.391010477500516
-0.136583207078015	-0.836506735034411	-0.222015082952376	0.391466207673806
-0.130865772882341	-0.828218173923901	-0.214187390457842	0.401920595710549
-0.125148338686666	-0.815186228353545	-0.210761156443225	0.401037012523009
-0.119430904490992	-0.807253741087628	-0.198934511684703	0.415762028698056
-0.113713470295317	-0.804893261301728	-0.195443146480861	0.419435560651043
-0.107996036099642	-0.798495903880668	-0.187367579503641	0.431459575996294
-0.102278601903968	-0.790460772038015	-0.181237990952963	0.431763122827462
-0.0965611677082934	-0.782868742290233	-0.17652377892872	0.442312918108234
-0.0908437335126189	-0.76826767571551	-0.165544295274162	0.440810131416345
-0.0851262993169442	-0.768142416092061	-0.161504030547352	0.455488707147117
-0.0794088651212697	-0.761904352887897	-0.156031239617809	0.4587308755766
-0.0736914309255952	-0.757477925931071	-0.147614594222741	0.470919707511848
-0.0679739967299207	-0.751707986180119	-0.144872932291531	0.476279625871901
-0.0622565625342462	-0.743104451585847	-0.135511887433088	0.482691346711131
-0.0565391283385714	-0.731659844019872	-0.128747346613917	0.486931647376632
-0.0508216941428969	-0.726802358503308	-0.119504068629136	0.493105355046104
-0.0451042599472224	-0.718966209556951	-0.114721318340807	0.495349674951253
-0.0393868257515479	-0.713083007992437	-0.10675904975041	0.511772698285839
-0.0336693915558735	-0.706830791383726	-0.0983635790436661	0.520362716602775
-0.0279519573601987	-0.704007049703994	-0.0942249798534288	0.527707333551037
-0.0222345231645242	-0.692440346048849	-0.0861828620644961	0.530963236428659
-0.0165170889688497	-0.689884264124106	-0.0763245877843288	0.536530813865737
-0.0107996547731752	-0.675980490705707	-0.0731587377147213	0.53547486517316
-0.00508222057750074	-0.671055740584742	-0.0657601261674061	0.547757206386172
0.00063521361817398	-0.662437015568819	-0.0588769935258293	0.552781763095602
0.00635264781384848	-0.6544411687924	-0.0521076357539139	0.565571903439625
0.012070082009523	-0.655073233374107	-0.0439424539361377	0.572199804176917
0.0177875162051975	-0.64052885900393	-0.0377074944689573	0.569008130598527
0.023504950400872	-0.636836932421898	-0.0317741183896903	0.579985716242214
0.0292223845965467	-0.629002944114357	-0.0257795684404095	0.587088497859536
0.0349398187922212	-0.625993915186091	-0.0194677613708837	0.594943468832805
0.0406572529878957	-0.614932140214977	-0.0109854636229135	0.602812034382284
0.0463746871835702	-0.612935030160512	-0.0063065638148283	0.605977270587483
0.0520921213792447	-0.610983408754722	0.000461233280442559	0.614216286340241
0.0578095555749194	-0.589048028429646	0.00671546619190456	0.622843710692813
0.0635269897705939	-0.593448008386945	0.0175200801668005	0.630230473282444
0.0692444239662684	-0.584998726890102	0.0204211487161022	0.640103862825846
0.0749618581619429	-0.572873441993535	0.0292945004651836	0.648432997740796
0.0806792923576174	-0.572075038454028	0.0379704202897285	0.652162184492243
0.0863967265532921	-0.564022328937679	0.0443146089478475	0.663736662851966
0.0921141607489666	-0.550381967941664	0.0482252130941331	0.668498716683962
0.0978315949446413	-0.55141936412619	0.0600036099718967	0.666065338559488
0.103549029140316	-0.53344223423842	0.0657396388716482	0.6869727218389
0.10926646333599	-0.536805808070394	0.071605129846378	0.681202399141071
0.114983897531665	-0.53052540750394	0.0758605091033139	0.689882608618046
0.120701331727339	-0.523495504387555	0.0850187693812417	0.703533188207933
0.126418765923014	-0.513908927572421	0.0911280624459843	0.70892541755419
0.132136200118688	-0.507855077108525	0.0989883284129927	0.713137181429048
0.137853634314363	-0.495327540674949	0.105503038314428	0.719104309546358
0.143571068510037	-0.501967860631929	0.111428630541517	0.727658070165043
0.149288502705712	-0.493097747661009	0.117635313627755	0.740262372631227
0.155005936901387	-0.482189692901258	0.125354363813443	0.739878896708743
0.160723371097061	-0.473916049623127	0.136234822929788	0.752962222328065
0.166440805292736	-0.472349886384074	0.140303985486062	0.754759063000794
0.17215823948841	-0.460206508494962	0.144359848496645	0.760956967342889
0.177875673684085	-0.453808181313042	0.155467444141831	0.774256200211106
0.183593107879759	-0.453538911044553	0.160113833772485	0.775342281784529
0.189310542075434	-0.448519053452329	0.167879367949358	0.78615342502028
0.195027976271108	-0.439114139214151	0.173318044829003	0.798021969910122
0.200745410466783	-0.427520077858801	0.181690625311754	0.794431256448854
0.206462844662457	-0.417810776973894	0.187169236038464	0.810105556821784
0.212180278858132	-0.412444743498785	0.194343294585099	0.823126956279472
0.217897713053806	-0.40746270239084	0.200553608051291	0.827271594919346
0.223615147249481	-0.410000618182148	0.207421997827078	0.825533373588966
0.229332581445155	-0.402463151098243	0.211009544986471	0.838237663212558
0.23505001564083	-0.394098928706599	0.222042121477287	0.841456499135087
0.240767449836505	-0.387822837856528	0.229706838309763	0.854225254874237
0.246484884032179	-0.374257909673702	0.234685985446499	0.86487090118093
0.252202318227854	-0.37687369923018	0.244626480791044	0.862653390320187
0.257919752423528	-0.367515526291505	0.248474555017269	0.878972911475051
0.263637186619203	-0.36569141204942	0.257478725840154	0.879320895825593
0.269354620814878	-0.359175670479033	0.259574782847967	0.887186340597026
0.275072055010552	-0.355246936191359	0.269650694918285	0.90058524768236
0.280789489206227	-0.337457983159489	0.277188847538431	0.908967179521118
0.286506923401901	-0.33028101889044	0.282643700629666	0.909012144137186
0.292224357597576	-0.330935167842678	0.289528853438956	0.926585888717548
0.29794179179325	-0.329203702407758	0.298014718119809	0.930300487947045
0.303659225988925	-0.318130369894692	0.303440708439327	0.926109547851847
0.309376660184599	-0.318486557109385	0.310027041248073	0.936122068379294
0.315094094380274	-0.30559646386315	0.317605905955091	0.950599110644107
0.320811528575948	-0.298222541579482	0.326277240106342	0.958915239757723
0.326528962771623	-0.28555669581919	0.333617787465098	0.961240559734321
0.332246396967297	-0.286622150627966	0.338925002002791	0.97245163825515
0.337963831162972	-0.281356217967548	0.346173114978147	0.977790328627353
0.343681265358646	-0.270174961623946	0.352807556833143	0.989392527587693
0.349398699554321	-0.266070009264847	0.358524637521117	0.998774587665032
0.355116133749996	-0.258675929930499	0.364695422149024	1.00109612758825
0.36083356794567	-0.258271604481102	0.372864513586542	1.01218397568211
0.366551002141345	-0.250571643274176	0.378970450710789	1.01575277224629
0.372268436337019	-0.235238141052967	0.385834629888723	1.02296473109165
0.377985870532694	-0.238200653974821	0.39168962556703	1.04067469151614
0.383703304728368	-0.235373703605984	0.399618953624568	1.02532541045217
0.389420738924043	-0.225550582129248	0.409867120875302	1.05347554320612
0.395138173119717	-0.220651632235058	0.415151007136278	1.06029286787741
0.400855607315392	-0.211678770012517	0.422552442927901	1.06646877534214
0.406573041511066	-0.211529789678318	0.427333236964934	1.07041491159888
0.412290475706741	-0.208373136056651	0.434107690432676	1.08581757157429
0.418007909902415	-0.188438105031399	0.439499804002502	1.08603357758819
0.42372534409809	-0.188823852974609	0.449199141429504	1.09825022113356
0.429442778293764	-0.194364095883274	0.455277158668866	1.10785871759139
0.435160212489439	-0.185925511967602	0.460111194205315	1.11634087186934
0.440877646685114	-0.165593439634054	0.468138909115285	1.11305870395791
0.446595080880788	-0.166953171196903	0.472385141878714	1.13920869047683
0.452312515076463	-0.160287010494326	0.484976905742893	1.134562551386
0.458029949272137	-0.148018590616676	0.488859575099406	1.13951624438846
0.463747383467812	-0.159084327935844	0.496586059201051	1.14769382903361
0.469464817663487	-0.143322030072049	0.501333398939155	1.16345233841147
0.475182251859161	-0.140841554954417	0.509033518565775	1.16215946858673
0.480899686054836	-0.130184870200308	0.51572186903966	1.17743760080237
0.48661712025051	-0.130429256854866	0.523877456570177	1.17753400044806
0.492334554446185	-0.119649018577837	0.532469841738935	1.18868849451475
0.498051988641859	-0.11760580243008	0.538239647532491	1.20440018276846
0.503769422837534	-0.10476689541611	0.543515767373616	1.20340441045879
0.509486857033208	-0.111295575421546	0.550195417529124	1.21957225580831
0.515204291228883	-0.0971523727507205	0.557420832624689	1.22509394042533
0.520921725424557	-0.0882509416038552	0.566240401148365	1.23449339292934
0.526639159620232	-0.094121366243298	0.571634344676872	1.22992915228819
0.532356593815906	-0.0839159332067064	0.578276557749978	1.24891921163234
0.538074028011581	-0.0729782942979142	0.584983189471877	1.26121651675588
0.543791462207255	-0.0660474537536254	0.593748735836936	1.25458746895859
0.54950889640293	-0.0608805531677872	0.594836449216443	1.27196806357616
0.555226330598605	-0.060129395361793	0.602567489135922	1.28131362685451
0.560943764794279	-0.0465869245485235	0.612689251283682	1.27968070106684
0.566661198989954	-0.0487165206175139	0.619799938846365	1.2989964431749
0.572378633185628	-0.0361291112104392	0.623886536664298	1.29510768805018
0.578096067381303	-0.033421532870775	0.632696606245108	1.31451163402856
0.583813501576977	-0.02801977367259	0.642273717399745	1.3131342693416
0.589530935772652	-0.0313090412721786	0.649579710756014	1.32556347026079
0.595248369968326	-0.0104056891995068	0.652003480902452	1.33147738247043
0.600965804164001	-0.00790351379668929	0.660763753267428	1.33983135884795
0.606683238359675	-0.00910925167635126	0.666385537385975	1.34244974047
0.61240067255535	0.00299653922302895	0.677306882404546	1.35305062181018
0.618118106751024	0.00952036507232686	0.679498980223744	1.36271147130889
0.623835540946699	0.0129949198150294	0.691193073275943	1.37017458280051
0.629552975142373	0.0231804763895	0.692110755362698	1.38371683568646
0.635270409338048	0.0264693804486824	0.702031321744431	1.3889381081774
0.640987843533723	0.0290098900299161	0.708578724580369	1.39642060136532
0.646705277729397	0.0407459590070311	0.714455497331242	1.4078267656097
0.652422711925072	0.036385424672363	0.720365953234439	1.4177942362709
0.658140146120747	0.0446069893525828	0.731252987583385	1.42856664848692
0.663857580316421	0.0552048859443959	0.736149953274873	1.42664381071306
0.669575014512096	0.0533500421286826	0.740578032867155	1.44108389348245
0.67529244870777	0.0552769933358123	0.747590668407598	1.44382769821741
0.681009882903445	0.0755337060079645	0.755221690922394	1.44903972844744
0.686727317099119	0.0745966854496661	0.764949070438171	1.46604018829999
0.692444751294794	0.0733064415871099	0.769911078690706	1.46967944645024
0.698162185490468	0.0853295431775589	0.775113435001708	1.48685341900751
0.703879619686143	0.101429896776621	0.783492804371007	1.49395031778945
0.709597053881817	0.0897172879572352	0.788840345903457	1.50601964959225
0.715314488077492	0.104217247590051	0.796188962191284	1.51021537451487
0.721031922273166	0.105400467891011	0.80502527705766	1.51597234980966
0.726749356468841	0.119874635350658	0.811163728579303	1.521264039727
0.732466790664515	0.11359028505389	0.819319272361522	1.5275875919578
0.73818422486019	0.115637362985055	0.822914767513727	1.54840888625654
0.743901659055865	0.123673614245853	0.830558111498743	1.55044604585244
0.749619093251539	0.126751919465038	0.837721501949729	1.56484298101646
0.755336527447214	0.141973012798137	0.842688940801327	1.56762623316699
0.761053961642888	0.125340665271703	0.855684031344464	1.56518099611283
0.766771395838563	0.1485114959285	0.863066747013253	1.57611523944797
0.772488830034237	0.153604261498585	0.8611490863574	1.58022158114416
0.778206264229912	0.163867922412977	0.874530136437294	1.59561610715158
0.783923698425586	0.162823297882431	0.878596393441318	1.60884688540941
0.789641132621261	0.166509245126551	0.888970250050826	1.60329824564782
0.795358566816935	0.173143809700733	0.894718010715644	1.63450497153037
0.80107600101261	0.182554287816379	0.901649485359136	1.62943313393012
0.806793435208284	0.176698773402181	0.908502077496139	1.63324423860654
0.812510869403959	0.186096919243164	0.913131006654925	1.64562197150197
0.818228303599633	0.197961905012503	0.921765852282372	1.65023833785191
0.823945737795308	0.201533196392819	0.924714556843725	1.65947944177327
0.829663171990983	0.203154073394892	0.933861831828946	1.67656136847996
0.835380606186657	0.212862593061617	0.942963756677038	1.6814135168073
0.841098040382332	0.20932949743228	0.947742798339884	1.69030763799049
0.846815474578006	0.226875275471868	0.954075346026963	1.69169699677242
0.852532908773681	0.232506947958131	0.963393993646012	1.70900389400541
0.858250342969356	0.230816016932605	0.970022717184064	1.71803231471511
0.86396777716503	0.238928202747104	0.973909999110242	1.72464236585867
0.869685211360705	0.237759908968345	0.977897783531584	1.74172915277291
0.875402645556379	0.252938756796559	0.98954669418356	1.74403353908596
0.881120079752054	0.251893501816317	0.994651168523735	1.75308023085752
0.886837513947728	0.260342276356629	0.998481519508622	1.76431052121684
0.892554948143403	0.265561629199735	1.00949626843244	1.77601030379729
0.898272382339077	0.258840108240484	1.01656271596571	1.77918579506043
0.903989816534752	0.27148902404459	1.02304247589079	1.78946966525876
0.909707250730426	0.28579971561711	1.02556097796092	1.79054318938598
0.915424684926101	0.288472330858672	1.03705267454193	1.80649525958594
0.921142119121775	0.289087477205728	1.04505028948948	1.81174792886794
0.92685955331745	0.305518696033837	1.05085735827487	1.82143309349245
0.932576987513124	0.298723181362051	1.05518034785595	1.82925005174133
0.938294421708799	0.30349191024283	1.0648142698243	1.82994351333451
0.944011855904474	0.30303899339925	1.07134161412975	1.84398421213702
0.949729290100148	0.320101360757856	1.07954934208234	1.84863354558323
0.955446724295823	0.326361521215063	1.08737263341642	1.86305021857064
0.961164158491497	0.329712845544505	1.09554759085189	1.86777919667392
0.966881592687172	0.328003485264172	1.09701020549523	1.87326555402774
0.972599026882846	0.343998174075389	1.10733346607828	1.89539215193641
0.978316461078521	0.339647793894634	1.11201789679476	1.90253209567665
0.984033895274195	0.351409294268863	1.12020892087205	1.90292391989851
0.98975132946987	0.354294330743001	1.12760754118978	1.92470350438375
0.995468763665544	0.362927557636907	1.13233447236658	1.9244818929967
1.00118619786122	0.367735387911266	1.13729169831472	1.93520580161456
1.00690363205689	0.366525977368785	1.1500941874793	1.93746906989965
1.01262106625257	0.376641654853853	1.15407604990498	1.948020605657
1.01833850044824	0.379913188073811	1.16016527220564	1.95945892841147
1.02405593464392	0.37559328716043	1.16469857183796	1.96674335831237
1.02977336883959	0.385221807884038	1.1752431918085	1.97292527881044
1.03549080303527	0.38618567793952	1.18232222303231	1.9781387255874
1.04120823723094	0.40147327173329	1.18630504863504	1.97748334788777
1.04692567142662	0.389533436062276	1.193754208705	2.00289256025895
1.05264310562229	0.403521132579873	1.20394410590862	2.00665162131512
1.05836053981796	0.409892476845164	1.20910287880125	2.02062699697521
1.06407797401364	0.415236467266428	1.21755579158802	2.0251095887831
1.06979540820931	0.426131533909953	1.22063897203465	2.03372484057575
1.07551284240499	0.420316634562001	1.23049141438164	2.04184646693268
1.08123027660066	0.427967081053691	1.23764843375968	2.05940568110224
1.08694771079634	0.429683224973412	1.24311335506458	2.05812752381697
1.09266514499201	0.44324765665719	1.24983031918399	2.07644432543828
1.09838257918769	0.442002824578568	1.25808337722119	2.07290548561948
1.10410001338336	0.448819725898359	1.26531935102901	2.08877776424682
1.10981744757904	0.457828487669642	1.26821396546596	2.09698819494598
1.11553488177471	0.456570302736	1.27637453567167	2.11175737116322
1.12125231597038	0.464754647338937	1.28297228987455	2.11427507530026
1.12696975016606	0.470382819670137	1.29271265932554	2.12500232889357
1.13268718436173	0.484463356203665	1.30247725905419	2.12472308828656
1.13840461855741	0.494505388488665	1.30099962619032	2.13494694144951
1.14412205275308	0.485111906598679	1.31171505533531	2.14780117581666
1.14983948694876	0.485550548557189	1.320169726099	2.1524766034324
1.15555692114443	0.492864842106476	1.32713350887967	2.1541841498063
1.16127435534011	0.493558053528303	1.33015356953339	2.17556855649559
1.16699178953578	0.509824709720038	1.33732490289691	2.19079268449493
1.17270922373146	0.498805923442521	1.34625252826349	2.19728635435654
1.17842665792713	0.515208776938266	1.35193958296355	2.19711554503039
1.1841440921228	0.525053988429115	1.36204893374369	2.21698367887842
1.18986152631848	0.52791730143513	1.3666321042314	2.22176108315921
1.19557896051415	0.52509393017148	1.37190510438353	2.23963011415052
1.20129639470983	0.539034120933218	1.37695999227542	2.24134030883826
1.2070138289055	0.542957289500566	1.38918555788508	2.24655850704625
1.21273126310118	0.540378873197835	1.39206106990518	2.24502964719279
1.21844869729685	0.55685175289015	1.39975466593823	2.26469358396814
1.22416613149253	0.549858731683121	1.40553629652757	2.26762197533428
1.2298835656882	0.561116521338387	1.41247117302341	2.27456455186328
1.23560099988388	0.559654005096401	1.42518984250341	2.28747808455366
1.24131843407955	0.564931342624573	1.4285563201824	2.29802859413094
1.24703586827522	0.562222320455688	1.43260888334847	2.3005211641369
1.2527533024709	0.579576320240267	1.44191986594594	2.31123554637866
1.25847073666657	0.575987678818395	1.44570336891867	2.31615449445398
1.26418817086225	0.591002229983513	1.45145818788714	2.34352110127183
1.26990560505792	0.592150732395578	1.46397419928957	2.340957991363
1.2756230392536	0.594736816166289	1.47049034353735	2.3515027556549
1.28134047344927	0.61115993357397	1.47635404248293	2.36107807670836
1.28705790764495	0.614874240595701	1.48446143122141	2.36718978503281
1.29277534184062	0.604426819450408	1.49090500288558	2.38796658855759
1.2984927760363	0.61321454907958	1.49580571927217	2.39114798072475
1.30421021023197	0.621596868669926	1.49874093623656	2.40416180776253
1.30992764442764	0.62760337405244	1.50995411950387	2.41248382326062
1.31564507862332	0.631470739201812	1.520462229985	2.41218643364678
1.32136251281899	0.635771682691245	1.52042146608456	2.42291102283627
1.32707994701467	0.643515289799798	1.53276858013215	2.43687233280156
1.33279738121034	0.653260521037113	1.53807780988038	2.43225795205054
1.33851481540602	0.655436098698761	1.54246522221543	2.45855718374397
1.34423224960169	0.656790251813532	1.55080104262706	2.46507689281224
1.34994968379737	0.654676893501043	1.55858479782961	2.46620406788924
1.35566711799304	0.652871862239411	1.56374674740483	2.48172433476777
1.36138455218871	0.671240870913269	1.57270416636613	2.4838995080005
1.36710198638439	0.669546188944907	1.57718525254238	2.48452736531394
1.37281942058006	0.674371104245724	1.58581504479799	2.49646029561766
1.37853685477574	0.685516509983021	1.59144971055362	2.52069560191745
1.38425428897141	0.685309151543438	1.59769429099605	2.52377864998939
1.38997172316709	0.702748265209374	1.60909457959382	2.53869790900112
1.39568915736276	0.694537848559134	1.61513173748665	2.54506909802711
1.40140659155844	0.705658418666031	1.61946690879016	2.54743688037014
1.40712402575411	0.702697672338597	1.62446696754487	2.5640067823113
1.41284145994979	0.702055165137568	1.63237560337129	2.56707337198766
1.41855889414546	0.718819469588211	1.64301112505292	2.57802665223788
1.42427632834114	0.714053640287355	1.64469362059447	2.58068508163808
1.42999376253681	0.727284083702693	1.65402113883815	2.59272139810546
1.43571119673248	0.730471673637689	1.66355901264016	2.6153538975426
1.44142863092816	0.733617715975296	1.66820737733937	2.61331521740004
1.44714606512383	0.739732311701457	1.67334896777931	2.6200075779238
1.45286349931951	0.744279072145825	1.68081142880626	2.62734752643446
1.45858093351518	0.74995602203484	1.6867652806593	2.64086398154091
1.46429836771086	0.754097100691391	1.68964595907849	2.65440339800786
1.47001580190653	0.759707322813752	1.70497539879415	2.66647722036645
1.47573323610221	0.761084937708553	1.71090077468732	2.6560677315199
1.48145067029788	0.765093574070725	1.7165461273026	2.67285664070569
1.48716810449356	0.764056944060853	1.72048860946342	2.68242450196432
1.49288553868923	0.776089730983713	1.72877710092642	2.69067677833446
1.4986029728849	0.786899805407276	1.73532491461124	2.70880189872505
1.50432040708058	0.789218182006109	1.74066169743047	2.71667995051274
1.51003784127625	0.796144997397483	1.74864326102752	2.71522831401158
1.51575527547193	0.798378991998745	1.7563652248167	2.73048727760414
1.5214727096676	0.791528635494731	1.76446015723468	2.74182141676897
1.52719014386328	0.802518363264078	1.7668488494806	2.74134383945088
1.53290757805895	0.806675242527114	1.78041465483349	2.75318593834364
1.53862501225463	0.806914971234142	1.78361777886567	2.7706928804336
1.5443424464503	0.816283842778668	1.79226208035264	2.78932182106929
1.55005988064597	0.818139927693387	1.7964796029088	2.78600219868912
1.55577731484165	0.836979460445326	1.80416689381153	2.79946166326977
1.56149474903732	0.835912700810534	1.81030068364279	2.8091248719335
1.567212183233	0.840947139200222	1.81768373151377	2.82337908539225
1.57292961742867	0.84410150873554	1.82503314813855	2.82650578064904
1.57864705162435	0.844827973718919	1.83341605904716	2.83025988509831
1.58436448582002	0.855241086865564	1.84157517420611	2.83365690354185
1.5900819200157	0.860624588939392	1.84584406908349	2.8496600412838
1.59579935421137	0.863681227867838	1.85126134038316	2.85880646965933
1.60151678840705	0.869313636678228	1.85730462287159	2.87257275789932
1.60723422260272	0.879400966105298	1.86560421372426	2.87050182272434
1.6129516567984	0.869368720510564	1.8739814448596	2.8935319365697
1.61866909099407	0.873232182889803	1.88303948479839	2.89106901189122
1.62438652518974	0.887029843390316	1.882808704389	2.91603065657913
1.63010395938542	0.895519083669878	1.89167734697692	2.91136963663711
1.63582139358109	0.896816334541502	1.90103058522501	2.93022991557137
1.64153882777677	0.907319571832911	1.9050383231262	2.92652472927636
1.64725626197244	0.902214576080531	1.91264689390585	2.93686801011578
1.65297369616812	0.914424803922507	1.92302527126757	2.9578331579521
1.65869113036379	0.908781368509546	1.92978944091829	2.95213054388027
1.66440856455947	0.913786915024534	1.93159467572459	2.96642569933745
1.67012599875514	0.921503526814037	1.93960598950351	2.97117163189463
1.67584343295082	0.933397576901722	1.94623739844555	2.98831751642343
1.68156086714649	0.931405303772351	1.95611052989951	2.9945068640338
1.68727830134216	0.932522321459808	1.96491965310831	2.99974567946342
1.69299573553784	0.93629765175637	1.97215308865325	3.0179093093691
1.69871316973351	0.94407170465098	1.97570143702424	3.0340225236267
1.70443060392919	0.944309900371604	1.9853731301238	3.04525755002854
1.71014803812486	0.941747621163273	1.9892774211884	3.04394439649635
1.71586547232054	0.948039073554016	1.99880312029449	3.05101293719908
1.72158290651621	0.961513950833395	2.00489814312285	3.06875426624006
1.72730034071189	0.960098524758562	2.01232938098048	3.06302500892715
1.73301777490756	0.969479005376155	2.01777887931931	3.08463016115627
1.73873520910323	0.972582200500536	2.02235471282624	3.0904172394477
1.74445264329891	0.975725522019081	2.03037761564384	3.09655683021212
1.75017007749458	0.977198583325821	2.03450850249638	3.10274351197092
1.75588751169026	1.00067391131422	2.03999727592403	3.12222334937327
1.76160494588593	0.984773389470971	2.04738993428954	3.12152339936316
1.76732238008161	0.98493523152799	2.05836281535019	3.13759807368691
1.77303981427728	1.01267877642855	2.0674863868536	3.14712291163452
1.77875724847296	1.00450659508212	2.07377785132004	3.15060481270428
1.78447468266863	1.02328492040017	2.08479184561783	3.16188568185545
1.79019211686431	1.01341723675224	2.08687322589868	3.16890687153205
1.79590955105998	1.02520830530868	2.09313156658371	3.19335197313779
1.80162698525566	1.02526090030198	2.09816394811726	3.18868306037337
1.80734441945133	1.03056398725012	2.10628545834326	3.18916959304776
1.813061853647	1.03960184052563	2.11472715983052	3.20788486688109
1.81877928784268	1.04326390504006	2.11818496840695	3.22623063105649
1.82449672203835	1.03869359830865	2.12865265120687	3.22720572255123
1.83021415623403	1.04727103121445	2.12959129830802	3.23098471631621
1.8359315904297	1.04672099650366	2.13908060060512	3.25172104113668
1.84164902462538	1.05953828979057	2.14626343796438	3.24822553348367
1.84736645882105	1.05918333999947	2.15296232395466	3.27165793799366
1.85308389301673	1.0540060306256	2.16223024453995	3.27460932155852
1.8588013272124	1.06770393172835	2.17092354054872	3.28818995942453
1.86451876140807	1.06582664703911	2.17511966939982	3.29229670404802
1.87023619560375	1.08121126470444	2.18430954938796	3.30329253146274
1.87595362979942	1.0827714487876	2.18861840151351	3.29552042400645
1.8816710639951	1.09252051802969	2.19349520152567	3.32063140792442
1.88738849819077	1.09488234321856	2.19972292259755	3.33034662396012
1.89310593238645	1.10414048399487	2.2105616310903	3.33810154521048
1.89882336658212	1.10332888619021	2.21573074501759	3.34625347614987
1.9045408007778	1.10274431447209	2.21865421521459	3.35139034387138
1.91025823497347	1.1089288275303	2.22873592328353	3.36712501090872
1.91597566916915	1.11892007490455	2.23102505453036	3.36162408381972
1.92169310336482	1.1156876839067	2.24219965544939	3.3807641716052
1.92741053756049	1.11816988562004	2.24780308053449	3.39542892271409
1.93312797175617	1.12249098019909	2.26192753240798	3.39691926465577
1.93884540595184	1.11985912883661	2.26713846651352	3.41905437406162
1.94456284014752	1.14061680806577	2.26766115181558	3.42354396292269
1.95028027434319	1.1336507424736	2.27525017410765	3.42074578130512
1.95599770853887	1.15020443902082	2.28224999043743	3.43959867736101
1.96171514273454	1.15265877056603	2.29460315290895	3.44843454336386
1.96743257693022	1.15362390484787	2.29862109634183	3.45262964561752
1.97315001112589	1.14270528067453	2.30686148389407	3.45790594452932
1.97886744532157	1.15527682509262	2.30964353479776	3.47456034049456
1.98458487951724	1.16765773679613	2.31754587232497	3.48453176190414
1.99030231371291	1.16182589451469	2.32736175862362	3.4930479188962
1.99601974790859	1.1655676529204	2.33472227343404	3.50602265766823
2.00173718210426	1.18299511225242	2.3392297876279	3.52347863450639
2.00745461629994	1.18948252114325	2.34439555738656	3.51714295345726
2.01317205049561	1.19043089522175	2.35104528447155	3.52484046996135
2.01888948469129	1.18820071026391	2.36128408467566	3.52787399241702
2.02460691888696	1.19207095036984	2.36560005422061	3.54968478756424
2.03032435308264	1.19968077059014	2.37419333229999	3.56238233699115
2.03604178727831	1.20384226492484	2.37953378757407	3.57173393505855
2.04175922147399	1.21806643216704	2.38624062084651	3.57558805138985
2.04747665566966	1.21820127082185	2.39455787440262	3.58972750943211
2.05319408986533	1.2166933096062	2.40154841658537	3.59326433808765
2.05891152406101	1.21329163897638	2.40465255802549	3.6101553672815
2.06462895825668	1.23986627957714	2.41390169516921	3.61794334444836
2.07034639245236	1.22275426699167	2.42293504843903	3.63709373079132
2.07606382664803	1.23439415926962	2.42994726849841	3.63748488461072
2.08178126084371	1.23499655355921	2.43568717270697	3.64792558165294
2.08749869503938	1.25404825647953	2.44436110179644	3.65715715276865
2.09321612923506	1.25634901950342	2.44998638167741	3.66277182213062
2.09893356343073	1.25615642041465	2.4545384005589	3.67777003979962
2.10465099762641	1.25402716505598	2.46155365237771	3.68807470978511
2.11036843182208	1.2738482940864	2.46872117916776	3.68869874843063
2.11608586601775	1.26467869229721	2.47705436640719	3.69557449049725
2.12180330021343	1.27350665629683	2.48014160313952	3.70424027413863
2.1275207344091	1.27831733222656	2.48581137598484	3.72620523911744
2.13323816860478	1.27245393197344	2.49496723769605	3.73042073288757
2.13895560280045	1.28206983111377	2.50757500668813	3.73563054419333
2.14467303699613	1.28518655848641	2.51116319335524	3.74706308947198
2.1503904711918	1.29255560907377	2.51970584884112	3.7586406189319
2.15610790538748	1.29818426592982	2.52304644178471	3.77156538157485
2.16182533958315	1.30336995974421	2.53019037192134	3.77792804118573
2.16754277377883	1.30639790962907	2.53766221364213	3.78124592705514
2.1732602079745	1.31330785620331	2.543678750222	3.79757819243257
2.17897764217017	1.31625768030304	2.54792111142464	3.80674871353129
2.18469507636585	1.32570827211717	2.55893623380877	3.8101718776322
2.19041251056152	1.32098418948321	2.56578876619553	3.8223664364643
2.1961299447572	1.33638159003751	2.57163997849844	3.8244953116404
2.20184737895287	1.34652727577455	2.57695080852242	3.84730798629645
2.20756481314855	1.33567174370357	2.58387478453961	3.85127884842469
2.21328224734422	1.33681636985767	2.59404540280522	3.85417224746565
2.2189996815399	1.34401232228475	2.59820316365905	3.85848717682188
2.22471711573557	1.35497775588765	2.60662901327915	3.87468536105486
2.23043454993125	1.3588826352093	2.61184893069284	3.88596870697862
2.23615198412692	1.36349437594153	2.62178173931469	3.89376374930421
2.2418694183226	1.3615911868717	2.63101943705573	3.90894204147122
2.24758685251827	1.37150794602512	2.63153443318047	3.91038878830631
2.25330428671394	1.3796292738364	2.63843416563384	3.92399864133186
2.25902172090962	1.38181366033846	2.6501984752069	3.94229916762155
2.26473915510529	1.390041885827	2.65508437160332	3.94326847772804
2.27045658930097	1.37696535043757	2.66405240107647	3.94457254063253
2.27617402349664	1.39077933874696	2.66363187118271	3.96546852092884
2.28189145769232	1.38927405583823	2.67174418030562	3.9699122976538
2.28760889188799	1.39202289330753	2.68041245049131	3.97730204014118
2.29332632608367	1.39128921859003	2.68558499778667	3.99106990689099
2.29904376027934	1.40512611476615	2.69580778173566	3.997637803746
2.30476119447501	1.41623605238713	2.70368212168404	4.00188400957171
2.31047862867069	1.4140184305467	2.71259046051721	4.00232226715001
2.31619606286636	1.42016431991135	2.71457089594099	4.02602167860142
2.32191349706204	1.42359415080821	2.72304377601635	4.0373742265008
2.32763093125771	1.43094271915213	2.72545213258429	4.03487133980712
2.33334836545339	1.43114446408743	2.7354298016754	4.06156263087879
2.33906579964906	1.44289237025881	2.74109577590437	4.07158887627528
2.34478323384474	1.4306506574423	2.74803955538182	4.05953441128348
2.35050066804041	1.449084072916	2.76133380547261	4.08410421567256
2.35621810223609	1.45480085482263	2.76563877091671	4.10027131604697
2.36193553643176	1.44833030569648	2.77126637043908	4.1108402580695
2.36765297062743	1.46189084201699	2.77611928010636	4.10867982825293
2.37337040482311	1.45914619965958	2.78324210989425	4.12173404815545
2.37908783901878	1.46581681603324	2.79328729014992	4.13940121547984
2.38480527321446	1.47027330290398	2.80037362070418	4.14314049162446
2.39052270741013	1.47322864278262	2.80568487475704	4.15810793427929
2.39624014160581	1.48088436279412	2.81239476594584	4.15152267298792
2.40195757580148	1.4744670528537	2.81832537910205	4.17511261427573
2.40767500999716	1.48771612143801	2.82409835645985	4.17189745809361
2.41339244419283	1.48108958369655	2.83554179469205	4.19731355998402
2.41910987838851	1.49886066390869	2.83987580069881	4.19563803686122
2.42482731258418	1.50533674138912	2.84643231622386	4.20299809924415
2.43054474677985	1.49437225402312	2.85141987742124	4.21959098201464
2.43626218097553	1.51603379647619	2.86244081178257	4.23251837610102
2.4419796151712	1.51196581645319	2.86740658154657	4.23987923671962
2.44769704936688	1.52050252600767	2.8741176613488	4.24370613033107
2.45341448356255	1.51976051956192	2.88515750114402	4.24268405174033
2.45913191775823	1.52445594677076	2.88946894266307	4.25906272310632
2.4648493519539	1.53430000209855	2.89531087783164	4.2791156191753
2.47056678614958	1.53225381867299	2.90497364464048	4.27162996645297
2.47628422034525	1.53004322667861	2.90377877966801	4.29442555014066
2.48200165454093	1.52840711565904	2.91622534100666	4.30130323892079
2.4877190887366	1.53384177957427	2.9193707234988	4.30824843055895
2.49343652293227	1.5496514134744	2.92843777847138	4.31572659037129
2.49915395712795	1.54970853212187	2.93310629255932	4.32466361147432
2.50487139132362	1.55307933766552	2.94122621885225	4.32625106762241
2.5105888255193	1.55868791921733	2.95288005950163	4.35540156260829
2.51630625971497	1.56748259381375	2.95595175221763	4.35912168526665
2.52202369391065	1.5749413265034	2.96434154225404	4.36628983764956
2.52774112810632	1.57785523948925	2.96854010475498	4.38445878708108
2.533458562302	1.563869320816	2.9756575023628	4.36813147791721
2.53917599649767	1.57987658076899	2.9857807444362	4.40590125176476
2.54489343069335	1.59751250389654	2.99307940432073	4.39818197701623
2.55061086488902	1.60553885481644	2.9961358608997	4.40839636188205
2.55632829908469	1.59515454993276	3.00260117484939	4.4354053828136
2.56204573328037	1.60070710498151	3.01105419559153	4.43641861553275
2.56776316747604	1.60959869700344	3.01127956017275	4.43572105123629
2.57348060167172	1.61395989269956	3.02974957492247	4.44172064480656
2.57919803586739	1.61272713627357	3.03101227038029	4.44997183073195
2.58491547006307	1.62406316191291	3.03842714019106	4.46655012800526
2.59063290425874	1.62480103100322	3.04605947062881	4.48202075036717
2.59635033845442	1.63318569303497	3.05299577553624	4.48060030286103
2.60206777265009	1.6306208262428	3.05874851443557	4.50288676041473
2.60778520684577	1.64203904864121	3.0635129918549	4.5110402363114
2.61350264104144	1.64175607438755	3.07325885445013	4.51148233791879
2.61922007523711	1.6423441285252	3.07893248778071	4.53480292534761
2.62493750943279	1.65057934374171	3.08318625900543	4.53172872251501
2.63065494362846	1.64652681754661	3.08995089024003	4.54722150487211
2.63637237782414	1.6539616269887	3.09735628286171	4.55509855454107
2.64208981201981	1.65209745682181	3.10143245049132	4.56777065875825
2.64780724621549	1.66883527993872	3.11507204061623	4.57663271946674
2.65352468041116	1.67953344948932	3.11648988448291	4.5819099716233
2.65924211460684	1.66652767792245	3.13192503584254	4.59198940523772
2.66495954880251	1.69096878143933	3.13688044909256	4.6042529901975
2.67067698299819	1.6860740225364	3.13993921912765	4.59777110952287
2.67639441719386	1.68882789214891	3.14064981664725	4.61664487497665
2.68211185138953	1.68568587175037	3.15298038728782	4.63341371275855
2.68782928558521	1.69479450167151	3.16111565363347	4.65103896021632
2.69354671978088	1.70536798178882	3.16971987044895	4.64702022926129
2.69926415397656	1.70209397915907	3.17250941491601	4.66335063676492
2.70498158817223	1.69285076911096	3.18051747781329	4.66507075606845
2.71069902236791	1.71738398698076	3.19030692984758	4.68077137834509
2.71641645656358	1.71906573056616	3.19368916109221	4.70126128520549
2.72213389075926	1.72350221022362	3.20151070806884	4.69631156160523
2.72785132495493	1.73502252919634	3.21057096917164	4.70725707123597
2.73356875915061	1.73125608002171	3.21523456800672	4.7134272064652
2.73928619334628	1.72112015638047	3.22353071360061	4.7321231275951
2.74500362754195	1.73321332732648	3.22924034886889	4.73578453660244
2.75072106173763	1.7472253389901	3.23493336062378	4.73381818570332
2.7564384959333	1.76423546858008	3.2430543974527	4.7532866254659
2.76215593012898	1.75865467860657	3.24830996161909	4.75583900140961
2.76787336432465	1.75619933810692	3.25916211227684	4.79205971064934
2.77359079852033	1.76312201649984	3.26632131391851	4.78420571919279
2.779308232716	1.77094450509513	3.27499044664834	4.78829335544409
2.78502566691168	1.75767656703106	3.27834840916393	4.8029881409458
2.79074310110735	1.76588121423588	3.28484556875202	4.81345455502182
2.79646053530303	1.77373701227054	3.29617494392046	4.82941846272028
2.8021779694987	1.77805531097122	3.29772325905722	4.81883591067572
2.80789540369437	1.77430292679678	3.30501871112446	4.83152294306826
2.81361283789005	1.79020902775559	3.30960152798843	4.84477475988105
2.81933027208572	1.79080689969937	3.31884625256103	4.85327478299323
2.8250477062814	1.80068484343082	3.32307759845223	4.8782879918362
2.83076514047707	1.81094405923589	3.33280803621097	4.86734696363319
2.83648257467275	1.80294482976075	3.33777492773287	4.89273190179574
2.84220000886842	1.81130707730677	3.3468640155548	4.8984369780304
2.8479174430641	1.82313904497852	3.35518605301825	4.91671142420661
2.85363487725977	1.82624013911533	3.3616412586971	4.92220032486923
2.85935231145545	1.82934535621005	3.36418880413381	4.92636855455359
2.86506974565112	1.83891553373542	3.37243702419194	4.93497612453027
2.87078717984679	1.83764331169017	3.38172962566509	4.93226568899288
2.87650461404247	1.83675487885518	3.38696384275651	4.95152889578782
2.88222204823814	1.83781719114124	3.39450223208569	4.96382035490498
2.88793948243382	1.84031064484617	3.39757141598901	4.96553278065599
2.89365691662949	1.85203093626244	3.40924490886705	4.98001283400633
2.89937435082517	1.8534456169786	3.41749868747591	4.99308032877678
2.90509178502084	1.84382374059732	3.42315673016241	4.99861843498567
2.91080921921652	1.86374286104657	3.42760422042231	5.01362512045978
2.91652665341219	1.87780629465983	3.43691036911427	5.01453754459225
2.92224408760787	1.85769263561732	3.43647004036837	5.02163035466085
2.92796152180354	1.86706817900205	3.44845971124323	5.03404399674024
2.93367895599921	1.87753529044858	3.45903845955701	5.03845085748458
2.93939639019489	1.88861812224521	3.46390180482686	5.05616765309443
2.94511382439056	1.87259870932106	3.46967229930855	5.05148271413415
2.95083125858624	1.89715204031363	3.47910937676384	5.07580886308767
2.95654869278191	1.89257032978022	3.48261839999101	5.08295208726073
2.96226612697759	1.89571562686131	3.4891449842084	5.09926681466592
2.96798356117326	1.89611183029228	3.49727905525633	5.10731264564808
2.97370099536894	1.91900773453203	3.50767859091536	5.10929413918877
2.97941842956461	1.91495597731348	3.51212542702774	5.12150853217175
2.98513586376029	1.91432348886716	3.51624114911395	5.12864397167071
2.99085329795596	1.92353431474869	3.52385427375656	5.14322778924799
2.99657073215163	1.91101672682717	3.53234116995936	5.15757357148569
3.00228816634731	1.91757315881184	3.54157269280827	5.15911044369333
3.00800560054298	1.94294168506174	3.54697868512103	5.17857899198158
3.01372303473866	1.92678852979008	3.54537720682293	5.18451780929856
3.01944046893433	1.94874109021848	3.56064243376848	5.19267385362514
3.02515790313001	1.94518974380071	3.56817419031779	5.19743709901783
3.03087533732568	1.93407670949872	3.57324129517827	5.21370381885677
3.03659277152136	1.95706799244371	3.57790724463129	5.22127838748627
3.04231020571703	1.94878428485238	3.58165989535053	5.21999358114359
3.0480276399127	1.9575749646719	3.5899248300934	5.23474349923718
3.05374507410838	1.95808491922354	3.59947380851481	5.25414361358071
3.05946250830405	1.96018302676246	3.60929742462247	5.26199086089189
3.06517994249973	1.98609395993014	3.61190034642453	5.2577880105268
3.0708973766954	1.98146898164093	3.61822135180733	5.26488312006861
3.07661481089108	1.9854728379395	3.62368706327496	5.27856927265252
3.08233224508675	1.99456961342329	3.63603494906858	5.29579927113253
3.08804967928243	1.99471011214375	3.6407797365197	5.30089629900461
3.0937671134781	1.99538704728596	3.65135894024861	5.32218337955236
3.09948454767378	1.98790145320267	3.6558092638364	5.327715808828
3.10520198186945	1.99709300803843	3.66332690297148	5.32871464768661
3.11091941606513	2.01873460849145	3.66233614908222	5.34414548432855
3.1166368502608	2.01541581538224	3.68219421266516	5.339201480127
3.12235428445647	2.01650002647224	3.68220668325514	5.35399321372897
3.12807171865215	2.02582625990417	3.69115195911233	5.36524612353017
3.13378915284782	2.01953162393857	3.69474418933002	5.36534109884002
3.1395065870435	2.03350698946407	3.70555408531334	5.38765745096811
3.14522402123917	2.02137365829002	3.7104485594874	5.38537567374007
3.15094145543485	2.04246752877319	3.72212290586797	5.40611942016871
3.15665888963052	2.0537865634665	3.72082580542925	5.42119770087115
3.1623763238262	2.04410122209665	3.72849359135531	5.42650295612431
3.16809375802187	2.03474301222319	3.74056709506271	5.43478754575884
3.17381119221755	2.05451535315624	3.74430249920856	5.44483203828337
3.17952862641322	2.05060816140658	3.75422264954582	5.45892834724931
3.18524606060889	2.06623106995689	3.75734316103004	5.46514402197635
3.19096349480457	2.06328749231826	3.76542633958394	5.47888027064749
3.19668092900024	2.06465537678094	3.76832750907093	5.4939985238985
3.20239836319592	2.07219134288218	3.77902387968666	5.49543406043474
3.20811579739159	2.07401768104737	3.79016733250945	5.49358888268572
3.21383323158727	2.09493476245136	3.79085444452232	5.51607195777389
3.21955066578294	2.09503093892805	3.80045866160503	5.51778503157804
3.22526809997862	2.09912664337604	3.80411380190978	5.51794430559788
3.23098553417429	2.10366131366196	3.8136003776023	5.54223430850483
3.23670296836997	2.09284425950074	3.82547553877029	5.55261121463382
3.24242040256564	2.09927881826239	3.82940954477753	5.55028933550261
3.24813783676131	2.09936930093953	3.8292888375598	5.58346364062116
3.25385527095699	2.11683510610095	3.84355241518914	5.58191798727496
3.25957270515266	2.11884240366178	3.84511455142682	5.5912064770739
3.26529013934834	2.12367282078006	3.84920378889095	5.59451086584266
3.27100757354401	2.12880106847377	3.86017363232823	5.60523438635356
3.27672500773969	2.13595504132999	3.86377785722372	5.62936842420555
3.28244244193536	2.12482899518693	3.86925295931883	5.62927432170315
3.28815987613104	2.13366741735747	3.88040320191709	5.62466845963743
3.29387731032671	2.13976689023154	3.88443707375986	5.65190696187552
3.29959474452239	2.13557261780927	3.89807306750733	5.66431380316948
3.30531217871806	2.13431266959748	3.90312884751661	5.66658077491026
3.31102961291373	2.15386242301629	3.91136044899826	5.67676369911627
3.31674704710941	2.16124134831224	3.91319999761954	5.68126878279709
3.32246448130508	2.15275595609294	3.92932745757807	5.6893466170296
3.32818191550076	2.15886027125961	3.92838526107082	5.69960283926449
3.33389934969643	2.16908723226875	3.93764016564537	5.70636622197741
3.33961678389211	2.16241686439181	3.94013800038254	5.72062057366458
3.34533421808778	2.17362822934135	3.94674060923357	5.72982729546873
3.35105165228346	2.17390305451132	3.96281259220192	5.75290273422757
3.35676908647913	2.19260064428708	3.96058358795913	5.76980590148336
3.36248652067481	2.18172180858451	3.97131903026177	5.76945450290674
3.36820395487048	2.19789764457658	3.97830889201977	5.76744238349572
3.37392138906615	2.20404624702966	3.98628910765756	5.78383819664861
3.37963882326183	2.21020806038895	3.99437406916948	5.78645719866846
3.3853562574575	2.20659972136662	4.00060648670067	5.80316728945103
3.39107369165318	2.21693960688538	4.00343281188513	5.80795744068095
3.39679112584885	2.22158731795004	4.0141541569227	5.81365603472322
3.40250856004453	2.2082529380514	4.02583722234461	5.81565950764214
3.4082259942402	2.21864568673088	4.02611379157473	5.82742179900715
3.41394342843588	2.23651095418319	4.03275781926065	5.8478399134651
3.41966086263155	2.2357119578374	4.0409697189464	5.84521284418061
3.42537829682722	2.2298062098746	4.04773883179753	5.86945708821798
3.4310957310229	2.23853400906914	4.05058415848221	5.87070455432542
3.43681316521857	2.2497199193995	4.06301733484512	5.87824847507229
3.44253059941425	2.26136512248704	4.06376000793342	5.89629200454362
3.44824803360992	2.26010150212107	4.07416058272266	5.90217450578229
3.4539654678056	2.25097891815217	4.07968903453182	5.91466393262926
3.45968290200127	2.26012316128604	4.08732062149085	5.93158452152007
3.46540033619695	2.2643312058118	4.09185205656879	5.93350714418425
3.47111777039262	2.26739807160922	4.09765179105875	5.94552398207876
3.4768352045883	2.27242664284874	4.10568394113281	5.94429968956282
3.48255263878397	2.27425085322823	4.11327264942364	5.95367302671143
3.48827007297964	2.27865177418998	4.11984089009668	5.97202029701697
3.49398750717532	2.28147931147629	4.12529929718352	5.9964089191202
3.49970494137099	2.2895529731612	4.13224764499432	5.99436379461415
3.50542237556667	2.3018533019053	4.14055410260051	5.98853778059905
3.51113980976234	2.29034420288448	4.15200481384304	6.01504486107081
3.51685724395802	2.31148198734018	4.1557946072556	6.0383330488125
3.52257467815369	2.30502986827916	4.16164862977564	6.02722153015921
3.52829211234937	2.31779371876427	4.1660503834794	6.05254648738392
3.53400954654504	2.3142574325744	4.16943016593407	6.03017654650725
3.53972698074072	2.31287912907058	4.18201276645808	6.06309091879725
3.54544441493639	2.31593024794443	4.18803531308	6.06627376359065
3.55116184913207	2.32361995927016	4.19603436927886	6.06752048427957
3.55687928332774	2.32486688693626	4.20362479270336	6.07944114230364
3.56259671752341	2.32584531651135	4.21201432452251	6.08974493192715
3.56831415171909	2.34133392329627	4.22035123223712	6.09868831795652
3.57403158591476	2.35223104378792	4.22256100151425	6.11469445988546
3.57974902011044	2.34418415685897	4.23104139139386	6.12164993691122
3.58546645430611	2.35050585716406	4.24009068194552	6.1330765302757
3.59118388850179	2.37036381333508	4.24212014589958	6.12952124674953
3.59690132269746	2.33757140321603	4.25198308474515	6.15781639350543
3.60261875689314	2.35947486145158	4.25705651434034	6.16368352263949
3.60833619108881	2.3587505537698	4.26012663212177	6.18135383169008
3.61405362528449	2.37128329617935	4.26963247578253	6.15936087232033
3.61977105948016	2.37651690214627	4.27334278676155	6.18801064055044
3.62548849367583	2.38817023572001	4.28727457443969	6.19033450006022
3.63120592787151	2.38444866008066	4.29219330137316	6.20260742830084
3.63692336206718	2.40049881620205	4.29763535833445	6.21553568959651
3.64264079626286	2.38056411508476	4.30739495630776	6.22824073646586
3.64835823045853	2.39833012014489	4.315123991141	6.24485034093161
3.65407566465421	2.41308191392442	4.32244606829365	6.23944645017104
3.65979309884988	2.39695620848931	4.3287456252295	6.25343916516185
3.66551053304556	2.39806839698186	4.33158188195743	6.2581185105602
3.67122796724123	2.41509699778873	4.33943632344103	6.28601590290196
3.67694540143691	2.4303529052002	4.34885453773406	6.28633928454432
3.68266283563258	2.41744083699104	4.35390790918954	6.27771799686285
3.68838026982825	2.42629266088062	4.36395042546382	6.30186354146805
3.69409770402393	2.43799909501573	4.37049985876014	6.31616343781995
3.6998151382196	2.44022093769899	4.37697698506723	6.30554736145709
3.70553257241528	2.43076512589473	4.38018943693488	6.32681442111712
3.71125000661095	2.44176830441332	4.38831662148815	6.34584410813627
3.71696744080663	2.43879380072051	4.39453494955203	6.3457427122075
3.7226848750023	2.44309398599687	4.40137974161344	6.35607092302241
3.72840230919798	2.45995924923878	4.40643203992291	6.38136247510429
3.73411974339365	2.4641345339255	4.41760916234186	6.39577225345899
3.73983717758932	2.45057552400234	4.42335339522962	6.39187734971951
3.745554611785	2.45851194981145	4.43849208436909	6.40592546454011
3.75127204598067	2.47606097226499	4.43905124516846	6.40800491523692
3.75698948017635	2.47916495225537	4.44289653045481	6.42144564300995
3.76270691437202	2.47558173495679	4.45290795944643	6.42499528021862
3.7684243485677	2.4706243170373	4.45568229248038	6.43164335123341
3.77414178276337	2.49475514812436	4.46598293495902	6.43173221597343
3.77985921695905	2.48612917647141	4.47325941122769	6.44522588550353
3.78557665115472	2.49898026791069	4.48295063911796	6.44854229312551
3.7912940853504	2.50584115858069	4.48496542994395	6.47165838250187
3.79701151954607	2.51215212800732	4.48959798572127	6.48460602161351
3.80272895374174	2.49223273143219	4.49614127314209	6.49167409328393
3.80844638793742	2.53058309857301	4.50650736421317	6.50374332019071
