"mitochan"	"lwrNorm"	"medNorm"	"uprNorm"
-1.90327037354145	-2.36664284908983	-2.07869033421383	-1.79304975000768
-1.89685869040176	-2.35742612570919	-2.07231729771032	-1.7875669920382
-1.89044700726207	-2.35204592547085	-2.06613405968247	-1.77884264474425
-1.88403532412239	-2.34779646794668	-2.05790572078675	-1.7721912331395
-1.8776236409827	-2.33659684239716	-2.04973182619446	-1.76278240676894
-1.87121195784301	-2.3283093592699	-2.04307881278192	-1.75606270865579
-1.86480027470333	-2.32278767385013	-2.03829406851638	-1.74961862531227
-1.85838859156364	-2.31563225422477	-2.02938041351478	-1.74387928071162
-1.85197690842395	-2.30701777249015	-2.023375890727	-1.7395741675461
-1.84556522528426	-2.30268347177921	-2.01855049384664	-1.72603605118944
-1.83915354214458	-2.29764447067223	-2.01153509545228	-1.72719046468296
-1.83274185900489	-2.28549114226869	-2.00677417753779	-1.72104345764072
-1.8263301758652	-2.28191690773814	-1.99690610298598	-1.71160580407756
-1.81991849272552	-2.27684094043947	-1.99144195840966	-1.71095163906264
-1.81350680958583	-2.26727859926177	-1.98438088618074	-1.70468026499807
-1.80709512644614	-2.25909802576771	-1.9785975192415	-1.69335310316124
-1.80068344330645	-2.25532083550138	-1.97086875102028	-1.68564795143033
-1.79427176016677	-2.24573855091654	-1.96404486311525	-1.67927068719017
-1.78786007702708	-2.24775891814626	-1.95844959035459	-1.67421578985102
-1.78144839388739	-2.23643674907449	-1.95195618958986	-1.66698977096892
-1.7750367107477	-2.2349261634712	-1.94567785647681	-1.66483919196399
-1.76862502760802	-2.22057554401149	-1.9379864992041	-1.65430598013091
-1.76221334446833	-2.21668671155221	-1.93038510060542	-1.64303282960326
-1.75580166132864	-2.20995776956967	-1.92540921213042	-1.64192181233857
-1.74938997818896	-2.20369616854724	-1.91854110128335	-1.63680272773998
-1.74297829504927	-2.19539956933543	-1.91077002812917	-1.62592247016078
-1.73656661190958	-2.18895441536097	-1.90546294181098	-1.62926475508087
-1.73015492876989	-2.17977203206489	-1.8985486779848	-1.61708346908258
-1.72374324563021	-2.17576830568037	-1.89307534633789	-1.60815857788807
-1.71733156249052	-2.17051298599207	-1.88598556491148	-1.60424303465225
-1.71091987935083	-2.16211575692321	-1.8766851422712	-1.59661675549237
-1.70450819621115	-2.15224214189701	-1.8721863966834	-1.59131628156206
-1.69809651307146	-2.14696912018284	-1.86384898013824	-1.58540840704405
-1.69168482993177	-2.13949167123695	-1.85829651981709	-1.57348637970437
-1.68527314679208	-2.13392368033998	-1.85249568006547	-1.57417984836505
-1.6788614636524	-2.12955720663156	-1.84470719786094	-1.56235712680041
-1.67244978051271	-2.12139830813405	-1.83884625427996	-1.55602420311127
-1.66603809737302	-2.11473059442068	-1.83173529539133	-1.55085633069161
-1.65962641423334	-2.10946281176737	-1.82647563836913	-1.5376069236335
-1.65321473109365	-2.09387756190231	-1.81745104513224	-1.53755634323128
-1.64680304795396	-2.09434297145947	-1.81118610660567	-1.5346877707326
-1.64039136481427	-2.08759754464369	-1.80538866130249	-1.51994713095277
-1.63397968167459	-2.07711413966628	-1.79916585660042	-1.5156660669999
-1.6275679985349	-2.07515627382908	-1.79075684931896	-1.51232731554321
-1.62115631539521	-2.06366999028587	-1.78609983058237	-1.50524287426311
-1.61474463225553	-2.06216904305051	-1.77899588864079	-1.49914164966312
-1.60833294911584	-2.05327774650349	-1.77232362541788	-1.49076478682753
-1.60192126597615	-2.04802189754491	-1.76708654144825	-1.48412837565924
-1.59550958283646	-2.0400067355165	-1.75818801699624	-1.4818461722384
-1.58909789969678	-2.02946596985248	-1.75255951691691	-1.47013722854083
-1.58268621655709	-2.02384158331519	-1.74353797385945	-1.46319132217905
-1.5762745334174	-2.02181289397595	-1.74099761504143	-1.45932702729588
-1.56986285027771	-2.01259755448037	-1.73255785299404	-1.4538747771979
-1.56345116713803	-2.00418681910894	-1.72577643977687	-1.4399035022774
-1.55703948399834	-1.99801128147418	-1.7200674985537	-1.43947284481784
-1.55062780085865	-1.99269889999025	-1.71341772749284	-1.4354901440935
-1.54421611771897	-1.98629189291013	-1.70510186760013	-1.41877839638537
-1.53780443457928	-1.97895484291407	-1.6978921930596	-1.41862828547007
-1.53139275143959	-1.97512712720398	-1.68982088301385	-1.41660662768473
-1.5249810682999	-1.96564192881555	-1.68610190972035	-1.40546660517415
-1.51856938516022	-1.95719834432025	-1.67884887213735	-1.39935423516366
-1.51215770202053	-1.95011811202574	-1.67199749777722	-1.39575470658551
-1.50574601888084	-1.94927062958057	-1.66564114314724	-1.3908364351665
-1.49933433574116	-1.94027857986878	-1.65971732866722	-1.3806652818897
-1.49292265260147	-1.93016936813292	-1.65337150387499	-1.37630462329616
-1.48651096946178	-1.92303438805073	-1.64809658472114	-1.36251065000593
-1.48009928632209	-1.91743754945946	-1.63995397954201	-1.3600410760547
-1.47368760318241	-1.91634642106115	-1.63400815784962	-1.351924209665
-1.46727592004272	-1.90288280714179	-1.62353663373369	-1.35138593699564
-1.46086423690303	-1.89767913422214	-1.61940214769637	-1.34353292341955
-1.45445255376335	-1.88841512077905	-1.61396126412035	-1.33521632982645
-1.44804087062366	-1.88334777407479	-1.60498737802963	-1.32585511153445
-1.44162918748397	-1.87971519086244	-1.60161345198825	-1.32157712989558
-1.43521750434428	-1.87099901410029	-1.59417442074948	-1.3115354568437
-1.4288058212046	-1.86269583136968	-1.58499634268939	-1.31261126952042
-1.42239413806491	-1.85916950947443	-1.57883733845984	-1.30476239209107
-1.41598245492522	-1.8462189287441	-1.56937019490974	-1.29222258659715
-1.40957077178554	-1.84194611956567	-1.5676292961479	-1.28925548405345
-1.40315908864585	-1.83641564762372	-1.55859681273141	-1.28310745200852
-1.39674740550616	-1.82882013243908	-1.55580456732434	-1.27554275858051
-1.39033572236647	-1.82327782779673	-1.54629532512268	-1.26970053054982
-1.38392403922679	-1.81733436901269	-1.5401210497616	-1.26344974582751
-1.3775123560871	-1.80630044868942	-1.53365654835588	-1.25481776588943
-1.37110067294741	-1.79854501350187	-1.52652891617659	-1.24872001717991
-1.36468898980772	-1.8007544729474	-1.52145043396995	-1.24200374278819
-1.35827730666804	-1.78526760201034	-1.5144473426855	-1.24375722780143
-1.35186562352835	-1.77889064765418	-1.50759144166222	-1.23459656853561
-1.34545394038866	-1.77548099953155	-1.50050829040188	-1.22454722814774
-1.33904225724898	-1.76718497454735	-1.49402201217126	-1.21323406017255
-1.33263057410929	-1.76717918907627	-1.48616711358494	-1.20915133604138
-1.3262188909696	-1.75448386172822	-1.47995020941842	-1.20139679524721
-1.31980720782991	-1.75246645781643	-1.47374615161757	-1.19332732485375
-1.31339552469023	-1.74075320121122	-1.46552845647457	-1.19089186732658
-1.30698384155054	-1.73868849318605	-1.46150004810656	-1.18453645463264
-1.30057215841085	-1.72857177393588	-1.45268093470972	-1.17734493658698
-1.29416047527117	-1.72499518753599	-1.44647942122415	-1.17374233543237
-1.28774879213148	-1.71453880000785	-1.43823848485324	-1.16802094896508
-1.28133710899179	-1.71051632279738	-1.43340341111617	-1.15469068160877
-1.2749254258521	-1.70559846314695	-1.42729570076418	-1.15131785867795
-1.26851374271242	-1.69639907192054	-1.41858824371099	-1.1461689490612
-1.26210205957273	-1.69103442038542	-1.415073957804	-1.13539039635125
-1.25569037643304	-1.6803828826931	-1.40574920315291	-1.13432529506054
-1.24927869329336	-1.67320018563612	-1.39981025371764	-1.12725326279972
-1.24286701015367	-1.67017121671631	-1.39252336430339	-1.11550810936901
-1.23645532701398	-1.65890846964846	-1.38628133208253	-1.11429716564934
-1.23004364387429	-1.65370127775323	-1.38154825501192	-1.10053692891882
-1.22363196073461	-1.64599261867584	-1.37411200044586	-1.09718443597865
-1.21722027759492	-1.64296587817129	-1.36791323701359	-1.08893764711616
-1.21080859445523	-1.63144987575105	-1.36007104914429	-1.07940746417734
-1.20439691131554	-1.62803184152754	-1.35268235437921	-1.08111846547032
-1.19798522817586	-1.62101569700568	-1.34886812730889	-1.07631925362739
-1.19157354503617	-1.61800857682171	-1.34201603446762	-1.06466156439062
-1.18516186189648	-1.61253983240746	-1.33408465366183	-1.05929201989921
-1.1787501787568	-1.59943426881433	-1.32663850662583	-1.05884812942242
-1.17233849561711	-1.59118007711243	-1.31987507982436	-1.04749128463536
-1.16592681247742	-1.58634701584086	-1.31333076698868	-1.03550807325938
-1.15951512933773	-1.58232750076169	-1.30621292877777	-1.03666786626135
-1.15310344619805	-1.5699885335513	-1.30042621667521	-1.02947766678923
-1.14669176305836	-1.56817391463555	-1.29427179044294	-1.02065834623121
-1.14028007991867	-1.55968491686494	-1.28775520755763	-1.01380674901166
-1.13386839677899	-1.55423184092945	-1.28096070449613	-1.00890360013713
-1.1274567136393	-1.54278072395654	-1.27315589607744	-1.0024448209915
-1.12104503049961	-1.53915737182733	-1.26816112504824	-0.994687160220181
-1.11463334735992	-1.52927869998033	-1.26197467019464	-0.98342238117238
-1.10822166422024	-1.52621829435354	-1.25256309518081	-0.978731135074484
-1.10180998108055	-1.51560961538324	-1.24624215073129	-0.974896316843219
-1.09539829794086	-1.50931099365772	-1.24117837256562	-0.964733419678027
-1.08898661480118	-1.50680495380431	-1.23337662071879	-0.959221367004631
-1.08257493166149	-1.50530101361226	-1.22875982709945	-0.95086201543142
-1.0761632485218	-1.49590414579978	-1.22196965546122	-0.949647514366482
-1.06975156538211	-1.48409568642016	-1.21287347196107	-0.943928433344297
-1.06333988224243	-1.47780112923856	-1.20781063165866	-0.936087230569844
-1.05692819910274	-1.46968598087855	-1.19925163369434	-0.93278218093146
-1.05051651596305	-1.4629156097922	-1.19442391257128	-0.923231946626857
-1.04410483282336	-1.45987927271345	-1.18752689316533	-0.91667355115555
-1.03769314968368	-1.45524101884881	-1.17982561763337	-0.906032204703873
-1.03128146654399	-1.44632940022847	-1.17571709321874	-0.901808337909557
-1.0248697834043	-1.44169599383194	-1.16852383524791	-0.89461460029875
-1.01845810026462	-1.43627520246941	-1.16025203463632	-0.888596573556629
-1.01204641712493	-1.42766575892894	-1.15509200069802	-0.886588716684361
-1.00563473398524	-1.41909169145991	-1.14847397414506	-0.880666102377102
-0.999223050845555	-1.41138499263942	-1.14107521415447	-0.872095440184069
-0.992811367705867	-1.40636758651938	-1.13589144523661	-0.863404508224676
-0.98639968456618	-1.3972074776349	-1.12820628323396	-0.852662827302548
-0.979988001426493	-1.38946134358279	-1.12190745079446	-0.84993600940423
-0.973576318286806	-1.38692683528865	-1.11401725382131	-0.840975269624942
-0.967164635147119	-1.37545618037474	-1.10796928741753	-0.83647956569376
-0.960752952007431	-1.37049256587357	-1.10295062963376	-0.833398065849539
-0.954341268867744	-1.36416897438231	-1.09409266290351	-0.826163878701453
-0.947929585728057	-1.35915009836362	-1.09044166684117	-0.817835668492814
-0.94151790258837	-1.35308000965162	-1.08363624388925	-0.80703578417308
-0.935106219448683	-1.34434628056882	-1.07583317850632	-0.806072072311979
-0.928694536308995	-1.34220631034948	-1.0706921431143	-0.796260726727157
-0.922282853169308	-1.32878803916091	-1.06104793187161	-0.795279771439495
-0.915871170029621	-1.3242024230413	-1.05495802642281	-0.785118268175501
-0.909459486889934	-1.31518360087999	-1.04809455297685	-0.780352528734939
-0.903047803750247	-1.31331535659835	-1.04052395010985	-0.772073438766448
-0.89663612061056	-1.30520506175082	-1.03255963988708	-0.760213966038932
-0.890224437470872	-1.29768358440265	-1.02832329319578	-0.756881926097279
-0.883812754331185	-1.29098154583325	-1.02319630305323	-0.74755539700195
-0.877401071191498	-1.28718763644189	-1.01604838358546	-0.746446558128261
-0.870989388051811	-1.28089566421992	-1.00798327510115	-0.735572535835674
-0.864577704912123	-1.2721711552358	-1.0030048734661	-0.732449820093754
-0.858166021772436	-1.26438002886907	-0.993848103891189	-0.727847954674407
-0.851754338632749	-1.26073160763677	-0.98988092916099	-0.718688175669726
-0.845342655493062	-1.24788498502674	-0.981369769499331	-0.716382291457368
-0.838930972353375	-1.24230899612557	-0.975429770104977	-0.713490814495022
-0.832519289213687	-1.24012618444911	-0.969555412596723	-0.697405547547784
-0.826107606074	-1.22675166303632	-0.961413957261497	-0.692406728345854
-0.819695922934313	-1.22557711925664	-0.953431259074112	-0.67788452734815
-0.813284239794626	-1.21999228380509	-0.948640331552236	-0.679021928075153
-0.806872556654939	-1.21477179336624	-0.940730654121669	-0.673747576386812
-0.800460873515252	-1.2005701745987	-0.935272275134638	-0.667902081019548
-0.794049190375564	-1.1960121632232	-0.930595983644007	-0.660734443617049
-0.787637507235877	-1.19178141024668	-0.92204996888986	-0.655565143971534
-0.78122582409619	-1.18492256846133	-0.914758611060737	-0.649417851128928
-0.774814140956503	-1.1744739434642	-0.909044059810588	-0.640434452315704
-0.768402457816816	-1.17103738738956	-0.902121361925049	-0.634903088565915
-0.761990774677128	-1.16307260341777	-0.896353990246078	-0.629504915545119
-0.755579091537441	-1.15843873754577	-0.887088377768044	-0.621661563488066
-0.749167408397754	-1.14796395267459	-0.882837625697755	-0.615324992193648
-0.742755725258067	-1.14451396083972	-0.875934150573999	-0.607010674741229
-0.73634404211838	-1.13975538181228	-0.86874243467395	-0.600771591948969
-0.729932358978692	-1.12637128091812	-0.861460019593936	-0.59412496974791
-0.723520675839005	-1.12522867049426	-0.85588171916137	-0.58736270236889
-0.717108992699318	-1.11212310416718	-0.849342901668998	-0.582610078201204
-0.710697309559631	-1.11032953477992	-0.841056991379096	-0.575727135465259
-0.704285626419944	-1.10146973133638	-0.832851717584669	-0.566689348120639
-0.697873943280257	-1.09344732158035	-0.827782667850497	-0.560268788951157
-0.691462260140569	-1.0893484988585	-0.823275289646407	-0.560595024863789
-0.685050577000882	-1.08422392096169	-0.818117094438695	-0.550483649280562
-0.678638893861195	-1.0750518925948	-0.809275659694152	-0.548615352088721
-0.672227210721508	-1.07170105921334	-0.802503528891783	-0.536127529084221
-0.66581552758182	-1.06413118071743	-0.797040499368385	-0.528824991432017
-0.659403844442133	-1.05860349068383	-0.790334289034044	-0.521614129220361
-0.652992161302446	-1.04848934953049	-0.782874492546145	-0.512910325837835
-0.646580478162759	-1.04075883560631	-0.777202279780756	-0.516411326539533
-0.640168795023072	-1.03189711085712	-0.76948677349686	-0.503101025046344
-0.633757111883384	-1.02921040362386	-0.76331797101699	-0.497257227557282
-0.627345428743697	-1.02245398285298	-0.757280527859563	-0.488705545470964
-0.62093374560401	-1.0171634123937	-0.749576943988254	-0.485265311917709
-0.614522062464323	-1.00712049659511	-0.745007420920094	-0.474943126076466
-0.608110379324636	-1.00034130430229	-0.735034479248776	-0.46959273921701
-0.601698696184949	-0.994418005590358	-0.729115200943006	-0.462467479323678
-0.595287013045261	-0.986250030519179	-0.723336733162488	-0.458911425624012
-0.588875329905574	-0.979028502234585	-0.714370923863224	-0.448767005979603
-0.582463646765887	-0.973603457404362	-0.708763733029202	-0.444991319176261
-0.5760519636262	-0.966112074944682	-0.703215991103521	-0.439389527945376
-0.569640280486513	-0.962040013269219	-0.697480838460119	-0.427532385008482
-0.563228597346825	-0.95377295920605	-0.690575736155217	-0.425922280379916
-0.556816914207138	-0.947194819773418	-0.683113840836308	-0.420005093048915
-0.550405231067451	-0.94728640863281	-0.676267987874341	-0.415904028612743
-0.543993547927764	-0.936862122273394	-0.669335663857539	-0.402980135383944
-0.537581864788077	-0.926325862219964	-0.662726566757608	-0.397480365478481
-0.531170181648389	-0.920552115875093	-0.656940582896843	-0.38626184320549
-0.524758498508702	-0.91438775333833	-0.650491834290079	-0.387838290000331
-0.518346815369015	-0.907473178677138	-0.642963055844625	-0.376009910393109
-0.511935132229328	-0.904508053101354	-0.637985850706869	-0.37024565065605
-0.505523449089641	-0.894351893220307	-0.627470654033244	-0.366238814289774
-0.499111765949954	-0.890502060236952	-0.622251725251807	-0.358765047842681
-0.492700082810266	-0.883696161794928	-0.616831773104215	-0.352284312783493
-0.486288399670579	-0.873497592724381	-0.609405506498419	-0.345933939054491
-0.479876716530892	-0.869147745884791	-0.602221191535667	-0.337424232471814
-0.473465033391205	-0.858398075766064	-0.594684674554347	-0.328767526866276
-0.467053350251518	-0.853059376309386	-0.589909509345878	-0.322913291736689
-0.46064166711183	-0.847179436270343	-0.583396646629225	-0.322858358610764
-0.454229983972143	-0.839676552955477	-0.577328605450739	-0.313678183797355
-0.447818300832456	-0.835725197247353	-0.569689472610337	-0.307302993330509
-0.441406617692769	-0.824361540678069	-0.563743454313505	-0.303339683646029
-0.434994934553081	-0.816307076215173	-0.555163753289911	-0.296133949364403
-0.428583251413394	-0.815135660666351	-0.549650790554642	-0.288357955935241
-0.422171568273707	-0.808525464006024	-0.544167877890887	-0.282705108186441
-0.41575988513402	-0.801666354639034	-0.535347942311294	-0.270775695152019
-0.409348201994333	-0.795580992830504	-0.530928142403617	-0.26884412511501
-0.402936518854646	-0.787216130874784	-0.521992370476371	-0.261122137513922
-0.396524835714958	-0.775876616297679	-0.517853532248235	-0.253780238857986
-0.390113152575271	-0.772961275443343	-0.508161452291407	-0.247961560635223
-0.383701469435584	-0.766611211972641	-0.503344564458014	-0.238244420828484
-0.377289786295897	-0.761701006380861	-0.496702041698355	-0.238864101343362
-0.37087810315621	-0.753771707350395	-0.491618558184078	-0.227275042526627
-0.364466420016522	-0.741915103173871	-0.480850673209516	-0.223798977065856
-0.358054736876835	-0.739208058809079	-0.477343009417601	-0.214596513308641
-0.351643053737148	-0.731822816043481	-0.470558586365304	-0.207669013263911
-0.345231370597461	-0.724056947123816	-0.464618730622902	-0.200339394095121
-0.338819687457774	-0.718540570206482	-0.456670563562195	-0.195448633514867
-0.332408004318086	-0.711675326421947	-0.449014038978871	-0.187027451501267
-0.325996321178399	-0.706670906194337	-0.444142686217949	-0.185814529606203
-0.319584638038712	-0.701027279673451	-0.435749638463755	-0.175256551166871
-0.313172954899025	-0.693458219369703	-0.430648716821964	-0.168180076840743
-0.306761271759338	-0.684543604524952	-0.426533277219491	-0.162074722081354
-0.300349588619651	-0.681484460758655	-0.418674927572353	-0.15608831836063
-0.293937905479963	-0.670100644414303	-0.410927056470421	-0.147324725165474
-0.287526222340276	-0.667406641043103	-0.404291472214377	-0.14135770297364
-0.281114539200589	-0.656390580493682	-0.398210530564536	-0.137467373947442
-0.274702856060902	-0.649475023374829	-0.391521258754806	-0.127911123085408
-0.268291172921215	-0.645561111275501	-0.383815481956877	-0.124692143123822
-0.261879489781527	-0.639554854932617	-0.376905512797082	-0.117981014625375
-0.25546780664184	-0.63841389221651	-0.372439080962156	-0.105026400492371
-0.249056123502153	-0.629719850257326	-0.36509155615197	-0.0995865669787249
-0.242644440362466	-0.619922773437143	-0.35692984663377	-0.0983000180792061
-0.236232757222778	-0.613082491502331	-0.350133250095925	-0.0880374997243465
-0.229821074083091	-0.604090634779255	-0.343798801365252	-0.0797355368362203
-0.223409390943404	-0.59732562517563	-0.33587249953142	-0.0766396355894119
-0.216997707803717	-0.595245680125063	-0.329745075497763	-0.0684560898919448
-0.21058602466403	-0.583286485000608	-0.322543687142685	-0.0662667692351873
-0.204174341524343	-0.575182837807947	-0.317052314696726	-0.055793044334501
-0.197762658384655	-0.567312187220624	-0.3128281291129	-0.0498782057094715
-0.191350975244968	-0.564996107086898	-0.304704874819817	-0.04494555941492
-0.184939292105281	-0.559573737159031	-0.298065672717767	-0.0382790943920492
-0.178527608965594	-0.548522205252863	-0.29143269751079	-0.0335443071502568
-0.172115925825907	-0.548235626309051	-0.284870395469755	-0.0200756268653644
-0.165704242686219	-0.540222758724678	-0.278131036819777	-0.0192991949700385
-0.159292559546532	-0.529073121663594	-0.271415884524903	-0.015065293693123
-0.152880876406845	-0.521379884414972	-0.26365643196546	-0.00414579346191191
-0.146469193267158	-0.519706251800682	-0.25717642903203	0.00209249264723341
-0.140057510127471	-0.516416569245517	-0.250260588593706	0.0091353211121098
-0.133645826987783	-0.502976778870982	-0.244175659782645	0.0144676731516886
-0.127234143848096	-0.497621900717662	-0.236661013784562	0.0242221755912633
-0.120822460708409	-0.488041880858832	-0.229888481668836	0.0345673435019677
-0.114410777568722	-0.48503672715413	-0.226014686998647	0.0337332174648077
-0.107999094429035	-0.480074712699163	-0.217754294860587	0.0412647638641067
-0.101587411289348	-0.471392852882482	-0.212413860406224	0.0495909345945317
-0.0951757281496604	-0.458021872068452	-0.205368513192323	0.0555635247287306
-0.0887640450099731	-0.45750718434398	-0.198938047219727	0.0604837743918315
-0.0823523618702859	-0.450836180086339	-0.192854632743414	0.0656678496966654
-0.0759406787305987	-0.442213811613645	-0.186810451373868	0.0763923912412633
-0.0695289955909115	-0.43930568360787	-0.177961464755449	0.0781490418247523
-0.0631173124512243	-0.432434709524784	-0.170983338138396	0.0908331949352435
-0.0567056293115371	-0.426827488894829	-0.163623861729769	0.0913065084308082
-0.0502939461718499	-0.418083043534156	-0.158462247795825	0.103749795475288
-0.0438822630321627	-0.411672019882726	-0.151886939559553	0.110534856076129
-0.0374705798924755	-0.406557670841358	-0.14552520732333	0.113974631712484
-0.0310588967527883	-0.399443116651328	-0.137276719815769	0.120092218089725
-0.0246472136131011	-0.392224816645278	-0.130885835146236	0.127771475862547
-0.0182355304734139	-0.383828528056138	-0.125866069703568	0.126424819761584
-0.0118238473337267	-0.374628057736711	-0.118239827995008	0.142612640857638
-0.00541216419403945	-0.36829635571699	-0.110040441517396	0.146729751778852
0.000999518945647537	-0.364280177950107	-0.103734323323973	0.152622552427712
0.00741120208533474	-0.35694450209206	-0.098022361558551	0.159016923831265
0.013822885225022	-0.349915694787899	-0.0926804203953698	0.168335899089671
0.0202345683647092	-0.342806519895839	-0.0833820977596908	0.170596544763172
0.0266462515043964	-0.33672460335752	-0.0773009983792508	0.186054816805875
0.0330579346440836	-0.32803480221753	-0.0721131437734394	0.184255760074067
0.0394696177837708	-0.318909185475074	-0.0635988742041335	0.189732639517506
0.045881300923458	-0.319126534289263	-0.060573503979618	0.201855979569171
0.0522929840631452	-0.308270829762637	-0.0531734944172975	0.206423225280464
0.0587046672028324	-0.301229282646276	-0.0447557201686374	0.217948092184155
0.0651163503425196	-0.299338074565409	-0.0408564621837921	0.219624986914055
0.0715280334822068	-0.28962302926181	-0.0335825803746529	0.225137550455076
0.077939716621894	-0.285285263333324	-0.0245034473943749	0.236382427612414
0.0843513997615812	-0.279697284518809	-0.0190538346150462	0.237460323799255
0.0907630829012684	-0.265646348231824	-0.0106442877048545	0.24765805138218
0.0971747660409554	-0.264233296476335	-0.00685736111222631	0.254477614573728
0.103586449180643	-0.261361579780138	0.00195024901077011	0.265486645298458
0.10999813232033	-0.250573745982569	0.00946176453631762	0.270877493716987
0.116409815460017	-0.246676580038617	0.0147862004910455	0.275253857325519
0.122821498599704	-0.231660018084619	0.0227049781286005	0.279850143150312
0.129233181739392	-0.228261807342447	0.0279881446598149	0.2836246480441
0.135644864879079	-0.220031447066916	0.0369378280600803	0.292226806155149
0.142056548018766	-0.214948985775229	0.043204852420468	0.301762728592894
0.148468231158453	-0.210089063491249	0.0489785117012064	0.306205964439482
0.15487991429814	-0.205408794845609	0.0540679565973277	0.317371377458746
0.161291597437828	-0.196656144844526	0.0609666365350727	0.320967504097506
0.167703280577514	-0.188403765345185	0.0662627986723167	0.323583959272142
0.174114963717202	-0.181636035532059	0.0752539118986673	0.334143766358299
0.180526646856889	-0.177332835255811	0.0800989898809464	0.336080088796726
0.186938329996576	-0.169848918923302	0.0894447525787314	0.338639088939946
0.193350013136263	-0.162278912628398	0.0938815310986387	0.350645333337324
0.199761696275951	-0.157573443634906	0.101218486204464	0.355792319992217
0.206173379415638	-0.147353325939059	0.1073156543583	0.364604878050264
0.212585062555325	-0.14047252626636	0.114592455150688	0.371797391980457
0.218996745695012	-0.139429674691561	0.121030577475354	0.376277767861824
0.2254084288347	-0.134499847684677	0.126322177702604	0.382022395708459
0.231820111974387	-0.126629078574333	0.133269511941196	0.390297079287713
0.238231795114074	-0.115517830416657	0.139757545269627	0.397539689323207
0.244643478253761	-0.103753230758978	0.148219721633321	0.403880053629357
0.251055161393448	-0.100965822117568	0.152850983599026	0.409304133031348
0.257466844533135	-0.0968505524953088	0.16148780370009	0.42062558748255
0.263878527672822	-0.0906070684355219	0.167184251181076	0.423292082017101
0.27029021081251	-0.0797335722057047	0.175703450064429	0.431097988456196
0.276701893952197	-0.0760041905442655	0.180598361457253	0.433999128655184
0.283113577091884	-0.0685492983632313	0.188433865937896	0.446636141726779
0.289525260231571	-0.0637217854591953	0.194643210238817	0.449056331526512
0.295936943371259	-0.0551988446008473	0.201933573147797	0.453375860841926
0.302348626510946	-0.0513165146735248	0.207949813500923	0.4675158302351
0.308760309650633	-0.0417368935584301	0.215213412369511	0.471573213321788
0.31517199279032	-0.03307212100094	0.220404112620513	0.477862629769169
0.321583675930007	-0.0314749777449223	0.226231621805119	0.484752473665295
0.327995359069694	-0.0243575022571118	0.233650868997283	0.490832540318236
0.334407042209382	-0.0159536814146252	0.241139847040795	0.494987214458335
0.340818725349069	-0.00252615138459597	0.249762235423641	0.504834001597711
0.347230408488756	-0.000845254938150712	0.252962694180909	0.508883263615978
0.353642091628443	0.00558348396529435	0.258784262133641	0.514595010293069
0.36005377476813	0.0115655190773168	0.269247188073026	0.524721685737275
0.366465457907818	0.0189804445088393	0.273416361046067	0.527422679176045
0.372877141047505	0.024615300448733	0.281220376618836	0.53746286529501
0.379288824187192	0.0309280669651526	0.287184060745646	0.543048369520405
0.385700507326879	0.0409591101924996	0.29595804337985	0.553073199884364
0.392112190466567	0.0435842896527951	0.298397844791786	0.553515429432524
0.398523873606254	0.0514827315298482	0.308154380817998	0.564440967169632
0.404935556745941	0.0537669208442997	0.313504729834901	0.56471574794455
0.411347239885628	0.0673437472677465	0.321195974028772	0.574504243676147
0.417758923025315	0.0727697798815751	0.3268463569158	0.583457669549962
0.424170606165002	0.0783448436618616	0.332147966041937	0.591402386412981
0.43058228930469	0.0859120242864818	0.339818169601012	0.596359935497974
0.436993972444377	0.0960056594641689	0.3462035761974	0.603033060722052
0.443405655584064	0.0965238612725652	0.353894831060384	0.608840559134032
0.449817338723751	0.109055096709468	0.359815823461329	0.617329538294742
0.456229021863438	0.112758188291312	0.368259455686325	0.621825069399447
0.462640705003126	0.118047219956845	0.374360310582056	0.632258987975984
0.469052388142813	0.125452943074597	0.377940939641214	0.635109853682092
0.4754640712825	0.131342598287956	0.388108739816514	0.642667133662884
0.481875754422187	0.138601703640474	0.392530494495197	0.64873477861499
0.488287437561874	0.144525507813815	0.399062142089397	0.654672879330682
0.494699120701561	0.155289083686249	0.405670576335205	0.662518371770949
0.501110803841249	0.157485821856793	0.411544580833698	0.668422629602405
0.507522486980936	0.167825267311418	0.421391977521175	0.675219134685617
0.513934170120623	0.172318118057868	0.425494504285361	0.681746979476033
0.52034585326031	0.181933198156352	0.433527548220871	0.687790143549463
0.526757536399998	0.185145757141471	0.439490479230688	0.692838298331589
0.533169219539685	0.189077755029295	0.446458779325763	0.702106577873883
0.539580902679372	0.198542284537595	0.452783136505835	0.709664092401433
0.545992585819059	0.203187074212038	0.458129642735597	0.712990678019026
0.552404268958747	0.215753831056103	0.465111065271464	0.721814757640658
0.558815952098433	0.221491221337682	0.470763328430476	0.725813456666739
0.56522763523812	0.229071534955861	0.480477067421882	0.734725899048506
0.571639318377808	0.228266197700168	0.4850143218187	0.739690792818079
0.578051001517495	0.239151866082995	0.493471244901973	0.749945055037612
0.584462684657182	0.247376821701718	0.49793899790064	0.75774038734676
0.590874367796869	0.251403433550679	0.507583010385064	0.758803974424089
0.597286050936557	0.261326248738075	0.513495850040945	0.765199134230114
0.603697734076244	0.265960739403131	0.518628218896478	0.775557554615386
0.610109417215931	0.271723045379213	0.528126508492007	0.782523377616008
0.616521100355618	0.278091428550239	0.532797123744189	0.78303724159602
0.622932783495306	0.281530670565005	0.539978909087974	0.795781273005322
0.629344466634993	0.292449210531918	0.545447167376657	0.801866836468197
0.63575614977468	0.298965717274723	0.552228202387262	0.805669288649689
0.642167832914367	0.309150592523778	0.557670563321692	0.813807771271541
0.648579516054054	0.312298190189623	0.564973058768224	0.822320443370445
0.654991199193741	0.319466847272347	0.573376824340731	0.82420565788771
0.661402882333429	0.322584838655035	0.581809131520624	0.833942217025797
0.667814565473116	0.325281481714256	0.58629152069346	0.842528555986459
0.674226248612803	0.338210851532614	0.591414839143955	0.843965975956139
0.68063793175249	0.346173572482124	0.600698841768399	0.85108936192316
0.687049614892177	0.35259924549429	0.604965909462451	0.860370654591271
0.693461298031865	0.362187775938705	0.613329892905844	0.868827927156101
0.699872981171552	0.372096163368708	0.619002348350696	0.873767711609693
0.706284664311239	0.373636621212258	0.625882578705091	0.881665455783098
0.712696347450926	0.376981834703071	0.631885458112963	0.887137819490333
0.719108030590613	0.387418571911866	0.639296774194231	0.89266921893514
0.7255197137303	0.394215610698118	0.64662618954387	0.898380753605641
0.731931396869988	0.40269392687586	0.651951294444452	0.90857591603054
0.738343080009675	0.40352836594947	0.659167765152986	0.914281133201533
0.744754763149362	0.411826796710468	0.665271699579465	0.917662684062257
0.751166446289049	0.419690064919903	0.671774029196262	0.924380551350087
0.757578129428737	0.43290334181551	0.678684703872311	0.930402082463555
0.763989812568424	0.437785058707375	0.68554805065875	0.938964128783951
0.770401495708111	0.439638387365226	0.690962417625803	0.940764285291429
0.776813178847798	0.447497896235462	0.70064142527093	0.949179580394005
0.783224861987485	0.454914922399303	0.706520502989457	0.963435336735436
0.789636545127173	0.461466753425068	0.711048953350975	0.96282565413113
0.79604822826686	0.459625542330735	0.717606093270842	0.972567161020087
0.802459911406547	0.4743898123065	0.725056986859321	0.98112163517833
0.808871594546234	0.479917516007866	0.732760590398541	0.98614341308778
0.815283277685921	0.487342507710896	0.73794301570332	0.988191902153637
0.821694960825608	0.494168216166294	0.746276908891673	0.99786396894556
0.828106643965296	0.496534832754097	0.750437875166945	1.00743097630302
0.834518327104983	0.509374108269874	0.758126202356421	1.01122382881259
0.84093001024467	0.506905099867862	0.765162900020494	1.01529912286414
0.847341693384357	0.518882599420198	0.770807717708785	1.02365548607585
0.853753376524045	0.524279649810669	0.778282922429793	1.02833160680646
0.860165059663732	0.529965651922731	0.784545247207215	1.03863267088685
0.866576742803419	0.544100791479998	0.792633744203536	1.04443762004234
0.872988425943106	0.545861475312562	0.797855144435388	1.04879779264286
0.879400109082793	0.55247795468969	0.805605395814982	1.05836750054216
0.88581179222248	0.559756417316479	0.811472303521804	1.06232353359139
0.892223475362167	0.570397339644394	0.818091200373091	1.07132829516313
0.898635158501855	0.571219825425361	0.824832879804184	1.07294252980779
0.905046841641542	0.578094013304062	0.83150407404254	1.08476810735401
0.911458524781229	0.581719292238703	0.837253881509999	1.0869414732008
0.917870207920916	0.592510268861306	0.84532239376412	1.09758962702344
0.924281891060604	0.59982021046545	0.8507875455964	1.10219169934026
0.930693574200291	0.606295073756361	0.857779363907106	1.11054628293278
0.937105257339978	0.615093967969111	0.864849730886894	1.11944052055237
0.943516940479665	0.620125115425024	0.871190824665926	1.12704235443926
0.949928623619352	0.627218276890821	0.879587835256982	1.13103747038363
0.956340306759039	0.632283018480743	0.882877897099444	1.13302374617618
0.962751989898727	0.642793477950325	0.889662620933637	1.14602762110027
0.969163673038414	0.648128083124765	0.899061315469787	1.15211778991322
0.975575356178101	0.653129077074858	0.903909227845102	1.15337483676192
0.981987039317788	0.661533853299647	0.909480609110357	1.16199672259271
0.988398722457475	0.666201503200745	0.918093904365024	1.17086966356585
0.994810405597163	0.66944642651042	0.925227165803247	1.17905983355079
1.00122208873685	0.678656959553934	0.932407806436094	1.18290187351403
1.00763377187654	0.685846698860594	0.938057953818045	1.19138932270448
1.01404545501622	0.686139052145391	0.945306477494978	1.19820603713242
1.02045713815591	0.70163209755028	0.952125014438853	1.20164595027597
1.0268688212956	0.703750388183256	0.958283381916293	1.21248076834796
1.03328050443529	0.712127845444486	0.963453013318032	1.2123921050256
1.03969218757497	0.720221917803209	0.970754791595401	1.2225441835176
1.04610387071466	0.725995182987664	0.980065773470355	1.22759009796821
1.05251555385435	0.736297551834526	0.984274252377311	1.23844790529966
1.05892723699403	0.737341073905744	0.990661012061163	1.24009873380684
1.06533892013372	0.743084407993119	0.998238179284167	1.25038763406845
1.07175060327341	0.758435105567377	1.00451049078875	1.25751997819365
1.0781622864131	0.759256833436152	1.01216278097311	1.26283774272912
1.08457396955278	0.762910870314781	1.01975467987975	1.26705133715619
1.09098565269247	0.774069744069238	1.02450385840401	1.27521972639827
1.09739733583216	0.781939353008216	1.03120465057754	1.28040224832073
1.10380901897185	0.785798804134411	1.03816631647549	1.2862699437568
1.11022070211153	0.794538512319531	1.04567137874402	1.29597514690277
1.11663238525122	0.803381284909969	1.05097194633485	1.30125083316182
1.12304406839091	0.806687601965147	1.05492902501115	1.30796194945164
1.12945575153059	0.811848066051638	1.06308982621699	1.31770951454127
1.13586743467028	0.817614405288056	1.07088000284615	1.31747402956934
1.14227911780997	0.825609344221011	1.07679067527659	1.33010534781665
1.14869080094966	0.830973061386931	1.08356566381644	1.33511716965196
1.15510248408934	0.837340773707826	1.09124641224282	1.33985939617423
1.16151416722903	0.845558636349804	1.09756870873949	1.35090922108857
1.16792585036872	0.848964607555657	1.10299074224868	1.35641832974274
1.1743375335084	0.860199224621403	1.11189864385813	1.35891266384049
1.18074921664809	0.862912151254846	1.11703816743602	1.36861857253616
1.18716089978778	0.874081083273042	1.12259594234807	1.37180016534731
1.19357258292747	0.873013259587163	1.13112204137997	1.38134169282407
1.19998426606715	0.887117231415715	1.13718412369324	1.39081983292534
1.20639594920684	0.891275976415837	1.1440630961998	1.39286468781125
1.21280763234653	0.900613970944778	1.14898396512628	1.4004561101995
1.21921931548621	0.907986667621328	1.15730199192988	1.40846336792914
1.2256309986259	0.912133265914663	1.16253201469521	1.41492484118668
1.23204268176559	0.921098700510292	1.17115905678477	1.42446213749523
1.23845436490528	0.927810091678978	1.17796765822385	1.42796690105392
1.24486604804496	0.93366879009503	1.18170465543378	1.43077870597045
1.25127773118465	0.940693074275212	1.19081350214716	1.44513469810377
1.25768941432434	0.945612017348109	1.19520734881531	1.44443459479523
1.26410109746402	0.953376761081168	1.20458218138796	1.45681765579616
1.27051278060371	0.95627609979246	1.20931342565806	1.46619154566638
1.2769244637434	0.963103653640498	1.21509995645486	1.46761449322767
1.28333614688309	0.972162991094953	1.22565185003576	1.47239541393334
1.28974783002277	0.980395521589911	1.23036814835917	1.47633672953438
1.29615951316246	0.988429194965103	1.24004669762423	1.49029039004116
1.30257119630215	0.996767219768347	1.24366073254907	1.49393034524688
1.30898287944184	1.00185536511898	1.24904568989297	1.50183206733922
1.31539456258152	1.00205396982018	1.25546474435754	1.50458947104594
1.32180624572121	1.01197445443204	1.2634022888512	1.51764510697203
1.3282179288609	1.01723959363207	1.27123861723382	1.51972964290619
1.33462961200058	1.02618582727878	1.27507776869841	1.52890323490133
1.34104129514027	1.03310531360311	1.28301897097648	1.53446335228168
1.34745297827996	1.03953969145982	1.29001160218992	1.54534268055969
1.35386466141965	1.05146846243097	1.29815017359248	1.55279330435407
1.36027634455933	1.05626433824333	1.30390476779518	1.55458059943736
1.36668802769902	1.05945949204804	1.31174032893005	1.56060734800159
1.37309971083871	1.06535184986884	1.31634262450394	1.56983116823926
1.37951139397839	1.07615032972018	1.32262052470737	1.57370005710467
1.38592307711808	1.07917507880772	1.33102051190743	1.58344538482222
1.39233476025777	1.08831838073171	1.33642134820532	1.58483479678044
1.39874644339746	1.09075190068511	1.3437457679762	1.59520072373042
1.40515812653714	1.09543631969934	1.35180429307166	1.60394944059158
1.41156980967683	1.10454406352343	1.35796762723002	1.61023095782952
1.41798149281652	1.11394208656896	1.36540561475669	1.6151521372074
1.4243931759562	1.11823994289319	1.3700296930812	1.62014712477721
1.43080485909589	1.12725424141535	1.37582577097387	1.62828845908415
1.43721654223558	1.1315151169345	1.38207835805163	1.6337949135087
1.44362822537527	1.13950151764589	1.3894090170708	1.63677259163465
1.45003990851495	1.14849168955492	1.39625885992654	1.64803215134743
1.45645159165464	1.15223497201165	1.40122857787636	1.65213310122667
1.46286327479433	1.15805541434539	1.41058605945625	1.65872381797622
1.46927495793402	1.16650729383112	1.41511252545359	1.66813071867543
1.4756866410737	1.17055407657901	1.42305230773612	1.67473507898981
1.48209832421339	1.18151245127669	1.42951653593486	1.67921039882278
1.48851000735308	1.18397903330631	1.43513120702209	1.68741046499769
1.49492169049276	1.19171323283875	1.44148719230377	1.69089141536647
1.50133337363245	1.19236264932874	1.4496384635175	1.69576331370561
1.50774505677214	1.20382146335728	1.45605020372607	1.70640103667573
1.51415673991183	1.21231083466226	1.46243654289591	1.71503463521359
1.52056842305151	1.21981024488411	1.47059799822465	1.72281863273227
1.5269801061912	1.22638772378564	1.47644584055434	1.73007789002676
1.53339178933089	1.23433182512234	1.48326275529622	1.73278843590473
1.53980347247057	1.23739102534117	1.48913726344532	1.7390427326053
1.54621515561026	1.24776970196598	1.49602515077954	1.7485255190164
1.55262683874995	1.25352788615523	1.50315547975249	1.7523733377486
1.55903852188964	1.2590718207177	1.50927291853261	1.75945838478
1.56545020502932	1.26419581667734	1.51560762368326	1.76916053191398
1.57186188816901	1.27530778386411	1.52201314948916	1.77128121045048
1.5782735713087	1.28109588789737	1.52854904545193	1.77947977635393
1.58468525444838	1.28595384673415	1.53517044061074	1.78499864674083
1.59109693758807	1.28712852381946	1.5411823050095	1.78893141824225
1.59750862072776	1.29573059830226	1.54793576486864	1.79929721232143
1.60392030386745	1.30612237540232	1.55597592700843	1.80471586608405
1.61033198700713	1.30963821614816	1.56314989210388	1.81565808019391
1.61674367014682	1.32045334900667	1.57190827870968	1.82113264093915
1.62315535328651	1.32617542397981	1.57370686182786	1.830267307108
1.62956703642619	1.32891671480885	1.58008976861537	1.83576263902157
1.63597871956588	1.33288323932755	1.5896768535115	1.84270936820931
1.64239040270557	1.3442996240928	1.59490659422554	1.84704042290506
1.64880208584526	1.35561225366902	1.60347398098272	1.85552293638428
1.65521376898494	1.3621796134619	1.60846849835306	1.85554755381175
1.66162545212463	1.36589017804833	1.61615557541134	1.86767368829091
1.66803713526432	1.36454951038971	1.62049676185995	1.87709590594551
1.67444881840401	1.37971735534351	1.62759450635228	1.88210613466776
1.68086050154369	1.38540885307142	1.63379802264488	1.88283394392857
1.68727218468338	1.39409560283296	1.64240206320402	1.89596624644038
1.69368386782307	1.3989364541204	1.64684620990333	1.89400051922162
1.70009555096275	1.40618969963409	1.65549977669513	1.90256111095328
1.70650723410244	1.41313184520575	1.66337901593369	1.91527175792076
1.71291891724213	1.41935658511083	1.67067240771574	1.92313346734033
1.71933060038182	1.42364794556015	1.67594106912136	1.92971482349781
1.7257422835215	1.43095188115308	1.6808637025432	1.93174425561284
1.73215396666119	1.44084050698628	1.68798986943142	1.93842545032325
1.73856564980088	1.44439504064392	1.69382944592832	1.94638490094562
1.74497733294056	1.45160381831089	1.70309891525218	1.95358098633586
1.75138901608025	1.46232149440213	1.70836519593568	1.9567477332833
1.75780069921994	1.46069467402769	1.71273647419781	1.96523353515293
1.76421238235963	1.46992331749988	1.72097949257559	1.97245897404661
1.77062406549931	1.47929182991221	1.72713905061447	1.97809472500618
1.777035748639	1.48625429393403	1.73566805616543	1.98914096036827
1.78344743177869	1.4885303201982	1.73982801174744	1.99298271254832
1.78985911491837	1.49746707627199	1.74690890286772	1.99729956522537
1.79627079805806	1.5054557520703	1.75445154501966	2.00525880758701
1.80268248119775	1.51361099298024	1.76179527660162	2.0146580101354
1.80909416433744	1.51784119420456	1.76712416222956	2.01907900342779
1.81550584747712	1.5261775288727	1.77581679615139	2.02556729042071
1.82191753061681	1.52843403773571	1.78157944639525	2.02876877276246
1.8283292137565	1.53567474543999	1.78856803763512	2.04045619111352
1.83474089689618	1.54522124177439	1.79371822380633	2.05068022434062
1.84115258003587	1.55103412376443	1.80139230915028	2.05262914251214
1.84756426317556	1.55663282434863	1.8056819907799	2.05836892757671
1.85397594631525	1.56769364298896	1.81693734868643	2.06365059925387
1.86038762945493	1.56707356187847	1.82145942741925	2.07102899703717
1.86679931259462	1.57789358369416	1.82770743789185	2.0791528572461
1.87321099573431	1.58548386907984	1.83492235739756	2.08795228054198
1.879622678874	1.59215671675916	1.84119498168158	2.09297260013641
1.88603436201368	1.59695729030207	1.84822437077225	2.10099185916049
1.89244604515337	1.60680430706898	1.85591166501308	2.10279971047769
1.89885772829306	1.60977918141284	1.86015650400987	2.10848415001018
1.90526941143274	1.61938939876612	1.86657913288676	2.12191984372026
1.91168109457243	1.62995853747771	1.87643687339834	2.12462516460433
1.91809277771212	1.6286977214795	1.88276909891527	2.1315883622191
1.92450446085181	1.63762984083521	1.88698700669258	2.13691599066184
1.93091614399149	1.64158147543291	1.89321298729952	2.14309824882597
1.93732782713118	1.65174030230525	1.90309982489533	2.15042775715462
1.94373951027087	1.65507092959635	1.9063991060314	2.1565183033802
1.95015119341055	1.6623631621329	1.91323224439722	2.1661893814039
1.95656287655024	1.67037877350302	1.92168312598231	2.17253533901444
1.96297455968993	1.67988308215561	1.93117445639122	2.17995650987414
1.96938624282962	1.68292004660671	1.93436081522748	2.18484000393002
1.9757979259693	1.68449658425329	1.94159935700807	2.19608384139785
1.98220960910899	1.69837142033312	1.94858703055708	2.19600917024401
1.98862129224868	1.70354715807606	1.95409559694975	2.2015737391321
1.99503297538836	1.70606500404986	1.96071081559036	2.2128175675242
2.00144465852805	1.7215098645476	1.96988496073793	2.21843816778797
2.00785634166774	1.72418575683026	1.97577187272408	2.22348319824213
2.01426802480743	1.73107319024579	1.97908820508259	2.22878345181339
2.02067970794711	1.73809224548315	1.9885717957915	2.23718491156414
2.0270913910868	1.74351903527741	1.99355115500452	2.24239696880238
2.03350307422649	1.74894775753663	2.00084238418873	2.25467154630044
2.03991475736618	1.75284463925163	2.00642004673717	2.25817985402941
2.04632644050586	1.76045078675597	2.01550695218134	2.26250959220787
2.05273812364555	1.76623465500644	2.02088797802521	2.27113549751032
2.05914980678524	1.77661416655749	2.02577041192101	2.27368191865564
2.06556148992492	1.78153153408963	2.03549020488645	2.28875786580798
2.07197317306461	1.78995441308721	2.03938651754922	2.29551311068469
2.0783848562043	1.79615648547853	2.04809584507409	2.29748913399306
2.08479653934399	1.8045641731237	2.05576074570111	2.30861487561034
2.09120822248367	1.80664503505169	2.05928149514997	2.31083080400205
2.09761990562336	1.81532530404278	2.06840801108923	2.32182827683394
2.10403158876305	1.82025207439165	2.07275560842945	2.32471355599207
2.11044327190273	1.83230780271852	2.07911116179053	2.32968044383734
2.11685495504242	1.8388956430469	2.08641747683864	2.33845687545407
2.12326663818211	1.841511343937	2.09435076107614	2.34504473275449
2.1296783213218	1.84825221240626	2.10000104781987	2.35004006518775
2.13609000446148	1.85838195025418	2.1066231344109	2.36005349401801
2.14250168760117	1.86263691674077	2.11399164115385	2.36470798683678
2.14891337074086	1.86697256054486	2.11959404478882	2.37064836410172
2.15532505388054	1.87194886618285	2.12669201741318	2.38055951415167
2.16173673702023	1.88454194522018	2.13376490436229	2.38051228347708
2.16814842015992	1.89319229095925	2.14269177353052	2.39075893572836
2.17456010329961	1.89659753864897	2.14739241535577	2.394868127862
2.18097178643929	1.90818134705173	2.15372349571709	2.40467147376479
2.18738346957898	1.91158354711007	2.16116800987329	2.41601345864002
2.19379515271867	1.91581161521664	2.16594913907765	2.41845620862733
2.20020683585836	1.92449243090992	2.17330478847817	2.42314475541669
2.20661851899804	1.93063841449683	2.17967563247482	2.42709720592656
2.21303020213773	1.93596809748845	2.18786925688188	2.43689175370714
2.21944188527742	1.93835136436342	2.19186117998042	2.44276992649323
2.2258535684171	1.94529580838601	2.20198431427122	2.45157499657474
2.23226525155679	1.95346269788092	2.20639568424471	2.45694288039768
2.23867693469648	1.96180996432315	2.21508229262445	2.46410643174647
2.24508861783617	1.9694917283554	2.21854988904483	2.47387446433037
2.25150030097585	1.97719995663127	2.2279601926475	2.4769228815583
2.25791198411554	1.98414092206551	2.2346827761365	2.484436182159
2.26432366725523	1.98753167085778	2.23928550258819	2.49441682459461
2.27073535039491	1.99649770245421	2.24585240092507	2.50084530811333
2.2771470335346	1.99511837755524	2.25199187180641	2.50105157246165
2.28355871667429	2.01119310124632	2.25876948543687	2.51400191255523
2.28997039981398	2.01532901730228	2.26744941015867	2.51820418823139
2.29638208295366	2.0226979021544	2.27201094195312	2.52671116796395
2.30279376609335	2.02767610967453	2.27874824750055	2.53080409031914
2.30920544923304	2.03928967686591	2.28463793308342	2.54286769597382
2.31561713237272	2.04177292423948	2.29413590739754	2.54472153399277
2.32202881551241	2.04849941199694	2.30023665640969	2.55209790364589
2.3284404986521	2.05565675629471	2.30618456872493	2.55956206947094
2.33485218179179	2.0652096762158	2.31414174581827	2.56549510475492
2.34126386493147	2.06482562574227	2.31956144560398	2.5693655154985
2.34767554807116	2.0778376458326	2.32817232776996	2.57693312109478
2.35408723121085	2.083153632575	2.3330765918597	2.58947130836225
2.36049891435054	2.08514096115481	2.33913966655736	2.59253881286558
2.36691059749022	2.09488576628559	2.34466456546926	2.59939472473298
2.37332228062991	2.10592259737373	2.35271335248368	2.60751657877854
2.3797339637696	2.10878631979499	2.35920334535128	2.60646615480192
2.38614564690928	2.11269884280448	2.36648429500717	2.61781558503212
2.39255733004897	2.11842293500026	2.37292252371118	2.62837369314384
2.39896901318866	2.12288832400966	2.38107759601536	2.63307293297347
2.40538069632835	2.13507639081603	2.38639010288122	2.63403497547461
2.41179237946803	2.14142609541309	2.39363340839814	2.64401346845935
2.41820406260772	2.14397127678141	2.3990431147672	2.65267316127628
2.42461574574741	2.15250386383124	2.40376493486091	2.6572567042614
2.43102742888709	2.15928320609961	2.41258733541288	2.66464462122049
2.43743911202678	2.1712892115678	2.41985835827484	2.67133115265096
2.44385079516647	2.18170893261835	2.42785441352181	2.67777949776953
2.45026247830616	2.17581365083939	2.43244795741795	2.68694681064998
2.45667416144584	2.18828785771574	2.43914846261409	2.69229603741439
2.46308584458553	2.19118353279008	2.44747533837545	2.69898787597783
2.46949752772522	2.1974915196831	2.45220776219436	2.70635644536666
2.4759092108649	2.20441389727314	2.45838135788768	2.71123816258698
2.48232089400459	2.21373250716211	2.46536921658988	2.71879261220544
2.48873257714428	2.2218378450812	2.47028408078179	2.72277288839629
2.49514426028397	2.2270884068563	2.4787015743773	2.73528358912961
2.50155594342365	2.2313004438648	2.4852830032503	2.73726380949919
2.50796762656334	2.24173665829065	2.49612794577599	2.74576205932907
2.51437930970303	2.24526896967752	2.4989995523781	2.75079452017525
2.52079099284272	2.25491495413994	2.50422427692644	2.76013599075863
2.5272026759824	2.25863755497237	2.51206478269118	2.76296085570356
2.53361435912209	2.26578371207812	2.51945061333357	2.77164740045124
2.54002604226178	2.27251271524967	2.52407465549741	2.78014971455224
2.54643772540146	2.27747419098835	2.53046570510134	2.78371014745172
2.55284940854115	2.28212017036016	2.53768762592674	2.79721136118366
2.55926109168084	2.28944327885778	2.54578858922366	2.79672547658873
2.56567277482052	2.30037157383988	2.55274571679079	2.80738679942243
2.57208445796021	2.30734349313141	2.55948922297397	2.81017192495071
2.5784961410999	2.31229748710814	2.56502730265786	2.81992971219061
2.58490782423959	2.3215431240962	2.57113482375299	2.82387933197907
2.59131950737927	2.32582663168024	2.57915864235627	2.83423576508868
2.59773119051896	2.32865756276606	2.58423131549724	2.83842859901566
2.60414287365865	2.33869232979982	2.5916755880896	2.84358971207772
2.61055455679834	2.34137957201492	2.59901900050274	2.84860374976422
2.61696623993802	2.35251891727015	2.60684467351378	2.859118964484
2.62337792307771	2.35686119796516	2.61250365116129	2.86760328082443
2.6297896062174	2.36794645213601	2.62010307130994	2.87165828277404
2.63620128935708	2.37495663735589	2.62614219665919	2.87891004527834
2.64261297249677	2.37449560764475	2.63060493745253	2.88091509790318
2.64902465563646	2.38498491214775	2.6383055603773	2.89270930921655
2.65543633877615	2.39212228152765	2.64368217545771	2.89941183800774
2.66184802191583	2.39898755823156	2.65219392564536	2.90693952482889
2.66825970505552	2.40607403115674	2.65742976421629	2.91224577597708
2.67467138819521	2.41234286622386	2.66557713965542	2.91726130383412
2.68108307133489	2.42119188956153	2.67339492649479	2.92141464420791
2.68749475447458	2.4236851410856	2.67914184958405	2.92954426120228
2.69390643761427	2.43302788323921	2.68542305312548	2.93581339539518
2.70031812075396	2.43412950117876	2.6902838383729	2.94201282758054
2.70672980389364	2.44634128476007	2.69714146459104	2.95124001856599
2.71314148703333	2.45330612808345	2.70688253662625	2.96170370243628
2.71955317017302	2.45580410596014	2.71030124033738	2.9644231676343
2.7259648533127	2.46708493246624	2.71902269165084	2.97445559413198
2.73237653645239	2.46827695892019	2.72532057271896	2.97968596499034
2.73878821959208	2.472115142003	2.72951989431258	2.98006753762574
2.74519990273177	2.48291244536706	2.73621994286957	2.99318516526999
2.75161158587145	2.48797694092808	2.74470606610737	2.99961312970875
2.75802326901114	2.49910128051109	2.74955200155432	3.00118594185919
2.76443495215083	2.5031012987838	2.75996697877608	3.01252473209938
2.77084663529052	2.5132965333638	2.76627896471651	3.0185385894855
2.7772583184302	2.51491773043909	2.77126341588387	3.02774031424448
2.78367000156989	2.5249340666798	2.77741884694754	3.03100572030279
2.79008168470958	2.53273854870629	2.78423083905165	3.03753170238858
2.79649336784926	2.53631158857124	2.79105006498606	3.04699151494912
2.80290505098895	2.54521356407848	2.7988524259867	3.05754085109083
2.80931673412864	2.55197949645584	2.80548083812001	3.05874321418393
2.81572841726833	2.55189972954102	2.80904322533187	3.06346094100898
2.82214010040801	2.56201053033094	2.8168926872187	3.06842860377379
2.8285517835477	2.57312848590698	2.82405058633952	3.07409100128292
2.83496346668739	2.58059016009321	2.83319274614184	3.08566735607911
2.84137514982707	2.58375951187739	2.83860211299161	3.09542535598188
2.84778683296676	2.58773788383615	2.84445177768253	3.09743768233746
2.85419851610645	2.59372071746801	2.85231436037327	3.10357539211937
2.86061019924614	2.60138502830836	2.85666274413525	3.11040251768433
2.86702188238582	2.60851401381509	2.86290114909766	3.12285763834564
2.87343356552551	2.61758881600806	2.87124527188364	3.12379763542169
2.8798452486652	2.62299856621468	2.8791337156944	3.13542002061296
2.88625693180488	2.62693385688406	2.88385932510543	3.13662754648691
2.89266861494457	2.63653223545858	2.89153117172168	3.14628071871789
2.89908029808426	2.64232238702455	2.89691243268064	3.14875203686907
2.90549198122395	2.64525149501044	2.90401805862653	3.15693011595834
2.91190366436363	2.65539267400286	2.91272180467321	3.16693881607568
2.91831534750332	2.66255345715228	2.91892536423981	3.17078206807502
2.92472703064301	2.66974391828394	2.9247627184068	3.17465289307473
2.9311387137827	2.67504851506459	2.93192448287789	3.18174656869304
2.93755039692238	2.68621841058662	2.93908421946549	3.1914652384453
2.94396208006207	2.68843955141992	2.94429542160941	3.19732454817087
2.95037376320176	2.69819803374742	2.94942193404536	3.20282797391031
2.95678544634144	2.69803151886486	2.95744501303876	3.21427713047482
2.96319712948113	2.70616925440492	2.96519461244176	3.21242966551478
2.96960881262082	2.713939062107	2.97056236238784	3.23019509714234
2.97602049576051	2.72163321700143	2.97781536243242	3.23333357766138
2.98243217890019	2.7296275907594	2.98457655302833	3.2413438005124
2.98884386203988	2.73462809133924	2.99150181242388	3.24653487345774
2.99525554517957	2.74108665815183	2.99797047668933	3.25089181487982
3.00166722831925	2.7535200823915	3.00619336051046	3.25924441934995
3.00807891145894	2.75383710501122	3.01246450468997	3.27081343884306
3.01449059459863	2.76193244248986	3.01892446077449	3.27444963972139
3.02090227773832	2.76894236864854	3.02398518091414	3.27964275780526
3.027313960878	2.77337951737633	3.03115141323623	3.28876816036225
3.03372564401769	2.78235960941822	3.03930171736115	3.29380579918574
3.04013732715738	2.78949497130809	3.0439770982707	3.29666381904111
3.04654901029706	2.79423735560121	3.05115585560259	3.3106262429335
3.05296069343675	2.80412647629372	3.05885238273405	3.31351323452982
3.05937237657644	2.80753293257735	3.06432398392266	3.32008830555797
3.06578405971613	2.81427117917092	3.07083149463075	3.32325490225324
3.07219574285581	2.81717379928756	3.07617060003355	3.33290392125019
3.0786074259955	2.82469315309907	3.08287915508824	3.339398110841
3.08501910913519	2.83246721863318	3.0915117555977	3.34712790604485
3.09143079227488	2.84033039919782	3.09745427382696	3.35503958036197
3.09784247541456	2.84870411195349	3.10328539186126	3.35606604170449
3.10425415855425	2.85429846103668	3.11051880859794	3.36551324496976
3.11066584169394	2.85916899640962	3.11788867717341	3.37379366526111
3.11707752483362	2.8702571510538	3.12586197059603	3.37976031854788
3.12348920797331	2.872725284119	3.12946209747575	3.39013700810311
3.129900891113	2.88075237140633	3.13694666445101	3.39255820285734
3.13631257425269	2.88733711493951	3.14355625247984	3.39846945353976
3.14272425739237	2.89243534434282	3.15101797460925	3.40452484289947
3.14913594053206	2.89757958388653	3.15867686493288	3.40884020483709
3.15554762367175	2.90547076149475	3.16463913775183	3.42077142775314
3.16195930681143	2.91501502205334	3.17008014324991	3.42304171217617
3.16837098995112	2.91989665869567	3.1768707628586	3.43170433998577
3.17478267309081	2.92452431866634	3.18602413171432	3.44056626033911
3.1811943562305	2.93390792555834	3.19084429997449	3.44768897934875
3.18760603937018	2.93497483495331	3.19571019696096	3.4529288131557
3.19401772250987	2.94671030079932	3.20146367077022	3.45974640387834
3.20042940564956	2.95320445027412	3.21013949072662	3.46728947317884
3.20684108878924	2.9664128878933	3.21892479967057	3.4732601006947
3.21325277192893	2.96359077315106	3.22261586436341	3.47929212882401
3.21966445506862	2.97827318104908	3.23001335731219	3.48177566510125
3.22607613820831	2.97869686237137	3.2380242005187	3.4931507053966
3.23248782134799	2.98330727206274	3.24325832117284	3.4995742598712
3.23889950448768	2.99390757950926	3.25035459770554	3.50824290165837
3.24531118762737	2.99759742896952	3.2566485618118	3.51901327792387
3.25172287076705	3.00890077497768	3.26465833770522	3.52530301035664
3.25813455390674	3.01311980984618	3.27058409119069	3.52731029426964
3.26454623704643	3.01543372162509	3.27491064962962	3.53206813689626
3.27095792018612	3.02489925988979	3.2840441258672	3.54292446230255
3.2773696033258	3.03428437326056	3.29132724488962	3.55006957771803
3.28378128646549	3.04141019774515	3.29730896966766	3.55913020586277
3.29019296960518	3.04566667231948	3.30371367888986	3.56163148283617
3.29660465274487	3.05208295815519	3.30860644909295	3.56872170760563
3.30301633588455	3.05881566507709	3.31675848243436	3.57156076934998
3.30942801902424	3.0632409915717	3.32099588231327	3.58345029286689
3.31583970216393	3.07105827649907	3.32776269783148	3.58483788676587
3.32225138530361	3.07431368274492	3.33672530732434	3.59619647857544
3.3286630684433	3.08505022882981	3.34211068765898	3.60468572797524
3.33507475158299	3.08933501142885	3.34878479887856	3.60647030399992
3.34148643472268	3.10067290859383	3.3565040916346	3.61479558421685
3.34789811786236	3.10569436904392	3.36233531665998	3.62090026501102
3.35430980100205	3.10887947439624	3.3677908097604	3.62247944057836
3.36072148414174	3.11589865101035	3.3746041040732	3.63247265578081
3.36713316728142	3.12040874876509	3.38151009205638	3.63955149796913
3.37354485042111	3.12463245424473	3.38893175306552	3.64702567965522
3.3799565335608	3.13643954165119	3.39557840305373	3.6555795666403
3.38636821670049	3.14388725411868	3.40354291329207	3.66487494068465
3.39277989984017	3.14698371307709	3.40778290017884	3.66998606849321
3.39919158297986	3.156225907564	3.41292628546065	3.67525329788183
3.40560326611955	3.16452428570297	3.4219755114404	3.6818657606044
3.41201494925923	3.16575729798809	3.42840202573431	3.69250887059273
3.41842663239892	3.17369393723572	3.43523313836782	3.69209692213923
3.42483831553861	3.18300406453201	3.44275103738961	3.7013054928355
3.4312499986783	3.1944850967737	3.44993211219038	3.70905560195882
3.43766168181798	3.19772376446533	3.45658041878598	3.71716690362936
3.44407336495767	3.20088364364989	3.46189876856899	3.72358149595755
3.45048504809736	3.20996097534213	3.46851333849139	3.73012627182192
3.45689673123705	3.21824980759024	3.47654451485799	3.73724841873638
3.46330841437673	3.22522781152544	3.48163233575621	3.74145970779978
3.46972009751642	3.22995587945962	3.48814841900086	3.74610182268745
3.47613178065611	3.2301638280875	3.49583277078693	3.75784237328988
3.48254346379579	3.23962247609219	3.50013068201578	3.75970868842186
3.48895514693548	3.24999235998175	3.50808202395002	3.76556339722665
3.49536683007517	3.25332405918835	3.51782910376336	3.77895376601924
3.50177851321486	3.26013727953397	3.52152701038309	3.78279874893288
3.50819019635454	3.26853117944776	3.52870616355388	3.79051039515386
3.51460187949423	3.27683247196691	3.53673559990737	3.79533882922286
3.52101356263392	3.28067743535297	3.54222353482479	3.8068578811512
3.5274252457736	3.28956494904656	3.54836883675027	3.81135697600673
3.53383692891329	3.30054974865236	3.55642684571198	3.81766131058589
3.54024861205298	3.30726096700184	3.5624440932619	3.82678200791065
3.54666029519267	3.30735527401624	3.56611286623538	3.83134070450278
3.55307197833235	3.31536916621571	3.57398185818739	3.83811432430746
3.55948366147204	3.32145307183516	3.58229096354495	3.83668507622842
3.56589534461173	3.32446598230115	3.58790758991716	3.84878599103378
3.57230702775141	3.33562261103774	3.59590538777008	3.85489592650972
3.5787187108911	3.34340851207768	3.60010551959062	3.86450241500483
3.58513039403079	3.34512504120388	3.6105092161896	3.87245123916659
3.59154207717048	3.35225848544145	3.6150688952461	3.87372556513227
3.59795376031016	3.35886870239677	3.62196582935517	3.88455031530662
3.60436544344985	3.36869168114941	3.62596281904757	3.88674371693877
3.61077712658954	3.3747744670871	3.63656235878995	3.89617000414725
3.61718880972923	3.38144881866965	3.64215730049052	3.89864044166974
3.62360049286891	3.38551619203376	3.64917742470652	3.91293697734362
3.6300121760086	3.39686206794305	3.65582776764701	3.92030875962818
3.63642385914829	3.40256217931681	3.66321392144745	3.92687669503358
3.64283554228797	3.40505443237303	3.6675349695152	3.93103192468167
3.64924722542766	3.41561153479099	3.67650347669559	3.93949225372644
3.65565890856735	3.41846246982788	3.68114460047372	3.94335050101649
3.66207059170703	3.4257223556943	3.6904636005226	3.94894385038589
3.66848227484672	3.43171338650857	3.69390014179284	3.95459547940788
3.67489395798641	3.44199301916294	3.70199572209976	3.95798790447185
3.6813056411261	3.4448841445221	3.7081049379352	3.97424004563124
3.68771732426578	3.45336364587963	3.71497596571546	3.97931338543656
3.69412900740547	3.4577819502674	3.72104583717797	3.98179349359681
3.70054069054516	3.46549239724434	3.72589961412864	3.98643529865927
3.70695237368485	3.46985737444182	3.73460271733372	3.9962223502178
3.71336405682453	3.47746057892268	3.74048867183267	4.0068347299113
3.71977573996422	3.48199896230198	3.74744111142549	4.01144482090708
3.72618742310391	3.49386736804219	3.75354875209051	4.01903907186567
3.73259910624359	3.50007806316913	3.76177173996379	4.02142897817094
3.73901078938328	3.50886782633542	3.76820974859249	4.02495176552798
3.74542247252297	3.51464511298082	3.77494724040524	4.03672939926703
3.75183415566266	3.5162867411375	3.78152128281015	4.04594187747136
3.75824583880234	3.53174905189032	3.78939650629189	4.04560160346467
3.76465752194203	3.52754544469928	3.79398559102376	4.05750840095767
3.77106920508172	3.53980870198441	3.80129883752088	4.06160747574886
3.77748088822141	3.54387803696505	3.80761033704112	4.06680018665341
3.78389257136109	3.55165969067371	3.81342353779852	4.07717598652866
3.79030425450078	3.55384047802295	3.82097103181054	4.08841677656121
3.79671593764047	3.56609076643383	3.82730706749965	4.09324710488098
3.80312762078015	3.57055763650805	3.83540650483787	4.09722964452904
3.80953930391984	3.57432775996416	3.84179271295532	4.10345653887544
3.81595098705953	3.58420998405382	3.8485003752562	4.1115757343266
3.82236267019921	3.59212357860604	3.85550200113349	4.11476192825632
3.8287743533389	3.60003905041286	3.85976464246533	4.12328578202796
3.83518603647859	3.60134717114296	3.86766446955049	4.13223728545444
3.84159771961828	3.6134963728924	3.874367639356	4.13858133155226
3.84800940275796	3.61513246909282	3.88006250755559	4.14843494314255
3.85442108589765	3.62714400955182	3.88650558952511	4.15038326968079
3.86083276903734	3.63089148242904	3.89529761324544	4.15570726811293
3.86724445217703	3.63644006410733	3.89877428486313	4.1634174344588
3.87365613531671	3.64110132808119	3.90632525456674	4.16617611490391
3.8800678184564	3.64731645333659	3.91188800060834	4.17782956281367
3.88647950159609	3.65711229393285	3.9195920154177	4.18721687204111
3.89289118473577	3.66566494886282	3.92814591073238	4.18907073460793
3.89930286787546	3.66967285512128	3.93360176445539	4.19916401089751
3.90571455101515	3.67634016918477	3.94052602373832	4.20481470816224
3.91212623415484	3.6814824620991	3.9472373738014	4.21214976140938
3.91853791729452	3.6893046872465	3.95296304025888	4.21751195616387
3.92494960043421	3.69081660341501	3.96042521856707	4.2280165406068
3.9313612835739	3.70349500681071	3.96607914853191	4.22634419593383
3.93777296671359	3.71308493491782	3.97345226774329	4.23883385667714
3.94418464985327	3.71555967716615	3.98243090196195	4.24456965367499
3.95059633299296	3.72186151735251	3.98947107284607	4.25170121435272
3.95700801613265	3.72922536012957	3.99557247175623	4.26225934409451
3.96341969927233	3.73392944360714	3.99997896930228	4.26905813287949
3.96983138241202	3.74614151833324	4.00774605194261	4.27271484217808
3.97624306555171	3.75215470400378	4.01618688657572	4.27713946775603
3.98265474869139	3.75409452260185	4.02030537328792	4.28500440365122
3.98906643183108	3.75648926713036	4.02495258136005	4.29162848059826
3.99547811497077	3.76413548040918	4.03483155921365	4.29817398383202
4.00188979811046	3.77401529566932	4.04139203666471	4.30649411727611
4.00830148125014	3.78271695544622	4.04635775335174	4.31438509521683
4.01471316438983	3.79046696715264	4.0535983424228	4.32520654785697
4.02112484752952	3.79725246618438	4.06044675795745	4.32634968827541
4.02753653066921	3.79834547185675	4.06623063991632	4.33688693056152
4.03394821380889	3.80565359540489	4.07184686609054	4.34288337954127
4.04035989694858	3.81311442874046	4.08044162601274	4.34839391900166
4.04677158008827	3.81610988343751	4.08652886218932	4.35264946033459
4.05318326322795	3.82539388776396	4.093722622333	4.36144169112081
4.05959494636764	3.8340984119902	4.09762764602255	4.37038047369388
4.06600662950733	3.84243381521524	4.10883700529235	4.37821588033885
4.07241831264701	3.84687487022255	4.11059108929586	4.37908248254498
4.0788299957867	3.85460707061273	4.1195180417755	4.38818755787761
4.08524167892639	3.86176015796929	4.12903192313464	4.39214453779324
4.09165336206608	3.86085922231122	4.13434525076478	4.39973063089288
4.09806504520576	3.87487777104883	4.13965267070647	4.40872133291218
4.10447672834545	3.87844173262132	4.14727461935737	4.41226773823012
4.11088841148514	3.88641824119379	4.15262969570167	4.41761754729849
4.11730009462483	3.89606922454757	4.16158335145036	4.42357009601505
4.12371177776451	3.90254022602635	4.16712653613458	4.43753075665758
4.1301234609042	3.90147455913639	4.17344240535759	4.43680050225313
4.13653514404389	3.91357956958361	4.1799161175957	4.44656333525662
4.14294682718358	3.91839203434994	4.18493606812987	4.45606979190365
4.14935851032326	3.92951490591179	4.19356355996166	4.4615455639159
4.15577019346295	3.92842886045852	4.19887962974522	4.4659443009315
4.16218187660264	3.93841867358364	4.20683367371726	4.47596193054696
4.16859355974232	3.94403962480174	4.2141814153691	4.48476617981359
4.17500524288201	3.96186246205728	4.21901286221919	4.48596979352509
4.1814169260217	3.95611566569238	4.22482138846276	4.49308074572891
4.18782860916139	3.96541737822362	4.23310004599956	4.50177905314946
4.19424029230107	3.97031512561737	4.23917103504904	4.50627868113747
4.20065197544076	3.97633823806312	4.24358756740391	4.51226703784964
4.20706365858045	3.98241640176477	4.25442350969487	4.52117716953569
4.21347534172013	3.99183577501097	4.25724178723184	4.52576846075876
4.21988702485982	4.00134335215631	4.26564601181964	4.53094841234647
4.22629870799951	4.00268203536288	4.2717418122216	4.54233955555886
4.23271039113919	4.01509497899831	4.2808608526705	4.54761122136639
4.23912207427888	4.01487161953841	4.28402072742112	4.55690494614541
4.24553375741857	4.02346528719478	4.29252227070362	4.56193557207926
4.25194544055826	4.02926129769174	4.29860347239777	4.56588799816285
4.25835712369794	4.03625762756422	4.30599186116429	4.57350656267493
4.26476880683763	4.04590570073167	4.31198548008737	4.57981070440108
4.27118048997732	4.04933247682978	4.32052766174292	4.58890488802439
4.27759217311701	4.05322579809215	4.32741105806383	4.59915408247028
4.28400385625669	4.06172277029535	4.33359378688143	4.59669591538803
4.29041553939638	4.06846442805642	4.34046948850186	4.60830433905648
4.29682722253607	4.08009511308615	4.3484697294567	4.6129255934715
4.30323890567576	4.08114797252861	4.35118004393504	4.62111451466594
4.30965058881544	4.08870116370922	4.35721024135496	4.62990953449684
4.31606227195513	4.09484683696982	4.36391202956399	4.63704448779936
4.32247395509482	4.09979235800291	4.37231271482956	4.63969837221107
4.3288856382345	4.1050299359469	4.37793480859812	4.64633164457133
4.33529732137419	4.11075935378814	4.38447449885983	4.65714167921862
4.34170900451388	4.11797627419048	4.39271949710004	4.66397603659479
4.34812068765357	4.12592081259249	4.39829556916936	4.67264537275323
4.35453237079325	4.13603142196793	4.40609174513132	4.6774221005736
4.36094405393294	4.14148623613658	4.41148611645245	4.68231854242418
4.36735573707263	4.14667782523536	4.41882157815591	4.69128484660551
4.37376742021231	4.15158197005464	4.42748228522447	4.69684211046524
4.380179103352	4.1572461170202	4.43243651601322	4.7004660499857
4.38659078649169	4.16169555073979	4.43771865723594	4.70844678232381
4.39300246963137	4.17124801323418	4.44583811137052	4.72217460261514
4.39941415277106	4.18039799288864	4.45384219468545	4.72586790905618
4.40582583591075	4.18686240427236	4.45880879835823	4.73146820888479
4.41223751905044	4.18995998901776	4.46578354577215	4.73856148910184
4.41864920219012	4.20109336548933	4.4716354802391	4.74304480146894
4.42506088532981	4.20672178269655	4.47781619931658	4.74809577140723
4.4314725684695	4.21659085972091	4.48601301180492	4.76121593942908
4.43788425160919	4.21747272981825	4.49223847239175	4.76517459820053
4.44429593474887	4.22681866610523	4.49936437747744	4.76760332104581
4.45070761788856	4.233608333471	4.50494039773218	4.77776801561429
4.45711930102825	4.24090606848454	4.51284955151834	4.78200126040002
4.46353098416794	4.24835038032417	4.52185001484122	4.79093088425319
4.46994266730762	4.24885020326379	4.52560756559305	4.79985830430652
4.47635435044731	4.25378037740048	4.5303423261	4.80191527154793
4.482766033587	4.26641588210074	4.53711427915538	4.81509485912868
4.48917771672668	4.27296896196339	4.54380981097831	4.81589347338965
4.49558939986637	4.27846729992284	4.5489434344523	4.81788132383823
4.50200108300606	4.28585035288606	4.56055802095193	4.83424642810207
