"mitochan"	"lwrNorm"	"medNorm"	"uprNorm"
-1.90327037354145	-2.12534153018303	-1.78971832059422	-1.46625018266785
-1.89642966235248	-2.11808297764132	-1.78739767338695	-1.45492052519859
-1.8895889511635	-2.11440333949622	-1.77948178367444	-1.44736157732426
-1.88274823997453	-2.10658418680704	-1.77809022974129	-1.44855325741277
-1.87590752878556	-2.10180374680827	-1.77115008453451	-1.43586204382443
-1.86906681759659	-2.0979895283681	-1.76456731703058	-1.43241382522751
-1.86222610640761	-2.08673412010919	-1.75568712167549	-1.42458620606931
-1.85538539521864	-2.07963025184717	-1.7506139802505	-1.41967003343248
-1.84854468402967	-2.07821484134704	-1.7464075444777	-1.41993621589892
-1.8417039728407	-2.07765128350585	-1.74177591292247	-1.40627969705496
-1.83486326165172	-2.06679254680911	-1.73398230537163	-1.40507062261978
-1.82802255046275	-2.05471572177308	-1.72838740649507	-1.39291566117119
-1.82118183927378	-2.05066354547818	-1.71950758484595	-1.39117287102998
-1.8143411280848	-2.04460702877595	-1.7156171458426	-1.38656838861922
-1.80750041689583	-2.03724845816646	-1.70974744414332	-1.37758169576597
-1.80065970570686	-2.03363821352926	-1.70221829629608	-1.37458255153883
-1.79381899451789	-2.03095912202524	-1.69956705947271	-1.37269132958277
-1.78697828332891	-2.02045782141025	-1.69311684622797	-1.36386864841066
-1.78013757213994	-2.01388070673301	-1.68669124554813	-1.35774463559557
-1.77329686095097	-2.00245490579139	-1.67971210467327	-1.34876400916426
-1.766456149762	-2.00089552021952	-1.67690125849248	-1.3451846453242
-1.75961543857302	-1.99159843633632	-1.66795285871047	-1.33499615431874
-1.75277472738405	-1.99648142903374	-1.66078616673601	-1.33303698616625
-1.74593401619508	-1.97966217402494	-1.65855045235966	-1.32998554092829
-1.73909330500611	-1.98119135502189	-1.65063385387398	-1.32296574245935
-1.73225259381713	-1.97046926213295	-1.6448215427382	-1.31967070686323
-1.72541188262816	-1.96500152487796	-1.63904220318193	-1.31395212586118
-1.71857117143919	-1.95430737801481	-1.63124597169751	-1.30598117604269
-1.71173046025022	-1.95698859538685	-1.62719439544492	-1.30053103328086
-1.70488974906124	-1.94529854767895	-1.61995938556654	-1.29785075733981
-1.69804903787227	-1.93722794610835	-1.61642060166213	-1.28980758858452
-1.6912083266833	-1.94089434517518	-1.60664775585939	-1.27846165433277
-1.68436761549432	-1.92859024657021	-1.6026550236436	-1.27339107135948
-1.67752690430535	-1.92584627536836	-1.59905665162623	-1.2733557881024
-1.67068619311638	-1.91397018406004	-1.59061259318802	-1.26563839086972
-1.66384548192741	-1.90759579013303	-1.58160281005141	-1.25901167599699
-1.65700477073843	-1.89523512442406	-1.57741521837157	-1.25411297494163
-1.65016405954946	-1.89444038400137	-1.57295062873938	-1.25029751437545
-1.64332334836049	-1.88414741328694	-1.56785349754417	-1.24231212476346
-1.63648263717152	-1.88126615926799	-1.56337129912282	-1.23574141300298
-1.62964192598254	-1.87642783370471	-1.55464617635174	-1.22439200882279
-1.62280121479357	-1.86981056376463	-1.54934645623582	-1.22557547346062
-1.6159605036046	-1.86292678852044	-1.54293954245947	-1.21861261877864
-1.60911979241563	-1.8582381697248	-1.5386220372932	-1.21520728129304
-1.60227908122665	-1.85220843743752	-1.5312205062141	-1.20933685798993
-1.59543837003768	-1.84746679257437	-1.52352675940254	-1.20422253232107
-1.58859765884871	-1.84212844997859	-1.51995877358854	-1.19145717130118
-1.58175694765974	-1.83070877626492	-1.51169704884616	-1.19542221833661
-1.57491623647076	-1.82626695318207	-1.50695494849836	-1.17950783407933
-1.56807552528179	-1.82251387409796	-1.50039310728891	-1.18179946876451
-1.56123481409282	-1.81580313164802	-1.49447694352387	-1.17168686662993
-1.55439410290384	-1.81330063820904	-1.48661118668448	-1.16768353971559
-1.54755339171487	-1.80009269233211	-1.48393806741325	-1.16729654148756
-1.5407126805259	-1.79814661816919	-1.4758271568706	-1.15639793177849
-1.53387196933693	-1.78783516033134	-1.47019718790745	-1.14531325330036
-1.52703125814795	-1.78199422737482	-1.46572951979979	-1.14589821367793
-1.52019054695898	-1.77687216312476	-1.45752179242133	-1.1350635796678
-1.51334983577001	-1.77054344745488	-1.4519896340473	-1.13638204140351
-1.50650912458104	-1.76856252440701	-1.44774979045789	-1.12946850323936
-1.49966841339206	-1.75511325924113	-1.43980036303773	-1.12331673922359
-1.49282770220309	-1.74604814494101	-1.43513456075088	-1.12241827267973
-1.48598699101412	-1.74841304863599	-1.42989364485921	-1.10601649020465
-1.47914627982515	-1.74101948385196	-1.42134373131324	-1.10509265259163
-1.47230556863617	-1.73414202338277	-1.41744495166524	-1.10255365329035
-1.4654648574472	-1.7266878932002	-1.41184925557872	-1.09233534850488
-1.45862414625823	-1.72594138872601	-1.4073055033433	-1.08762263593801
-1.45178343506926	-1.70787198669356	-1.3994955848607	-1.08265615789846
-1.44494272388028	-1.71519086190455	-1.39304980207674	-1.07155465642387
-1.43810201269131	-1.70516389616404	-1.38802805079805	-1.0713222849461
-1.43126130150234	-1.69500978177669	-1.38225369479729	-1.06872541685827
-1.42442059031336	-1.69188070689187	-1.37517638695599	-1.05568918608894
-1.41757987912439	-1.68545011288486	-1.36990060778013	-1.0525380145675
-1.41073916793542	-1.68393658413399	-1.36357174530012	-1.04147365074465
-1.40389845674645	-1.6758612123124	-1.35712144477933	-1.04617261055658
-1.39705774555747	-1.6707985326732	-1.3509030594614	-1.03097822761128
-1.3902170343685	-1.66082833823166	-1.34602306405674	-1.02707556204822
-1.38337632317953	-1.65276831765101	-1.33914974716446	-1.02482966653634
-1.37653561199056	-1.64888183255229	-1.33330360106181	-1.02086305001276
-1.36969490080158	-1.64432739051648	-1.32653377916874	-1.01105913979283
-1.36285418961261	-1.63356729627371	-1.3221229169467	-1.00879570454735
-1.35601347842364	-1.62756840545198	-1.31543369049719	-0.99990513765361
-1.34917276723467	-1.62374437188644	-1.31069153825422	-0.997048739221155
-1.34233205604569	-1.62018009794367	-1.3018083740702	-0.990007722043104
-1.33549134485672	-1.61683140395477	-1.29840893006981	-0.984043888703747
-1.32865063366775	-1.6033530478066	-1.29125383666215	-0.973319449127344
-1.32180992247878	-1.59930531354038	-1.28540694453393	-0.968009501532071
-1.3149692112898	-1.5898329769722	-1.27698754677405	-0.962330169064326
-1.30812850010083	-1.58504504833991	-1.27574493882192	-0.962628033800893
-1.30128778891186	-1.5826726932413	-1.26749382948523	-0.950588461852921
-1.29444707772288	-1.57364939723426	-1.26112328179489	-0.948580298597209
-1.28760636653391	-1.56285090631405	-1.254887960614	-0.938708758366634
-1.28076565534494	-1.56272412109807	-1.25141217635955	-0.93641366094426
-1.27392494415597	-1.55392955208226	-1.24246546475561	-0.931057419974792
-1.26708423296699	-1.54828778878464	-1.23717546499548	-0.923447499650472
-1.26024352177802	-1.53944373543114	-1.2316119501785	-0.916746339568812
-1.25340281058905	-1.53804970836012	-1.224952099732	-0.911513253484777
-1.24656209940008	-1.53223630192157	-1.22022916829475	-0.903035066792069
-1.2397213882111	-1.52335855281622	-1.2133992426657	-0.904265216166209
-1.23288067702213	-1.51435058776375	-1.20495617207994	-0.902254009890483
-1.22603996583316	-1.51227101129097	-1.20173152905568	-0.884329052109427
-1.21919925464419	-1.50416632496501	-1.19649312921278	-0.888384357833534
-1.21235854345521	-1.49745971487981	-1.1899432543835	-0.876124468725431
-1.20551783226624	-1.49565030620916	-1.18100850704092	-0.870189198774321
-1.19867712107727	-1.48244502826916	-1.17590886863489	-0.86934850243113
-1.1918364098883	-1.47934851981856	-1.17142932678816	-0.8623475069164
-1.18499569869932	-1.46927234286285	-1.16628146513298	-0.856603483806869
-1.17815498751035	-1.46780105267815	-1.15626959326802	-0.843885318601903
-1.17131427632138	-1.46694537109338	-1.15308215722557	-0.846609172827686
-1.1644735651324	-1.45567020820396	-1.14860739924054	-0.84184375394061
-1.15763285394343	-1.45091388831372	-1.14059946303429	-0.833710019391803
-1.15079214275446	-1.44464422233047	-1.13570015469356	-0.824233054722793
-1.14395143156549	-1.43148571675344	-1.12830857702295	-0.826528995090119
-1.13711072037651	-1.42792114774947	-1.12039004904839	-0.81324691181338
-1.13027000918754	-1.42500308361021	-1.11757241188166	-0.812057806104637
-1.12342929799857	-1.42055351136583	-1.11195386453483	-0.805240899637897
-1.1165885868096	-1.41346232489438	-1.10683712347685	-0.797824912454179
-1.10974787562062	-1.4055220565093	-1.09741042812687	-0.793011428688385
-1.10290716443165	-1.40165680780437	-1.09418310300419	-0.792293151717415
-1.09606645324268	-1.39877419040903	-1.08672228519499	-0.786112940941684
-1.08922574205371	-1.38237946589337	-1.08034739997291	-0.776764667781838
-1.08238503086473	-1.37910604209151	-1.07777376777778	-0.771144446958634
-1.07554431967576	-1.37421473899199	-1.07015923348308	-0.767042571549327
-1.06870360848679	-1.37487625645748	-1.0630539377852	-0.758629706190994
-1.06186289729782	-1.35937862740601	-1.05786219474685	-0.750802709993145
-1.05502218610884	-1.35570603235012	-1.05159166533629	-0.743574713803506
-1.04818147491987	-1.34905757877286	-1.04451793775615	-0.742063083619096
-1.0413407637309	-1.34131858282895	-1.03939629702675	-0.734618008004048
-1.03450005254193	-1.34596198589069	-1.03209928075855	-0.72690671000423
-1.02765934135295	-1.32946763359492	-1.02939110993714	-0.724823230941579
-1.02081863016398	-1.31940036799739	-1.02191514118955	-0.720032973152926
-1.01397791897501	-1.31995432981496	-1.01798864665805	-0.709631682174091
-1.00713720778603	-1.31384089875429	-1.01005362483303	-0.706023795075868
-1.00029649659706	-1.30625818932162	-1.0061494551652	-0.699049708237052
-0.993455785408089	-1.30443773899882	-0.99681804288887	-0.695520884609187
-0.986615074219117	-1.2994761128449	-0.991815764348424	-0.690294797831767
-0.979774363030144	-1.28631080380744	-0.986943702377589	-0.681132913600388
-0.972933651841172	-1.28203044721813	-0.979159348005731	-0.676249951093018
-0.966092940652199	-1.27395558326014	-0.973996413390098	-0.671261919301771
-0.959252229463226	-1.27146597948488	-0.966965201323961	-0.665314566037192
-0.952411518274254	-1.26467776557612	-0.959677666810208	-0.662783388412158
-0.945570807085281	-1.25595287312795	-0.953440911165077	-0.64966706714312
-0.938730095896308	-1.2509174960785	-0.948786148632196	-0.649026938691635
-0.931889384707336	-1.2484175831277	-0.941659121828877	-0.63817764182546
-0.925048673518363	-1.24101732922279	-0.936279089991059	-0.635155305642789
-0.918207962329391	-1.23190166499538	-0.932432851405841	-0.631449598840935
-0.911367251140418	-1.22376660455145	-0.925357595895056	-0.627171669297867
-0.904526539951445	-1.21846259522958	-0.919715347186581	-0.615801336290718
-0.897685828762473	-1.21324490620166	-0.913165267621562	-0.607419970494246
-0.8908451175735	-1.21036228080388	-0.909766112559291	-0.607980845034288
-0.884004406384527	-1.19685066613461	-0.903322751963858	-0.604848037157614
-0.877163695195555	-1.19280265064604	-0.897277639390382	-0.594679894639948
-0.870322984006582	-1.18700168493169	-0.892328694869854	-0.584997423979814
-0.863482272817609	-1.18659290191495	-0.881671813526625	-0.583959126624128
-0.856641561628637	-1.17718955053972	-0.877370249153191	-0.576783787470133
-0.849800850439664	-1.1699610814595	-0.871569321291914	-0.57530868260795
-0.842960139250692	-1.16457392650247	-0.864703235588334	-0.56348915361909
-0.836119428061719	-1.16254118779245	-0.860147951975243	-0.561215696233789
-0.829278716872746	-1.15464060135362	-0.854139428290347	-0.553791917729312
-0.822438005683774	-1.14697884438134	-0.848432738369688	-0.548840047282885
-0.815597294494801	-1.13974019431067	-0.841722268327761	-0.545831696802446
-0.808756583305829	-1.13055101760011	-0.835480656329128	-0.538207353130345
-0.801915872116856	-1.12898993536141	-0.830905839741114	-0.531009641946878
-0.795075160927883	-1.12331374803816	-0.822303167401429	-0.529329462317844
-0.788234449738911	-1.11390707471853	-0.818399886134155	-0.526624610084281
-0.781393738549938	-1.10715940057721	-0.813294806939265	-0.514754281240865
-0.774553027360965	-1.10120575149586	-0.806144181065208	-0.510537986208322
-0.767712316171993	-1.09639227847561	-0.800924537280443	-0.511737710638707
-0.76087160498302	-1.09276818017623	-0.793830244493593	-0.497185299211261
-0.754030893794047	-1.08543102968274	-0.789557783998101	-0.49079102722523
-0.747190182605075	-1.07472566173771	-0.782862784237082	-0.483295289200935
-0.740349471416102	-1.07581662639021	-0.775069384880811	-0.482118429621871
-0.73350876022713	-1.06544448660577	-0.768594151779091	-0.469415887664357
-0.726668049038157	-1.05743421391462	-0.763756264600733	-0.463177315027253
-0.719827337849184	-1.05441975758338	-0.759725997343866	-0.461735651236299
-0.712986626660212	-1.04861895034153	-0.749774161164013	-0.455127048256968
-0.706145915471239	-1.04052239643108	-0.745293646664555	-0.44754923493886
-0.699305204282267	-1.03486885977858	-0.73899299369508	-0.44869994914064
-0.692464493093294	-1.03013970697766	-0.734808770619629	-0.438862522645127
-0.685623781904321	-1.01844813000977	-0.729113850891263	-0.431128550777882
-0.678783070715349	-1.01734247336144	-0.721297871918021	-0.429007534623724
-0.671942359526376	-1.01402296296845	-0.717085960767796	-0.419062379923496
-0.665101648337403	-1.00056617628564	-0.708831257661899	-0.418084901647267
-0.658260937148431	-0.995086123003236	-0.705636080740579	-0.412267008336942
-0.651420225959458	-0.992864336174904	-0.698557962041157	-0.400745399406095
-0.644579514770485	-0.987664284310534	-0.692833794419626	-0.397837740270715
-0.637738803581513	-0.975859345515218	-0.685478545838221	-0.392184714721742
-0.63089809239254	-0.967956851865475	-0.679607320397044	-0.385840729413349
-0.624057381203567	-0.96873459656283	-0.673789244175351	-0.378158229932362
-0.617216670014595	-0.959894372897036	-0.669754315575252	-0.373353623697989
-0.610375958825622	-0.954442510640906	-0.661113544504674	-0.366833171654458
-0.60353524763665	-0.945441342785915	-0.655751559697215	-0.369170336336836
-0.596694536447677	-0.943102892253307	-0.650783471054286	-0.359932534899756
-0.589853825258704	-0.935818018783957	-0.643981441276139	-0.352460989741895
-0.583013114069732	-0.929769124614243	-0.636942071021809	-0.348805980768757
-0.576172402880759	-0.920329071483015	-0.633186472358162	-0.340040107744503
-0.569331691691787	-0.913265935132626	-0.626023186853201	-0.333640826585212
-0.562490980502814	-0.914231894778596	-0.62182220522652	-0.329802484128138
-0.555650269313841	-0.904703248016615	-0.61442046095843	-0.326500895283702
-0.548809558124869	-0.89863631777845	-0.606778258514465	-0.31878855284304
-0.541968846935896	-0.889599302012065	-0.603727519350209	-0.312965188120093
-0.535128135746923	-0.889085030744089	-0.595575349307417	-0.307263028436737
-0.528287424557951	-0.878710201975158	-0.589011839906763	-0.30026160769157
-0.521446713368978	-0.872462483300089	-0.584178135488738	-0.295198580714227
-0.514606002180005	-0.872306150998697	-0.577829318559002	-0.282822767559635
-0.507765290991033	-0.860830002303186	-0.573377937962325	-0.277923738100366
-0.50092457980206	-0.846354619345335	-0.565357414955372	-0.27398857279828
-0.494083868613088	-0.850103269453475	-0.558533422244601	-0.270746091196495
-0.487243157424115	-0.846095747059448	-0.556316418163901	-0.263120008879699
-0.480402446235142	-0.834201814945102	-0.546976160214585	-0.25570596723289
-0.47356173504617	-0.830875435184158	-0.541198497899721	-0.251593096924947
-0.466721023857197	-0.82239278454067	-0.535177895415163	-0.245441782172469
-0.459880312668224	-0.816680962226765	-0.530976218711165	-0.241634887260068
-0.453039601479252	-0.812574368882142	-0.52506435172629	-0.238762641392319
-0.446198890290279	-0.803413167122224	-0.518934877192528	-0.231946261799414
-0.439358179101307	-0.800183066310025	-0.515249484232847	-0.223009774071429
-0.432517467912334	-0.796367236777389	-0.504522415957485	-0.21683174376129
-0.425676756723361	-0.785183242823647	-0.501698960909153	-0.215177751041102
-0.418836045534389	-0.780317642403971	-0.493286044959423	-0.207367335987111
-0.411995334345416	-0.773293028689717	-0.486629057476551	-0.200378751443405
-0.405154623156443	-0.768056777930989	-0.482740973877157	-0.195414425389325
-0.398313911967471	-0.758719902750321	-0.476052985483124	-0.191406172230061
-0.391473200778498	-0.760687284203899	-0.470040427024847	-0.182171631344922
-0.384632489589525	-0.749451650238371	-0.467297335311477	-0.180135116668478
-0.377791778400553	-0.743225492894269	-0.458833252393277	-0.170197228130745
-0.37095106721158	-0.737682599708707	-0.452060541785056	-0.170782181214417
-0.364110356022608	-0.735999419550176	-0.444388039280787	-0.159525262728074
-0.357269644833635	-0.72244975638337	-0.440280870277825	-0.153311581593604
-0.350428933644662	-0.719534969697202	-0.434158030745658	-0.150411347785031
-0.34358822245569	-0.711623137936305	-0.427421343208044	-0.14173259604221
-0.336747511266717	-0.70592114667043	-0.423636868336439	-0.13723492338939
-0.329906800077745	-0.703442883910723	-0.414137217586746	-0.131300148157467
-0.323066088888772	-0.693145364030669	-0.411650362796078	-0.124129755453084
-0.316225377699799	-0.687176512548842	-0.40318171769283	-0.122670713266074
-0.309384666510827	-0.688508940486493	-0.399263872649151	-0.114855476912373
-0.302543955321854	-0.681092900913175	-0.393851623844117	-0.108771844165275
-0.295703244132881	-0.67391192990154	-0.386258954920774	-0.103707965624025
-0.288862532943909	-0.665146623089142	-0.380014272178886	-0.0932082120361582
-0.282021821754936	-0.659717227168846	-0.374897353755176	-0.089137159975114
-0.275181110565964	-0.652029202929712	-0.369293783664083	-0.0818829782409956
-0.268340399376991	-0.646555624076772	-0.363563869701332	-0.0800403617181632
-0.261499688188018	-0.640587095304367	-0.356991979029228	-0.0725629557127321
-0.254658976999046	-0.633224184410351	-0.351384461491672	-0.0671731102969971
-0.247818265810073	-0.630313061308598	-0.344179014729738	-0.0643815810970275
-0.2409775546211	-0.618798253360288	-0.339689946921248	-0.0523996145991155
-0.234136843432128	-0.613293060588494	-0.330072875136524	-0.0514543886456201
-0.227296132243155	-0.614111104310203	-0.326955425149359	-0.0434647799569879
-0.220455421054182	-0.603940210906143	-0.321702200997748	-0.0323784642016493
-0.21361470986521	-0.596412918193865	-0.314468249136281	-0.0330040832521155
-0.206773998676237	-0.587880356578247	-0.307962131265631	-0.0228214790079647
-0.199933287487265	-0.585788676060235	-0.303020126735949	-0.0218662651836534
-0.193092576298292	-0.578699656172033	-0.296310571437512	-0.0108126541538095
-0.186251865109319	-0.567463741208837	-0.288809048937498	-0.0104330605594626
-0.179411153920347	-0.569948988069957	-0.284485967424187	-0.00811063774966359
-0.172570442731374	-0.559450710630782	-0.276410018648071	0.00415465156628745
-0.165729731542402	-0.557292612268833	-0.274355043843849	0.00927941885939876
-0.158889020353429	-0.551544451899026	-0.265995878875813	0.0154658033659659
-0.152048309164456	-0.544613241477436	-0.260858580644469	0.0181031531017973
-0.145207597975484	-0.536627147525334	-0.254003302441385	0.0289278824062159
-0.138366886786511	-0.5314352983135	-0.251172769898419	0.035163240038335
-0.131526175597538	-0.519037315970295	-0.244033084413241	0.0361851670187523
-0.124685464408566	-0.516554522664425	-0.237017950150438	0.0451705332740978
-0.117844753219593	-0.507777746851629	-0.231641872654072	0.0492354559418767
-0.11100404203062	-0.509003448619626	-0.224173604967613	0.055458392125682
-0.104163330841648	-0.499072584229978	-0.219534661224456	0.0623705700485416
-0.0973226196526753	-0.495970188882643	-0.213076088657115	0.067714930277506
-0.0904819084637025	-0.485954084531119	-0.206445731291218	0.0748966068771625
-0.08364119727473	-0.480833495315275	-0.201439325884143	0.0738104259920827
-0.0768004860857574	-0.476983769461563	-0.195820826157887	0.0865018236764547
-0.0699597748967846	-0.46805848443894	-0.188753222687624	0.0895687184409623
-0.0631190637078121	-0.461956881559485	-0.180855754435766	0.0974329323324792
-0.0562783525188395	-0.452962988444687	-0.175493502212532	0.101838521148177
-0.0494376413298667	-0.44857718643699	-0.168687586791929	0.111824771878209
-0.0425969301408942	-0.443950910521749	-0.166518092068011	0.114896284658877
-0.0357562189519216	-0.438842020852036	-0.158409602119597	0.121689628313535
-0.0289155077629488	-0.431643364248901	-0.153089983018837	0.127212373504215
-0.0220747965739763	-0.425034279202187	-0.146794764913457	0.130668876892783
-0.0152340853850037	-0.425404626998388	-0.140469534625282	0.134688621069059
-0.00839337419603114	-0.412450962831705	-0.135074425141901	0.143503410000827
-0.00155266300705836	-0.406294106520134	-0.128864644073295	0.151801508897852
0.0052880481819142	-0.404879031714953	-0.123471996182426	0.154124530637269
0.0121287593708868	-0.396118963448027	-0.115059985589446	0.158201193159369
0.0189694705598595	-0.394487876770137	-0.112240979197145	0.169802733177179
0.0258101817488321	-0.382996208719949	-0.104825573663635	0.173722776797401
0.0326508929378047	-0.371950737807943	-0.0994052744718053	0.180577542438748
0.0394916041267774	-0.370525546070742	-0.0919071520812035	0.187413177767645
0.04633231531575	-0.362744102684728	-0.0862106881846721	0.191064032348259
0.0531730265047226	-0.359464541269377	-0.0807884149529824	0.197753449298702
0.0600137376936953	-0.350965684069018	-0.0749651948685255	0.202841219524891
0.0668544488826679	-0.347331015389651	-0.0671879868887828	0.210263461277667
0.0736951600716405	-0.33831532407467	-0.0604694048858345	0.21411138498916
0.080535871260613	-0.334821893788268	-0.0585960080098011	0.220400561810426
0.0873765824495858	-0.325778145347618	-0.0513030191731017	0.224348621974282
0.0942172936385584	-0.320361035470256	-0.0459365769410737	0.229831358302019
0.101058004827531	-0.314590240941572	-0.0400285459761903	0.232596567972706
0.107898716016503	-0.306039519552911	-0.0323315816711676	0.239693707400523
0.114739427205476	-0.307580373839854	-0.0256459005881311	0.250022614566908
0.121580138394449	-0.296287140942614	-0.0231410754919034	0.250905612482546
0.128420849583422	-0.289162819278253	-0.0149880768905095	0.258518066865677
0.135261560772394	-0.28319054626036	-0.00979239583815287	0.264360001699881
0.142102271961367	-0.273453423260858	-0.00222188857946041	0.272959722255231
0.148942983150339	-0.270050608490629	0.00383643128365351	0.279223670267031
0.155783694339312	-0.264795013189262	0.00863822344755081	0.277778608432498
0.162624405528285	-0.262968490096684	0.0151221438881617	0.291905089437081
0.169465116717257	-0.254233492372469	0.0209219164874716	0.291704737894243
0.17630582790623	-0.247132071897718	0.0251088193394807	0.303583056257934
0.183146539095203	-0.243816114478377	0.0337732496306101	0.30832787468854
0.189987250284175	-0.232711143561808	0.0392207203284891	0.314958557375354
0.196827961473148	-0.22527169173234	0.0440726066533585	0.31410871504864
0.203668672662121	-0.220239091962657	0.0519867141799362	0.326361219985779
0.210509383851093	-0.220834053208866	0.0574381771099743	0.326637657840937
0.217350095040066	-0.216209579954238	0.0621690115448839	0.338347473453411
0.224190806229038	-0.204423362080062	0.0688389619593362	0.345362256484952
0.231031517418011	-0.20298939291218	0.0733634726166647	0.351799613686528
0.237872228606983	-0.187124349967431	0.079951296836228	0.352133445106092
0.244712939795956	-0.189975473247336	0.0876539894135441	0.363105170583697
0.251553650984929	-0.184704421987934	0.0929172435814222	0.367247343368061
0.258394362173902	-0.173969691677388	0.0988590169367948	0.370947662521526
0.265235073362874	-0.168238246090085	0.104542324345248	0.375334160805318
0.272075784551847	-0.164728722583288	0.111554633135792	0.385583000934337
0.278916495740819	-0.154651856923691	0.116640963800721	0.387871246660186
0.285757206929792	-0.146614472206441	0.123900744436041	0.396410805364091
0.292597918118765	-0.139009760556527	0.128018534160075	0.403127521091552
0.299438629307737	-0.140697044538376	0.134341069987556	0.408695850274585
0.30627934049671	-0.129457172232045	0.141862738958765	0.413348293960687
0.313120051685682	-0.125234678113046	0.143915171704064	0.414889255549378
0.319960762874655	-0.116836107469306	0.151987874530332	0.425410166449454
0.326801474063628	-0.112244989150558	0.156894817630597	0.429210510852243
0.3336421852526	-0.107228610085528	0.166388056155633	0.437073565760662
0.340482896441573	-0.102904751714681	0.16966781398443	0.443123240324117
0.347323607630546	-0.0941933464052663	0.176526108590106	0.447123951888627
0.354164318819518	-0.0933229555971615	0.181706258217778	0.450193937858852
0.361005030008491	-0.0843471956811193	0.188614740536122	0.456846485631137
0.367845741197463	-0.0788405371486504	0.193321401601163	0.468342911906186
0.374686452386436	-0.0695287816741895	0.201483583972094	0.474132002789464
0.381527163575409	-0.0626763343981205	0.205369166944492	0.478271333727167
0.388367874764382	-0.0583828027360493	0.211157853906373	0.481800264103858
0.395208585953354	-0.0562924288815663	0.219518768783933	0.486160914764403
0.402049297142327	-0.0443763017813841	0.224800854924456	0.491352927979858
0.408890008331299	-0.0401235779424308	0.228946064169063	0.499903080382367
0.415730719520272	-0.0332835191989039	0.235198639559438	0.508656505791204
0.422571430709244	-0.0310371019677927	0.242485160000891	0.509401072548904
0.429412141898217	-0.0235392262869522	0.24661393312595	0.51659986950555
0.43625285308719	-0.0220311538269759	0.254654448363743	0.521167030221851
0.443093564276162	-0.00889799781047088	0.26145355732064	0.529465606538352
0.449934275465135	-0.000648314031950066	0.264174760608323	0.536642756495516
0.456774986654108	0.00345893340697309	0.271185024480909	0.538108195239417
0.46361569784308	0.00265864962892867	0.278517502924013	0.553818967602069
0.470456409032053	0.0144725864902924	0.28380856713598	0.55634956018046
0.477297120221026	0.0212309138196787	0.289106358792792	0.558748659760717
0.484137831409998	0.0303662496862088	0.297455685364331	0.566303549884919
0.490978542598971	0.036469322301549	0.302897923175718	0.574375625251702
0.497819253787943	0.0382807833937686	0.30670383100788	0.57978229766765
0.504659964976916	0.0451708696535508	0.313699509346253	0.582105180102209
0.511500676165888	0.0522125069069145	0.320299478915048	0.594159169548084
0.518341387354861	0.0560527855870593	0.324739468341606	0.596089823306473
0.525182098543834	0.0668403181069682	0.33349915985963	0.60319710411479
0.532022809732807	0.0680476212048407	0.336948632003913	0.605060780033066
0.538863520921779	0.0751390456896889	0.343488158590254	0.619009823811302
0.545704232110752	0.0797596888845534	0.348186132829242	0.614583355788991
0.552544943299724	0.0907268326646601	0.356637080773572	0.617937488340369
0.559385654488697	0.0963414102763502	0.362178980148042	0.63089747617838
0.56622636567767	0.101324026499354	0.366314007647027	0.635710050243455
0.573067076866642	0.10666144510449	0.374032059942637	0.642912432082928
0.579907788055615	0.115828745084128	0.379788818252054	0.649852927013782
0.586748499244587	0.116351559857671	0.385582023621007	0.65310280475611
0.59358921043356	0.123332868077702	0.391453724410733	0.657402386161433
0.600429921622533	0.133478472178278	0.398801162938838	0.665953000910679
0.607270632811506	0.137519469078289	0.405721423555364	0.674578149386073
0.614111344000478	0.138699688791125	0.409167101993167	0.68019052040605
0.620952055189451	0.148666840703135	0.417058916122745	0.682726619760732
0.627792766378423	0.156233008989545	0.423748921149455	0.684875324695293
0.634633477567396	0.160705245513165	0.428501764652661	0.698030837746913
0.641474188756368	0.16874690692413	0.434142790877431	0.699512292225374
0.648314899945341	0.169317120380821	0.43822132212798	0.711616834555252
0.655155611134314	0.178939462970951	0.446891985539705	0.714612323833516
0.661996322323287	0.186894116128521	0.452767050231594	0.71659725582327
0.668837033512259	0.195295278230304	0.459826386874586	0.728597247551554
0.675677744701232	0.19975890114207	0.46303376295662	0.72945812903014
0.682518455890204	0.20474682854176	0.469003901876391	0.734347863142846
0.689359167079177	0.208749610621788	0.478139611563497	0.741517610578255
0.69619987826815	0.216641990647269	0.482442550738058	0.750467659095541
0.703040589457122	0.221168827787152	0.488159574818702	0.750553559599595
0.709881300646095	0.229596192226143	0.494004993471644	0.75502086130655
0.716722011835067	0.239425602132258	0.500602070632777	0.764276943444242
0.72356272302404	0.239636238992838	0.506966436228276	0.772329159718132
0.730403434213013	0.247512678793543	0.511162714211132	0.772741281773492
0.737244145401986	0.253455486142875	0.518849029918979	0.784271258190396
0.744084856590958	0.256702060020115	0.524848641606257	0.790670361530091
0.750925567779931	0.267207161922442	0.529877212864573	0.792955207283646
0.757766278968903	0.269995371284317	0.53540365190551	0.801472698811206
0.764606990157876	0.274506095882226	0.542567538193931	0.804924574586377
0.771447701346848	0.281868212722576	0.548454563100965	0.817548831171495
0.778288412535821	0.291229398024545	0.552996095759273	0.818486767020751
0.785129123724794	0.297149954390238	0.559055716190406	0.82263911263995
0.791969834913766	0.301979539346308	0.565301675464515	0.833513737948184
0.798810546102739	0.309308214610757	0.573107300456115	0.83648466778332
0.805651257291712	0.311754684214739	0.577975654657905	0.842352627637435
0.812491968480684	0.31784887816324	0.584789597874777	0.844200094306257
0.819332679669657	0.327799941745062	0.590112411406929	0.855260554411196
0.82617339085863	0.328349778879899	0.595417605180064	0.857670121595701
0.833014102047602	0.333836627135142	0.600036553032505	0.867647751884252
0.839854813236575	0.343357511016181	0.607761634935523	0.86805138269892
0.846695524425547	0.352971072366148	0.612817579316763	0.875104435819803
0.85353623561452	0.355520095995723	0.619926848270369	0.885440290982216
0.860376946803493	0.366943726095674	0.62622892380558	0.891808352852749
0.867217657992465	0.363764707428178	0.629659963759629	0.89446590620575
0.874058369181438	0.370864510105591	0.638930557198149	0.902353098104073
0.880899080370411	0.381260898717917	0.643763802935227	0.910867623642717
0.887739791559383	0.383993260864029	0.648635328149282	0.912679745470954
0.894580502748356	0.391001570457465	0.653786316941478	0.919152853748863
0.901421213937328	0.398865785893421	0.661409037832409	0.924321212481945
0.908261925126301	0.408171260888743	0.667809911308809	0.932535198117667
0.915102636315274	0.411336287550248	0.673570175409334	0.93882697966581
0.921943347504246	0.415445435227734	0.680766827341456	0.949418007055163
0.928784058693219	0.424274250829748	0.686690623038213	0.952592737961896
0.935624769882192	0.42442131366193	0.690632795740839	0.953260292191766
0.942465481071164	0.435961009145995	0.696571527319517	0.957830437376849
0.949306192260137	0.438687757504938	0.700892598110961	0.968546540322939
0.956146903449109	0.447552747262341	0.710631219554676	0.970254861943496
0.962987614638082	0.452223755172761	0.71264041555653	0.973055738500789
0.969828325827055	0.458540782731533	0.720864020752893	0.986402890050877
0.976669037016027	0.463254257339799	0.729609026706195	0.989129005919392
0.983509748205	0.472896213339955	0.732800568432687	0.995497784770971
0.990350459393972	0.47938078407969	0.739775506379243	0.997164927959967
0.997191170582945	0.485040276494105	0.745455645573268	1.00521522973221
1.00403188177192	0.491239421570655	0.751386979861108	1.01707013224284
1.01087259296089	0.495825239432608	0.75726662167185	1.01727800377434
1.01771330414986	0.505302149707661	0.763619838230022	1.02957777189565
1.02455401533884	0.507468388639204	0.772256923248403	1.03488991711461
1.03139472652781	0.50994239701649	0.775115604053292	1.04141572702461
1.03823543771678	0.519285894800286	0.779388613937127	1.04224173364296
1.04507614890575	0.523323749240375	0.788393071926923	1.04901248145111
1.05191686009473	0.527859101057513	0.793439639474772	1.05524800393707
1.0587575712837	0.536227033026305	0.799793224628221	1.05657310945865
1.06559828247267	0.54322740570219	0.806600585310009	1.07037699115803
1.07243899366164	0.551685600881072	0.81361795717592	1.0735319587283
1.07927970485062	0.55741350557058	0.816555014210693	1.07868476623986
1.08612041603959	0.559919860049048	0.825335492383586	1.08537845673725
1.09296112722856	0.571121343445602	0.827733727793094	1.08979788858489
1.09980183841753	0.577674315684337	0.83600034350265	1.09446181678232
1.10664254960651	0.579709669115405	0.841330621994225	1.09651054069294
1.11348326079548	0.587235181163379	0.847284315514132	1.11150181680282
1.12032397198445	0.591895704924362	0.853173234600584	1.11330676023954
1.12716468317342	0.602334527382061	0.859536014540901	1.12305775775477
1.1340053943624	0.605833083800071	0.866649810293289	1.1231403844452
1.14084610555137	0.612555970348177	0.871452695409967	1.13026842433685
1.14768681674034	0.615466517139976	0.875556449670725	1.13655467597362
1.15452752792932	0.626043592463867	0.884012967656164	1.1443609248179
1.16136823911829	0.623607190238035	0.888689996601863	1.15016118317445
1.16820895030726	0.629763911292978	0.893580126041724	1.15655995421533
1.17504966149623	0.639067284682682	0.900903088654819	1.15975601216391
1.18189037268521	0.646928897373691	0.908535333106652	1.17088732041064
1.18873108387418	0.650488420338244	0.91280903761247	1.17302882391466
1.19557179506315	0.660301030315669	0.919186654113629	1.18412308938556
1.20241250625212	0.662838663693625	0.923712981220444	1.1862790143833
1.2092532174411	0.668471316387149	0.929103583754904	1.19123480593744
1.21609392863007	0.676067830034568	0.935330672970797	1.19648958854024
1.22293463981904	0.683254693523691	0.940310219235829	1.20373987093125
1.22977535100801	0.690489219707992	0.947987369606254	1.21343457997801
1.23661606219699	0.700653118693374	0.958128354077896	1.2190318802235
1.24345677338596	0.700613405477807	0.961960583084227	1.21991988875686
1.25029748457493	0.708211354542562	0.967623960038276	1.2257785469757
1.2571381957639	0.713223606176475	0.97400315711768	1.23487473046284
1.26397890695288	0.718979277162376	0.97964393567276	1.24218599928061
1.27081961814185	0.730120565474026	0.985577853843604	1.24569810068927
1.27766032933082	0.7338427725445	0.992285028124326	1.24943854109609
1.2845010405198	0.73491491782878	0.996214120308018	1.25689395928643
1.29134175170877	0.742899386265468	1.00205113465772	1.26301145783363
1.29818246289774	0.752288329579513	1.00989341710498	1.26907521722882
1.30502317408671	0.751866339134092	1.01697201319496	1.27505202789241
1.31186388527569	0.763776865845152	1.01977621908495	1.27524205106703
1.31870459646466	0.76519321904453	1.02742462549504	1.29119617037996
1.32554530765363	0.773398420996083	1.0325297005031	1.29327588760905
1.3323860188426	0.777173934739354	1.0393806525533	1.30169231065042
1.33922673003158	0.787127067587604	1.04659776048148	1.30131430778829
1.34606744122055	0.790443698424508	1.05284054088558	1.31011437506631
1.35290815240952	0.795604885908189	1.05581335433584	1.31875371087502
1.35974886359849	0.803973142118369	1.06425437375677	1.3224416155294
1.36658957478747	0.809405367911988	1.06883183190314	1.32740346087334
1.37343028597644	0.815953654975865	1.07683039479223	1.34015373641891
1.38027099716541	0.821760670289434	1.07945991809772	1.33499063043272
1.38711170835438	0.822598291590476	1.08716634578048	1.34790037370275
1.39395241954336	0.832351008502832	1.09220578958838	1.35604052233849
1.40079313073233	0.836891575897001	1.09814783497466	1.35689634376728
1.4076338419213	0.85329672712848	1.1060869680284	1.36475360836017
1.41447455311028	0.851194437418958	1.10895454990798	1.36692426786393
1.42131526429925	0.858961464512665	1.11607346041668	1.37300874590665
1.42815597548822	0.866692169280818	1.12309835383963	1.3800389290732
1.43499668667719	0.869115998681189	1.12800552681031	1.38871238581681
1.44183739786617	0.877278325644928	1.13433711365821	1.39377494738924
1.44867810905514	0.88186145603428	1.14198781346905	1.40110894444146
1.45551882024411	0.88798381594162	1.1457408015159	1.4028066308155
1.46235953143308	0.89372833334218	1.15337573766024	1.41053881317897
1.46920024262206	0.900400082170984	1.15870194792399	1.41813438732578
1.47604095381103	0.907133095714487	1.16637486549779	1.42665439458143
1.482881665	0.912336900453211	1.17165812322428	1.42948056520953
1.48972237618897	0.92134084866897	1.17631725794804	1.43678651753387
1.49656308737795	0.922354654188995	1.18346290155204	1.44073885517354
1.50340379856692	0.929867793503338	1.18990208590585	1.44431218316191
1.51024450975589	0.932683004486725	1.19228784068007	1.45078382249003
1.51708522094486	0.942816515524094	1.20126663846108	1.46453483319844
1.52392593213384	0.951184022674665	1.20645506003955	1.46452518352213
1.53076664332281	0.950939167963471	1.21329234385228	1.46923250915433
1.53760735451178	0.960258316648547	1.21676006504824	1.48189370123717
1.54444806570076	0.964068701848591	1.22570996604404	1.48421418133922
1.55128877688973	0.976145634508054	1.23067850622036	1.48880309153752
1.5581294880787	0.979291295444594	1.23726470226789	1.49482224588998
1.56497019926767	0.98186850156908	1.24211957123035	1.49955378793493
1.57181091045665	0.990224259946255	1.24900029074077	1.50087912104829
1.57865162164562	1.00190609664044	1.25530161075305	1.51282643829239
1.58549233283459	1.00268284925977	1.25988401576208	1.51602122221247
1.59233304402356	1.01043741327417	1.26619488693046	1.52718429254717
1.59917375521254	1.0160560104276	1.27218608033059	1.53555947492674
1.60601446640151	1.02077876923491	1.27685719594753	1.53655422928628
1.61285517759048	1.03059853956716	1.28468801040175	1.54453612406417
1.61969588877945	1.03438219839792	1.28910011669432	1.55122086548445
1.62653659996843	1.03693310554813	1.29751406795974	1.54595525805757
1.6333773111574	1.04358520853428	1.30409929534973	1.5621251633005
1.64021802234637	1.05117001256971	1.30833365850574	1.56554010355371
1.64705873353534	1.05582825978307	1.31587446035103	1.57486694674823
1.65389944472432	1.06652087261435	1.31829706885571	1.57664523243118
1.66074015591329	1.06722279498113	1.3259305066496	1.58558813112659
1.66758086710226	1.07568670518013	1.33273372658978	1.5899093054309
1.67442157829124	1.07549086635157	1.33725704166757	1.59952315904929
1.68126228948021	1.08436195556725	1.34418495535358	1.60079863268083
1.68810300066918	1.09471321177104	1.35025427668169	1.60728044909995
1.69494371185815	1.10026525309044	1.3574967490348	1.61656748190325
1.70178442304713	1.10349922713742	1.36194408407413	1.61998863386695
1.7086251342361	1.11130279618956	1.36973128996756	1.62397086270961
1.71546584542507	1.11366190513381	1.37466898521489	1.63100660465036
1.72230655661404	1.12081165615262	1.38194307975308	1.63594729198045
1.72914726780302	1.13202371358152	1.38713402877544	1.64838111503153
1.73598797899199	1.13748552409849	1.39314221234532	1.65032198502924
1.74282869018096	1.13608329856004	1.3973595715063	1.65545013660769
1.74966940136993	1.14723868019898	1.40473970198336	1.66246458754381
1.75651011255891	1.14806802363306	1.41199666959075	1.6679349064563
1.76335082374788	1.16284946028437	1.41556319582876	1.67644144374103
1.77019153493685	1.16118579946861	1.42233581203261	1.6748033058145
1.77703224612582	1.17182217060201	1.4285580895151	1.6892020210298
1.7838729573148	1.17676251183569	1.43380200595484	1.6900591485108
1.79071366850377	1.17975521446511	1.43975869790763	1.69858256160572
1.79755437969274	1.18728330138314	1.44555861545331	1.70022434205966
1.80439509088172	1.19735580121543	1.45191147223651	1.70728680561462
1.81123580207069	1.19927261252422	1.45853011245279	1.71615839553399
1.81807651325966	1.20228218714215	1.46169870958262	1.72127840798172
1.82491722444863	1.21279500722397	1.4710694074651	1.72870102728504
1.83175793563761	1.22249623685018	1.47528337018781	1.73808083600081
1.83859864682658	1.22330671079939	1.47952403898914	1.73597915152962
1.84543935801555	1.22685884247339	1.48700712557494	1.74906004973268
1.85228006920452	1.23813099907673	1.49612188516626	1.75106555428291
1.8591207803935	1.24351106511192	1.50146113658706	1.75539324541887
1.86596149158247	1.25502015541188	1.50467183835556	1.76316810126585
1.87280220277144	1.2532421315413	1.51193857851225	1.76636273802215
1.87964291396041	1.25950833897867	1.51676253988919	1.77364917639994
1.88648362514939	1.26464127331471	1.52341882406315	1.78154553395178
1.89332433633836	1.27410889391149	1.52915658884626	1.78600353501686
1.90016504752733	1.27997774523909	1.53642677746072	1.79478731803635
1.9070057587163	1.28221306557776	1.54249836710551	1.79919195413985
1.91384646990528	1.2924898081232	1.54582460372522	1.80296866086698
1.92068718109425	1.29789051767884	1.55311115345099	1.81277052811838
1.92752789228322	1.29934342406493	1.55916666810314	1.82129234851065
1.9343686034722	1.30487514157273	1.56570853675941	1.82353883894172
1.94120931466117	1.31510678304156	1.57179947891112	1.83075438907504
1.94805002585014	1.3247158652778	1.57744312594055	1.83327481075307
1.95489073703911	1.3249123030208	1.58306029050515	1.84380643256559
1.96173144822809	1.33263102488793	1.58927305475499	1.84549274631415
1.96857215941706	1.33483748168906	1.59882235154787	1.85743050608388
1.97541287060603	1.34273741678992	1.60228428265426	1.85866886749954
1.982253581795	1.34870862328832	1.61159476878851	1.86811977030657
1.98909429298398	1.35572842198208	1.61328886012875	1.87095741200495
1.99593500417295	1.35836713339698	1.61893503876828	1.87818967386296
2.00277571536192	1.366844486911	1.62755710289569	1.88413816698536
2.00961642655089	1.37428330619636	1.63242482813533	1.88671208887061
2.01645713773987	1.37941631493601	1.63780438719485	1.89502392343414
2.02329784892884	1.38925909132996	1.64420019737014	1.90368947043424
2.03013856011781	1.39205879189103	1.64983478918954	1.90246468656738
2.03697927130678	1.39625966408913	1.65504704135953	1.91286133157634
2.04381998249576	1.40588310750764	1.66143962578533	1.91837317943729
2.05066069368473	1.41074452220738	1.66879079842647	1.92656901021972
2.0575014048737	1.41275838930808	1.67474050803562	1.93267353105459
2.06434211606267	1.4201934138371	1.68080353401956	1.94117352099549
2.07118282725165	1.42881240903702	1.68604615971391	1.94460132755368
2.07802353844062	1.43467971304297	1.68999656285208	1.94986423855344
2.08486424962959	1.43948314889111	1.69943857270682	1.96264062601536
2.09170496081857	1.44783404958491	1.7050350273219	1.95987969760704
2.09854567200754	1.45506188728037	1.70714249995344	1.96288088107943
2.10538638319651	1.45317740251959	1.71709482743354	1.97255020205624
2.11222709438548	1.46038927790877	1.72438514759929	1.98124349577632
2.11906780557446	1.46453474672239	1.72716091238642	1.98443728612017
2.12590851676343	1.47643132292563	1.73319733726716	1.99444918521964
2.1327492279524	1.47960433217758	1.74056084530231	1.99945752337164
2.13958993914137	1.48738807201641	1.74847109877163	2.00454323886689
2.14643065033035	1.49270959421213	1.75255475572191	2.01221641230597
2.15327136151932	1.4943184553023	1.75603678399881	2.01422765672559
2.16011207270829	1.50673062629204	1.76367456148397	2.01906719960931
2.16695278389726	1.51693051122203	1.7718995602322	2.02783026663964
2.17379349508624	1.51762883953255	1.77456502758357	2.03165251196208
2.18063420627521	1.52515838919059	1.77983692482556	2.03746523394495
2.18747491746418	1.52982674806435	1.78834037152107	2.04516854974886
2.19431562865316	1.53571934761289	1.79274128583612	2.05174324320681
2.20115633984213	1.54509639714947	1.79884243799778	2.05838535891505
2.2079970510311	1.5447270348099	1.80531418900829	2.06418255319713
2.21483776222007	1.55298598363069	1.81280909985936	2.07145972840395
2.22167847340905	1.55633107517608	1.81880302029945	2.07757747392445
2.22851918459802	1.56481379964625	1.82308372886269	2.08444975529151
2.23535989578699	1.57111547700546	1.83097991532674	2.09423894490124
2.24220060697596	1.58043435981689	1.83439276281868	2.09583205559426
2.24904131816494	1.58315108626641	1.84282227114054	2.10291314680461
2.25588202935391	1.58991882563618	1.84885079506242	2.10662781606463
2.26272274054288	1.59736366399987	1.85414070985755	2.10986841824865
2.26956345173185	1.59618113034106	1.86092793940063	2.11987924799427
2.27640416292083	1.60688596387806	1.86593523051915	2.12538003321726
2.2832448741098	1.6164340481878	1.87215404142896	2.1286047434253
2.29008558529877	1.62105383273003	1.87741547816807	2.13643678923034
2.29692629648774	1.62514923146699	1.88288300882163	2.13638615550429
2.30376700767672	1.62479527826543	1.89077918635362	2.14833097317835
2.31060771886569	1.63998102550493	1.89640930189767	2.15149345483577
2.31744843005466	1.64205703667817	1.90254918254226	2.16307583931107
2.32428914124364	1.64608081699524	1.90731546427184	2.16878966278287
2.33112985243261	1.65215018960076	1.91390316075224	2.17193467619021
2.33797056362158	1.66077749851331	1.92156882282387	2.18043161208178
2.34481127481055	1.66453496246432	1.92577178744769	2.18891143923572
2.35165198599953	1.67385026373949	1.93369440604705	2.19145569028945
2.3584926971885	1.67692054595093	1.93860760115812	2.19725371849636
2.36533340837747	1.68247846634318	1.94183477617523	2.20283727098498
2.37217411956644	1.685909766434	1.95051696634575	2.20644814607485
2.37901483075542	1.69707012554664	1.95475302530607	2.21979626418597
2.38585554194439	1.70463412907071	1.9613477239453	2.22020667751581
2.39269625313336	1.70701103199802	1.96812625252506	2.22342812777203
2.39953696432233	1.7114638891513	1.97144023469963	2.2307702639559
2.40637767551131	1.72181415176441	1.97895883827497	2.23795152428163
2.41321838670028	1.7248885359534	1.98379481054194	2.2414021489924
2.42005909788925	1.72983943981691	1.99061846899193	2.25426410337552
2.42689980907822	1.73983664126931	1.99743801984035	2.25849803453964
2.4337405202672	1.74553215014887	2.004716894307	2.26171046286969
2.44058123145617	1.74316190071704	2.00841277832268	2.26808193853093
2.44742194264514	1.75952156640839	2.01741743450828	2.27204916338721
2.45426265383412	1.76295919223378	2.02052502504695	2.2811179630986
2.46110336502309	1.76506267188041	2.02663955420332	2.28643464775117
2.46794407621206	1.77894434300411	2.03353543862662	2.28719983290368
2.47478478740103	1.77906249198569	2.03994420403291	2.29507171664298
2.48162549859001	1.78504626554248	2.04524595530851	2.30800940447947
2.48846620977898	1.79152819720311	2.05116276146677	2.31464036589136
2.49530692096795	1.79734070486393	2.05909656337362	2.31826949038222
2.50214763215692	1.80543814811389	2.06445422806574	2.32571094743346
2.5089883433459	1.80455813487826	2.07032827969621	2.32905574799943
2.51582905453487	1.81549756539961	2.07509831458895	2.33540442156684
2.52266976572384	1.81990326696308	2.07987474975006	2.34217629313714
2.52951047691281	1.82875579114965	2.08670210266005	2.34619886225043
2.53635118810179	1.82833197208548	2.09080231528033	2.35264071857484
2.54319189929076	1.84067435867183	2.09932597115118	2.3571934143134
2.55003261047973	1.84620087899491	2.10331752711892	2.36197623371073
2.5568733216687	1.85236869997609	2.1110519756241	2.37335987404191
2.56371403285768	1.85793670050809	2.11690437667095	2.379630512878
2.57055474404665	1.8646859468679	2.12128280480167	2.38332859317702
2.57739545523562	1.87074818307665	2.12951683944745	2.38936617289405
2.5842361664246	1.87370625433558	2.13472723271334	2.39508961119574
2.59107687761357	1.8800373700009	2.14124675148284	2.40276134450814
2.59791758880254	1.88433739688654	2.14865372143773	2.40798891053349
2.60475829999151	1.89450583257283	2.15422888687379	2.41323662104798
2.61159901118049	1.89528770998495	2.15868485229105	2.41814501582964
2.61843972236946	1.90340122898218	2.16526478807477	2.42945476848182
2.62528043355843	1.91135459060532	2.17295645873603	2.43074889543704
2.6321211447474	1.91603902960703	2.1786395363533	2.4389485549962
2.63896185593638	1.92219830177011	2.18132896233922	2.44484874726569
2.64580256712535	1.92927578840163	2.18964345400671	2.4473951779019
2.65264327831432	1.92826252658974	2.19426626269709	2.45577264633238
2.65948398950329	1.93949123366415	2.20148185711904	2.46138571065051
2.66632470069227	1.94566655515921	2.20704789711076	2.46617900485758
2.67316541188124	1.9537651711124	2.2138487917376	2.47509906038405
2.68000612307021	1.95649436256627	2.21830608335456	2.48320213632133
2.68684683425918	1.96477440613972	2.22601712460061	2.48279620866762
2.69368754544816	1.96987625723897	2.23126519307758	2.49300852822711
2.70052825663713	1.97607019613176	2.23722624808955	2.50164850511592
2.7073689678261	1.98090293561505	2.24362417371947	2.50382945446418
2.71420967901508	1.98602086751051	2.24819087139024	2.5103296004704
2.72105039020405	1.9891733787573	2.25626453954732	2.51756500777647
2.72789110139302	1.9982004441181	2.26046355493648	2.52240793698855
2.73473181258199	2.0014961539891	2.26735894822306	2.52849799938178
2.74157252377097	2.01324343322524	2.2732793598339	2.53311825332679
2.74841323495994	2.01655266058332	2.27934958568942	2.54089088290419
2.75525394614891	2.02029358962824	2.28236415677915	2.54433649672871
2.76209465733788	2.02710237590069	2.28903905689052	2.55155020747979
2.76893536852686	2.02906832691285	2.29574240935659	2.55990149410179
2.77577607971583	2.03946134865412	2.30306659994646	2.57003561595201
2.7826167909048	2.04683362643883	2.31174112178881	2.57339096902436
2.78945750209377	2.04736297625883	2.31476125427977	2.58035121682928
2.79629821328275	2.05831563667788	2.32091194229506	2.58736499708403
2.80313892447172	2.06048799731088	2.32781109479656	2.58888244918342
2.80997963566069	2.07299559209013	2.33222179885615	2.59598821031527
2.81682034684966	2.07344105089856	2.34026204346885	2.60023849363698
2.82366105803864	2.08190580639982	2.34397851846279	2.60470831310058
2.83050176922761	2.0907666466011	2.35098863946327	2.61737668408019
2.83734248041658	2.0953363268201	2.35903792861015	2.62246690623644
2.84418319160556	2.09666764809943	2.36270118466701	2.62545800874988
2.85102390279453	2.10760587784439	2.36981617512011	2.63612130148501
2.8578646139835	2.11362718046003	2.37519205611858	2.63812135477856
2.86470532517247	2.11967446247222	2.38157707457426	2.64424198253166
2.87154603636145	2.12112022543941	2.3874430773362	2.65210918927679
2.87838674755042	2.12930519347669	2.3943315766364	2.65269166889484
2.88522745873939	2.13239972226662	2.39909884362267	2.66787671665896
2.89206816992836	2.13673285460556	2.40306430016629	2.6703651797124
2.89890888111734	2.14617799954445	2.40972984804179	2.67516515547933
2.90574959230631	2.15166694323956	2.41766431457274	2.67949149944297
2.91259030349528	2.15317542329712	2.42165874374591	2.6896862840252
2.91943101468425	2.16643786267261	2.42887341613184	2.69547663633152
2.92627172587323	2.17150966370644	2.43607525056178	2.69812014058855
2.9331124370622	2.17715269341421	2.4392474472529	2.70354835077383
2.93995314825117	2.1838686216435	2.44709901638488	2.70769230288085
2.94679385944014	2.19378908766558	2.45332408563169	2.71991407455633
2.95363457062912	2.19409449738385	2.45990833740319	2.72248315178553
2.96047528181809	2.19690152589427	2.46476228065687	2.72893535911145
2.96731599300706	2.20719594456334	2.47314831167187	2.73805578089225
2.97415670419604	2.21158956746175	2.47988928187296	2.74003875131525
2.98099741538501	2.21784002144437	2.48176662484192	2.74365186090475
2.98783812657398	2.22396574050723	2.48618216619739	2.7509568648153
2.99467883776295	2.23158953011013	2.49637536588768	2.75999201712168
3.00151954895193	2.23415485148869	2.50147880462993	2.76455103593964
3.0083602601409	2.23511932459473	2.50675304552059	2.77305672495278
3.01520097132987	2.25058063668887	2.51339770037981	2.77819763732812
3.02204168251884	2.25170481871869	2.51816926264778	2.78693694120793
3.02888239370782	2.2595209039568	2.52429714801097	2.79490761490917
3.03572310489679	2.26577544641614	2.52987466825447	2.79750264048044
3.04256381608576	2.26972767866927	2.53608955788733	2.80320356653642
3.04940452727473	2.27534732808383	2.54557616459206	2.80888667276977
3.05624523846371	2.28689838463658	2.54924998268163	2.81456290552985
3.06308594965268	2.29070187583094	2.55486871184165	2.81884769733191
3.06992666084165	2.29336472494473	2.5611017072519	2.83025608794468
3.07676737203062	2.30429671122041	2.5673619686846	2.8295318570437
3.0836080832196	2.30624594272317	2.5730024988972	2.83898601000878
3.09044879440857	2.30948177500192	2.579013644793	2.84193542118711
3.09728950559754	2.31950359923177	2.58441720378984	2.8530619138829
3.10413021678651	2.32469876965524	2.59119951417169	2.85828128605056
3.11097092797549	2.33075972042273	2.59744876273367	2.86389120566755
3.11781163916446	2.33690642099719	2.60159647270875	2.86913194758184
3.12465235035343	2.33768530340484	2.60921749845616	2.87311754425185
3.13149306154241	2.34930198998493	2.61339269557027	2.87608186930027
3.13833377273138	2.35065797137772	2.62073927407972	2.88784572348873
3.14517448392035	2.36153035345948	2.62708597248814	2.89387244474199
3.15201519510932	2.36700803162393	2.6329157780737	2.90118070120768
3.1588559062983	2.36937396931916	2.63649517841176	2.90505733256725
3.16569661748727	2.37435941924651	2.64509089274923	2.914006225722
3.17253732867624	2.38196399341316	2.65026390418832	2.92265143920253
3.17937803986521	2.3886673983599	2.65627848383339	2.92800784500384
3.18621875105419	2.39685899410017	2.66333661317751	2.93033426953525
3.19305946224316	2.40064693468889	2.66750680219597	2.93622591233477
3.19990017343213	2.4059499097616	2.67454291414584	2.9438187177521
3.2067408846211	2.41125877373294	2.67857989564478	2.94637074252889
3.21358159581008	2.41924268695825	2.68800649486573	2.95324857863485
3.22042230699905	2.42653065565043	2.69265030329879	2.96074586454038
3.22726301818802	2.42954650488354	2.6964385800694	2.96596825831919
3.23410372937699	2.43112450925955	2.7061585880323	2.97250514672591
3.24094444056597	2.44135897677763	2.70935888326914	2.97695042639602
3.24778515175494	2.44738034437787	2.71445925639685	2.98581188342957
3.25462586294391	2.45512491342889	2.71993042473183	2.99231983010067
3.26146657413289	2.46432835029819	2.72879423454807	2.9920665042594
3.26830728532186	2.46476323293937	2.73520692607911	3.00041112124684
3.27514799651083	2.47200631284007	2.73777221710566	3.00564448102539
3.2819887076998	2.47464775459605	2.74662827300041	3.01340552859875
3.28882941888878	2.48098238448054	2.75145632294388	3.02233929900915
3.29567013007775	2.48831742968947	2.75939638691049	3.02949893267523
3.30251084126672	2.4942450274021	2.76630827341646	3.03718438652849
3.30935155245569	2.4992734713437	2.76961250778226	3.04099110597383
3.31619226364467	2.50249852610765	2.77654320366331	3.04495900798483
3.32303297483364	2.51367330912727	2.78344419095166	3.05321830952353
3.32987368602261	2.51984431074227	2.78789124848169	3.05924159416579
3.33671439721158	2.51769813086152	2.7952115717346	3.06655995899053
3.34355510840056	2.52976546970907	2.8012160888271	3.07176068540365
3.35039581958953	2.53278392844889	2.80856549003453	3.0764435451672
3.3572365307785	2.54302789195033	2.81107750997666	3.08249404943765
3.36407724196747	2.54725765024503	2.81887902503676	3.09061239398154
3.37091795315645	2.55502130136115	2.82457909786517	3.09924407865113
3.37775866434542	2.55955438480433	2.8321598009514	3.10573367043067
3.38459937553439	2.56374865420473	2.83624593799734	3.10647327346455
3.39144008672337	2.57092124195799	2.84179446886157	3.11161325301064
3.39828079791234	2.57423828571258	2.84819144550246	3.12087499916322
3.40512150910131	2.57754903618553	2.85307899692932	3.12783906590845
3.41196222029028	2.59209291436216	2.85929785564695	3.12663755294089
3.41880293147926	2.58835086464103	2.86600550721633	3.13867528858455
3.42564364266823	2.60422360363818	2.87227574605654	3.14253994005132
3.4324843538572	2.6067786276876	2.87612489424882	3.15539122769175
3.43932506504617	2.61199385580901	2.88383574005165	3.15763368263046
3.44616577623515	2.61667325143953	2.8915073935195	3.16236704350275
3.45300648742412	2.61719587973326	2.8943194776154	3.16900229362949
3.45984719861309	2.6249628000737	2.90098136746379	3.17426294879834
3.46668790980206	2.63736158093432	2.90732774189044	3.18024294855096
3.47352862099104	2.64250592457987	2.91494141115305	3.18325459390728
3.48036933218001	2.64939705250217	2.92333765025255	3.19826448979192
3.48721004336898	2.6493016615592	2.92712433056833	3.19795991438435
3.49405075455795	2.6574529271215	2.93508167089078	3.20786482200557
3.50089146574693	2.66384676216543	2.93778152623957	3.20995148525175
3.5077321769359	2.66874660178097	2.94302043502025	3.22128492269569
3.51457288812487	2.66822691207803	2.94992854272385	3.22353952249215
3.52141359931385	2.68012933057704	2.95680111944613	3.23177676719423
3.52825431050282	2.68652833732739	2.96114208124666	3.23916142564561
3.53509502169179	2.69509129020668	2.96963917838654	3.24427349387128
3.54193573288076	2.69935378937395	2.97305556221659	3.24628418345327
3.54877644406974	2.70780254859401	2.97946508034307	3.25465181239978
3.55561715525871	2.71091985835601	2.98507128825917	3.26237862681398
3.56245786644768	2.71696951063421	2.99243846334852	3.26410752360107
3.56929857763665	2.72218394946399	2.99756976197947	3.27253758570331
3.57613928882563	2.7250679282088	3.00389280835623	3.28192377946086
3.5829800000146	2.72851380571338	3.00981355549095	3.2849978853059
3.58982071120357	2.74137273805102	3.01461554927891	3.28647782422119
3.59666142239254	2.7443990342564	3.02119698211468	3.29500426633428
3.60350213358152	2.74700386553999	3.0269270634023	3.30193177354179
3.61034284477049	2.75454431591836	3.03328323051785	3.30472993618905
3.61718355595946	2.76443527428391	3.03990260036089	3.31202764880062
3.62402426714843	2.77353543096527	3.04777620136078	3.32077815185648
3.63086497833741	2.77978449746963	3.05189339183172	3.33235181946366
3.63770568952638	2.77574313997767	3.05701669980114	3.33282698708688
3.64454640071535	2.78582307488198	3.061939991894	3.34366652611516
3.65138711190433	2.79180076208378	3.06931244620472	3.34623071520748
3.6582278230933	2.79642316761936	3.07487542946955	3.34966370865897
3.66506853428227	2.80579323054743	3.0830089261368	3.36216786243579
3.67190924547124	2.81143334197431	3.08663729132979	3.36561991366944
3.67874995666022	2.81721435652745	3.09458611712905	3.36739707197581
3.68559066784919	2.8182122004369	3.10022984195769	3.37888277094227
3.69243137903816	2.83204988870043	3.10492542687284	3.38120900295618
3.69927209022713	2.83423952340907	3.1118816332904	3.38882507632022
3.70611280141611	2.84297891985644	3.11854227541387	3.39382933734393
3.71295351260508	2.84650524641074	3.12386807819802	3.39920438876654
3.71979422379405	2.85356989616579	3.12949839187254	3.41256230956699
3.72663493498302	2.85614954754334	3.13636840864518	3.41316973459239
3.733475646172	2.86003864912104	3.14065527342721	3.4160229083475
3.74031635736097	2.86987836614488	3.14737680962313	3.42818955419099
3.74715706854994	2.87419315309123	3.1534832217248	3.43253632047827
3.75399777973891	2.88199063108712	3.16093524736946	3.43517847900236
3.76083849092789	2.88816081299005	3.16419419564685	3.44371226507489
3.76767920211686	2.89294697812721	3.16990405439038	3.44707787330944
3.77451991330583	2.90143008205798	3.17703263430402	3.45157066221607
3.78136062449481	2.90074986289341	3.18515158838641	3.4653996042146
3.78820133568378	2.90790854864297	3.18891549933263	3.46844682901123
3.79504204687275	2.91903502682189	3.19603100468467	3.46934371495306
3.80188275806172	2.9191804617549	3.20178316910469	3.47487350367533
3.8087234692507	2.92661977174626	3.20804161368802	3.49046991463578
3.81556418043967	2.92846053863776	3.2114681493912	3.49392784550969
3.82240489162864	2.94344563462749	3.22158741671321	3.4967810126969
3.82924560281761	2.94550299528613	3.22618440560214	3.5032369024142
3.83608631400659	2.95002321129836	3.23060347148831	3.50974050717069
3.84292702519556	2.95748878887245	3.23778702030373	3.51799438632582
3.84976773638453	2.95836739273357	3.24272625996303	3.52966544871545
3.8566084475735	2.96912861448124	3.24946469587532	3.53135549405153
3.86344915876248	2.97025148321922	3.25502815836614	3.53435753680116
3.87028986995145	2.9789846065205	3.26198920659857	3.53817749811477
3.87713058114042	2.98225713770136	3.26817708742353	3.54974074551715
3.88397129232939	2.99073980803331	3.27472682245591	3.55106523323987
3.89081200351837	2.99629784924259	3.2785455378585	3.56136255016971
3.89765271470734	2.99870912315026	3.28370565223424	3.56482806717464
3.90449342589631	3.01007615037489	3.29163489645624	3.57097826410951
3.91133413708528	3.01784830542187	3.29935124010687	3.58047786977787
3.91817484827426	3.0215169071987	3.3026028775123	3.58553225796564
3.92501555946323	3.02328796544099	3.30936169142344	3.58870149941942
3.9318562706522	3.03202499663587	3.31424306866099	3.59604944478739
3.93869698184118	3.03502056536876	3.32043363792271	3.60162872041163
3.94553769303015	3.04856037580472	3.32454771679888	3.61053606606313
3.95237840421912	3.04984723689406	3.33239181180672	3.61864327266455
3.95921911540809	3.05717263615203	3.34038494779875	3.6259571014347
3.96605982659707	3.05722723710764	3.34610415980274	3.63477162926713
3.97290053778604	3.07070057760108	3.35010910001932	3.63300304095422
3.97974124897501	3.07041246270883	3.35735384716206	3.64287388090685
3.98658196016398	3.07874806714805	3.36387512813707	3.65187103697061
3.99342267135296	3.08564259738887	3.36941297433795	3.65318495048411
4.00026338254193	3.08911765263591	3.37483972990359	3.65959838799763
4.0071040937309	3.09727666953837	3.38084679936602	3.66784094639645
4.01394480491987	3.10663026070888	3.38916275055091	3.67169687079997
4.02078551610885	3.11000316038804	3.39357957621465	3.67620739163308
4.02762622729782	3.11199035961217	3.40164002220766	3.68233658596754
4.03446693848679	3.1204391873834	3.40604468558671	3.68828912545299
4.04130764967577	3.12378524876814	3.41282151698788	3.70088043558912
4.04814836086474	3.13187396140483	3.41859003737372	3.70371313256898
4.05498907205371	3.13419911982077	3.42467047913047	3.70278544441819
4.06182978324268	3.14327526687568	3.42856438038988	3.71343066083002
4.06867049443166	3.14607561978282	3.43477827306205	3.72278143242723
4.07551120562063	3.15328914480659	3.44066962978467	3.72723900737836
4.0823519168096	3.16568822743122	3.44921607187626	3.7308794596833
4.08919262799857	3.16415967046336	3.45270469598199	3.74024131252873
4.09603333918755	3.17344760805702	3.45930384035202	3.74391948523343
4.10287405037652	3.17549404173068	3.46550301984513	3.75290716713043
4.10971476156549	3.18352689777677	3.47132211573637	3.75328588131149
4.11655547275446	3.19117029018732	3.47713686312341	3.76234952194418
4.12339618394344	3.19111587386366	3.48278929741018	3.77211008407146
4.13023689513241	3.20016684804492	3.48804690282443	3.77888294142819
4.13707760632138	3.20368642171298	3.49475824179952	3.78060921891695
4.14391831751035	3.21102886966217	3.50214357645317	3.78689006840361
4.15075902869933	3.21377733039669	3.50632863503962	3.79458755839666
4.1575997398883	3.22656801383226	3.51378757401686	3.79420207972742
4.16444045107727	3.23098008049325	3.51872237559087	3.80466589270607
4.17128116226625	3.24113980965733	3.52561266790428	3.81343165622671
4.17812187345522	3.240896257348	3.52965240173461	3.82066344307724
4.18496258464419	3.24818952483445	3.53765321306895	3.82594293598829
4.19180329583316	3.2554335029598	3.54252368358863	3.83050799523944
4.19864400702214	3.26001164762735	3.54968230973411	3.83745107979789
4.20548471821111	3.26700825640992	3.55465231724487	3.84519997989246
4.21232542940008	3.27085818580389	3.56068836612099	3.85123614114077
4.21916614058905	3.2756425906366	3.5668483494586	3.85793493700744
4.22600685177803	3.27869524638602	3.57333954802247	3.86168064113821
4.232847562967	3.2900639181613	3.57883935147464	3.86800648166636
4.23968827415597	3.29057525407476	3.58404339322073	3.87142324185022
4.24652898534494	3.30084012986007	3.58972073591113	3.87750846455476
4.25336969653392	3.30031250590546	3.59588431591037	3.88318347587594
4.26021040772289	3.31347271832289	3.60385531979131	3.8950042332515
4.26705111891186	3.31747480086436	3.60942105742989	3.89557340985626
4.27389183010083	3.32616385674537	3.61622474136856	3.90204473102351
4.28073254128981	3.32639950124574	3.61869168574928	3.91507696248372
4.28757325247878	3.33233564581453	3.62669397794124	3.91649293385417
4.29441396366775	3.34134223176846	3.63174681173907	3.92282273133404
4.30125467485672	3.35323615773295	3.63802391327664	3.92606899712135
4.3080953860457	3.35267096284081	3.64224405101022	3.93898264402712
4.31493609723467	3.35967164543154	3.65143520251685	3.9471602039307
4.32177680842364	3.36530354512771	3.65541054017073	3.9453506817377
4.32861751961262	3.37048185553223	3.66397403996665	3.95497792532076
4.33545823080159	3.37249263949757	3.66890137296144	3.96060186976784
4.34229894199056	3.38048687533403	3.67557266734151	3.97042420186099
4.34913965317953	3.38927200951042	3.68194003917503	3.97178815175662
4.35598036436851	3.39531510136301	3.68730003029076	3.98336594819197
4.36282107555748	3.39422338830553	3.6925261212533	3.98237645763766
4.36966178674645	3.4062162962606	3.69699508353993	3.99279012187721
4.37650249793542	3.41267272933104	3.70533110689816	3.99517238639775
4.3833432091244	3.41935725708284	3.71162595976168	3.99970552388722
4.39018392031337	3.42426992538233	3.71500922437497	4.01250718062853
4.39702463150234	3.43149240699621	3.72372297522595	4.01923365320377
4.40386534269131	3.43395498222799	3.7283942471454	4.02212659873947
4.41070605388029	3.44316761836936	3.73522202133705	4.03272197465405
4.41754676506926	3.44425785134097	3.74054617569616	4.03389183710149
4.42438747625823	3.45374671005166	3.74685502484733	4.03723258325643
4.4312281874472	3.45983105484804	3.75263627025721	4.04524367305265
4.43806889863618	3.46680022858869	3.75948484432407	4.05239804449097
4.44490960982515	3.46874957009359	3.76500101756805	4.06205877303901
4.45175032101412	3.47909899657625	3.77222505803461	4.06566347440711
4.4585910322031	3.47418383465995	3.77578548249925	4.0719896063984
4.46543174339207	3.48505921707766	3.78223139428566	4.07829113709923
4.47227245458104	3.49199269548626	3.78669055918246	4.0823297893136
4.47911316577001	3.49317570740494	3.79492971151007	4.09066203273581
4.48595387695899	3.50665004692723	3.80039949716621	4.09504392579744
4.49279458814796	3.51158332030513	3.80664468418954	4.09983851273592
4.49963529933693	3.51219837738017	3.81271335609546	4.10873079046424
4.5064760105259	3.52086625906236	3.81702021799547	4.11308932394346
4.51331672171488	3.52821741956829	3.82397395292849	4.12131201277834
4.52015743290385	3.53136596854701	3.83310530676951	4.12679734903416
4.52699814409282	3.5373204173535	3.8341101596506	4.12780584045281
4.53383885528179	3.54354702243153	3.84384559484037	4.13947814827506
4.54067956647077	3.54835532276921	3.85012146746058	4.14978224390418
4.54752027765974	3.55725716764084	3.8535155363223	4.14987587883326
4.55436098884871	3.56172878916276	3.86114148170324	4.15769130480103
4.56120170003768	3.56729912884234	3.8663609527671	4.1654473989236
4.56804241122666	3.5763990744459	3.8727529441162	4.17351000675877
4.57488312241563	3.57318801248847	3.87503924160949	4.17929651414559
4.5817238336046	3.58779949770456	3.88135136060203	4.18294164202329
4.58856454479358	3.58688869406771	3.88867140568865	4.18936308813274
4.59540525598255	3.59628044035285	3.89643194489745	4.19539606688688
4.60224596717152	3.59991670486512	3.90295385859509	4.20261002209348
4.60908667836049	3.61023172898821	3.90630977063432	4.20464298640972
4.61592738954947	3.61600425928308	3.9139982343927	4.21900605261013
4.62276810073844	3.61769463256994	3.92257910752224	4.22022997054663
4.62960881192741	3.62256540221314	3.92738444216954	4.22602266003323
4.63644952311638	3.63352463319723	3.93506233755788	4.23412136292932
4.64329023430536	3.63151701226558	3.93845495847128	4.24393178416749
4.65013094549433	3.64876224593624	3.94686269474446	4.2442792311589
4.6569716566833	3.64945137064524	3.95024128778298	4.2478721268802
4.66381236787227	3.6562380337543	3.95613895026126	4.26057154708448
4.67065307906125	3.65978761052538	3.96143620871108	4.26178898664011
4.67749379025022	3.67137555879287	3.96721174129387	4.27485162950727
4.68433450143919	3.6683243942234	3.97421636086805	4.27447789538776
4.69117521262816	3.6828061511055	3.97985995988276	4.28164116040268
4.69801592381714	3.68316502099811	3.98525830998931	4.28957893479073
4.70485663500611	3.6856364071262	3.99271658108109	4.2912228865902
4.71169734619508	3.69831063344368	3.99754424248719	4.29964843013351
4.71853805738406	3.70120635315302	4.00411328215699	4.30314505243751
4.72537876857303	3.70603939032629	4.01058860233437	4.31577464852576
4.732219479762	3.70460371203077	4.01581029771274	4.3210552668329
4.73906019095097	3.71085132966395	4.02346768689109	4.32504951250094
4.74590090213995	3.72258086053713	4.02645924747835	4.33558709589606
4.75274161332892	3.72566373735154	4.03316683818543	4.33789287829622
4.75958232451789	3.73525892823197	4.0402168998939	4.34539387087151
4.76642303570686	3.74808835652561	4.04600507090287	4.346719215622
4.77326374689584	3.74310903594995	4.05258778592919	4.35636969932961
4.78010445808481	3.74929654805069	4.05689937934113	4.36109108720086
4.78694516927378	3.75875664222639	4.06601448071326	4.36632654774297
4.79378588046275	3.76420167312261	4.07003022441203	4.37473580851515
4.80062659165173	3.76537507667477	4.07715543134193	4.38173658734025
4.8074673028407	3.77660419166199	4.0794306536418	4.38933576635574
4.81430801402967	3.78441546006284	4.08956303747517	4.39299013025229
4.82114872521864	3.7924338613898	4.09524084239262	4.39771932934488
4.82798943640762	3.79006082216493	4.10028459052538	4.39899352734553
4.83483014759659	3.80336831978151	4.10870492622502	4.41177553445006
4.84167085878556	3.80994053029548	4.11143519193165	4.41871414574386
4.84851156997454	3.80975077006737	4.11838487539927	4.42197009121666
4.85535228116351	3.81614639656959	4.1232937595391	4.43318013064692
4.86219299235248	3.82046046845792	4.12817319126359	4.44187254430955
4.86903370354145	3.82569591982202	4.13850992809824	4.44259087947467
4.87587441473043	3.83409660484413	4.14051234912651	4.45069443177649
4.8827151259194	3.83780299693897	4.14801694878507	4.45450988380743
4.88955583710837	3.84904600039649	4.15333865236857	4.45856437836174
4.89639654829734	3.85241499633154	4.16210499833952	4.4654696614125
4.90323725948632	3.86407531941049	4.16796867356834	4.4730601489238
4.91007797067529	3.86922528255117	4.17234211202192	4.4823592203469
4.91691868186426	3.86472664872772	4.17809709669285	4.48436540591248
4.92375939305323	3.87226024980798	4.18245929592309	4.49111729006428
4.93060010424221	3.87566367755524	4.18674375030499	4.49855392275036
