"mitochan"	"lwrNorm"	"medNorm"	"uprNorm"
-1.90327037354145	-3.44891490827546	-2.3362300962844	-1.19781334852595
-1.89642966235248	-3.44798654487032	-2.32944578779378	-1.19762086478379
-1.8895889511635	-3.43859544232738	-2.32107380720283	-1.18688734359287
-1.88274823997453	-3.43406384727447	-2.31431857163355	-1.18249337488828
-1.87590752878556	-3.4145168077486	-2.30272848307639	-1.17474329725923
-1.86906681759659	-3.40707045977596	-2.29990340899165	-1.16389363717784
-1.86222610640761	-3.39579022054855	-2.29116149975981	-1.17373381617923
-1.85538539521864	-3.38840935508855	-2.28187061755608	-1.16117153906005
-1.84854468402967	-3.37628691484325	-2.27587934491522	-1.15484411444112
-1.8417039728407	-3.36681508945482	-2.26486491430943	-1.1552469455447
-1.83486326165172	-3.35430882088677	-2.2592141663991	-1.15266049950716
-1.82802255046275	-3.33766572035133	-2.25049647344794	-1.14911459081633
-1.82118183927378	-3.33729023144694	-2.24204510297059	-1.13914018254269
-1.8143411280848	-3.32653147070077	-2.23722813592509	-1.11432601382335
-1.80750041689583	-3.30657207060264	-2.22208826892724	-1.12218740427283
-1.80065970570686	-3.30002187059573	-2.21664991924379	-1.11388060049544
-1.79381899451789	-3.28803488008864	-2.20923515486696	-1.11774909107795
-1.78697828332891	-3.27525550863806	-2.19985804312178	-1.11519686131592
-1.78013757213994	-3.26534947353168	-2.19226528177813	-1.09172959605461
-1.77329686095097	-3.25432751305349	-2.18601791380269	-1.09583248098172
-1.766456149762	-3.25090688084528	-2.17756664137611	-1.08170858204479
-1.75961543857302	-3.24203377873733	-2.17107127440951	-1.09089491300099
-1.75277472738405	-3.22103937793806	-2.15721009038927	-1.08576014213637
-1.74593401619508	-3.20739982648005	-2.15026101915615	-1.07463917270747
-1.73909330500611	-3.20096237974046	-2.13953066753846	-1.05989411197463
-1.73225259381713	-3.18042186039119	-2.1342766122759	-1.06257041582576
-1.72541188262816	-3.17301636840035	-2.12207577654026	-1.06112933598658
-1.71857117143919	-3.1587287496102	-2.11619699909231	-1.05432934528717
-1.71173046025022	-3.15440583544472	-2.10997357901253	-1.05213001400802
-1.70488974906124	-3.14382420509752	-2.10350818668413	-1.04713702076707
-1.69804903787227	-3.13088440030393	-2.09532684752994	-1.03715031448205
-1.6912083266833	-3.11865657684701	-2.08638788183424	-1.03065467444972
-1.68436761549432	-3.12233505527031	-2.07597123681181	-1.03361266673959
-1.67752690430535	-3.10349517579608	-2.06641773089235	-1.02404839979638
-1.67068619311638	-3.08816764273973	-2.05709699030442	-1.02351818140078
-1.66384548192741	-3.0794867572371	-2.05230022766915	-1.00922850120645
-1.65700477073843	-3.06663706740361	-2.04840055212008	-1.02009846281116
-1.65016405954946	-3.06327983602384	-2.04016641519324	-0.999535090220594
-1.64332334836049	-3.03480310554236	-2.02333609168404	-1.00094180960204
-1.63648263717152	-3.03127188802028	-2.01866840207624	-0.992518716863348
-1.62964192598254	-3.03087028564249	-2.01548565031416	-0.98850797546723
-1.62280121479357	-3.00430852553473	-2.00372762060531	-0.974276996691444
-1.6159605036046	-2.99779218396244	-1.99617231925603	-0.982862655849836
-1.60911979241563	-3.00058112920844	-1.98599984953057	-0.96627413161808
-1.60227908122665	-2.97521046667611	-1.97605064792354	-0.963228787463327
-1.59543837003768	-2.96979200895564	-1.97343374376252	-0.961056888281003
-1.58859765884871	-2.94672954378981	-1.96439662282909	-0.959122194208455
-1.58175694765974	-2.940255567331	-1.9565584621087	-0.948454528521027
-1.57491623647076	-2.93639017103831	-1.94724392598772	-0.946990610121837
-1.56807552528179	-2.93522581957869	-1.93961644676319	-0.941895414747833
-1.56123481409282	-2.90582762663988	-1.93032546498157	-0.935923155086336
-1.55439410290384	-2.90432271322207	-1.92381644177483	-0.923197115012224
-1.54755339171487	-2.8914878017878	-1.91242638082772	-0.926322879277164
-1.5407126805259	-2.87823430036413	-1.90766180682503	-0.920459267849521
-1.53387196933693	-2.87327910124723	-1.8987081198123	-0.910697992153874
-1.52703125814795	-2.86478581535335	-1.89224716698358	-0.917900480961298
-1.52019054695898	-2.84867074809158	-1.88265641458486	-0.903004612312362
-1.51334983577001	-2.8395539110151	-1.87456776403512	-0.900036117845035
-1.50650912458104	-2.82791198750562	-1.86508626513578	-0.8892114444096
-1.49966841339206	-2.8245944662715	-1.85826991547312	-0.883305619584812
-1.49282770220309	-2.80229625285099	-1.85250176684327	-0.882377130519806
-1.48598699101412	-2.80014921532185	-1.84077252573934	-0.878461922943988
-1.47914627982515	-2.78866428421111	-1.83409411711936	-0.871753777350622
-1.47230556863617	-2.76589861960159	-1.82889855771706	-0.860903008474997
-1.4654648574472	-2.75658794087902	-1.8164343515321	-0.858459373792086
-1.45862414625823	-2.75118935507726	-1.81078223292768	-0.85143984234812
-1.45178343506926	-2.73689725021317	-1.79731527458625	-0.846300665893554
-1.44494272388028	-2.72680492480691	-1.78847127561908	-0.834765026623473
-1.43810201269131	-2.71310164159207	-1.78240931965583	-0.838926101470844
-1.43126130150234	-2.70304360652112	-1.77764505968827	-0.834220207027254
-1.42442059031336	-2.69645998698511	-1.76385327114531	-0.826281338189139
-1.41757987912439	-2.68291040118611	-1.76019496684463	-0.823325848909213
-1.41073916793542	-2.67608294131791	-1.75054794118725	-0.807817623657876
-1.40389845674645	-2.66882443470498	-1.74132450672936	-0.803353365194054
-1.39705774555747	-2.64767910270684	-1.73762019388613	-0.802474170112792
-1.3902170343685	-2.64952474176707	-1.728439135425	-0.79942813741618
-1.38337632317953	-2.62927976887897	-1.71873009454417	-0.791829493795334
-1.37653561199056	-2.62292389899648	-1.71105197148953	-0.779847627595843
-1.36969490080158	-2.60970813356617	-1.70312864687701	-0.77441804129098
-1.36285418961261	-2.59262321730157	-1.68973316198561	-0.765336661749404
-1.35601347842364	-2.59182995387007	-1.684555768854	-0.771699638519033
-1.34917276723467	-2.57749211913231	-1.67970790945335	-0.765584349577973
-1.34233205604569	-2.57090715759569	-1.66898689901428	-0.754964737514933
-1.33549134485672	-2.56268528655653	-1.65849721251147	-0.751472889957505
-1.32865063366775	-2.55392986835886	-1.65636360662108	-0.752456188778687
-1.32180992247878	-2.53170818969633	-1.64447751595718	-0.738280537951714
-1.3149692112898	-2.52316601940067	-1.63925156445153	-0.738464027983901
-1.30812850010083	-2.51567588497868	-1.62760669440322	-0.736008265164145
-1.30128778891186	-2.50736514143074	-1.62141704230908	-0.718328320270878
-1.29444707772288	-2.49375183144951	-1.61038347232093	-0.715562087145573
-1.28760636653391	-2.48302020875754	-1.60384650385494	-0.704772407996688
-1.28076565534494	-2.47069539231811	-1.59445587889119	-0.709717128659022
-1.27392494415597	-2.46362760450142	-1.58635466077756	-0.700779597128792
-1.26708423296699	-2.45451020891867	-1.58045521095686	-0.694229744111303
-1.26024352177802	-2.44227341516756	-1.56971236356437	-0.689248559711911
-1.25340281058905	-2.43579132781996	-1.56320914153944	-0.683182672210187
-1.24656209940008	-2.42552347629876	-1.55152605342076	-0.681150517603886
-1.2397213882111	-2.4159479307165	-1.5493271540098	-0.668112609552837
-1.23288067702213	-2.39882828568429	-1.54061761168498	-0.665135057380682
-1.22603996583316	-2.39062654092035	-1.53247604383949	-0.655460128467337
-1.21919925464419	-2.37932912936222	-1.52481290202144	-0.643159748501727
-1.21235854345521	-2.37670943958022	-1.51206790367343	-0.649850664688939
-1.20551783226624	-2.36449788113044	-1.50859679927302	-0.646054101835089
-1.19867712107727	-2.34797711614068	-1.49970318891245	-0.637842718481049
-1.1918364098883	-2.33420955675694	-1.49137994572956	-0.637600864673555
-1.18499569869932	-2.31447495346477	-1.48019519767539	-0.624875725429807
-1.17815498751035	-2.31489907212627	-1.47092854518896	-0.615958694666876
-1.17131427632138	-2.30486140338599	-1.46546972883329	-0.608302683221178
-1.1644735651324	-2.29073176856678	-1.45795002153759	-0.599212263659734
-1.15763285394343	-2.28709896334352	-1.44594529906503	-0.593983592064074
-1.15079214275446	-2.27721906028178	-1.439139639568	-0.588100988136638
-1.14395143156549	-2.24990952067895	-1.43114797854605	-0.586950026896452
-1.13711072037651	-2.25678343567571	-1.42213590828176	-0.577616412446567
-1.13027000918754	-2.23801527783228	-1.41459968208327	-0.5777292003118
-1.12342929799857	-2.22660702872705	-1.40506322814024	-0.575589994851131
-1.1165885868096	-2.22491643756633	-1.40259207789319	-0.568336643524279
-1.10974787562062	-2.21576405247673	-1.38859143164673	-0.561450647379699
-1.10290716443165	-2.19343309951798	-1.38355132608754	-0.557654078451009
-1.09606645324268	-2.19341358283821	-1.37330168461724	-0.547530686220149
-1.08922574205371	-2.17839411661766	-1.36583209890866	-0.54055988807519
-1.08238503086473	-2.16372036230449	-1.35757598878683	-0.533270123175943
-1.07554431967576	-2.16011779484808	-1.35043564331634	-0.52789724349557
-1.06870360848679	-2.14978598008899	-1.34226825573237	-0.518279853675244
-1.06186289729782	-2.13736128910495	-1.33556464579878	-0.526560936672677
-1.05502218610884	-2.12396532600477	-1.32558095574854	-0.502557341177082
-1.04818147491987	-2.119593078806	-1.31903385007871	-0.511293668965997
-1.0413407637309	-2.11073196282025	-1.30948337629782	-0.50269085390408
-1.03450005254193	-2.08772830715547	-1.30532419816431	-0.493994825647676
-1.02765934135295	-2.07756256716483	-1.29151253638198	-0.489768528004073
-1.02081863016398	-2.06895252566635	-1.28345007137135	-0.49405682866504
-1.01397791897501	-2.06360397848773	-1.27625532770956	-0.472809870568831
-1.00713720778603	-2.06008641422793	-1.26795899870668	-0.466895937371503
-1.00029649659706	-2.0562458150106	-1.25950993581594	-0.464804841178978
-0.993455785408089	-2.04372717255222	-1.25303437935905	-0.454944576958449
-0.986615074219117	-2.01965509430798	-1.24401677319548	-0.454441521390034
-0.979774363030144	-2.01514974233298	-1.23584187421464	-0.437874365549531
-0.972933651841172	-1.99723924284998	-1.22571946647701	-0.435859590232924
-0.966092940652199	-1.9894781640018	-1.21848942047626	-0.434033425463795
-0.959252229463226	-1.98894062979392	-1.20996849760902	-0.430653724250753
-0.952411518274254	-1.97311418268686	-1.20468647798369	-0.42148765400946
-0.945570807085281	-1.96587090391072	-1.19634230844139	-0.415306973630119
-0.938730095896308	-1.95380423369619	-1.18756736645577	-0.410459282001164
-0.931889384707336	-1.942971696591	-1.17841655731157	-0.406926767479097
-0.925048673518363	-1.93224469376754	-1.16886145678095	-0.397882894502376
-0.918207962329391	-1.9219473548487	-1.16285153049246	-0.390008235203374
-0.911367251140418	-1.9127401462821	-1.15156327696124	-0.387614393103785
-0.904526539951445	-1.89716846000998	-1.14583002354218	-0.385288303104585
-0.897685828762473	-1.90148162033029	-1.14071230415034	-0.367233141576077
-0.8908451175735	-1.87387244607728	-1.12926073964843	-0.36583682710612
-0.884004406384527	-1.87014562947145	-1.1180582018473	-0.366842588838401
-0.877163695195555	-1.85481222946197	-1.115391476888	-0.362715463500154
-0.870322984006582	-1.854947950975	-1.10597807793957	-0.348172612317393
-0.863482272817609	-1.83867123559615	-1.09722792707307	-0.348686100468506
-0.856641561628637	-1.83095950777273	-1.08790566120196	-0.335851050684136
-0.849800850439664	-1.81884172755679	-1.08118530390806	-0.32436555795091
-0.842960139250692	-1.80522734257833	-1.0751719619174	-0.328712212707474
-0.836119428061719	-1.79991629546455	-1.06694525414535	-0.32871765824149
-0.829278716872746	-1.79170753685522	-1.05449345509001	-0.313322473951232
-0.822438005683774	-1.77310024796139	-1.0495713054408	-0.307186060274313
-0.815597294494801	-1.76911798224157	-1.03962582463302	-0.294743225612018
-0.808756583305829	-1.76295670948147	-1.03072807324188	-0.284856187869257
-0.801915872116856	-1.75429291832389	-1.02149031140299	-0.280661304270809
-0.795075160927883	-1.73674773807205	-1.01371680877886	-0.272836844302726
-0.788234449738911	-1.72822926712715	-1.00654962800176	-0.266794725222564
-0.781393738549938	-1.71421910553039	-0.999465336114604	-0.270875718431777
-0.774553027360965	-1.70513009300353	-0.991620686037221	-0.264471563461298
-0.767712316171993	-1.7070843847197	-0.982720845840462	-0.250447580990135
-0.76087160498302	-1.68507058032179	-0.975335220841923	-0.244564096103988
-0.754030893794047	-1.67496828976776	-0.96579457894358	-0.240849028107754
-0.747190182605075	-1.66951091608237	-0.959408040175931	-0.237859162713997
-0.740349471416102	-1.66255932149059	-0.952591658392611	-0.225699632647815
-0.73350876022713	-1.64670009327898	-0.942078119932601	-0.225477421489178
-0.726668049038157	-1.64111081320403	-0.931797437159448	-0.217510003857587
-0.719827337849184	-1.62683975609089	-0.924085817643617	-0.206763953215902
-0.712986626660212	-1.61237555435298	-0.919164770250726	-0.212455363638616
-0.706145915471239	-1.60949587105949	-0.907595510861587	-0.187938154025163
-0.699305204282267	-1.59828083473887	-0.900596100210025	-0.189753949622425
-0.692464493093294	-1.58781810834211	-0.89353983978762	-0.183728590920676
-0.685623781904321	-1.57572680290457	-0.885082848441325	-0.182305099264186
-0.678783070715349	-1.56948556539409	-0.876111871650459	-0.167326445814411
-0.671942359526376	-1.56293957805795	-0.864508096497566	-0.165668403851811
-0.665101648337403	-1.55542376998268	-0.861205013536537	-0.1474916964098
-0.658260937148431	-1.53669221911474	-0.85183544025222	-0.156699712815601
-0.651420225959458	-1.52878550180548	-0.843069907649639	-0.145145336617489
-0.644579514770485	-1.52080483406468	-0.834102094358143	-0.139866162095471
-0.637738803581513	-1.51131704857713	-0.827799623470112	-0.12605377312972
-0.63089809239254	-1.49844923572819	-0.821858685943324	-0.122620409591398
-0.624057381203567	-1.49174398769356	-0.810931404714406	-0.119110799903082
-0.617216670014595	-1.47826674672925	-0.803557588755445	-0.115193426978853
-0.610375958825622	-1.46791187240521	-0.795048314083979	-0.106030444924093
-0.60353524763665	-1.46092154387325	-0.785508849242079	-0.0920717723330253
-0.596694536447677	-1.44820571931708	-0.778597531616126	-0.0938878257533871
-0.589853825258704	-1.43741336231355	-0.766607648742648	-0.0910547070120709
-0.583013114069732	-1.43665060395274	-0.762563662197755	-0.0842746749315519
-0.576172402880759	-1.43000554444338	-0.756138108141572	-0.0739968124778905
-0.569331691691787	-1.40757698163607	-0.745423901335809	-0.0737834445939746
-0.562490980502814	-1.402622275496	-0.736290161205876	-0.0647674691723526
-0.555650269313841	-1.39252640908231	-0.728228065967072	-0.0520528716254063
-0.548809558124869	-1.38414873144193	-0.720463329480493	-0.0364989447327976
-0.541968846935896	-1.38012605712802	-0.712860950295173	-0.0384448005013127
-0.535128135746923	-1.37074886390465	-0.703670243763373	-0.0369154984668846
-0.528287424557951	-1.35144923993535	-0.694103299988364	-0.0192103096554814
-0.521446713368978	-1.34773254490433	-0.687907167312529	-0.0189852596617128
-0.514606002180005	-1.34178031921748	-0.680259897012251	-0.0123685811584739
-0.507765290991033	-1.33108591470033	-0.673437907410221	0.00201899028045911
-0.50092457980206	-1.31604769333032	-0.662487319329479	0.00509014437302189
-0.494083868613088	-1.30673202452414	-0.658702606212474	0.00749599020907679
-0.487243157424115	-1.29916648224354	-0.645333475800485	0.016319987156922
-0.480402446235142	-1.29394771972028	-0.634590808993674	0.0274153653484702
-0.47356173504617	-1.28835214276874	-0.630720840320309	0.0246367024492463
-0.466721023857197	-1.27137180571002	-0.623390884431445	0.0259830673444435
-0.459880312668224	-1.25706818183783	-0.61152830051934	0.0473575495502567
-0.453039601479252	-1.2480265197474	-0.604642230283143	0.0585350463863669
-0.446198890290279	-1.23879434396909	-0.597659820136134	0.0568559949515552
-0.439358179101307	-1.24463962369628	-0.587773702920918	0.0580446642957621
-0.432517467912334	-1.22194161069127	-0.582686580874724	0.0682412387629197
-0.425676756723361	-1.21086061026783	-0.570127030683954	0.0823517775569666
-0.418836045534389	-1.20344236934322	-0.562895208771375	0.0828600946976667
-0.411995334345416	-1.19459869883763	-0.55625905352699	0.0979934839780212
-0.405154623156443	-1.18233691257043	-0.547561307923208	0.105330081976956
-0.398313911967471	-1.17660015246448	-0.540348512966366	0.104606474334182
-0.391473200778498	-1.16603612163957	-0.530913227217438	0.116893388223639
-0.384632489589525	-1.1583061516994	-0.524621449396316	0.125760850916438
-0.377791778400553	-1.14914484328961	-0.514119918460152	0.127352180833816
-0.37095106721158	-1.1425310244054	-0.507703099694813	0.145788634135143
-0.364110356022608	-1.1385444639575	-0.499518792716793	0.140809776667507
-0.357269644833635	-1.12330086186324	-0.493249387795507	0.154433561467291
-0.350428933644662	-1.11488890283987	-0.48277182055412	0.159538031381357
-0.34358822245569	-1.1026827870923	-0.47427133511083	0.172425332948556
-0.336747511266717	-1.10257479179597	-0.465074556509283	0.16578894225222
-0.329906800077745	-1.08610104879664	-0.45812441907717	0.182366278956006
-0.323066088888772	-1.0820913877712	-0.449330622325791	0.189681271399851
-0.316225377699799	-1.07733417585647	-0.442832422985002	0.195788361391879
-0.309384666510827	-1.05670797224206	-0.436504708149784	0.207522237748257
-0.302543955321854	-1.05794092562825	-0.427005788448909	0.204205549850358
-0.295703244132881	-1.04523714682365	-0.418371484848241	0.213215567947711
-0.288862532943909	-1.0335180884515	-0.408657290830925	0.226287166320475
-0.282021821754936	-1.02811896877694	-0.400930070425416	0.232290094858546
-0.275181110565964	-1.01451363373661	-0.391560339394266	0.23299675391432
-0.268340399376991	-1.01074796328354	-0.386921621569648	0.233240718772515
-0.261499688188018	-0.997989009345951	-0.374727767973203	0.252802265388841
-0.254658976999046	-0.988516281633687	-0.368883526809258	0.26436752827628
-0.247818265810073	-0.97548288185984	-0.358142847905998	0.260415264499671
-0.2409775546211	-0.969091378787044	-0.353811651401585	0.288011717450111
-0.234136843432128	-0.960003803927487	-0.342490396253714	0.282863305587428
-0.227296132243155	-0.949189186137576	-0.333887355669423	0.296064447460279
-0.220455421054182	-0.946385935631074	-0.3262595532945	0.30382223350565
-0.21361470986521	-0.928321435592147	-0.31817403641856	0.310252839622468
-0.206773998676237	-0.929244158083759	-0.313669660123338	0.312922306238505
-0.199933287487265	-0.915086883910642	-0.300970816888995	0.319376937435757
-0.193092576298292	-0.912110113398149	-0.294339364465146	0.330092191061095
-0.186251865109319	-0.898575541914886	-0.286201279231086	0.331931708703735
-0.179411153920347	-0.894915584934349	-0.282637581058011	0.334871104586592
-0.172570442731374	-0.879745418789107	-0.270081346525651	0.352357407932672
-0.165729731542402	-0.871731362889638	-0.263047521813862	0.364436604542881
-0.158889020353429	-0.858983050555352	-0.253054201333328	0.369277193021385
-0.152048309164456	-0.855901917853734	-0.24401687112507	0.371817910439894
-0.145207597975484	-0.856312237428451	-0.234656311057336	0.378075470699433
-0.138366886786511	-0.839828222036379	-0.232329118807146	0.388545759238167
-0.131526175597538	-0.82964510814644	-0.220883954368995	0.396960572263844
-0.124685464408566	-0.821255176283779	-0.210354563450815	0.394189496344561
-0.117844753219593	-0.818008674446061	-0.202968329412742	0.410733239194001
-0.11100404203062	-0.802597410336342	-0.196044901398214	0.419457622201764
-0.104163330841648	-0.795923267004495	-0.185111497713632	0.431525683073322
-0.0973226196526753	-0.790514479213998	-0.18035133517109	0.441328401180288
-0.0904819084637025	-0.782826637908635	-0.17223550316043	0.443622871517739
-0.08364119727473	-0.770927448965145	-0.166510771935124	0.461185060055311
-0.0768004860857574	-0.7650314052266	-0.155160397122744	0.459671366200511
-0.0699597748967846	-0.747188427980093	-0.147701377264834	0.466703982351962
-0.0631190637078121	-0.749233714921054	-0.137277939505688	0.47414910745846
-0.0562783525188395	-0.740730350000553	-0.133128486451252	0.480835443648822
-0.0494376413298667	-0.730316676443794	-0.124444691383084	0.501814160489397
-0.0425969301408942	-0.722503483498388	-0.117198759192578	0.502980798307206
-0.0357562189519216	-0.704512869547706	-0.104773237701284	0.499449975507968
-0.0289155077629488	-0.714918673703939	-0.0957345863620414	0.512389091073025
-0.0220747965739763	-0.695299126581756	-0.0887877133498857	0.531911458780866
-0.0152340853850037	-0.686771857471255	-0.0799053495355784	0.529402794917996
-0.00839337419603114	-0.683437924841574	-0.0726388211056991	0.53791200983435
-0.00155266300705836	-0.667241403726765	-0.0671453311864629	0.545022499099473
0.0052880481819142	-0.666105375994741	-0.0577468891118472	0.55757464491904
0.0121287593708868	-0.657467183651196	-0.0484563563220816	0.561621709194101
0.0189694705598595	-0.651778409491451	-0.0406758969182661	0.573525020436796
0.0258101817488321	-0.631677920275012	-0.0304398489368167	0.582642556820299
0.0326508929378047	-0.637631935030314	-0.0236278658594368	0.590982942827686
0.0394916041267774	-0.622981707612127	-0.0182839575885711	0.592690261795703
0.04633231531575	-0.61892203328342	-0.00671475984335415	0.608265813141452
0.0531730265047226	-0.611271017895954	0.000661356240389149	0.613700763821463
0.0600137376936953	-0.601684393763085	0.00941846718803529	0.625433976189367
0.0668544488826679	-0.597264836531376	0.0138447295187113	0.625216494686897
0.0736951600716405	-0.581668507261698	0.024144550852958	0.633496549590487
0.080535871260613	-0.573860957661896	0.0344550052630941	0.648093897838105
0.0873765824495858	-0.562655457849022	0.0416249293560819	0.654257946024283
0.0942172936385584	-0.562267219478889	0.0472972438030957	0.662355396127754
0.101058004827531	-0.555722683159158	0.0571708541110557	0.673248695574596
0.107898716016503	-0.542153100634529	0.0678700024725294	0.680884001648286
0.114739427205476	-0.529341961716942	0.0757530021710609	0.685852685332723
0.121580138394449	-0.527681656809237	0.0829512111672217	0.6904708391613
0.128420849583422	-0.519211412462306	0.0910294447224627	0.703483097682956
0.135261560772394	-0.51126462362139	0.100625137054798	0.710057251379263
0.142102271961367	-0.504766272760084	0.107178185667428	0.719476595224649
0.148942983150339	-0.492374263700826	0.115847836798269	0.73052339834884
0.155783694339312	-0.493648365540102	0.123767533077506	0.752693830551632
0.162624405528285	-0.480588006385294	0.129392836206822	0.747522438435066
0.169465116717257	-0.465535063020405	0.142577110745629	0.760679993278222
0.17630582790623	-0.473013274681423	0.149872724603387	0.761043008032698
0.183146539095203	-0.463150699886021	0.159501653765932	0.771129418246766
0.189987250284175	-0.451863547619258	0.16400542953601	0.777798837994808
0.196827961473148	-0.44281055278935	0.172333439092877	0.789117570122132
0.203668672662121	-0.437631713806694	0.177495974861095	0.810105768696535
0.210509383851093	-0.426061857088837	0.189311430915863	0.809932163945035
0.217350095040066	-0.418656598455473	0.197185479146433	0.816752475709889
0.224190806229038	-0.413397192784656	0.207809070815401	0.827075440739917
0.231031517418011	-0.406432106553905	0.213275996071823	0.830536461029654
0.237872228606983	-0.391431825081499	0.220236229061587	0.845011640425786
0.244712939795956	-0.394306970805096	0.231716267822027	0.848069749963459
0.251553650984929	-0.376630179594449	0.237751914556747	0.857056228514294
0.258394362173902	-0.376005148796713	0.245421442299455	0.865464413274226
0.265235073362874	-0.375905580250544	0.255313705852792	0.870886452161004
0.272075784551847	-0.362742316967153	0.264075616846398	0.884024449793129
0.278916495740819	-0.349361295720743	0.270087775912126	0.89569750648983
0.285757206929792	-0.345675934354485	0.282713524485765	0.896276463816609
0.292597918118765	-0.339802369400431	0.286941087560012	0.909823537338269
0.299438629307737	-0.327053686824064	0.295067152287008	0.924373322534921
0.30627934049671	-0.330655106585385	0.305016510955829	0.930069387094755
0.313120051685682	-0.31600802623169	0.310641027444053	0.935128988120011
0.319960762874655	-0.30832787402726	0.320641803440725	0.938602378759399
0.326801474063628	-0.299529926801277	0.328384038390451	0.953358391340805
0.3336421852526	-0.298024956983085	0.33799349339052	0.960695188295949
0.340482896441573	-0.281834466284497	0.345185076866467	0.968677794017082
0.347323607630546	-0.282574468347022	0.352450789754254	0.985072562119044
0.354164318819518	-0.266955469961234	0.360159826236713	1.00042830371604
0.361005030008491	-0.264756809768918	0.368988676378375	1.00341053550564
0.367845741197463	-0.25408114531779	0.378861975871904	1.00488601545281
0.374686452386436	-0.248685894482729	0.385334602077882	1.02399223147542
0.381527163575409	-0.245110258790581	0.392121304411992	1.02683168815093
0.388367874764382	-0.235976072336554	0.401741588525374	1.04169113318395
0.395208585953354	-0.224710500140762	0.41016995918065	1.04010054967402
0.402049297142327	-0.22585500998904	0.418433799398796	1.05548766384286
0.408890008331299	-0.215351810669835	0.426943587712881	1.06194251919778
0.415730719520272	-0.206325282450367	0.43292735815658	1.07702972129152
0.422571430709244	-0.207085556513468	0.44101678425416	1.08333013942429
0.429412141898217	-0.191881050837179	0.451731954816348	1.09471523762129
0.43625285308719	-0.191676118438139	0.46014636809384	1.09749453067543
0.443093564276162	-0.186233618995276	0.464785316218977	1.10753300960764
0.449934275465135	-0.169595622485077	0.474312093980158	1.12239784507665
0.456774986654108	-0.168934154912405	0.485568523822635	1.13552998105516
0.46361569784308	-0.159767042107965	0.493858558476906	1.13567648031085
0.470456409032053	-0.149641520710737	0.497914237001257	1.14494481137895
0.477297120221026	-0.141083647640382	0.510691033137588	1.15691377090757
0.484137831409998	-0.139805705732765	0.515958561141504	1.17040821898457
0.490978542598971	-0.129384495149342	0.525077053252618	1.1755134104244
0.497819253787943	-0.131776327399205	0.532547059351731	1.19285384750824
0.504659964976916	-0.115320874227241	0.543938592582059	1.19483593448672
0.511500676165888	-0.100743678028127	0.546704966093587	1.20921156939794
0.518341387354861	-0.0978360220416228	0.555674063877878	1.21453890697941
0.525182098543834	-0.0929989586651043	0.564614218816442	1.22647512383304
0.532022809732807	-0.0902687293555414	0.574837742049467	1.24058453713134
0.538863520921779	-0.0755078051150715	0.579321485813802	1.2396028293133
0.545704232110752	-0.0808656066524569	0.58984964912453	1.25734194201947
0.552544943299724	-0.0634887229397216	0.5967942907691	1.26723664688264
0.559385654488697	-0.0630050958216518	0.606483853651131	1.26567400693427
0.56622636567767	-0.0548059859535744	0.614259043781086	1.28327618692615
0.573067076866642	-0.0489768777567046	0.621061330596395	1.29364321851707
0.579907788055615	-0.0480365567069263	0.628690103071002	1.29869600846395
0.586748499244587	-0.0348744143737123	0.639366301885124	1.31203940338012
0.59358921043356	-0.0414794821618423	0.646742526078635	1.3159792862605
0.600429921622533	-0.0149473571884425	0.655701204838219	1.33093053298397
0.607270632811506	-0.00993329485517574	0.66457911595142	1.34441194867937
0.614111344000478	-0.000385094701011732	0.673905530798802	1.35001007763904
0.620952055189451	0.00126741669271544	0.678301125193333	1.36289283764401
0.627792766378423	0.0104913443112323	0.68845253613876	1.3682223053199
0.634633477567396	0.00771776905004088	0.695983445166141	1.37838460781211
0.641474188756368	0.0179603891106779	0.707729168067853	1.38861569239259
0.648314899945341	0.0314860163361132	0.710856090197338	1.39637458432546
0.655155611134314	0.0259951573240836	0.719607501243134	1.40659358035495
0.661996322323287	0.0413259235159273	0.730509621610429	1.41847872837634
0.668837033512259	0.0448959705167612	0.737811073206522	1.42981463215799
0.675677744701232	0.0499371725523202	0.745292672626037	1.43578731860848
0.682518455890204	0.062071501665251	0.752887690542283	1.44105829823447
0.689359167079177	0.0638632449554746	0.766104824892014	1.46518545370625
0.69619987826815	0.0668067691483813	0.768982224148006	1.46851736923736
0.703040589457122	0.0728655210852855	0.778185580226498	1.47124049838433
0.709881300646095	0.0875723717340954	0.78811263811794	1.48744525641946
0.716722011835067	0.0890654397996676	0.79458316484024	1.5009129991328
0.72356272302404	0.0944411028516699	0.803997886899583	1.5094681597595
0.730403434213013	0.106927479475505	0.810546909676167	1.51589028102422
0.737244145401986	0.106763892572069	0.81597692696227	1.52697390649892
0.744084856590958	0.117528466127364	0.825779965628401	1.53519111246609
0.750925567779931	0.127396753832172	0.8331602484783	1.54535907545567
0.757766278968903	0.130001724964237	0.842047748806708	1.55175730028406
0.764606990157876	0.134063589516505	0.853294621395388	1.56681599381739
0.771447701346848	0.14453925982849	0.858561418818164	1.57685324571372
0.778288412535821	0.149987433080098	0.87138873506175	1.58163942521455
0.785129123724794	0.157054520859192	0.876083613657366	1.59988329552516
0.791969834913766	0.155536384579708	0.886681849338689	1.61043210161822
0.798810546102739	0.165047216682916	0.892390805013891	1.61986344301209
0.805651257291712	0.177502416360551	0.897294526828308	1.62616760209737
0.812491968480684	0.181626667074556	0.911828114125868	1.63571291491227
0.819332679669657	0.181679757909616	0.916108404604323	1.64673503976649
0.82617339085863	0.191532175007673	0.925423054267641	1.65422534682992
0.833014102047602	0.203813501015056	0.93263602458836	1.6763211259562
0.839854813236575	0.208997873398735	0.942713075509951	1.67752711249479
0.846695524425547	0.211810433676839	0.947691431613374	1.68302482536334
0.85353623561452	0.215246819976394	0.957039414737769	1.6990847504088
0.860376946803493	0.225178714052829	0.967698478473406	1.70374163395174
0.867217657992465	0.232965183826146	0.972427047511642	1.71977192904718
0.874058369181438	0.236995027222479	0.985339239148137	1.73478100613179
0.880899080370411	0.232850976186085	0.991026143609779	1.73578896457133
0.887739791559383	0.251426593225236	0.998068925348189	1.74358452877908
0.894580502748356	0.257429019830287	1.00818554397341	1.75187380177156
0.901421213937328	0.257277236672281	1.01406855946722	1.76668186256199
0.908261925126301	0.263899819277719	1.02580138731554	1.77161638343785
0.915102636315274	0.269619354330145	1.03408502313922	1.78244357727225
0.921943347504246	0.282735427299015	1.0393167133061	1.7995855835086
0.928784058693219	0.274980204912169	1.04809258424359	1.80388730405933
0.935624769882192	0.29184543942793	1.06026950623879	1.81242268538616
0.942465481071164	0.297622677396222	1.06268849296787	1.82958475234416
0.949306192260137	0.298981285356857	1.07059046958704	1.83698123190572
0.956146903449109	0.311775061951327	1.08151305236868	1.84793330150685
0.962987614638082	0.319443888723482	1.08809273988723	1.85552957664375
0.969828325827055	0.32171654337201	1.09858979577719	1.86713012248825
0.976669037016027	0.327015420401745	1.10845480450899	1.88630838451125
0.983509748205	0.335978587859911	1.11426868356192	1.88999218807494
0.990350459393972	0.341537969754949	1.12194667063497	1.90336782734835
0.997191170582945	0.350997938618214	1.12991619201994	1.90728260210904
1.00403188177192	0.344866076099901	1.13917485032182	1.9229423744422
1.01087259296089	0.354331158160754	1.14706174741213	1.93653973194761
1.01771330414986	0.356009674501817	1.15718909737115	1.93870856669149
1.02455401533884	0.373373321843275	1.16192670957041	1.94374758764894
1.03139472652781	0.375481092031296	1.17231024493824	1.96353777631037
1.03823543771678	0.368956628735378	1.17888065332974	1.97152573444346
1.04507614890575	0.388503932638858	1.18812080103178	1.99052213641766
1.05191686009473	0.402160681453358	1.19633160490604	1.98939371767087
1.0587575712837	0.40762596564637	1.20903766509108	1.998774755987
1.06559828247267	0.408241154434816	1.21253510146115	2.01873185973919
1.07243899366164	0.411716049677581	1.22068892713272	2.02044940547272
1.07927970485062	0.414257324679499	1.22930887473643	2.03571229234482
1.08612041603959	0.416949424654281	1.24037888791637	2.04480476512162
1.09296112722856	0.431012692857689	1.24431781796331	2.05769221683638
1.09980183841753	0.429557440245483	1.25034711719272	2.06373551026181
1.10664254960651	0.453132332799796	1.26469594963238	2.08887757410442
1.11348326079548	0.452198799353095	1.26884251180469	2.0932582606355
1.12032397198445	0.457515723988331	1.27876802461801	2.105946783606
1.12716468317342	0.45714792176821	1.28391079379882	2.11466540319661
1.1340053943624	0.462109604645187	1.29255348402733	2.12093093295295
1.14084610555137	0.474810958540515	1.29988783045307	2.13477401881629
1.14768681674034	0.484511280100624	1.30954265917341	2.12840193726636
1.15452752792932	0.480390202864224	1.31431314079959	2.15432331387802
1.16136823911829	0.489072314309578	1.32361126470205	2.16706867439491
1.16820895030726	0.490712640759755	1.33157291701619	2.17299913572914
1.17504966149623	0.500029235271708	1.34316832187093	2.1777699648582
1.18189037268521	0.501927882134473	1.35280716003564	2.1911030399949
1.18873108387418	0.520006037718332	1.35898482300825	2.20171716746473
1.19557179506315	0.517363821122897	1.36773414651918	2.21404084084334
1.20241250625212	0.52461367558003	1.3751319010959	2.22192679410592
1.2092532174411	0.532649593277999	1.38377818163832	2.24679659486606
1.21609392863007	0.532996454574109	1.39020839231858	2.24548379615884
1.22293463981904	0.54080228375189	1.40418142356354	2.25905917741262
1.22977535100801	0.545356984068938	1.40892640654568	2.26821602479255
1.23661606219699	0.553427734475024	1.4182343836027	2.27873400216793
1.24345677338596	0.554324595881875	1.42304196603278	2.28554284292718
1.25029748457493	0.568826307510982	1.43429804829527	2.29890792377295
1.2571381957639	0.566569954733029	1.43858541196543	2.3093498861253
1.26397890695288	0.571792041553308	1.44813794292898	2.3197092531136
1.27081961814185	0.577295945731942	1.45690277630159	2.32688068905953
1.27766032933082	0.571646677329762	1.46565688860767	2.34151839562033
1.2845010405198	0.602746722980869	1.47226087022718	2.36041761454156
1.29134175170877	0.598084168049073	1.48371245591028	2.36605495239325
1.29818246289774	0.609821056832344	1.49072285145308	2.37448378131937
1.30502317408671	0.604259584955921	1.49839303326286	2.387822403724
1.31186388527569	0.6177262142754	1.50456174456981	2.38889484377549
1.31870459646466	0.628500606493301	1.51224332551723	2.39275174970928
1.32554530765363	0.627164602255284	1.52291624682867	2.41128154910527
1.3323860188426	0.63480711026467	1.53035179724091	2.41831725368838
1.33922673003158	0.63860621441404	1.53802589672484	2.43755480568632
1.34606744122055	0.648444109025184	1.54695060806923	2.44549495824931
1.35290815240952	0.65642514173137	1.55751940126216	2.45226026903884
1.35974886359849	0.661393984151607	1.56335374355962	2.47949132414067
1.36658957478747	0.672017958736616	1.57418132205857	2.4867454114951
1.37343028597644	0.672300350093833	1.57897157091118	2.47839649986551
1.38027099716541	0.668880523569464	1.59345499596519	2.50309309840862
1.38711170835438	0.675310206499651	1.59791444629184	2.52150797241055
1.39395241954336	0.687240912703163	1.6075655469791	2.52415953993674
1.40079313073233	0.68870655655472	1.61012354459898	2.53344591566798
1.4076338419213	0.692643040624008	1.61541477994617	2.55326654837319
1.41447455311028	0.70098845240212	1.62761082075017	2.54719122777199
1.42131526429925	0.70173174671786	1.63764771027999	2.57007448493224
1.42815597548822	0.716621862219957	1.64497119793103	2.57227860731823
1.43499668667719	0.729007119923199	1.65301399132128	2.58815948739409
1.44183739786617	0.724031527014197	1.66177043876976	2.60284759767861
1.44867810905514	0.730019601953247	1.66839960033917	2.60789111630959
1.45551882024411	0.739452817218267	1.67987511111337	2.62964200375431
1.46235953143308	0.747481215899613	1.68671939328901	2.63796488966711
1.46920024262206	0.748674669565743	1.69267939961695	2.64785169473728
1.47604095381103	0.749566714676871	1.70128670697685	2.66177978676803
1.482881665	0.752112613491786	1.70890217427559	2.65882446866195
1.48972237618897	0.759840490011829	1.71962494823051	2.66949810396854
1.49656308737795	0.775632558132062	1.7298382468061	2.68394987904235
1.50340379856692	0.775087090404335	1.73336368528016	2.69505555945017
1.51024450975589	0.791674502659351	1.7419611459873	2.6992406654069
1.51708522094486	0.799033193069686	1.75088582078331	2.71621474746875
1.52392593213384	0.795614798843523	1.76027963000818	2.72609600300411
1.53076664332281	0.799479852425352	1.765007721952	2.73125131119228
1.53760735451178	0.804210834985216	1.77347038499046	2.75657412409944
1.54444806570076	0.806921689101716	1.77984385368733	2.76046753934477
1.55128877688973	0.814213170618921	1.79158737442208	2.78011649850739
1.5581294880787	0.823608379853357	1.80368129200599	2.78092786199392
1.56497019926767	0.824425707381973	1.81156890627494	2.79596319282265
1.57181091045665	0.83627179860056	1.81702977097269	2.80072270140288
1.57865162164562	0.828448864986732	1.82402881319199	2.82151917843296
1.58549233283459	0.842365725059219	1.83498228749073	2.81833112339169
1.59233304402356	0.849771448508417	1.83896551816905	2.84628945733435
1.59917375521254	0.84967232156727	1.85206928899489	2.85840318263531
1.60601446640151	0.864854721514302	1.85526640246423	2.86458817376957
1.61285517759048	0.857838556387127	1.86849166705957	2.85855029791312
1.61969588877945	0.877504099030359	1.8707832123849	2.88001000474726
1.62653659996843	0.874346072071348	1.87718277371327	2.90372188505744
1.6333773111574	0.881936709902496	1.88965773204677	2.91798398089222
1.64021802234637	0.88561393257634	1.89789002040731	2.90487231564885
1.64705873353534	0.894502038388593	1.90720116382261	2.92978612177615
1.65389944472432	0.902284322684262	1.91567549438482	2.93668689608374
1.66074015591329	0.902203041316317	1.9221273234709	2.94565739204961
1.66758086710226	0.909013354904009	1.93263988858629	2.96205062178222
1.67442157829124	0.927205845080847	1.94110951922261	2.97260130065334
1.68126228948021	0.914757012618893	1.94752045782093	2.97373490304553
1.68810300066918	0.938120723710214	1.95539676036645	2.99658309607578
1.69494371185815	0.929516585936118	1.96147704248806	3.01064464551063
1.70178442304713	0.935462007949934	1.97155473031463	3.00432345244879
1.7086251342361	0.946277305600751	1.98052546188165	3.02436420316266
1.71546584542507	0.954659255058558	1.98919607503705	3.0265558774783
1.72230655661404	0.954472931820804	1.9965128198552	3.04730045420409
1.72914726780302	0.958524028757036	2.00498370106419	3.06298299069607
1.73598797899199	0.962733647789608	2.01684228337368	3.07106316058067
1.74282869018096	0.973487235786158	2.02310132935648	3.08164685075527
1.74966940136993	0.975783029394789	2.03223184561137	3.08584819815453
1.75651011255891	0.983033127048571	2.04228219465216	3.10010754742672
1.76335082374788	0.977238675423445	2.04959708667409	3.12110483730038
1.77019153493685	0.987809397244073	2.05320132031379	3.12699951424533
1.77703224612582	0.990482160596448	2.06683503930893	3.13006593362866
1.7838729573148	1.00620184304544	2.07168060969363	3.15648365913533
1.79071366850377	1.00814876525252	2.07635137098721	3.15338696260916
1.79755437969274	1.01619701686229	2.08860799837948	3.17201780112128
1.80439509088172	1.01524582816706	2.09648422868999	3.17154029180316
1.81123580207069	1.02001573180061	2.1040345983684	3.19948149837837
1.81807651325966	1.03152787939084	2.11368325449343	3.20011076141345
1.82491722444863	1.03852523045109	2.12017492472433	3.21739643630687
1.83175793563761	1.03670530475058	2.12872579704861	3.2255403495601
1.83859864682658	1.04296532135478	2.13700223469798	3.23924564397534
1.84543935801555	1.04227403393612	2.14206226929255	3.22927092988945
1.85228006920452	1.06367395617292	2.15284503040361	3.25728358513884
1.8591207803935	1.0571398096256	2.15834280645034	3.26715742910429
1.86596149158247	1.07204735918624	2.16822526744704	3.27459961178774
1.87280220277144	1.07216293719116	2.17447897016795	3.29637084515375
1.87964291396041	1.08179022188703	2.18284039081565	3.30552828328716
1.88648362514939	1.08471242926797	2.19242490829316	3.31517430397758
1.89332433633836	1.08875028032812	2.20126253790101	3.31472833957594
1.90016504752733	1.09380557777947	2.20804786717058	3.33049511461624
1.9070057587163	1.09601152941266	2.21552332107004	3.35926975243077
1.91384646990528	1.10642400838665	2.22801774124765	3.35160174183494
1.92068718109425	1.11428823481113	2.23243177257623	3.35899485496031
1.92752789228322	1.11803703874839	2.24208586745403	3.3753914875265
1.9343686034722	1.12218395818882	2.25071492968417	3.38689319177269
1.94120931466117	1.12415601323903	2.26095588172463	3.39226381861026
1.94805002585014	1.13753293473107	2.26779969652014	3.41245111925403
1.95489073703911	1.13628405160269	2.2739712622919	3.43094362115271
1.96173144822809	1.13121687614129	2.28272869046318	3.43561622459557
1.96857215941706	1.15211651216648	2.29205341420861	3.45202615353165
1.97541287060603	1.15307000939452	2.30076807655882	3.45874687946167
1.982253581795	1.15597582304451	2.30578091638109	3.46492565610181
1.98909429298398	1.15866186628951	2.31262097420822	3.48339557296972
1.99593500417295	1.16582891348567	2.3231914015772	3.48429973495392
2.00277571536192	1.16709486760288	2.32995998003416	3.49927381930204
2.00961642655089	1.16651220979241	2.34285314923558	3.51620649006562
2.01645713773987	1.18502127903184	2.34615493419097	3.52391287278664
2.02329784892884	1.18776883431755	2.35831013580398	3.54274336185854
2.03013856011781	1.19845317579371	2.36501859693407	3.55104994909792
2.03697927130678	1.1977123615819	2.3726006392952	3.56022951597692
2.04381998249576	1.21162528416229	2.37988700939961	3.56522697198086
2.05066069368473	1.20913969539102	2.38687768468782	3.5835534190391
2.0575014048737	1.21905329679659	2.4008941532564	3.58929397831547
2.06434211606267	1.21540561138963	2.40297967894755	3.60174164380431
2.07118282725165	1.22557506749276	2.40984412211794	3.61105393597961
2.07802353844062	1.22665800932914	2.4220107876582	3.61904346348432
2.08486424962959	1.23626769164294	2.42983182935552	3.63452074660162
2.09170496081857	1.24980208448372	2.43869092213358	3.63574755405673
2.09854567200754	1.24737176897711	2.44662735425825	3.6510653488647
2.10538638319651	1.2492209365499	2.45191850049686	3.65334430400497
2.11222709438548	1.25859159187531	2.45997969049342	3.68756824587609
2.11906780557446	1.25851448078608	2.46797979134521	3.68872050575015
2.12590851676343	1.27129855912389	2.4786784591252	3.69534381813759
2.1327492279524	1.2685637214632	2.4850853247551	3.7210760883932
2.13958993914137	1.285560732182	2.4947818345404	3.7231318259145
2.14643065033035	1.28011965988015	2.50475916999148	3.73883774110524
2.15327136151932	1.29286966357822	2.51089297832676	3.74353245490073
2.16011207270829	1.29567811088287	2.51835693063641	3.7618856598913
2.16695278389726	1.30411791889485	2.52704792913465	3.77240452710704
2.17379349508624	1.30981927957951	2.53966310098223	3.78532565900768
2.18063420627521	1.31944238605289	2.54482565105535	3.79202429195745
2.18747491746418	1.31687664349356	2.55270387804782	3.79415851829482
2.19431562865316	1.31322605041557	2.55785209631316	3.81131830952438
2.20115633984213	1.32847733746127	2.57128285930402	3.82811390874145
2.2079970510311	1.32787791663725	2.57636260214582	3.83105513041038
2.21483776222007	1.33450163285886	2.58642015225813	3.84278177146177
2.22167847340905	1.33544007936524	2.59301403736433	3.85534753570849
2.22851918459802	1.33007295759632	2.60032504141003	3.86208962210416
2.23535989578699	1.34281274073913	2.61277980035296	3.8799758818216
2.24220060697596	1.34557721681832	2.61702761852778	3.88973447412793
2.24904131816494	1.37317041519918	2.62734649017475	3.9077547954163
2.25588202935391	1.36924512493548	2.63555205308352	3.90846337258075
2.26272274054288	1.37670492905776	2.63640568286685	3.92241140987353
2.26956345173185	1.38558322831808	2.64705544902887	3.92174906288526
2.27640416292083	1.38806037774904	2.65333901384067	3.9447767753568
2.2832448741098	1.38970375318863	2.66700891411163	3.95956180213976
2.29008558529877	1.38869349717414	2.67189536522515	3.96800949357044
2.29692629648774	1.40874544475748	2.68417408837728	3.97470605481284
2.30376700767672	1.39766884853297	2.69350842288175	3.99300898233074
2.31060771886569	1.40906089099798	2.70010052493787	4.00299126825039
2.31744843005466	1.42183555295269	2.70713027355361	4.00635187721017
2.32428914124364	1.41428489119374	2.71483721238584	4.02178812548242
2.33112985243261	1.42017349563416	2.72640103515498	4.02277776938738
2.33797056362158	1.43482955687487	2.73295903067867	4.04819108139167
2.34481127481055	1.43335525436967	2.7382762351517	4.05152790883957
2.35165198599953	1.45413267429933	2.74472740829276	4.07104362700573
2.3584926971885	1.44141082594491	2.75718089474555	4.08009301142034
2.36533340837747	1.46270128389323	2.76626271961384	4.08336235900742
2.37217411956644	1.46813195280605	2.77015594479486	4.09758080068982
2.37901483075542	1.46694199219068	2.78134900639731	4.11578551912557
2.38585554194439	1.46466686547883	2.78460318252482	4.12463696987084
2.39269625313336	1.47730083652487	2.79303249895865	4.14461942364963
2.39953696432233	1.48130786122356	2.80555802870309	4.15093699193426
2.40637767551131	1.48444078420056	2.81454034540092	4.15445487142539
2.41321838670028	1.4935568746971	2.81930014862144	4.17120356024125
2.42005909788925	1.49077311482826	2.8284782392936	4.18140471293232
2.42689980907822	1.49801415840962	2.83452301585338	4.18531028047933
2.4337405202672	1.50814509548938	2.84308970482707	4.19846664982657
2.44058123145617	1.5113442269405	2.85499086915666	4.21433525501481
2.44742194264514	1.51669225459812	2.85955221844341	4.22898921363872
2.45426265383412	1.52196126480573	2.86774604267894	4.23472985738819
2.46110336502309	1.52134800600562	2.87778361612692	4.24916952081881
2.46794407621206	1.52831489744474	2.88730247151325	4.26613225524536
2.47478478740103	1.53356043751358	2.88930822229974	4.26634628548688
2.48162549859001	1.54630273229145	2.90252623849711	4.27071435282748
2.48846620977898	1.55394640864298	2.90890754410778	4.28421387467314
2.49530692096795	1.54635100835881	2.92020136303755	4.30124648941524
2.50214763215692	1.54252849161662	2.9271855455012	4.30766540928383
2.5089883433459	1.55420469245988	2.93268238650991	4.33268105002252
2.51582905453487	1.56302618570476	2.94460767211568	4.33227308770308
2.52266976572384	1.56529421253851	2.94996341510803	4.35258801236655
2.52951047691281	1.57078018255414	2.95448156909663	4.357937244926
2.53635118810179	1.58622522312729	2.96971787113007	4.36189907983673
2.54319189929076	1.58952789722837	2.97979183984695	4.38991883948352
2.55003261047973	1.59910370379296	2.98542498856526	4.38309804316952
2.5568733216687	1.58614890746672	2.99582906437967	4.39404599251295
2.56371403285768	1.60038517375042	3.00159155359133	4.41294937022376
2.57055474404665	1.60649240781287	3.00777342302145	4.43657831913093
2.57739545523562	1.61175861767486	3.01895322736066	4.43091546178279
2.5842361664246	1.61337064710138	3.02472077418058	4.45193492208462
2.59107687761357	1.61261650060829	3.03870716233533	4.44937855657289
2.59791758880254	1.61961129008741	3.04193728346743	4.47919712466619
2.60475829999151	1.62921472796089	3.05067939182134	4.49264201302664
2.61159901118049	1.63593504413083	3.05593862961372	4.49121401531151
2.61843972236946	1.64095364222933	3.06401881416341	4.5023968914054
2.62528043355843	1.64235956351008	3.07231815959475	4.5137819799346
2.6321211447474	1.65927568683955	3.08227467101256	4.52880578190256
2.63896185593638	1.65886104070691	3.08958898742413	4.54139483110635
2.64580256712535	1.66730138145256	3.10006463629517	4.55853104518781
2.65264327831432	1.66107648024319	3.10535280302048	4.57675554440341
2.65948398950329	1.67782128008957	3.11416181503223	4.58215087460544
2.66632470069227	1.66752646468394	3.12509057842721	4.59005013744611
2.67316541188124	1.68736912106136	3.13417843119535	4.59799494593893
2.68000612307021	1.69366758819792	3.13520408764579	4.60757797546006
2.68684683425918	1.70114252251945	3.14538420943164	4.62413197087906
2.69368754544816	1.68975598701774	3.15637136630369	4.61613201496818
2.70052825663713	1.70239992628696	3.16296822542971	4.63459315061407
2.7073689678261	1.71073685416729	3.17031858190721	4.66064636717106
2.71420967901508	1.71507205000892	3.17990318570228	4.66014143523799
2.72105039020405	1.72592534086768	3.18702859434749	4.66834986700092
2.72789110139302	1.71618466919615	3.19558007997291	4.68321688765244
2.73473181258199	1.73324803842311	3.2073462214916	4.69873596129017
2.74157252377097	1.73036975355778	3.21695998554308	4.71054752097318
2.74841323495994	1.75402140610783	3.22451045709612	4.71704871049626
2.75525394614891	1.73681083660908	3.2321788732387	4.73426395444054
2.76209465733788	1.74692209335614	3.23655575854664	4.74740259293534
2.76893536852686	1.76468852416682	3.24517300607782	4.75025281963596
2.77577607971583	1.7567992099222	3.2579575784271	4.7655991885398
2.7826167909048	1.77062566489255	3.26173830712142	4.77459893456766
2.78945750209377	1.78164001587804	3.27323432455744	4.77554946334734
2.79629821328275	1.7746017393492	3.28108459813583	4.79747779276731
2.80313892447172	1.77956278354484	3.2872139216058	4.81756753727407
2.80997963566069	1.78389841897877	3.29536479378789	4.81125854659383
2.81682034684966	1.78448565418062	3.30189248880792	4.8318964622114
2.82366105803864	1.78777512365043	3.31281471806235	4.85727181816012
2.83050176922761	1.79232883734707	3.32262886983104	4.85576763759274
2.83734248041658	1.80830002327416	3.32787273507959	4.86334125686362
2.84418319160556	1.80860010319169	3.33567224583978	4.88744496009671
2.85102390279453	1.8200244116961	3.34809596802676	4.88718080276499
2.8578646139835	1.81484579679675	3.3538260306269	4.89709821515921
2.86470532517247	1.82137620871025	3.36532627497538	4.90245476842779
2.87154603636145	1.83289028017833	3.36645041120307	4.91580942269419
2.87838674755042	1.82595546871122	3.38065027785022	4.92887521228496
2.88522745873939	1.84100999389805	3.39066075701449	4.93398796774805
2.89206816992836	1.85150383285879	3.38860963033335	4.96953228660799
2.89890888111734	1.85102248194797	3.39868413842939	4.97571964088995
2.90574959230631	1.84807663290542	3.40807702182394	4.9797344246912
2.91259030349528	1.86521644877543	3.41562114655065	4.9934246452287
2.91943101468425	1.86701919187967	3.42198523231856	5.01301534462061
2.92627172587323	1.88146305397135	3.43031454896048	5.01293408604668
2.9331124370622	1.87282548227301	3.44097472044056	5.02213347728203
2.93995314825117	1.87738757547487	3.4517031188961	5.04842826370277
2.94679385944014	1.88454373266795	3.4580522161869	5.06467139319428
2.95363457062912	1.89235093027586	3.46715548078519	5.06788998547751
2.96047528181809	1.90463340958046	3.47452810291075	5.071571729662
2.96731599300706	1.90519776567001	3.47947692801921	5.08526943627135
2.97415670419604	1.90850886097702	3.4948881460996	5.07402153731366
2.98099741538501	1.91863323771153	3.49823649890963	5.1082751967781
2.98783812657398	1.91100061311491	3.50372233391429	5.11680111212416
2.99467883776295	1.93212603756068	3.51642089616307	5.12268726012114
3.00151954895193	1.9209075883788	3.5246221633316	5.13031230123503
3.0083602601409	1.92815769323374	3.53346266015252	5.15012996275412
3.01520097132987	1.94186981919732	3.5382339722072	5.17226745017033
3.02204168251884	1.93910649437002	3.54893812849649	5.17537809562056
3.02888239370782	1.95668683224032	3.55198595297806	5.16923783556202
3.03572310489679	1.9496253812126	3.56087597946556	5.19223781054484
3.04256381608576	1.95319934940141	3.57305195178348	5.202802998538
3.04940452727473	1.96197444062349	3.58184638016546	5.21252645924235
3.05624523846371	1.95681528204673	3.58948639938035	5.23029781126473
3.06308594965268	1.9768739726718	3.59329106327393	5.2400610344971
3.06992666084165	1.99054925523778	3.60893224318377	5.25976204605184
3.07676737203062	1.9844324411269	3.61065596344362	5.25546651960697
3.0836080832196	1.97870241523133	3.62381817248889	5.25685243717459
3.09044879440857	1.99526614506693	3.62967346179964	5.2918359964333
3.09728950559754	1.99079471293642	3.63905594391098	5.2861374973511
3.10413021678651	1.99947304746306	3.64198237653564	5.29948267566242
3.11097092797549	2.00822383217927	3.65644116061192	5.33264934491874
3.11781163916446	2.00665333093974	3.65762515451165	5.32526026579021
3.12465235035343	2.028041531023	3.66853987343073	5.33009435545919
3.13149306154241	2.01851117199082	3.67830612216565	5.34447211404941
3.13833377273138	2.01524612478818	3.68731642795566	5.35778922188601
3.14517448392035	2.03427102152511	3.69176540218623	5.37284685980531
3.15201519510932	2.04484781676133	3.70366740769326	5.38352527365429
3.1588559062983	2.03945169875548	3.71133774828554	5.40863905633224
3.16569661748727	2.04423460126238	3.7203669810706	5.41079162489811
3.17253732867624	2.05893057150603	3.72818757754637	5.43564468569849
3.17937803986521	2.06116684899449	3.73704715740658	5.43672466718108
3.18621875105419	2.07290034027714	3.74231951719116	5.4353278161477
3.19305946224316	2.06780407626905	3.75423565520109	5.45278246631733
3.19990017343213	2.08197257735087	3.75924594492582	5.45899665104714
3.2067408846211	2.0853086790696	3.76935551009725	5.47498023835847
3.21358159581008	2.08682381681313	3.7775612753723	5.49156666063751
3.22042230699905	2.08868592352008	3.78801317443819	5.49180999554757
3.22726301818802	2.09625983413774	3.7900333676504	5.50413037675959
3.23410372937699	2.09455582069782	3.7999004254011	5.52221882525611
3.24094444056597	2.09439979130548	3.81406604293376	5.53790935125599
3.24778515175494	2.09998564029979	3.8163556735668	5.55670997142156
3.25462586294391	2.12223991323044	3.82537179174733	5.55799470641947
3.26146657413289	2.11731478471243	3.83830310346317	5.5621841305869
3.26830728532186	2.11723106151858	3.83980708921846	5.58942668039021
3.27514799651083	2.1263700358846	3.8468079372582	5.59647405687894
3.2819887076998	2.13442199997756	3.85842866408454	5.59751854054193
3.28882941888878	2.1302830667391	3.86148096219104	5.60241147350963
3.29567013007775	2.14602575171957	3.87552963029149	5.63103938870001
3.30251084126672	2.14598633301231	3.8839359788617	5.62804826352435
3.30935155245569	2.15413375718397	3.89482100993541	5.65753744672858
3.31619226364467	2.14746815960749	3.89939016170706	5.65375984623575
3.32303297483364	2.1435515569644	3.90690821879519	5.67004212141745
3.32987368602261	2.1558391141804	3.91332916280282	5.67581402705514
3.33671439721158	2.17380078646839	3.92729577637925	5.68646707252101
3.34355510840056	2.18100977241299	3.93100073615087	5.70556286786822
3.35039581958953	2.18363931875153	3.94032048644161	5.71542466244869
3.3572365307785	2.18868411584639	3.94513981642683	5.72320748542271
3.36407724196747	2.19684073623542	3.95685894278945	5.72700409340547
3.37091795315645	2.1898748792257	3.96698426890463	5.75740680758713
3.37775866434542	2.2042529910245	3.97009193585704	5.7610188348799
3.38459937553439	2.20680670504551	3.97852182439642	5.77506021514537
3.39144008672337	2.21628057489005	3.98872946801158	5.79233927731003
3.39828079791234	2.20766726064155	3.99919438902904	5.77384869987243
3.40512150910131	2.2175341499237	4.0048850962998	5.79577373528845
3.41196222029028	2.22635312607204	4.01298287118971	5.80983530495352
3.41880293147926	2.22901776856565	4.01384851241995	5.83246854009644
3.42564364266823	2.24523091465962	4.03214877783825	5.83979610242534
3.4324843538572	2.2541762328614	4.0375285677726	5.84350931920876
3.43932506504617	2.23922991104412	4.04433401187192	5.86596623692314
3.44616577623515	2.25156128589121	4.05579648742722	5.87935955939989
3.45300648742412	2.25064993745674	4.06454681964675	5.88158671740518
3.45984719861309	2.26648951860679	4.0710950404306	5.89464099938715
3.46668790980206	2.27876925644671	4.07535861624243	5.91106900334472
3.47352862099104	2.27141575393702	4.09078430122738	5.91372618940171
3.48036933218001	2.26928488619137	4.09279718945105	5.93760331416213
3.48721004336898	2.27566566844272	4.09999216707451	5.94772677712886
3.49405075455795	2.28187556468582	4.11597402946716	5.96019940205263
3.50089146574693	2.29078548827994	4.12007135964523	5.96685697876971
3.5077321769359	2.29386658208333	4.12753538187335	5.97618343732323
3.51457288812487	2.2974106814879	4.13897105634674	5.99773531503483
3.52141359931385	2.30453642447551	4.14910266271336	5.9979805927301
3.52825431050282	2.30751040365385	4.15333680178678	6.01729498345647
3.53509502169179	2.31143018393144	4.159485066692	6.02788567947917
3.54193573288076	2.32778754644508	4.16624339996345	6.03150179589493
3.54877644406974	2.32691750427727	4.17712187624385	6.05186506642281
3.55561715525871	2.33521212476368	4.1832599261074	6.06656479745034
3.56245786644768	2.33108512268276	4.19653708733125	6.06571627537438
3.56929857763665	2.34319490289741	4.20422248899504	6.06842523403689
3.57613928882563	2.33667868716558	4.20871011723228	6.09159704106321
3.5829800000146	2.34178418551013	4.21810214557337	6.1075084778122
3.58982071120357	2.35099782114682	4.22741872461833	6.10409489758787
3.59666142239254	2.34344941799289	4.2342039147419	6.11810920382895
3.60350213358152	2.35808962173131	4.24429421391775	6.13345846754887
3.61034284477049	2.37645942456394	4.25220854679417	6.1488677113167
3.61718355595946	2.39333320979423	4.25921565550138	6.15849395135209
3.62402426714843	2.37894104286929	4.26414888237891	6.16404978744423
3.63086497833741	2.39919790582984	4.28099211485744	6.16250965765529
3.63770568952638	2.38874214006248	4.2837770113868	6.18618701521181
3.64454640071535	2.39040988431376	4.29359662517893	6.20600488192365
3.65138711190433	2.40472527084825	4.29864027665792	6.22336068305454
3.6582278230933	2.39950664616612	4.30925349862732	6.22290457079264
3.66506853428227	2.41760930539976	4.31846872733345	6.24206338651864
3.67190924547124	2.42381513802095	4.3253512253705	6.25887827200205
3.67874995666022	2.4210858814534	4.33073728396205	6.26545039246396
3.68559066784919	2.42333420350358	4.34092022055651	6.26666344335169
3.69243137903816	2.43219695024555	4.35375459247778	6.27942636370162
3.69927209022713	2.43116104648733	4.35319768254157	6.29245628310025
3.70611280141611	2.44159390610643	4.36428131533512	6.30252058648698
3.71295351260508	2.44568597133397	4.37013200227746	6.32362439775459
3.71979422379405	2.45796791715026	4.3834000894883	6.35010346313789
3.72663493498302	2.45779326111128	4.38860591592706	6.3438657755622
3.733475646172	2.46235012105531	4.39706879560802	6.35255801422398
3.74031635736097	2.4535371850654	4.4113060036004	6.3478775238704
3.74715706854994	2.47489829976218	4.41395581461631	6.36508567358216
3.75399777973891	2.48002255102728	4.42255685079888	6.39321574359276
3.76083849092789	2.48325181385112	4.43036060077776	6.39505805956327
3.76767920211686	2.48779943340432	4.43929249474291	6.40429400054258
3.77451991330583	2.47785276053088	4.44631281129179	6.41741892644886
3.78136062449481	2.50483221232577	4.45890665915521	6.43340079931495
3.78820133568378	2.50391064282531	4.46066740374842	6.44681419949415
3.79504204687275	2.50302187788233	4.46959920228362	6.44242184048099
3.80188275806172	2.50947229905257	4.48325165912129	6.46408472139572
3.8087234692507	2.51161845800113	4.48749094568181	6.47750271347705
3.81556418043967	2.51972858010973	4.49630517014035	6.49002072661262
3.82240489162864	2.51592556204481	4.50429879562447	6.49595193957994
3.82924560281761	2.53019394095434	4.51257477199566	6.51890157932067
3.83608631400659	2.53819002104253	4.517451535664	6.51819108790318
3.84292702519556	2.54634342025377	4.52555514943575	6.53547192496344
3.84976773638453	2.54544579448927	4.54328727965648	6.53215998460426
3.8566084475735	2.55858515367349	4.54259046553108	6.54729421507831
3.86344915876248	2.55602448501983	4.55186679922167	6.58304174006575
3.87028986995145	2.57279850035897	4.55791124676834	6.57499858130288
3.87713058114042	2.56930465686195	4.56955482063919	6.59086675823338
3.88397129232939	2.58408069574208	4.57949959208557	6.59291567478496
3.89081200351837	2.57545917503187	4.58381695363258	6.61949152374559
3.89765271470734	2.57685879274779	4.58983548910894	6.62758920702067
3.90449342589631	2.58706132498369	4.6040247267253	6.63045076725157
3.91133413708528	2.58544141144669	4.6130725155003	6.65069318013517
3.91817484827426	2.59998550324768	4.61344297346387	6.66659594589011
3.92501555946323	2.61161200675407	4.62599805296244	6.6691326770945
3.9318562706522	2.6114543291628	4.63801091430623	6.68497372120477
3.93869698184118	2.60731735833346	4.64066706430262	6.69417889083491
3.94553769303015	2.60756055396057	4.65221786531108	6.70889729144029
3.95237840421912	2.63275139528499	4.65918491983918	6.72290040749827
3.95921911540809	2.60435050744131	4.66636315449262	6.72056160386321
3.96605982659707	2.63228598166829	4.67914977928233	6.73362372031681
3.97290053778604	2.62855051941234	4.68563457056903	6.74776956055024
3.97974124897501	2.63489397797063	4.69314873886202	6.75892706125843
3.98658196016398	2.636735489499	4.70179355582932	6.77580061242687
3.99342267135296	2.64426544448482	4.71124092026748	6.7679506250917
4.00026338254193	2.66173278963231	4.71662557843295	6.79100557009181
4.0071040937309	2.65808797706451	4.73462086863232	6.81627352441099
4.01394480491987	2.659621739038	4.72900987807155	6.81073614412944
4.02078551610885	2.67498385402767	4.7410047798257	6.83086520329345
4.02762622729782	2.67868527459074	4.74543887914151	6.85235602598595
4.03446693848679	2.67527987670131	4.75944213712542	6.84549346524888
4.04130764967577	2.69809384737086	4.76631893383235	6.86799947643652
4.04814836086474	2.68964449414938	4.77332027001264	6.87425460829381
4.05498907205371	2.68064673117714	4.78220376895052	6.89132530063785
4.06182978324268	2.7007353306877	4.78960715638207	6.90768848719265
4.06867049443166	2.68930867755377	4.79861184211238	6.90433681150099
4.07551120562063	2.71247234897419	4.8103899204403	6.91757736622981
4.0823519168096	2.71771320167224	4.81428218657293	6.93582518887309
4.08919262799857	2.71939886868818	4.82757615921299	6.95750352547239
4.09603333918755	2.73197773612388	4.83137206636695	6.96719854667048
4.10287405037652	2.71933551102361	4.83627218760955	6.96764846222458
4.10971476156549	2.73370933002016	4.85614977372209	6.96912356361536
4.11655547275446	2.73724743144884	4.85448968343876	6.98816604542837
4.12339618394344	2.73089935014225	4.86348857172308	7.00458577479661
4.13023689513241	2.75683976050483	4.87402905926786	7.02603170006638
4.13707760632138	2.74397802403112	4.88005121881575	7.01911953779839
4.14391831751035	2.76175949138045	4.88792164735245	7.04483029907871
4.15075902869933	2.76038775239983	4.90044807807014	7.03777332835037
4.1575997398883	2.77447351584839	4.9063568671885	7.05314728156869
4.16444045107727	2.7745322928915	4.91669202119301	7.06599255335811
4.17128116226625	2.77664527975637	4.92117351120745	7.0769175306561
4.17812187345522	2.76991077990596	4.92690817964565	7.08905087927791
4.18496258464419	2.78422365457954	4.93621743602306	7.10007522244361
4.19180329583316	2.79249712288933	4.93809061778405	7.10886737453557
4.19864400702214	2.79902826666145	4.95356507581359	7.1255375317779
4.20548471821111	2.78533335329842	4.95874769470979	7.14361385374949
4.21232542940008	2.80621234831653	4.96966325534651	7.14711848933899
4.21916614058905	2.8100808911126	4.97502224712867	7.16748712471752
4.22600685177803	2.81096967102202	4.98998018974525	7.17100883398398
4.232847562967	2.81977452966568	4.99482921268777	7.18776620176714
4.23968827415597	2.84301847946647	4.99755493505202	7.19091032377846
4.24652898534494	2.82211382176857	5.01298041952614	7.21093646769029
4.25336969653392	2.84188062261619	5.01688766153065	7.22883490167757
4.26021040772289	2.82342754456612	5.02743304569477	7.23076751442485
4.26705111891186	2.828757838911	5.03214762938978	7.24380677625307
4.27389183010083	2.84817908571084	5.04415105496277	7.26705278022482
4.28073254128981	2.85936111828187	5.05246929422974	7.2768662391514
4.28757325247878	2.88645580649285	5.05801905915717	7.2804229169354
4.29441396366775	2.87337372542174	5.0681862504442	7.29464533265218
4.30125467485672	2.87340781411175	5.07403520784862	7.28788564292576
4.3080953860457	2.87582694258936	5.08518654674838	7.30688907814673
4.31493609723467	2.88793105459536	5.09240628969838	7.33111887082248
4.32177680842364	2.8990179409622	5.10884509634872	7.33019834501301
4.32861751961262	2.8916882857008	5.10473162117008	7.34991083252065
4.33545823080159	2.8923426373833	5.11298669411043	7.36736423096014
4.34229894199056	2.89793355668862	5.11966059260688	7.36257124147227
4.34913965317953	2.88989673300497	5.13340524081282	7.38989172944934
4.35598036436851	2.91563190390016	5.13839740822708	7.39835885654852
4.36282107555748	2.91266464465645	5.14571315712889	7.41570002145578
4.36966178674645	2.9253188467775	5.15497440821117	7.42573844547586
4.37650249793542	2.92200049953374	5.16472998841663	7.416896067479
4.3833432091244	2.92910483501656	5.17104415612625	7.42872780747776
4.39018392031337	2.93431269660479	5.17793468115075	7.44013030856218
4.39702463150234	2.94054318258438	5.18639714924139	7.45427015227329
4.40386534269131	2.94846274493125	5.19746330666323	7.47764044183574
4.41070605388029	2.94466236870355	5.20796518185501	7.48186211912029
4.41754676506926	2.95112865087325	5.21751724439172	7.50170554340825
4.42438747625823	2.95245985775597	5.2204854136075	7.51215016579958
4.4312281874472	2.95871592381862	5.22458297993461	7.51941543836999
4.43806889863618	2.96120112216932	5.23965602018349	7.53627068552481
4.44490960982515	2.9741013199783	5.25068694241876	7.54494881333513
4.45175032101412	2.99956962440648	5.25398714525815	7.53587468042348
4.4585910322031	2.98232237647302	5.26664339493665	7.55852682687133
4.46543174339207	2.99150542241434	5.27352614337413	7.58487576776238
4.47227245458104	2.9913003416039	5.27623503290749	7.5844970866369
4.47911316577001	2.99284145084587	5.28722382745046	7.59695260216731
4.48595387695899	3.01843265130081	5.29747264015857	7.60457069253054
4.49279458814796	3.00763588659004	5.3064948630616	7.60888394922179
4.49963529933693	3.02477136503367	5.31682318327538	7.62871322336187
4.5064760105259	3.01615867209658	5.32067607869632	7.62656119511578
4.51331672171488	3.03021456756339	5.32548647524882	7.65209310993611
4.52015743290385	3.02323687567573	5.3368321383486	7.65900697829563
4.52699814409282	3.04054747751527	5.34485079709453	7.67788737669873
4.53383885528179	3.01620707439182	5.34902556137605	7.67483855773883
4.54067956647077	3.03048053870547	5.35816980710315	7.69433809504931
4.54752027765974	3.03787162619911	5.37114776786435	7.70835265497077
4.55436098884871	3.04855652270622	5.37484632217213	7.71145860740699
4.56120170003768	3.06844345132654	5.38650254082002	7.71938702690742
4.56804241122666	3.06532743100169	5.4048830111581	7.73434174446184
4.57488312241563	3.05030262447816	5.40063479382984	7.77004323402974
4.5817238336046	3.08542381360194	5.40635520308133	7.75019645082176
4.58856454479358	3.08679019147933	5.4180447089193	7.78368598484348
4.59540525598255	3.10217439350991	5.42924797161379	7.78666614913516
4.60224596717152	3.07836802650279	5.42849922090359	7.80782990016546
4.60908667836049	3.10594236374909	5.44053764039541	7.80480283094728
4.61592738954947	3.09354565456943	5.45046264194383	7.83878058516186
4.62276810073844	3.0929475093125	5.45685549523173	7.83639905989808
4.62960881192741	3.08716242448567	5.47040035903365	7.85293677344706
4.63644952311638	3.11830963537491	5.4792572714526	7.87718214144468
4.64329023430536	3.13146722166651	5.48946964748718	7.86457955030787
4.65013094549433	3.11574265369803	5.49249287676581	7.87792090376181
4.6569716566833	3.13061367345824	5.5029488718956	7.89347713269318
4.66381236787227	3.14620425291937	5.50311102323063	7.89784408629833
4.67065307906125	3.14763212301613	5.51513152866654	7.91840243956566
4.67749379025022	3.12767095151069	5.52629591585583	7.92141750905581
4.68433450143919	3.14801517192561	5.53558608449884	7.93112835650175
4.69117521262816	3.15071600166842	5.54026433858573	7.96194800088916
4.69801592381714	3.1487281590713	5.546788768767	7.95284078766608
4.70485663500611	3.16467081135703	5.55555810248815	7.96957088596489
4.71169734619508	3.15690479597716	5.57070165335242	7.98235133847201
4.71853805738406	3.17903801547677	5.5720785009655	7.97435618407253
4.72537876857303	3.18919874444188	5.58379463623245	8.00982697396564
4.732219479762	3.16236176122679	5.59247348385812	8.02719598270594
4.73906019095097	3.19176609932737	5.59707357938521	8.03434896344707
4.74590090213995	3.18708407418776	5.60490251250238	8.04022693749865
4.75274161332892	3.20121672058726	5.61856876064782	8.07069078161206
4.75958232451789	3.21397930905543	5.61919717361824	8.05897027313571
4.76642303570686	3.21558804251408	5.62900506725397	8.08905057263722
4.77326374689584	3.20681513107937	5.63740488492386	8.07776835534804
4.78010445808481	3.22203118570809	5.64865358121666	8.08358816874273
4.78694516927378	3.22626590519553	5.65687702185087	8.1045300500362
4.79378588046275	3.2105444407528	5.66461800402554	8.12961568336384
4.80062659165173	3.23435169532415	5.67430101005793	8.12233301946466
4.8074673028407	3.23365476718462	5.67823669288613	8.15059140595759
4.81430801402967	3.25763207074527	5.69013631025965	8.16036070602159
4.82114872521864	3.25822295131628	5.6982637817392	8.17689732936824
4.82798943640762	3.24359567900641	5.7120451121566	8.1662132631403
4.83483014759659	3.24333157246467	5.7156484729466	8.18222273082272
4.84167085878556	3.26535421208204	5.72292522510708	8.2118770929361
4.84851156997454	3.26661451297826	5.72383364286571	8.20062009073554
4.85535228116351	3.28156123933201	5.73843653048103	8.22292210186153
4.86219299235248	3.26875067324798	5.7369472220813	8.24785501509723
4.86903370354145	3.27165465583873	5.75336189688531	8.24068515017582
4.87587441473043	3.28925906611143	5.75652777362511	8.25449382665402
4.8827151259194	3.28167322916578	5.77509241046462	8.27397683661603
4.88955583710837	3.27984893899214	5.76933678334363	8.28660099285681
4.89639654829734	3.29157601410154	5.78047264174242	8.27763465735097
4.90323725948632	3.30654336592056	5.79786152509338	8.31733028184086
4.91007797067529	3.31580436038335	5.80541449216655	8.31318689605482
4.91691868186426	3.32486790308159	5.81384836323931	8.32369596777018
4.92375939305323	3.32406707243694	5.82375463425817	8.33309755005603
4.93060010424221	3.32273317232375	5.83440145796278	8.36769228962834
