"mitochan"	"lwrNorm"	"medNorm"	"uprNorm"
-1.90327037354145	-3.45559594223993	-2.33219430641812	-1.18925667878773
-1.89706886147604	-3.44312690590829	-2.33122424861807	-1.19144470874196
-1.89086734941062	-3.43840156118606	-2.32031932061023	-1.18520746182479
-1.88466583734521	-3.42297291501216	-2.31243589235877	-1.1791792953008
-1.87846432527979	-3.41708272741462	-2.30513513659152	-1.1805124891071
-1.87226281321438	-3.40250878221559	-2.2970426949084	-1.16342805396831
-1.86606130114897	-3.3945226923265	-2.28707181575771	-1.16516911749488
-1.85985978908355	-3.39275698190625	-2.28547915696499	-1.14741974445062
-1.85365827701814	-3.37087306918377	-2.27319831850256	-1.16113433397222
-1.84745676495273	-3.35966449417313	-2.26870451251394	-1.15900911818009
-1.84125525288731	-3.35536816402229	-2.26463076926308	-1.13887990551932
-1.8350537408219	-3.34294893120176	-2.25617087082569	-1.13748333882823
-1.82885222875648	-3.33732642646668	-2.24662122552155	-1.14441570134645
-1.82265071669107	-3.33151587367213	-2.23956204246826	-1.12875597030323
-1.81644920462566	-3.31066842532014	-2.23169303079944	-1.11661995711173
-1.81024769256024	-3.29574038789497	-2.22242603366939	-1.11646551889671
-1.80404618049483	-3.29890690725989	-2.21578513073973	-1.12187239657037
-1.79784466842942	-3.28322410494742	-2.20960839903167	-1.10564700972578
-1.791643156364	-3.27379961373351	-2.2005605035993	-1.10432275710782
-1.78544164429859	-3.25749602728894	-2.1941389389741	-1.09376899942238
-1.77924013223318	-3.25526771378575	-2.18371598561899	-1.09326552787979
-1.77303862016776	-3.23862271639213	-2.18217709851236	-1.10391521371577
-1.76683710810235	-3.2346145360567	-2.17193076761234	-1.08023537706261
-1.76063559603693	-3.22412856488639	-2.16394224812797	-1.08762294193993
-1.75443408397152	-3.21572865955845	-2.16052829327879	-1.07098212988944
-1.74823257190611	-3.21342555343048	-2.14863468676592	-1.07849768709868
-1.74203105984069	-3.17858570939263	-2.14292821168314	-1.06110255479233
-1.73582954777528	-3.17852260839616	-2.13113081178263	-1.06426611500748
-1.72962803570987	-3.16961272888477	-2.1261484199843	-1.05130150426405
-1.72342652364445	-3.16250836904788	-2.12096892527073	-1.05340419366277
-1.71722501157904	-3.16042353983201	-2.11286869975186	-1.04444022354396
-1.71102349951362	-3.13924091390286	-2.10406764049503	-1.04059885858989
-1.70482198744821	-3.14136707239161	-2.09393278257736	-1.03975760662156
-1.6986204753828	-3.12509975065048	-2.09140102342737	-1.03584248598014
-1.69241896331738	-3.1222392079587	-2.081269034002	-1.03505792935177
-1.68621745125197	-3.10784628488256	-2.07513615397147	-1.01829772444695
-1.68001593918656	-3.0977888070969	-2.06886917444908	-1.02730939165606
-1.67381442712114	-3.08606050035613	-2.06012992545708	-1.01611526248008
-1.66761291505573	-3.06669891736773	-2.05666829603264	-1.00975600526172
-1.66141140299031	-3.06139050699196	-2.0440646309074	-1.01134755448847
-1.6552098909249	-3.06554776395329	-2.03859494799817	-1.00752219881677
-1.64900837885949	-3.05389829630385	-2.03401535368497	-0.990519937213815
-1.64280686679407	-3.03805972984498	-2.02689950271429	-0.992513065095393
-1.63660535472866	-3.03029533185307	-2.01603753877076	-0.987479906930308
-1.63040384266325	-3.01506740387802	-2.004552907529	-0.969652826102613
-1.62420233059783	-3.01112086022622	-2.00028138552884	-0.966898581884476
-1.61800081853242	-2.99989132191707	-1.99299517062546	-0.974560755316109
-1.61179930646701	-2.98729945201572	-1.98534956815436	-0.97325542519084
-1.60559779440159	-2.98161723166629	-1.97971994379605	-0.956376741154686
-1.59939628233618	-2.97703383058502	-1.97378963219839	-0.961138963825412
-1.59319477027076	-2.95725139970904	-1.96360409848124	-0.954330944379899
-1.58699325820535	-2.94851113903198	-1.95715803784703	-0.939604653851534
-1.58079174613994	-2.93119774005316	-1.9493463013593	-0.938783490373205
-1.57459023407452	-2.92811765220765	-1.94144985183623	-0.932226627701158
-1.56838872200911	-2.9183985487012	-1.93316834051344	-0.930451307344012
-1.5621872099437	-2.90580181531691	-1.92261108005127	-0.923620275219088
-1.55598569787828	-2.89650154617023	-1.92029500754661	-0.914735956459411
-1.54978418581287	-2.88680200810586	-1.9098430593975	-0.910237298177524
-1.54358267374745	-2.86844602522113	-1.90276793462402	-0.905108896108571
-1.53738116168204	-2.86631625620927	-1.89624790051856	-0.904280604841665
-1.53117964961663	-2.85202672238005	-1.88763375048888	-0.90196860059099
-1.52497813755121	-2.84312089676293	-1.87673857786429	-0.897678498403821
-1.5187766254858	-2.83364215638156	-1.87280942161627	-0.895837942542267
-1.51257511342039	-2.82420127530865	-1.86695526148671	-0.891477738809883
-1.50637360135497	-2.81858235871143	-1.86056601000574	-0.878078669357636
-1.50017208928956	-2.80724039878648	-1.85399930142284	-0.876114024000471
-1.49397057722415	-2.79382135222404	-1.84576212934539	-0.875451561360749
-1.48776906515873	-2.78787968809881	-1.83446381861138	-0.867759645107905
-1.48156755309332	-2.78967033319013	-1.83265233198482	-0.868474228252024
-1.4753660410279	-2.78507160437572	-1.82290410964177	-0.852456395803259
-1.46916452896249	-2.7620000419912	-1.81323767210412	-0.845365282258333
-1.46296301689708	-2.75226380911585	-1.80562450230034	-0.8465663104968
-1.45676150483166	-2.73697284440845	-1.79808186963641	-0.842261948564551
-1.45055999276625	-2.7278066269631	-1.79358874488769	-0.839433979723798
-1.44435848070084	-2.7151353648001	-1.78352290652675	-0.831463056640466
-1.43815696863542	-2.71141879422704	-1.77423863593961	-0.81995752446617
-1.43195545657001	-2.7063414415036	-1.77268915579403	-0.816752329753361
-1.42575394450459	-2.69384455236531	-1.76535977725949	-0.813961325089864
-1.41955243243918	-2.68678509018908	-1.75568983724867	-0.801786971146137
-1.41335092037377	-2.66746128780372	-1.74933023025182	-0.808234667540296
-1.40714940830835	-2.66178613920067	-1.74182649541277	-0.799491199804697
-1.40094789624294	-2.64600954077165	-1.73416026617507	-0.801337736271279
-1.39474638417753	-2.64868413534372	-1.72775162772716	-0.788507029273972
-1.38854487211211	-2.641261368648	-1.71906185743834	-0.782490263318555
-1.3823433600467	-2.62038745358367	-1.70979923464139	-0.781018400545375
-1.37614184798129	-2.61343870422643	-1.70296448792143	-0.767813661374416
-1.36994033591587	-2.60123779945709	-1.69583247409049	-0.766012087592257
-1.36373882385046	-2.58310260031243	-1.68483501474983	-0.770989998718511
-1.35753731178504	-2.58951051567937	-1.68184291509991	-0.759823990538202
-1.35133579971963	-2.57175452400957	-1.67791482465162	-0.75313647606872
-1.34513428765422	-2.57030834387623	-1.66729466026721	-0.744552373246125
-1.3389327755888	-2.55266274233872	-1.66028501785047	-0.743487215986194
-1.33273126352339	-2.54587662390391	-1.65353225656187	-0.733577857033635
-1.32652975145798	-2.53090717625491	-1.64390561903199	-0.735289341430252
-1.32032823939256	-2.53043395114904	-1.63600439665068	-0.726228820064555
-1.31412672732715	-2.51706496585306	-1.62659003518112	-0.721079468527532
-1.30792521526173	-2.50954788391185	-1.6213912220927	-0.708699212774614
-1.30172370319632	-2.5017436398639	-1.61491291889922	-0.715226775425102
-1.29552219113091	-2.50354190517504	-1.60662404026718	-0.712480221313978
-1.28932067906549	-2.48023909446808	-1.59847672263094	-0.700633727993536
-1.28311916700008	-2.47652661978658	-1.59255353078916	-0.701779301748028
-1.27691765493467	-2.45796124198046	-1.58319883844665	-0.688911734087853
-1.27071614286925	-2.44888813151584	-1.57868358064491	-0.682517012398421
-1.26451463080384	-2.44518865780746	-1.56774171898747	-0.682715421282656
-1.25831311873842	-2.42579092362883	-1.564099348125	-0.680368449010068
-1.25211160667301	-2.42318172667678	-1.55170811116605	-0.674590429887806
-1.2459100946076	-2.40978066079027	-1.55212024777479	-0.665636807043413
-1.23970858254218	-2.40374609103882	-1.54043997208504	-0.657039366042676
-1.23350707047677	-2.3910809764702	-1.53266763148473	-0.655139429169542
-1.22730555841136	-2.37203362125735	-1.52751498641051	-0.650333323409078
-1.22110404634594	-2.37267416253789	-1.51721711919291	-0.640519534702174
-1.21490253428053	-2.3613284191058	-1.51015432130755	-0.643504337358306
-1.20870102221512	-2.33939254912642	-1.50218173682443	-0.634640224056553
-1.2024995101497	-2.34714450244408	-1.49843636260475	-0.630038456731087
-1.19629799808429	-2.33428504866696	-1.48853082679714	-0.62620514290113
-1.19009648601887	-2.32410442947915	-1.48232765573499	-0.613295862248931
-1.18389497395346	-2.32466008967358	-1.47574393712761	-0.612893528667591
-1.17769346188805	-2.30500948416592	-1.467801944612	-0.600832104658994
-1.17149194982263	-2.29560030163878	-1.46089050550662	-0.612696931921238
-1.16529043775722	-2.29068755642048	-1.45415693558256	-0.603248525908443
-1.15908892569181	-2.271576862289	-1.44374661277687	-0.585879106917012
-1.15288741362639	-2.26995898313455	-1.43553517168045	-0.58939209218083
-1.14668590156098	-2.25705693188732	-1.42947611246697	-0.584680661482492
-1.14048438949556	-2.24821459754224	-1.42332436781236	-0.574980150031251
-1.13428287743015	-2.23576715683324	-1.41478044778758	-0.568179585762673
-1.12808136536474	-2.23256192373254	-1.40809078295711	-0.562911140690378
-1.12187985329932	-2.23377370216477	-1.39906568883041	-0.55996187570553
-1.11567834123391	-2.21559601144795	-1.39364407847111	-0.5478154674107
-1.1094768291685	-2.19315637596645	-1.38796956319687	-0.546930543765553
-1.10327531710308	-2.19543148297163	-1.37806785196624	-0.542536563236216
-1.09707380503767	-2.17467786588619	-1.37121141258855	-0.536383325798791
-1.09087229297226	-2.16308764424708	-1.36079049154137	-0.528752378414851
-1.08467078090684	-2.15631545725509	-1.35586068466708	-0.534493486207927
-1.07846926884143	-2.14829942033837	-1.34982693715573	-0.519886202452988
-1.07226775677601	-2.14416835359372	-1.34209549312028	-0.518324444155059
-1.0660662447106	-2.14035541820513	-1.33381493374602	-0.50625356006127
-1.05986473264519	-2.13095473895873	-1.32875401707159	-0.499539692463284
-1.05366322057977	-2.11252504736379	-1.31826982033454	-0.516990964578597
-1.04746170851436	-2.11093509818876	-1.31149224321833	-0.494009041757001
-1.04126019644895	-2.10685125391998	-1.30338433084628	-0.4896401696949
-1.03505868438353	-2.09325959711446	-1.29693338854661	-0.480733378221361
-1.02885717231812	-2.07787884894144	-1.28943453096991	-0.472532848258486
-1.0226556602527	-2.07123007824858	-1.28321291242441	-0.467639272592985
-1.01645414818729	-2.06229046505592	-1.27552138093104	-0.47282712780621
-1.01025263612188	-2.04799907271703	-1.26523128381228	-0.46595416452487
-1.00405112405646	-2.03498508872928	-1.25903061463933	-0.464812136626252
-0.99784961199105	-2.03992764664734	-1.2505608597448	-0.453861799193201
-0.991648099925636	-2.01881320628531	-1.24665720318135	-0.446788985671076
-0.985446587860222	-2.01347529666896	-1.23871267804247	-0.447520895905814
-0.979245075794809	-2.00187565991248	-1.23156152737904	-0.433977200473964
-0.973043563729395	-1.99169851284297	-1.22420878074276	-0.430087592569473
-0.966842051663981	-1.99123328180236	-1.21485507571559	-0.431763275540779
-0.960640539598568	-1.97872509374039	-1.21129161404188	-0.420745896858107
-0.954439027533154	-1.96781021192435	-1.19994927507441	-0.412148985304886
-0.94823751546774	-1.96017131795214	-1.195552084354	-0.408011426108626
-0.942036003402327	-1.95347627833914	-1.18573226303162	-0.412113716776973
-0.935834491336913	-1.94179871197477	-1.17564960931384	-0.397001160516218
-0.929632979271499	-1.93078825274559	-1.17150650513265	-0.391977690681932
-0.923431467206086	-1.93584456451342	-1.16451895584368	-0.386719551369458
-0.917229955140672	-1.90536734740856	-1.15519354293495	-0.386722668070728
-0.911028443075258	-1.9011574580084	-1.14932144635696	-0.37230504560517
-0.904826931009844	-1.89185600945152	-1.14144489311821	-0.37537656581726
-0.898625418944431	-1.89213973520534	-1.13457594730643	-0.363671713578522
-0.892423906879017	-1.86716693390903	-1.12752783383481	-0.361405067560592
-0.886222394813603	-1.86912630416388	-1.12057854797516	-0.351768525770626
-0.88002088274819	-1.85510241443853	-1.11312924034882	-0.339202079677265
-0.873819370682776	-1.85138618513487	-1.10625497437358	-0.345160521101767
-0.867617858617362	-1.84199548936991	-1.09648829071943	-0.341871339709003
-0.861416346551949	-1.82934662324036	-1.0915572980926	-0.325250006575461
-0.855214834486535	-1.82722134144106	-1.08292470933342	-0.329651284693242
-0.849013322421121	-1.81480158435058	-1.07570571915709	-0.312615227752854
-0.842811810355708	-1.80827550534052	-1.0666516988439	-0.316604605651232
-0.836610298290294	-1.79037381943557	-1.06195966390629	-0.305747557221944
-0.83040878622488	-1.78734703913965	-1.05333950268167	-0.300957538910736
-0.824207274159467	-1.78253699854899	-1.04490795782872	-0.295577971367697
-0.818005762094053	-1.75694737813063	-1.03452051241665	-0.287630835028927
-0.811804250028639	-1.76051005364544	-1.03196070456475	-0.280114989364672
-0.805602737963225	-1.74248720909022	-1.02197087073794	-0.282619263440595
-0.799401225897812	-1.74486328241149	-1.01462507264259	-0.275576925773308
-0.793199713832398	-1.73269893032361	-1.0094424110166	-0.256512006696581
-0.786998201766984	-1.72857682094025	-1.00332990414942	-0.274486667542096
-0.780796689701571	-1.71469745394626	-0.993965021397748	-0.259360254847945
-0.774595177636157	-1.69881348137112	-0.985305309528041	-0.256472051521643
-0.768393665570743	-1.69705684894512	-0.978772125612321	-0.251661229530076
-0.76219215350533	-1.6831132215567	-0.968566642615496	-0.241838509898595
-0.755990641439916	-1.67133441226717	-0.963502239104235	-0.240752110074236
-0.749789129374502	-1.67476966034731	-0.955042309756234	-0.229247960056363
-0.743587617309089	-1.65458853391764	-0.947961072265935	-0.218262394330873
-0.737386105243675	-1.65023733313265	-0.941637251449766	-0.22010027856971
-0.731184593178261	-1.63921353423513	-0.934202329597013	-0.210281008458314
-0.724983081112847	-1.64017273537072	-0.926809075760972	-0.198787613735227
-0.718781569047434	-1.62464716754933	-0.920624480323218	-0.205297925805184
-0.71258005698202	-1.62145946567132	-0.912460976511707	-0.19079503457284
-0.706378544916606	-1.60415061291135	-0.905284764137133	-0.187763944094479
-0.700177032851193	-1.59583150568203	-0.898753994635117	-0.185190541004666
-0.693975520785779	-1.58689120104151	-0.889861889752553	-0.177617233091375
-0.687774008720365	-1.57604557898028	-0.88039312229346	-0.168910185092634
-0.681572496654952	-1.5732995033558	-0.877745390128705	-0.163770423021407
-0.675370984589538	-1.5592275083774	-0.867850541021467	-0.15969921833245
-0.669169472524124	-1.54683521519995	-0.862097443651991	-0.154356603044773
-0.66296796045871	-1.53977481197305	-0.855129806515272	-0.152272061587189
-0.656766448393297	-1.53501583680669	-0.843221493751664	-0.140082771784974
-0.650564936327883	-1.52147152873454	-0.836874499971969	-0.132897014300139
-0.644363424262469	-1.51303699768227	-0.830350116741145	-0.136419192853907
-0.638161912197056	-1.50048615324416	-0.821032679166894	-0.125166119883123
-0.631960400131642	-1.49449527158368	-0.81650624680311	-0.118270466755153
-0.625758888066228	-1.49715913686793	-0.812317998765973	-0.104135649909773
-0.619557376000815	-1.4789366068406	-0.801034997397122	-0.104558313352756
-0.613355863935401	-1.46749920580673	-0.792499876478015	-0.100221458403248
-0.607154351869987	-1.45430716839246	-0.785759642825827	-0.0803331203922035
-0.600952839804574	-1.45686942208389	-0.781318995828008	-0.0771535612243759
-0.59475132773916	-1.44766272944841	-0.773488826609586	-0.0760678006868587
-0.588549815673746	-1.44291369445567	-0.764516538238909	-0.0703502835031241
-0.582348303608333	-1.42487434283992	-0.753486632937379	-0.0628687195182119
-0.576146791542919	-1.42306283138271	-0.749016416649002	-0.0649283362601479
-0.569945279477505	-1.41800424854395	-0.738189596923875	-0.0534674659985713
-0.563743767412092	-1.40329074043856	-0.734176008264687	-0.0497845410455962
-0.557542255346678	-1.38886633308073	-0.727551608273502	-0.049043843198477
-0.551340743281264	-1.37942144226662	-0.715520956863177	-0.0380764530925137
-0.54513923121585	-1.38121369974912	-0.713429955184241	-0.0359531001585573
-0.538937719150437	-1.36388133024634	-0.703101338592347	-0.0177268155996892
-0.532736207085023	-1.35922209059033	-0.696758460752414	-0.0201588002254562
-0.526534695019609	-1.34996594937426	-0.690036807448587	-0.00906370459348668
-0.520333182954196	-1.34304084758956	-0.683440227819417	-0.00711061116167785
-0.514131670888782	-1.32312658080666	-0.673956022529769	-0.00607592697286678
-0.507930158823368	-1.32198107264357	-0.666938688113082	0.0044862734956909
-0.501728646757954	-1.31672497789895	-0.660782809699885	0.0108197236239721
-0.495527134692541	-1.30914899873618	-0.652161632567865	0.0220375183249747
-0.489325622627127	-1.3031723449364	-0.644841378818289	0.0293290923468513
-0.483124110561713	-1.28191084371441	-0.637221442022479	0.0235009767890894
-0.4769225984963	-1.28257396853335	-0.62904129613063	0.0345043096025675
-0.470721086430886	-1.27477137599392	-0.623779960384203	0.0387706541028811
-0.464519574365472	-1.26858399462837	-0.617755265877668	0.0550117445861396
-0.458318062300059	-1.25611851619911	-0.609413126867507	0.0563634516475769
-0.452116550234645	-1.25106526535586	-0.604345911476558	0.0594525583147362
-0.445915038169231	-1.24678450466796	-0.595089675222105	0.0783720963367496
-0.439713526103818	-1.23827556693664	-0.588093065200607	0.0774394361208016
-0.433512014038404	-1.22322773726553	-0.576442160702579	0.0850915440314735
-0.42731050197299	-1.21866602214047	-0.572132103070529	0.0942369301679627
-0.421108989907577	-1.20767582412356	-0.565636584423339	0.101524107668735
-0.414907477842163	-1.19787000067883	-0.553904991838336	0.109587711504135
-0.408705965776749	-1.1928046976275	-0.549657494178223	0.105480027029821
-0.402504453711335	-1.18285558834915	-0.541689391980329	0.119814372265575
-0.396302941645922	-1.16647011975095	-0.533958032986976	0.114398573880744
-0.390101429580508	-1.17138645772127	-0.524605308625889	0.118377806773229
-0.383899917515094	-1.15729362589663	-0.521185024362131	0.128278496804943
-0.377698405449681	-1.14299992103791	-0.51283090415796	0.144607501428144
-0.371496893384267	-1.13684246263588	-0.502311974553616	0.146089797752161
-0.365295381318853	-1.1229582830854	-0.498084122245686	0.158165263962131
-0.35909386925344	-1.12431519466671	-0.489334641221131	0.151633301010755
-0.352892357188026	-1.11430779783094	-0.482593202755486	0.164784464260973
-0.346690845122612	-1.09730530714462	-0.476937754443022	0.16307391428991
-0.340489333057199	-1.09554010004465	-0.465807233272606	0.178051421070089
-0.334287820991785	-1.09171860380042	-0.459803539736281	0.188861601129492
-0.328086308926371	-1.08959638506002	-0.451289749507199	0.188325923267163
-0.321884796860958	-1.06949221357216	-0.445462024447428	0.194271742225591
-0.315683284795544	-1.06732574607027	-0.434630990671092	0.195706821693686
-0.30948177273013	-1.05979009902549	-0.430183462772755	0.210669498316184
-0.303280260664716	-1.05102187004627	-0.422374394483594	0.221517215188426
-0.297078748599303	-1.03914172882683	-0.415840569286656	0.230179824481199
-0.290877236533889	-1.03523626951232	-0.406466196323948	0.222000461865668
-0.284675724468475	-1.01767019973942	-0.398984186654025	0.23094914146053
-0.278474212403062	-1.01292960808288	-0.393218803404438	0.246637909557479
-0.272272700337648	-1.00604568115107	-0.381915837850178	0.253553807065364
-0.266071188272234	-1.00630680745572	-0.380705119018161	0.249741891154098
-0.25986967620682	-0.990940008324736	-0.368276356511903	0.254941394835024
-0.253668164141407	-0.988338293599497	-0.363607780148796	0.278161121627767
-0.247466652075993	-0.977394609263586	-0.358579841285627	0.287473159423185
-0.241265140010579	-0.969941037246139	-0.349744855215245	0.279652222952889
-0.235063627945166	-0.961707863402423	-0.342844870335369	0.293642597961946
-0.228862115879752	-0.951269313621094	-0.334081674178574	0.293538277047606
-0.222660603814338	-0.943566463684496	-0.325900775848221	0.306929827285704
-0.216459091748925	-0.936740176012398	-0.316860658598723	0.305156034320125
-0.210257579683511	-0.932384247810367	-0.311216823603576	0.313982178824276
-0.204056067618097	-0.922784175403605	-0.305231699954059	0.326594403170846
-0.197854555552684	-0.91722375004463	-0.29493918269641	0.330197484896572
-0.19165304348727	-0.905391571282981	-0.290627722587587	0.336568859085357
-0.185451531421856	-0.900244930426405	-0.282611964439949	0.342568422403423
-0.179250019356443	-0.88876913943275	-0.274726304556417	0.355636846836912
-0.173048507291029	-0.881025560595881	-0.268228952325548	0.366706804756178
-0.166846995225615	-0.877751364034791	-0.258759588967678	0.370800225181843
-0.160645483160202	-0.867776039720446	-0.252196216950194	0.38137057110804
-0.154443971094788	-0.863756174465618	-0.243206407775766	0.379582278328639
-0.148242459029374	-0.85478351213934	-0.238534866148178	0.391376020655226
-0.14204094696396	-0.842529796749306	-0.231140654611438	0.401596987599844
-0.135839434898547	-0.844248131783408	-0.218515154535337	0.40098156341161
-0.129637922833133	-0.830625882784272	-0.217959874119548	0.405399913445611
-0.123436410767719	-0.808190517219527	-0.21007514531877	0.413001987710934
-0.117234898702306	-0.818715267156516	-0.201091053511047	0.422306364480605
-0.111033386636892	-0.807231402559646	-0.192204535820823	0.429763434201501
-0.104831874571478	-0.794379387292617	-0.184219004890815	0.43681132571652
-0.0986303625060645	-0.788026364294874	-0.178038603958393	0.443528437676532
-0.0924288504406507	-0.778966251685267	-0.167019631005826	0.457333397073326
-0.0862273383752372	-0.774251596189573	-0.160697732566237	0.459185888733083
-0.0800258263098235	-0.764469970945572	-0.156346655014247	0.463781286473101
-0.0738243142444097	-0.761953778689631	-0.148870297674953	0.470595389375856
-0.067622802178996	-0.750807497711998	-0.139280531186686	0.481315567938126
-0.0614212901135824	-0.738740369273018	-0.13505676027229	0.499213052850482
-0.0552197780481687	-0.742173115012655	-0.124751414243726	0.502377337086691
-0.0490182659827549	-0.729676343166305	-0.117898541684577	0.506506265214731
-0.0428167539173414	-0.724410406115929	-0.109076319830644	0.505616541025199
-0.0366152418519277	-0.714313678169803	-0.102049837833816	0.52264602938827
-0.0304137297865139	-0.707198742922899	-0.0971498401013847	0.524736780223003
-0.0242122177211002	-0.701800913637419	-0.0873802541394747	0.531355756438772
-0.0180107056556866	-0.699678360623757	-0.0814564748006065	0.539954421341728
-0.0118091935902729	-0.67648165111345	-0.0745448099415413	0.547172838112624
-0.00560768152485913	-0.675040657405812	-0.065695738178045	0.556847931575887
0.000593830540554618	-0.668848304424303	-0.0596675318674115	0.556384927097979
0.00679534260596815	-0.6619899352725	-0.0526057982522906	0.568666779729264
0.0129968546713819	-0.656971070891746	-0.0446092027398211	0.575806683195486
0.0191983667367956	-0.646064700368159	-0.0380137344771829	0.583665649869144
0.0253998788022094	-0.640936628974528	-0.027949268151018	0.592315470318044
0.0316013908676229	-0.622474736919571	-0.0212921568456441	0.600368149557703
0.0378029029330367	-0.628486899581961	-0.011499155982147	0.606643313021064
0.0440044149984504	-0.615803288348296	-0.00715599004824984	0.616010645916279
0.0502059270638642	-0.614084972202732	-0.000667312191092912	0.620005100912251
0.0564074391292777	-0.603767680042385	0.0117208211286944	0.626695157757018
0.0626089511946915	-0.589365465805427	0.0169312411800497	0.629651689896836
0.0688104632601052	-0.588679440268709	0.0216452866332824	0.641227024252973
0.075011975325519	-0.582614580263887	0.0319293434869631	0.649163068590378
0.0812134873909325	-0.578196280124931	0.039234665777092	0.655411414641935
0.0874149994563462	-0.564517388477648	0.0435728793141495	0.667378270552024
0.09361651152176	-0.56408800137658	0.0538654287923848	0.672970162478603
0.0998180235871735	-0.54729969735308	0.0629128447989265	0.681252921624113
0.106019535652587	-0.550891144202478	0.0680045961956282	0.684653309418661
0.112221047718001	-0.534257011103117	0.0717565196422734	0.701797919762844
0.118422559783415	-0.539017388863861	0.0830551536823878	0.709976098613072
0.124624071848829	-0.526571247539528	0.0909205068930694	0.712841164404987
0.130825583914242	-0.510984167244455	0.0982393644748429	0.724325084447082
0.137027095979656	-0.517474691772083	0.102177560367626	0.724252036393099
0.14322860804507	-0.500266495183843	0.111488319039079	0.737878272688717
0.149430120110483	-0.504133398803767	0.118619072743652	0.749068228766208
0.155631632175897	-0.487917840243229	0.126218352413096	0.757684878699147
0.161833144241311	-0.48457893569828	0.134536838391558	0.757226144807582
0.168034656306724	-0.479617346201475	0.141052021306334	0.769502000103479
0.174236168372138	-0.473470602330501	0.150829942664763	0.780355128638085
0.180437680437552	-0.464733620411837	0.156385541860994	0.780457435656245
0.186639192502965	-0.461204498160004	0.164224130590678	0.794595105959498
0.192840704568379	-0.449257208195254	0.168408299152387	0.795014790265302
0.199042216633793	-0.445690496793639	0.180276036468703	0.808021620375842
0.205243728699207	-0.435536784260307	0.18761463777195	0.809671497455925
0.21144524076462	-0.42656901086619	0.192719502747159	0.823198987817483
0.217646752830034	-0.421156265537427	0.200825387046358	0.827951795400677
0.223848264895448	-0.414252873767149	0.210184572447435	0.837245115293363
0.230049776960861	-0.408464567436078	0.21545439063641	0.833752228106544
0.236251289026275	-0.394512278186224	0.225116013885262	0.856600111467603
0.242452801091689	-0.401542457474299	0.229903279777299	0.857707016772421
0.248654313157102	-0.390867469988231	0.239443917950868	0.866559900904726
0.254855825222516	-0.379238108629993	0.247094114307844	0.875232230602482
0.26105733728793	-0.374136566490934	0.253755879203606	0.88743475857999
0.267258849353343	-0.367112079089245	0.262499138025453	0.895302499675948
0.273460361418757	-0.359731032103461	0.271899023815315	0.907895040285438
0.279661873484171	-0.351980179488619	0.274493404528374	0.901171287139941
0.285863385549584	-0.35007726884371	0.283435575495293	0.912477869033183
0.292064897614998	-0.35138160787443	0.291948736232953	0.922019536210315
0.298266409680412	-0.33031432937482	0.297092514580999	0.934439602807722
0.304467921745825	-0.330211337586426	0.306463722427953	0.948691014848852
0.310669433811239	-0.325589775733262	0.311469310693773	0.939578540167036
0.316870945876653	-0.318915060666887	0.318591836765614	0.955155454663549
0.323072457942067	-0.305818108505366	0.323974410020804	0.962941681176112
0.32927397000748	-0.304897009096658	0.335782484334716	0.980464793509276
0.335475482072894	-0.296993371862362	0.342028895738326	0.985084841768827
0.341676994138308	-0.287644682305077	0.349537437709533	0.991136859839276
0.347878506203721	-0.283166007734785	0.357255639713428	1.00050857013594
0.354080018269135	-0.281335431048498	0.361851924019514	1.00826747005594
0.360281530334549	-0.273256447490784	0.371675865772611	1.01722127281001
0.366483042399962	-0.272954395932131	0.378394666595043	1.0184110963461
0.372684554465376	-0.259538522398992	0.386657719930653	1.0264244589277
0.37888606653079	-0.244401344594108	0.397224268276471	1.04062937218649
0.385087578596203	-0.241871302598956	0.400712147367992	1.04810333871499
0.391289090661617	-0.249284622959473	0.408203664178007	1.05315005202998
0.397490602727031	-0.230762514238843	0.415717485463154	1.0567366535709
0.403692114792444	-0.224928499485168	0.427153373393163	1.0636729529964
0.409893626857858	-0.22237099647668	0.430852256166403	1.08579797734777
0.416095138923272	-0.208729911313726	0.440223296979374	1.0968198316071
0.422296650988685	-0.203442958140403	0.445077237431447	1.09289160195124
0.428498163054099	-0.194369888455808	0.452678294539557	1.10345451138771
0.434699675119513	-0.200143061668808	0.459638620591221	1.12632522733461
0.440901187184927	-0.182492441343955	0.470658139953987	1.1266613677899
0.44710269925034	-0.176448478066048	0.478594316551043	1.13000720713842
0.453304211315754	-0.173036538309507	0.485565826542441	1.14681796574069
0.459505723381168	-0.173929920205634	0.492449389601669	1.15340010515909
0.465707235446581	-0.159185484449987	0.498163672430013	1.15484890980478
0.471908747511995	-0.156452072900269	0.505045870587332	1.15976030627137
0.478110259577409	-0.151871602605259	0.512314629115805	1.17434700989683
0.484311771642822	-0.144990891627707	0.520157556960286	1.18682584869991
0.490513283708236	-0.139021442776455	0.53091341281856	1.1915904038774
0.49671479577365	-0.131507038624038	0.53650285341974	1.19869214405248
0.502916307839063	-0.132586381344907	0.543258525143441	1.20840367552326
0.509117819904477	-0.116998896374335	0.55154429624752	1.20446809937884
0.515319331969891	-0.117169521764387	0.558274890414342	1.2230715590116
0.521520844035305	-0.107438562841492	0.5632396064556	1.23924738908218
0.527722356100718	-0.111943169386977	0.571233339999781	1.23912311611073
0.533923868166132	-0.0908952622664688	0.583862510150693	1.24847665347121
0.540125380231546	-0.0865629135251108	0.585883833871772	1.2554785575561
0.54632689229696	-0.084062600399471	0.597239905897976	1.26535368012937
0.552528404362373	-0.0710659693813057	0.603267106221587	1.27247153530442
0.558729916427787	-0.073804337889875	0.611236796835225	1.28946174505609
0.564931428493201	-0.0644232620936496	0.613113107688012	1.29100974618045
0.571132940558614	-0.0594443941586379	0.627917996933399	1.30367739447878
0.577334452624028	-0.0560647341787019	0.633307287594977	1.30549551383755
0.583535964689442	-0.0409058465214639	0.638770195039646	1.31474191934529
0.589737476754855	-0.0460877261417729	0.644591977452798	1.32337412122466
0.595938988820269	-0.0288676792847369	0.654072191417634	1.34079781801186
0.602140500885683	-0.0311308461450967	0.663307620190354	1.34233828552144
0.608342012951097	-0.0324808360666556	0.674758905784643	1.34908926266062
0.61454352501651	-0.0140184187863027	0.674843532108375	1.36166703033695
0.620745037081924	-0.00348972641908183	0.682101767514314	1.38657812426105
0.626946549147338	-0.00701100804015076	0.69329550582611	1.38659570227478
0.633148061212751	0.00915219729952838	0.699335615354639	1.38729466317467
0.639349573278165	0.00366728041063666	0.706252683305854	1.38847342806553
0.645551085343579	0.0125789536539601	0.716449216722298	1.40594656043759
0.651752597408992	0.0209710398065355	0.722354292445428	1.4157508557352
0.657954109474406	0.0305540927521569	0.72578140317369	1.42665176623541
0.66415562153982	0.0273833458649435	0.738364696913291	1.44153050016116
0.670357133605233	0.0399319426424609	0.742690059591271	1.44500624143375
0.676558645670647	0.0387293963364072	0.751954585105649	1.44797047971101
0.682760157736061	0.0569299608473803	0.756635235896612	1.45846840561875
0.688961669801474	0.0517008718700337	0.760812806709051	1.47608556274233
0.695163181866888	0.0650689263082003	0.774731985092154	1.47604352377849
0.701364693932302	0.0649088407653809	0.782731863374955	1.48896148520794
0.707566205997715	0.071010879057972	0.788714477519106	1.4967051432813
0.713767718063129	0.0792479892737833	0.796320175162865	1.50504724127846
0.719969230128543	0.0884398958659757	0.801022393713748	1.5146013028291
0.726170742193957	0.0952248481223407	0.810660714258485	1.52261452751258
0.73237225425937	0.0977914886950701	0.816307328113063	1.5332474567606
0.738573766324784	0.0999484572948725	0.823733929867194	1.54513395618558
0.744775278390198	0.115269011485633	0.832299529163925	1.54409528955882
0.750976790455611	0.118216325681	0.840098833736779	1.55799426572318
0.757178302521025	0.120357651293523	0.847380536678142	1.57561031425649
0.763379814586439	0.119666026264911	0.854192103428786	1.57972915516668
0.769581326651852	0.130570527974871	0.86570361904394	1.5767799989064
0.775782838717266	0.140418040961325	0.869405316580567	1.59791260997532
0.78198435078268	0.142115248390231	0.876406995398177	1.60679753238222
0.788185862848093	0.14882563701032	0.884945116419639	1.60666187858707
0.794387374913507	0.152112365183795	0.891937837136084	1.61468543678215
0.800588886978921	0.149385766652455	0.897580314270336	1.62391247389303
0.806790399044334	0.174032776095717	0.907282277838705	1.63706117406603
0.812991911109748	0.169441017845832	0.910827989821859	1.64877147101513
0.819193423175162	0.173694008665542	0.921707914863217	1.65618180018092
0.825394935240575	0.188784926623332	0.929952751837028	1.67261766838186
0.831596447305989	0.185069253212677	0.938853776573814	1.67132537492746
0.837797959371403	0.191799314997315	0.942670759910331	1.69024724888107
0.843999471436817	0.201700537432587	0.954103986713846	1.69761972138874
0.85020098350223	0.200605892305223	0.959028868953901	1.70209069593993
0.856402495567644	0.212619513492499	0.965993730708599	1.71106920722906
0.862604007633058	0.213369658074951	0.974087052301237	1.72761925396277
0.868805519698471	0.222403580616714	0.979916213509246	1.71796144947506
0.875007031763885	0.226435735658389	0.988687619366561	1.73708195816717
0.881208543829299	0.234645501598335	0.994770380268761	1.74554126188686
0.887410055894712	0.23227336079738	0.998661001439292	1.76870936965813
0.893611567960126	0.239476496962784	1.013207673345	1.75876768981348
0.89981308002554	0.248817378281511	1.01706604159247	1.77293741323876
0.906014592090953	0.253847388773497	1.02820904305624	1.78717262726856
0.912216104156367	0.258310897462653	1.03409268675473	1.78733048004243
0.918417616221781	0.264113341993544	1.04114395536177	1.80635823241214
0.924619128287195	0.275477591412732	1.0474027860385	1.81781245771743
0.930820640352608	0.277584202818347	1.05413194820377	1.82441148312742
0.937022152418022	0.272488779779385	1.05951359768618	1.83086807608613
0.943223664483436	0.280631770249331	1.06850486781702	1.83556007204125
0.94942517654885	0.288807203837652	1.07438716019971	1.85100993499474
0.955626688614263	0.2971378979724	1.08504651328153	1.85843397228534
0.961828200679677	0.299610992133639	1.09388633027699	1.86567026196709
0.968029712745091	0.305212201228979	1.10254293549886	1.87457926047487
0.974231224810504	0.318776360621725	1.10741366061564	1.89267603339176
0.980432736875918	0.319440625259503	1.11642911958503	1.89955062447364
0.986634248941332	0.324256456029926	1.1226010777923	1.9036323767617
0.992835761006745	0.330513694436273	1.13168533451455	1.9097013430077
0.999037273072159	0.341774375755186	1.13541823757173	1.91649994433327
1.00523878513757	0.342942720788511	1.14435306057943	1.93342753972509
1.01144029720299	0.348878739030589	1.15194249110427	1.94651500185856
1.0176418092684	0.365985043417343	1.15599059909833	1.95127668926456
1.02384332133381	0.360123767070044	1.16495845359143	1.95582678008043
1.03004483339923	0.35563634102577	1.17459926361595	1.97513140897695
1.03624634546464	0.363932842200777	1.18373653775848	1.98520049522191
1.04244785753005	0.373599171158911	1.18718721125362	1.99794005472509
1.04864936959547	0.378616675712808	1.19741289602363	2.00906699573079
1.05485088166088	0.381949214425843	1.20331846796031	2.00200380507427
1.0610523937263	0.390884101329247	1.21483777960301	2.01246132490455
1.06725390579171	0.400199549777546	1.22034464779342	2.02644386395653
1.07345541785712	0.405705971336181	1.22451421700953	2.03763057122102
1.07965692992254	0.413263141137799	1.23532440581926	2.05155515491106
1.08585844198795	0.406439650640576	1.23975719564305	2.05361997769763
1.09205995405336	0.424341285935198	1.25068608891807	2.06812602007751
1.09826146611878	0.421083141889822	1.25575554432453	2.07309107966
1.10446297818419	0.428514188423917	1.26278144446021	2.07847861467354
1.11066449024961	0.42877425783247	1.27080272981338	2.09679554526141
1.11686600231502	0.430234413530998	1.27893985164293	2.10725817466242
1.12306751438043	0.441218739325347	1.28327119468164	2.12082286767237
1.12926902644585	0.45228059087648	1.29268475373144	2.12176336689913
1.13547053851126	0.460671673570418	1.29970104735567	2.13012956599733
1.14167205057667	0.448750994193898	1.30666874719059	2.13778586840458
1.14787356264209	0.464202053341696	1.316764576629	2.1496825468621
1.1540750747075	0.467565177675014	1.32154718789059	2.15424511864264
1.16027658677291	0.473211482596615	1.32780383954995	2.16681095837246
1.16647809883833	0.480943262074588	1.33859847558627	2.17699168604237
1.17267961090374	0.489737653553431	1.345119118626	2.1878016838752
1.17888112296916	0.492874392823214	1.35184405746299	2.20021994149748
1.18508263503457	0.49717635666694	1.36244983980511	2.21075577222384
1.19128414709998	0.491347662856749	1.36893046000736	2.20895324434239
1.1974856591654	0.50137677312617	1.37367645085777	2.23061488454452
1.20368717123081	0.509451726240788	1.38082684018015	2.23713999406124
1.20988868329622	0.517489010688268	1.39497807418476	2.24483874627492
1.21609019536164	0.524342852770305	1.39345453469135	2.24895624455524
1.22229170742705	0.541750132509066	1.40652419455932	2.27340364628616
1.22849321949247	0.541093985040115	1.41092081442474	2.27873051723592
1.23469473155788	0.538915125208456	1.41981304958223	2.27527623759956
1.24089624362329	0.547741088934261	1.42465205960336	2.29636398205298
1.24709775568871	0.544651226478755	1.4343639956061	2.29535811586521
1.25329926775412	0.547605004284114	1.44092998658906	2.31252761520304
1.25950077981953	0.569153389516222	1.44755313879588	2.32970689967337
1.26570229188495	0.561441343092708	1.45564195050259	2.33162160586821
1.27190380395036	0.572954043615647	1.46596183211235	2.34311992765253
1.27810531601577	0.566474512493841	1.4723660691112	2.34806633192824
1.28430682808119	0.57954090140258	1.47732357350594	2.35426719937692
1.2905083401466	0.573330890740959	1.48590757621636	2.36502567100023
1.29670985221202	0.591954017900011	1.49495054505778	2.37592163291406
1.30291136427743	0.598837238805278	1.49977303541321	2.38328029702698
1.30911287634284	0.608285957727476	1.51058167461447	2.39323534837128
1.31531438840826	0.612424152446829	1.51725578755171	2.40015580839088
1.32151590047367	0.602364684273486	1.52158785925214	2.42740831371604
1.32771741253908	0.613976215171628	1.52942206281683	2.41821445217465
1.3339189246045	0.623183888677005	1.53546911889214	2.44416153815811
1.34012043666991	0.612270437872098	1.545352854583	2.44714366977078
1.34632194873533	0.634033277870864	1.55281012012902	2.4544550421942
1.35252346080074	0.635705140821529	1.55873817388822	2.46356611309971
1.35872497286615	0.641502099014167	1.5683839843798	2.47198870245638
1.36492648493157	0.64774277672111	1.57637935415375	2.47968422979441
1.37112799699698	0.651752068054738	1.58283639214716	2.49308834583351
1.37732950906239	0.659583614752578	1.58871954007473	2.49730567151162
1.38353102112781	0.661880076067847	1.59646082780664	2.51407583048645
1.38973253319322	0.660321907880425	1.60569810897741	2.52634103849388
1.39593404525864	0.668226369894244	1.61394937034601	2.52814450784694
1.40213555732405	0.673104551074953	1.62093692758957	2.54823789656212
1.40833706938946	0.681467927474036	1.62227301937351	2.55574995474498
1.41453858145488	0.685086775825316	1.63413495909693	2.55868075093752
1.42074009352029	0.703412558781913	1.64321775754068	2.56853176072913
1.4269416055857	0.686871904039542	1.64721018554359	2.58691211101574
1.43314311765112	0.69771500868908	1.65484544329125	2.59456385121671
1.43934462971653	0.705072578525714	1.6631554554238	2.59694584782207
1.44554614178194	0.714003119354594	1.66761794660344	2.60951658508252
1.45174765384736	0.713112967704002	1.67856450553468	2.62723883790553
1.45794916591277	0.730256695278082	1.68364331065396	2.62488417852345
1.46415067797819	0.716446719930649	1.69394976271564	2.65005762422823
1.4703521900436	0.734025167719496	1.6995057251325	2.65442019351144
1.47655370210901	0.739047936554865	1.7130753477999	2.65464746401584
1.48275521417443	0.739139963283208	1.71498195821115	2.6727115248497
1.48895672623984	0.751945242480178	1.72611492390065	2.6749423694157
1.49515823830525	0.749557917578561	1.73168060655576	2.68281125885668
1.50135975037067	0.767177607045304	1.73846326871968	2.68114361092683
1.50756126243608	0.761182261815603	1.74590738955748	2.70666408170138
1.5137627745015	0.763380191479983	1.75337792183909	2.72761259928453
1.51996428656691	0.782170046277855	1.76244271767314	2.71829473219524
1.52616579863232	0.781929971796399	1.76820285597717	2.73493179779012
1.53236731069774	0.787153002427697	1.77469097273942	2.75259397432383
1.53856882276315	0.783741429903625	1.7842913020218	2.75149369977191
1.54477033482856	0.797090594761511	1.79065944782147	2.77245937526639
1.55097184689398	0.800665132611479	1.79715128854849	2.7652027287151
1.55717335895939	0.804411848257963	1.80140424925984	2.78040945157077
1.5633748710248	0.798568680653535	1.81040853733522	2.79381790620427
1.56957638309022	0.811516513759527	1.81908517376019	2.81209084588911
1.57577789515563	0.827254750973047	1.8302085327472	2.80492336262343
1.58197940722105	0.823266368379973	1.83262259885636	2.81469143074838
1.58818091928646	0.822984715517596	1.84331690843822	2.82756684594536
1.59438243135187	0.833057355739317	1.8475702830384	2.84737604242306
1.60058394341729	0.832731851564401	1.85836364873566	2.85096707812436
1.6067854554827	0.84763236154166	1.86315720209887	2.86217020658707
1.61298696754811	0.847218855150745	1.87189606402557	2.87585451022445
1.61918847961353	0.849610039093417	1.87644324362226	2.89159592992012
1.62538999167894	0.854213542295437	1.88654523395281	2.8881752350387
1.63159150374436	0.862128196560217	1.89156495392253	2.9011261431165
1.63779301580977	0.875298452145211	1.90198284040632	2.90155495206454
1.64399452787518	0.874256505716713	1.91148155091824	2.92945764183941
1.6501960399406	0.887467442946427	1.91541118635135	2.92536889634109
1.65639755200601	0.885043139658179	1.92565120756855	2.9434926763185
1.66259906407142	0.891600085033293	1.9318230492017	2.95165986841144
1.66880057613684	0.887057974531522	1.93881730206189	2.95902714949782
1.67500208820225	0.898536624043467	1.94870024138667	2.96992196566784
1.68120360026766	0.90498580966368	1.95044904087107	2.98094370908924
1.68740511233308	0.908474012842924	1.95857543290701	2.99051285785483
1.69360662439849	0.917509090335701	1.96671528338607	2.99986635547344
1.69980813646391	0.913867523145254	1.9748939068382	3.00684076235705
1.70600964852932	0.91895873259141	1.98465606269693	3.02133323319492
1.71221116059473	0.925736436157425	1.99131426031446	3.02450621668889
1.71841267266015	0.92367504523255	1.99732862007232	3.04471601972613
1.72461418472556	0.931706658368419	2.00612533708665	3.04019236981514
1.73081569679097	0.953341291067703	2.00945257431243	3.06186421804711
1.73701720885639	0.957494184196858	2.0200867412552	3.05862327390041
1.7432187209218	0.956172563727165	2.02488438805244	3.07245273644503
1.74942023298722	0.950246673226705	2.03760840467225	3.08244598777696
1.75562174505263	0.957594651715192	2.04204333844986	3.10875140309533
1.76182325711804	0.967966695100047	2.0499841243077	3.10750501786579
1.76802476918346	0.972963022228512	2.05929029495935	3.11955149578195
1.77422628124887	0.978390117095207	2.06073288820117	3.1313716873531
1.78042779331428	0.97416653614077	2.0716497180008	3.13141126449937
1.7866293053797	0.984234431751742	2.07992819880213	3.14980587307314
1.79283081744511	0.984983116857781	2.08596310504448	3.16138654110899
1.79903232951053	1.00039866704732	2.09745746093396	3.17182606201675
1.80523384157594	1.00040808120661	2.10252691484771	3.17535740252742
1.81143535364135	0.999839612082524	2.11231254860357	3.18823080369958
1.81763686570677	1.01017431484582	2.11485276159713	3.18584226927253
1.82383837777218	1.0273696494927	2.12575507045179	3.21101836382014
1.83003988983759	1.02544557590215	2.13297774942434	3.2085071751767
1.83624140190301	1.02162781525172	2.13662646024568	3.22714321483376
1.84244291396842	1.02831140610343	2.14275061737621	3.23203977471294
1.84864442603383	1.01379382863567	2.15149123082338	3.25261456705476
1.85484593809925	1.05607083798786	2.16461212486023	3.2556085369157
1.86104745016466	1.04724753560212	2.16863019635952	3.27672965946789
1.86724896223008	1.04731696735865	2.17371725211227	3.2699734187414
1.87345047429549	1.06207279485286	2.18231600497964	3.29685322459504
1.8796519863609	1.05654242270547	2.18810713076846	3.29638240899912
1.88585349842632	1.06809422355343	2.19428053123191	3.30022944194409
1.89205501049173	1.05840689101985	2.20180559064977	3.31749140743446
1.89825652255714	1.06748537775086	2.21428084539275	3.33249342153339
1.90445803462256	1.06834040452075	2.22029828860502	3.33016705155498
1.91065954668797	1.07998268194135	2.22495248264598	3.35136526846665
1.91686105875339	1.07864037746295	2.23164338028599	3.35981140985815
1.9230625708188	1.0876482362454	2.24192660201994	3.37173201808092
1.92926408288421	1.10019180515178	2.25201247438738	3.37496611660173
1.93546559494963	1.09579757296234	2.25789632716281	3.37770040934545
1.94166710701504	1.10603525788518	2.26573925230928	3.393662092651
1.94786861908045	1.11462608878614	2.26992357040241	3.40405349172155
1.95407013114587	1.11085042220981	2.27446884837211	3.42040360349959
1.96027164321128	1.11118965907226	2.28144017567813	3.41924415168383
1.96647315527669	1.12455597293831	2.2942709564905	3.43368640287706
1.97267466734211	1.12374140338261	2.30065927810907	3.43881309546622
1.97887617940752	1.12745194779935	2.30838638671132	3.45632903686988
1.98507769147294	1.13378541271676	2.31615204576529	3.46300356765126
1.99127920353835	1.13899976695992	2.32052457188735	3.46882115810803
1.99748071560376	1.15066183560222	2.33005327037578	3.49029327704159
2.00368222766918	1.14775707608313	2.33827878800598	3.4935057519659
2.00988373973459	1.17438123856601	2.35113821588392	3.49787395537947
2.0160852518	1.17337096237546	2.35310480942545	3.52068326934156
2.02228676386542	1.16362354073538	2.35641858127748	3.52265084668809
2.02848827593083	1.17439392920251	2.36592867471726	3.53876832273984
2.03468978799625	1.17369399723517	2.37390827745271	3.55948765985349
2.04089130006166	1.17092198216744	2.38031580043083	3.56217740277627
2.04709281212707	1.17779086967795	2.38675454726884	3.55997529543026
2.05329432419249	1.18947178468559	2.39690866183191	3.57967237943172
2.0594958362579	1.19832104036677	2.408323256087	3.59349686295789
2.06569734832331	1.20219841083156	2.41596437352938	3.59728327442903
2.07189886038873	1.20285283032078	2.42010678754947	3.61403519328079
2.07810037245414	1.20226118787602	2.42634582802482	3.62013789724768
2.08430188451955	1.21299090905413	2.43598507243748	3.62571511077367
2.09050339658497	1.20810162247352	2.43816861996221	3.63784134739578
2.09670490865038	1.22084433087851	2.44872017297541	3.6459010154479
2.1029064207158	1.22876954120258	2.45934961924486	3.65322450106517
2.10910793278121	1.23310592266838	2.46428552549908	3.66784000170315
2.11530944484662	1.23892158221142	2.47305861959334	3.66992692061919
2.12151095691204	1.23708387648417	2.47694455823048	3.6916609860246
2.12771246897745	1.25105099059578	2.48764562448529	3.69813055093216
2.13391398104286	1.25128611738767	2.49525407850769	3.70374642522776
2.14011549310828	1.26082865704351	2.5015681074285	3.71684071819673
2.14631700517369	1.26648635972751	2.50234704379293	3.72527224535293
2.15251851723911	1.26233416695302	2.51922307707012	3.74149551926048
2.15872002930452	1.27867842960686	2.52373344277403	3.73829918213049
2.16492154136993	1.2764184882837	2.52926977564112	3.73826549378044
2.17112305343535	1.26980981684028	2.53790068695196	3.75948963810481
2.17732456550076	1.28275607489414	2.5435806786791	3.7837474515648
2.18352607756617	1.29140928574495	2.55186070284774	3.78782068196481
2.18972758963159	1.29277734800348	2.55913320715513	3.81086115606388
2.195929101697	1.28786171069259	2.56854262083252	3.81277399041948
2.20213061376242	1.30326276721758	2.57849762432865	3.81439632657354
2.20833212582783	1.3057493132489	2.58558576881371	3.82569815056909
2.21453363789324	1.31605745684752	2.59090063371225	3.8352824244644
2.22073514995866	1.31018221858863	2.60005773133693	3.84087635928926
2.22693666202407	1.32855963500162	2.60435783730154	3.85991282571303
2.23313817408948	1.32963918528849	2.6090722164299	3.87233900995481
2.2393396861549	1.33170899511779	2.6197506759217	3.86939142809519
2.24554119822031	1.32823599593956	2.62931575808691	3.89942934086279
2.25174271028573	1.34356439260595	2.6311978674839	3.90213300921729
2.25794422235114	1.34088572182232	2.64303708121999	3.91426067307443
2.26414573441655	1.34493868772643	2.64896445950372	3.91608678057635
2.27034724648197	1.34259501922537	2.65683949645893	3.94021907276655
2.27654875854738	1.35778090737729	2.66232676678848	3.9380402764584
2.28275027061279	1.36482785913266	2.66785289394715	3.94446807918507
2.28895178267821	1.3569435936313	2.68131718467151	3.954868389601
2.29515329474362	1.37009318705066	2.68358357865733	3.95978402966824
2.30135480680903	1.37824252155518	2.69632405933521	3.97609043606053
2.30755631887445	1.37654210986886	2.7047127820918	3.98743846391574
2.31375783093986	1.38047486239107	2.70796955307975	3.99730964553676
2.31995934300528	1.38432868666422	2.71588947485461	4.01264924145176
2.32616085507069	1.39193713986978	2.7244305096983	4.02209689345477
2.3323623671361	1.40348895635864	2.73126157230325	4.02391747314795
2.33856387920152	1.40557032198798	2.73543647140083	4.04312250620673
2.34476539126693	1.41717093269736	2.74317254216189	4.05092445631725
2.35096690333234	1.39527498597671	2.75423163277161	4.05545072190665
2.35716841539776	1.43386130472003	2.75874320857646	4.07031055252268
2.36336992746317	1.41490105633456	2.76544413182819	4.07488453780839
2.36957143952859	1.4098172197832	2.77463706257643	4.09124747267802
2.375772951594	1.43775554853961	2.78188687467694	4.08996188738131
2.38197446365941	1.44077803234106	2.79049046513666	4.11836461150947
2.38817597572483	1.45018936082338	2.7984542407819	4.11050469376163
2.39437748779024	1.43782963612675	2.80711389358726	4.12966385552107
2.40057899985565	1.43987322748156	2.81177423823086	4.12645905846816
2.40678051192107	1.4496273690262	2.8178876348021	4.1525696196675
2.41298202398648	1.45836389916968	2.8302328179961	4.15774141656138
2.41918353605189	1.46953955712189	2.83926883831377	4.16660275710231
2.42538504811731	1.47520911633849	2.84716472561843	4.18377424331934
2.43158656018272	1.46297603946054	2.85140632217077	4.1983311285167
2.43778807224814	1.46639283686098	2.85635788611538	4.19834738578731
2.44398958431355	1.47044997179353	2.86555824641208	4.20106402596707
2.45019109637896	1.49361544304604	2.87055921925322	4.22145199095827
2.45639260844438	1.49515349856699	2.87881808546962	4.23928773766211
2.46259412050979	1.50057053259116	2.88541180205995	4.24479808357954
2.4687956325752	1.51094261348841	2.89381273739336	4.2384277259804
2.47499714464062	1.51724690020618	2.89973018381987	4.26307873063498
2.48119865670603	1.50946076950458	2.91048480820974	4.26847180593125
2.48740016877145	1.51357946402639	2.91604090545781	4.2811501662637
2.49360168083686	1.52576383480097	2.92251430230134	4.28198232423729
2.49980319290227	1.52943987083883	2.92754627944188	4.30583845912924
2.50600470496769	1.52829693007153	2.93818551770479	4.30764934129415
2.5122062170331	1.52673718035581	2.94564505300449	4.33247769600786
2.51840772909851	1.52088040353196	2.95050316453145	4.33651074451922
2.52460924116393	1.52630846855096	2.95747810691805	4.33387602151526
2.53081075322934	1.55128211096851	2.96678766083649	4.35381548190491
2.53701226529475	1.541915077182	2.97522649990134	4.37073409105139
2.54321377736017	1.55560701949558	2.98481520302846	4.38087832218879
2.54941528942558	1.56087143248791	2.99382621850441	4.38826127013349
2.555616801491	1.55347551065557	2.99925629862919	4.38867456381368
2.56181831355641	1.57630360725582	3.00687158453759	4.40648656356876
2.56801982562182	1.5751304991211	3.01567605754222	4.41102225218449
2.57422133768724	1.56738350493493	3.01659969212378	4.4192965008826
2.58042284975265	1.58062533954043	3.02858684889806	4.44432412405083
2.58662436181806	1.58812741134652	3.03507814177503	4.4425555144412
2.59282587388348	1.59110533913429	3.04288310340425	4.44935774038641
2.59902738594889	1.58816437952913	3.05027851282183	4.4622328072629
2.60522889801431	1.61021318143818	3.05161541507161	4.46849638628909
2.61143041007972	1.6057021039702	3.06251625764288	4.48644331853488
2.61763192214513	1.61666766762112	3.07394273363542	4.48913567035567
2.62383343421055	1.60314648872864	3.08548889992665	4.5076554210431
2.63003494627596	1.62220373500754	3.09047248103653	4.51587835809943
2.63623645834137	1.63181883399328	3.09138381276259	4.51849316652109
2.64243797040679	1.63373068169319	3.10345238988245	4.53789842460801
2.6486394824722	1.62707040769689	3.10710656596815	4.55133392816187
2.65484099453761	1.64313190975724	3.118342876554	4.56711514570619
2.66104250660303	1.6470792403435	3.12327465223844	4.56379317009107
2.66724401866844	1.6419013981982	3.13006997609371	4.5836261394829
2.67344553073386	1.64243725454842	3.14147848196649	4.58542292067852
2.67964704279927	1.65844476930114	3.14650989825704	4.60204372589303
2.68584855486468	1.67495021110267	3.15237243516835	4.60909390782818
2.6920500669301	1.66976370782135	3.15373415727459	4.62700900595225
2.69825157899551	1.66981047234527	3.1681864479741	4.62774028222556
2.70445309106092	1.67766723294066	3.17494181940368	4.62762238997838
2.71065460312634	1.67491666554718	3.18501241671042	4.65279083035772
2.71685611519175	1.68955201814927	3.19234719953592	4.67292856622243
2.72305762725717	1.68229106714787	3.19989111503661	4.66000194933166
2.72925913932258	1.68740448234786	3.20706756258007	4.67250181505334
2.73546065138799	1.6996394629525	3.21263668405316	4.68779303216797
2.74166216345341	1.69201555767175	3.21904308624283	4.70112319814639
2.74786367551882	1.70782415177286	3.22445908892704	4.71402944004312
2.75406518758423	1.70100195049525	3.23063822180518	4.70830247027395
2.76026669964965	1.71565113858195	3.24177691098741	4.72738709960286
2.76646821171506	1.72069277966562	3.25076267727976	4.73632175596178
2.77266972378047	1.72344085346179	3.25614400985828	4.74359561910334
2.77887123584589	1.73781356090503	3.26689489243141	4.76153939189131
2.7850727479113	1.71807002832087	3.27386527601553	4.76862885232813
2.79127425997672	1.7405762183349	3.27580405323814	4.78443193288238
2.79747577204213	1.73700603838977	3.28640333899158	4.78324679988838
2.80367728410754	1.75727625461495	3.29219933638857	4.79990928123341
2.80987879617296	1.74857068249028	3.29845824062259	4.80783081452864
2.81608030823837	1.76347804117559	3.31170909703281	4.81595682152382
2.82228182030378	1.771984573427	3.3195422138135	4.83279864055012
2.8284833323692	1.77197390589817	3.32213752530851	4.85210509957641
2.83468484443461	1.77108770035888	3.33215243092189	4.85290494564869
2.84088635650003	1.77631810781041	3.34437778234281	4.85106436348219
2.84708786856544	1.78565711600471	3.34941383072056	4.86703821234756
2.85328938063085	1.78222259120241	3.35376076546016	4.88691427293316
2.85949089269627	1.7801794092473	3.36033870089856	4.89588666221707
2.86569240476168	1.79851248495448	3.37022606694678	4.91081606604055
2.87189391682709	1.80671244149619	3.37470644035554	4.91795800070453
2.87809542889251	1.80004957358192	3.38842852140722	4.92173707099655
2.88429694095792	1.798869362329	3.39113799055192	4.92460438662707
2.89049845302333	1.80158732416962	3.39794146087653	4.94302194341172
2.89669996508875	1.81631241782634	3.40289775721582	4.95219076213907
2.90290147715416	1.81723071264912	3.41109403728204	4.96461718005649
2.90910298921958	1.81982739067232	3.41701753186028	4.9688523528037
2.91530450128499	1.81498611334002	3.41926401491031	4.98822156657775
2.9215060133504	1.82437941871681	3.43265551763494	4.99160186506366
2.92770752541582	1.84009823481937	3.44304963423535	5.00243875324536
2.93390903748123	1.83782767860725	3.44598050310903	5.01921391418022
2.94011054954664	1.84434408010675	3.45925707157873	5.03405223240128
2.94631206161206	1.83788167517409	3.45967540430112	5.05338433901783
2.95251357367747	1.84333406967076	3.46840027182014	5.04501711956108
2.95871508574289	1.86289675470858	3.47716581245159	5.05698696886027
2.9649165978083	1.86945194764764	3.4898097775886	5.06619547263414
2.97111810987371	1.86254313454167	3.49569673872407	5.08261128297582
2.97731962193913	1.87801985388675	3.5033559804946	5.07399461512141
2.98352113400454	1.88616360123263	3.51178919219301	5.09785540180352
2.98972264606995	1.89990017091358	3.5164038914782	5.09715634611596
2.99592415813537	1.8893619992267	3.52576006807552	5.10669939963941
3.00212567020078	1.8950282835886	3.53230507970753	5.13104251036713
3.00832718226619	1.89944298296638	3.53227544013675	5.13503395452125
3.01452869433161	1.89884196104555	3.54640130101166	5.15515086202675
3.02073020639702	1.90770972301948	3.55391120161878	5.15169532437218
3.02693171846244	1.90113473664305	3.56670581601641	5.17533520515001
3.03313323052785	1.914533928996	3.57009330068725	5.17868836273773
3.03933474259326	1.90988650523233	3.57779002337917	5.18686891516247
3.04553625465868	1.90732005768913	3.58456254076635	5.20255008544758
3.05173776672409	1.93817684822997	3.59049835707874	5.21583883909789
3.0579392787895	1.91709919467396	3.59381072959142	5.21337150048657
3.06414079085492	1.94150625368303	3.6039868347658	5.23243998053632
3.07034230292033	1.94169447631161	3.61620849491802	5.24018149937026
3.07654381498575	1.94441729568663	3.6221609141576	5.24287075140854
3.08274532705116	1.95423012636745	3.63171702304447	5.2660639231969
3.08894683911657	1.96302083390167	3.63502185621834	5.2733356783291
3.09514835118199	1.97311689736473	3.64499183822889	5.27308151675162
3.1013498632474	1.9662310539781	3.64986207902402	5.29817163041931
3.10755137531281	1.9696111563368	3.65368431456489	5.30828389685261
3.11375288737823	1.95497524618328	3.66853445386232	5.33104390256896
3.11995439944364	1.96939156778866	3.67191095043723	5.32702740587527
3.12615591150906	1.97868243265772	3.67784989788562	5.33484297729755
3.13235742357447	1.98335375794515	3.6881727150637	5.35060526231716
3.13855893563988	1.98886148161146	3.69318855306223	5.35134925030762
3.1447604477053	2.00093995047857	3.701325637526	5.35457739194872
3.15096195977071	2.00255129670209	3.70808760096477	5.3912141138502
3.15716347183612	2.00602906181995	3.71472308744908	5.3811927766114
3.16336498390154	2.01268274655738	3.72282620737511	5.3847141500811
3.16956649596695	2.00509646112699	3.73270337878117	5.40909198286889
3.17576800803237	2.01318751948854	3.73440259974304	5.4305053630185
3.18196952009778	2.01712291643636	3.74857034571018	5.42082517952948
3.18817103216319	2.03009060840949	3.75197146488511	5.43713216986569
3.19437254422861	2.01778462945021	3.7607202866869	5.44560023429195
3.20057405629402	2.04343447238032	3.77111409328068	5.46539596868985
3.20677556835943	2.04031852042171	3.77500267371965	5.46198026123992
3.21297708042485	2.0359345947778	3.78050701649302	5.48407299892898
3.21917859249026	2.05473131754381	3.78647247588258	5.48602399770357
3.22538010455567	2.04013160737937	3.79985914054838	5.49680694754348
3.23158161662109	2.05646871330445	3.80699931757135	5.50890914638965
3.2377831286865	2.06556869789698	3.81433215088237	5.51045578053417
3.24398464075192	2.06535646956863	3.82160271943195	5.5303511822902
3.25018615281733	2.07433867023844	3.82703007248981	5.54647393133457
3.25638766488274	2.07414678681216	3.83149277439855	5.54592724700285
3.26258917694816	2.08612193007886	3.84385034745414	5.57070464789264
3.26879068901357	2.08241710212607	3.84915645309798	5.56383728097728
3.27499220107898	2.10108424220794	3.86082935380534	5.57487132615849
3.2811937131444	2.09567228696727	3.86164587740075	5.5910080597213
3.28739522520981	2.09520424572388	3.87314369309401	5.60060529030635
3.29359673727523	2.10968602072008	3.87316278222899	5.62553741913516
3.29979824934064	2.10365581050436	3.88159153266677	5.61346691833009
3.30599976140605	2.12011819804036	3.89333152990197	5.63449848139755
3.31220127347147	2.13110718596821	3.90236922065129	5.65822528344781
3.31840278553688	2.11336254648491	3.91036111638914	5.65181147720233
3.32460429760229	2.11947186508661	3.91515628882163	5.66888141796603
3.33080580966771	2.12044983027516	3.92276881205143	5.68161680284327
3.33700732173312	2.13252160657878	3.92795121151584	5.6915886075342
3.34320883379853	2.13577396136207	3.94185287751016	5.68176256863979
3.34941034586395	2.13919789195045	3.94706241330939	5.70595194405926
3.35561185792936	2.14094406569663	3.95414518836074	5.71504849425341
3.36181336999478	2.14346432539728	3.96005543112657	5.71506943282076
3.36801488206019	2.15478183710802	3.96621057835931	5.74228918897221
3.3742163941256	2.16842173572788	3.97736778763849	5.74449041567697
3.38041790619102	2.16433260805518	3.98391452662878	5.74840710156037
3.38661941825643	2.1667326399612	3.98692936246469	5.75928070369075
3.39282093032184	2.17414232992965	3.99603403521687	5.7764259734822
3.39902244238726	2.17829693872617	4.0099184163343	5.78746067665189
3.40522395445267	2.17217309435137	4.01891696566043	5.79709590263356
3.41142546651809	2.18808577631163	4.01391546717718	5.80435894344631
3.4176269785835	2.19023537711055	4.02480531192218	5.82317488006445
3.42382849064891	2.20401958613969	4.03756429243419	5.82113100355708
3.43003000271433	2.19536840055062	4.04489057503877	5.84266925904168
3.43623151477974	2.2140820080914	4.04946158734606	5.84949143972717
3.44243302684515	2.20396198062067	4.05575947885771	5.86373207598951
3.44863453891057	2.21106499923453	4.06604095033204	5.86473540734603
3.45483605097598	2.21601282112262	4.07314453137478	5.86988681379882
3.46103756304139	2.22083988250546	4.08629270932514	5.88973656428912
3.46723907510681	2.24447614329809	4.08532128739095	5.90677640782961
3.47344058717222	2.2234776513696	4.0929699154045	5.92216509382488
3.47964209923764	2.22949584747573	4.10321329389278	5.91409670419595
3.48584361130305	2.23456750394475	4.11245952688604	5.93845382190942
3.49204512336846	2.24190080951626	4.12451797891173	5.93814595912425
3.49824663543388	2.25370936583827	4.11922042145752	5.95549664592542
3.50444814749929	2.25323986900523	4.13239265794265	5.97515796783108
3.5106496595647	2.25334064995077	4.13809673021837	5.96474124006557
3.51685117163012	2.25755304246118	4.14702873370525	5.97698937421959
3.52305268369553	2.26353594168267	4.15697581228186	5.99788210336379
3.52925419576095	2.27144061459949	4.16193918221013	5.99093420510307
3.53545570782636	2.27846492904229	4.16506650096628	6.03279511747676
3.54165721989177	2.26586983870143	4.17182207142682	6.02837305133756
3.54785873195719	2.29427300267118	4.17968577537585	6.02799200051564
3.5540602440226	2.29199379791715	4.1899424864654	6.04115907168399
3.56026175608801	2.2927473863373	4.19429573121296	6.06177091234485
3.56646326815343	2.30421239365843	4.20226311086533	6.05948184506255
3.57266478021884	2.30202396396447	4.20849108712495	6.08700940672336
3.57886629228425	2.30854945775177	4.21792505478678	6.08752367550365
3.58506780434967	2.30226629397574	4.22315593616317	6.09140155755308
3.59126931641508	2.31189756517402	4.23774174995836	6.11286930585485
3.5974708284805	2.32914376194869	4.24205110278263	6.1054161986766
3.60367234054591	2.33445025107409	4.24917921394928	6.11764594937633
3.60987385261132	2.33650632506756	4.25385556656788	6.14167326322631
3.61607536467674	2.33891680434824	4.25634289037023	6.1452666828426
3.62227687674215	2.35211983664381	4.27867195846492	6.1518865654466
3.62847838880756	2.34201499625478	4.28490391377987	6.16450306065384
3.63467990087298	2.34132277647687	4.28880118499852	6.16710266078053
3.64088141293839	2.35240875315634	4.29969189485487	6.19432623100068
3.64708292500381	2.34950604158373	4.30231854847573	6.19440965928882
3.65328443706922	2.35737505268049	4.30712974261324	6.21102878309765
3.65948594913463	2.37267710606822	4.31915787313947	6.21784054815159
3.66568746120005	2.35884565271554	4.32481371608636	6.22024569274291
3.67188897326546	2.36623311060571	4.32734336068126	6.24178830123434
3.67809048533087	2.38243692139067	4.34260891078417	6.24878337526239
3.68429199739629	2.3770188787112	4.34879274671722	6.24920889687382
3.6904935094617	2.38675682325566	4.3530322917785	6.26948547081831
3.69669502152711	2.38723162851141	4.36555229769273	6.27378575244347
3.70289653359253	2.38602727514909	4.36883970298667	6.29741100546667
3.70909804565794	2.39228492273306	4.37608821227816	6.31411254697549
3.71529955772336	2.40597939130517	4.38418332813483	6.30971574212614
3.72150106978877	2.40362907252673	4.3881708006729	6.31821303106706
3.72770258185418	2.43110965530321	4.39471863398816	6.33298735792889
3.7339040939196	2.42371384160523	4.40769632666914	6.36436469082913
3.74010560598501	2.42278515704663	4.4180014557783	6.35645777722904
3.74630711805042	2.42166767544505	4.419444142383	6.36350635649505
3.75250863011584	2.41743297127628	4.42773928898812	6.38438007006516
3.75871014218125	2.44853641363315	4.43591516340899	6.37732130071082
3.76491165424667	2.45328148050856	4.43986699061052	6.38574133936744
3.77111316631208	2.43819916700798	4.45116369170674	6.39827674106024
3.77731467837749	2.44978572111708	4.45852773351172	6.40591201574428
3.78351619044291	2.44774710997232	4.46371735756017	6.44257572166034
3.78971770250832	2.45078628982455	4.47389024464621	6.42702351877704
3.79591921457373	2.45864589802489	4.48003417091678	6.45338662526792
3.80212072663915	2.46802905003553	4.48946569353226	6.45761364325574
3.80832223870456	2.46618094942244	4.49397567367934	6.45919166771388
3.81452375076997	2.48864542503102	4.50391086925093	6.48088439609419
3.82072526283539	2.48114709041474	4.50649713800466	6.50047472212479
3.8269267749008	2.48725969553767	4.51835490828132	6.51649840951242
3.83312828696622	2.47313019182406	4.52204331984965	6.50615726995396
3.83932979903163	2.50754483630681	4.52719466530839	6.5140172581525
3.84553131109704	2.52286254915285	4.53867904770004	6.53134771028362
3.85173282316246	2.51081110703909	4.55094372403073	6.53265512271328
3.85793433522787	2.50560490219015	4.55004325066707	6.55448903311515
3.86413584729328	2.52056331806448	4.55973565681005	6.576195682172
3.8703373593587	2.53087940078596	4.56584259414887	6.56215708814626
3.87653887142411	2.51879592204844	4.57447122813704	6.57710069324276
3.88274038348953	2.52324986826549	4.58303240768089	6.5923575586312
3.88894189555494	2.54234382913219	4.58454899158344	6.60543993363606
3.89514340762035	2.54804906250403	4.59962586637032	6.6040926002821
3.90134491968577	2.5540088425193	4.60740551806403	6.61401242149065
3.90754643175118	2.54431021085105	4.61345494859286	6.63130065897043
3.91374794381659	2.54272820661349	4.6168573135647	6.6435797360795
3.91994945588201	2.55205748822449	4.62760324671938	6.65988134648301
3.92615096794742	2.55934938825192	4.63373161167415	6.67199662642279
3.93235248001284	2.55663044094187	4.64198167842824	6.68175252549556
3.93855399207825	2.56718017397548	4.64327548331584	6.6834625322062
3.94475550414366	2.58473542850814	4.65916215466455	6.69873046861883
3.95095701620908	2.56324539412653	4.66265768261201	6.71688843069626
3.95715852827449	2.56434758209389	4.67102809176854	6.71663080098487
3.9633600403399	2.57070937890692	4.6756214682841	6.73415019236627
3.96956155240532	2.59524036304006	4.68793715055234	6.74475963226737
3.97576306447073	2.5955040964502	4.69561442901547	6.73570390129812
3.98196457653615	2.60208743597962	4.70208994793079	6.77183532491272
3.98816608860156	2.58133842757612	4.70590304971009	6.77269719896694
3.99436760066697	2.61787202135102	4.71660498851387	6.76855865874121
4.00056911273239	2.59899063797268	4.72598067953761	6.78829053175292
4.0067706247978	2.60112240885584	4.72805407739981	6.79902164123728
4.01297213686321	2.60575414454589	4.73841894691403	6.80985295206747
4.01917364892863	2.62274122145176	4.73916231515507	6.82575452673471
4.02537516099404	2.61401936387977	4.74899342303671	6.83226301903211
4.03157667305945	2.63982199391028	4.7537392771828	6.83729544661077
4.03777818512487	2.64676150885263	4.76692250330884	6.85985725261904
4.04397969719028	2.64004286002449	4.77968073303823	6.85605010286006
4.0501812092557	2.63124377088177	4.77761097633674	6.86009237122124
4.05638272132111	2.64936434129835	4.78900015548265	6.88372059469359
4.06258423338652	2.65439698234943	4.79589220238452	6.88684445715413
4.06878574545194	2.64562229244002	4.80586308420938	6.90050211705537
4.07498725751735	2.66260527824549	4.81628928687755	6.91348145112647
4.08118876958276	2.66979884947916	4.81261756471102	6.91932280879422
4.08739028164818	2.66739806596955	4.82734463064339	6.9343332729116
4.09359179371359	2.68364304677378	4.83366139920465	6.94297644219176
4.09979330577901	2.6885100547924	4.83954437460891	6.9568809071923
4.10599481784442	2.67438832472416	4.85469798331195	6.98106017029078
4.11219632990983	2.68863001194693	4.85533241228603	6.98577864133616
4.11839784197525	2.69943480705451	4.86063414514898	6.99266280988737
4.12459935404066	2.68580851576473	4.87321334096615	7.00307293222505
4.13080086610607	2.706309507053	4.88366047064114	6.99615533311401
4.13700237817149	2.71148081442912	4.88474018606227	7.010077177023
4.1432038902369	2.71612201567948	4.89900721807444	7.03089129722661
4.14940540230231	2.71355921023983	4.90808969457938	7.01913711200475
4.15560691436773	2.70764655799382	4.90686627323392	7.0419151622182
4.16180842643314	2.72346313312586	4.91844922075454	7.06621385802807
4.16800993849855	2.71686721131965	4.9248164233432	7.07120158155125
4.17421145056397	2.74284784195508	4.9303867630024	7.08672584020844
4.18041296262938	2.72949948267198	4.93928936602762	7.09063446743272
4.1866144746948	2.73220931436274	4.94652811529413	7.09330200464331
4.19281598676021	2.7542392012686	4.95464964520622	7.10425695109216
4.19901749882562	2.75141268823467	4.96523152164148	7.10850537580736
4.20521901089104	2.76109097488452	4.97063489314545	7.1361067481757
4.21142052295645	2.75756617404242	4.97630186061369	7.1352732252359
4.21762203502186	2.76862430138822	4.97908280694074	7.14775351421672
4.22382354708728	2.77261462490857	4.99035875529455	7.16732783382649
4.23002505915269	2.75985713789608	5.00001261670196	7.16915843066137
4.23622657121811	2.79281187570617	5.010833137266	7.17903448963964
4.24242808328352	2.77764789280929	5.01262616930634	7.194328333348
4.24862959534893	2.79928690255378	5.02516133203455	7.19721368167718
4.25483110741435	2.79342385114007	5.02988730913284	7.21790363766662
4.26103261947976	2.78479027392234	5.03411685786052	7.22518504513388
4.26723413154517	2.79313241317119	5.0438366114392	7.25289091234025
4.27343564361059	2.80316489804171	5.04760262151059	7.25555256626149
4.279637155676	2.80640828329996	5.05465059266103	7.25898435531248
4.28583866774142	2.81122746680719	5.06859702009256	7.25838628354514
4.29204017980683	2.80279687897658	5.06804736979895	7.2782380646408
