"mitochan"	"lwrNorm"	"medNorm"	"uprNorm"
-1.90327037354145	-3.48053885870516	-2.33534934841274	-1.21762626039738
-1.89616204912226	-3.46590108667012	-2.32974943990452	-1.20670343195289
-1.88905372470308	-3.45501908899789	-2.31941247003784	-1.19760840302806
-1.88194540028389	-3.43716358865019	-2.3106727873276	-1.19697756501752
-1.8748370758647	-3.42873066578335	-2.30167485001385	-1.18662996455948
-1.86772875144552	-3.413574424997	-2.29499411159188	-1.19682689638834
-1.86062042702633	-3.41600005881728	-2.28616277840722	-1.17549708292396
-1.85351210260715	-3.39197125985185	-2.27507808131237	-1.17515196362268
-1.84640377818796	-3.38402921865226	-2.26874164760189	-1.148847689574
-1.83929545376877	-3.3659674266094	-2.26357449583919	-1.15978898464972
-1.83218712934959	-3.36649641173465	-2.25238139781902	-1.15475971871432
-1.8250788049304	-3.35292146811881	-2.24217436364358	-1.15030342580078
-1.81797048051122	-3.32586171539446	-2.23560733933188	-1.13131171898022
-1.81086215609203	-3.32321186151331	-2.2275633476063	-1.13595762492057
-1.80375383167284	-3.31190669396104	-2.22393303955629	-1.13008332757322
-1.79664550725366	-3.30301372419612	-2.21478913961565	-1.12799423189893
-1.78953718283447	-3.29850615320777	-2.20156050604344	-1.11069317511549
-1.78242885841529	-3.28005355963973	-2.19435708737497	-1.1098518273429
-1.7753205339961	-3.26733520095574	-2.18344287679743	-1.11278694433796
-1.76821220957691	-3.25198628251431	-2.1748827838312	-1.11165015046357
-1.76110388515773	-3.24791764924066	-2.17176282797264	-1.09264494090962
-1.75399556073854	-3.23675466599103	-2.16244043038948	-1.09278488191442
-1.74688723631936	-3.2259954906078	-2.15053791743056	-1.09655968378684
-1.73977891190017	-3.22031891828938	-2.14042876868711	-1.07617365187358
-1.73267058748098	-3.1917121451946	-2.13985518267127	-1.07681281918698
-1.7255622630618	-3.19148676796424	-2.12441028806255	-1.07193039710539
-1.71845393864261	-3.18416677492016	-2.1146936122144	-1.06177112577082
-1.71134561422343	-3.16871349885564	-2.11018997283751	-1.05923751750996
-1.70423728980424	-3.15322788782477	-2.09847142334231	-1.06455800385529
-1.69712896538505	-3.15836471509753	-2.09148652753647	-1.05001878045353
-1.69002064096587	-3.13198648490945	-2.08547441951492	-1.04501685541557
-1.68291231654668	-3.12742763059145	-2.073539314513	-1.03350932682752
-1.6758039921275	-3.10415261945557	-2.06590366476629	-1.03731712349394
-1.66869566770831	-3.09678750189854	-2.05786765791882	-1.03272224505981
-1.66158734328912	-3.08639143962951	-2.04677178292089	-1.02295349706983
-1.65447901886994	-3.07489741414215	-2.03884449164284	-1.01491404571065
-1.64737069445075	-3.06655144405006	-2.02836093595966	-1.0122013674062
-1.64026237003157	-3.04838930289751	-2.02317997152962	-0.997058110800959
-1.63315404561238	-3.04457714757803	-2.0142463478425	-0.997850733676506
-1.62604572119319	-3.03253487070937	-2.00740944238815	-0.985220548930611
-1.61893739677401	-3.00538190568502	-1.99870119297943	-0.979545756860181
-1.61182907235482	-3.01537084812955	-1.99039086220142	-0.986687980361595
-1.60472074793564	-3.00413012365891	-1.98108332218091	-0.97079018500058
-1.59761242351645	-2.97533409177965	-1.97175343380148	-0.977599420576947
-1.59050409909726	-2.96830062279366	-1.95983687438305	-0.953047370200408
-1.58339577467808	-2.95467207587292	-1.95528107024955	-0.966645535758398
-1.57628745025889	-2.93800151901141	-1.94563642925245	-0.944829109891392
-1.56917912583971	-2.93699300546981	-1.94203403729916	-0.949583804022314
-1.56207080142052	-2.92221926125168	-1.93019059388183	-0.94379672208125
-1.55496247700133	-2.92129258317917	-1.92584128819906	-0.927873361188668
-1.54785415258215	-2.89888149977379	-1.91141791962332	-0.932006748607235
-1.54074582816296	-2.89843732674585	-1.90440983897767	-0.923610788832783
-1.53363750374378	-2.8814610249164	-1.89361821783932	-0.918270228214229
-1.52652917932459	-2.86084645969461	-1.88272044592573	-0.91460466457625
-1.5194208549054	-2.86158171986025	-1.88095915513364	-0.900737641525435
-1.51231253048622	-2.84777531982142	-1.87427749040789	-0.904302690451119
-1.50520420606703	-2.83173272660009	-1.86352169893055	-0.896049192124459
-1.49809588164785	-2.82978262062669	-1.85090240762965	-0.89476305316626
-1.49098755722866	-2.81853159597201	-1.84424859042113	-0.876593371650132
-1.48387923280947	-2.80216192042034	-1.8378623625891	-0.880862939196825
-1.47677090839029	-2.80158355149836	-1.82873084576428	-0.868998814501738
-1.4696625839711	-2.78127210435332	-1.8230571125823	-0.855461900640742
-1.46255425955192	-2.7658340848323	-1.81071036691485	-0.864040470268205
-1.45544593513273	-2.75560599975694	-1.80107278644863	-0.859941354858676
-1.44833761071354	-2.74502185259608	-1.78989732804847	-0.852568285174229
-1.44122928629436	-2.73124792669665	-1.78184350333715	-0.848821311144599
-1.43412096187517	-2.72966557180608	-1.77513245658869	-0.840743859762357
-1.42701263745599	-2.71877750579818	-1.76486882438146	-0.822257195270594
-1.4199043130368	-2.70061695693861	-1.75944272846751	-0.824886310927449
-1.41279598861761	-2.69178142687208	-1.74819269403174	-0.804302785617067
-1.40568766419843	-2.68418557150027	-1.7396066417941	-0.810718475491382
-1.39857933977924	-2.67399345499714	-1.73574404666061	-0.803533504304498
-1.39147101536006	-2.64897059898059	-1.72448710970272	-0.800180985094293
-1.38436269094087	-2.64144465930153	-1.71700126044772	-0.786149348463896
-1.37725436652168	-2.64116999768594	-1.70448733488504	-0.783905780253512
-1.3701460421025	-2.61971505739678	-1.70069262015787	-0.787608370175236
-1.36303771768331	-2.61444152046216	-1.69223302669403	-0.77400242357263
-1.35592939326413	-2.59141326962432	-1.68065794230342	-0.77873157648801
-1.34882106884494	-2.59020886674014	-1.67470206739479	-0.762812560804152
-1.34171274442575	-2.5928979642711	-1.66694134001377	-0.757870905882102
-1.33460442000657	-2.565298945036	-1.66196063503128	-0.761082857648938
-1.32749609558738	-2.56429314805692	-1.65116646352324	-0.745188683616126
-1.3203877711682	-2.54532965313399	-1.64270464662045	-0.74102248051196
-1.31327944674901	-2.54174341683518	-1.62863792375543	-0.732294211549533
-1.30617112232982	-2.52327858207908	-1.62306603839836	-0.725546759501382
-1.29906279791064	-2.5122616147855	-1.61643057643171	-0.715623737410288
-1.29195447349145	-2.50249755525788	-1.60722033572658	-0.718730587359555
-1.28484614907227	-2.48978218224351	-1.59354429625696	-0.707994017125533
-1.27773782465308	-2.47345160507896	-1.58897511817692	-0.70345425717036
-1.27062950023389	-2.47173848489691	-1.57875428592404	-0.697433317189009
-1.26352117581471	-2.46323983099448	-1.57532850454801	-0.696409258345148
-1.25641285139552	-2.44710987548125	-1.56565129372509	-0.68426894358687
-1.24930452697634	-2.43543306492151	-1.55193177843457	-0.684407302897454
-1.24219620255715	-2.42993014998366	-1.54204334201575	-0.681222916113
-1.23508787813796	-2.41308435113432	-1.53389184769522	-0.667198659942569
-1.22797955371878	-2.39932049707379	-1.52606024055548	-0.663266242217388
-1.22087122929959	-2.39166663540191	-1.51946564418519	-0.664635064268546
-1.21376290488041	-2.37411067888238	-1.51706282895581	-0.650731854180646
-1.20665458046122	-2.37500614624357	-1.50747787727828	-0.641982080828528
-1.19954625604203	-2.36265356025396	-1.49495550512834	-0.633922807218941
-1.19243793162285	-2.34397957020622	-1.48959045265832	-0.62553169225322
-1.18532960720366	-2.33877386911317	-1.47917967947836	-0.632793485274276
-1.17822128278448	-2.32462790980771	-1.46922297120701	-0.622730122353577
-1.17111295836529	-2.31207248695984	-1.46246617582147	-0.61388244674521
-1.1640046339461	-2.29526324400454	-1.450178134418	-0.612907269680817
-1.15689630952692	-2.30106711347101	-1.44307419996415	-0.609507034619221
-1.14978798510773	-2.2835400698241	-1.43495273465606	-0.591603808354789
-1.14267966068855	-2.26786937099639	-1.42841268961911	-0.597491965392127
-1.13557133626936	-2.25907107146778	-1.41643983063807	-0.584303676735757
-1.12846301185017	-2.25212268842985	-1.41313922774989	-0.582879702775641
-1.12135468743099	-2.23610978035754	-1.40154825024073	-0.560865299557092
-1.1142463630118	-2.23092980391239	-1.39422532894547	-0.566487248662904
-1.10713803859262	-2.22340389219954	-1.38547421640453	-0.558496276632965
-1.10002971417343	-2.19962856503156	-1.37649808138071	-0.554599678639826
-1.09292138975424	-2.19930209621841	-1.36960030361394	-0.543812653226172
-1.08581306533506	-2.18010471602968	-1.36245175114566	-0.544173090954528
-1.07870474091587	-2.16111807890204	-1.34856075030083	-0.524755537018418
-1.07159641649669	-2.16148544533085	-1.34205556975687	-0.526759225217586
-1.0644880920775	-2.15444802082568	-1.33495940638681	-0.516304314848936
-1.05737976765831	-2.14085662460097	-1.32767503256218	-0.51240272742881
-1.05027144323913	-2.12541330981933	-1.31725024190755	-0.510108809616017
-1.04316311881994	-2.12188849473639	-1.30838521142278	-0.495889979451439
-1.03605479440076	-2.10591160127464	-1.29703605332622	-0.493336714146178
-1.02894646998157	-2.0942271704934	-1.29300131198661	-0.492515460461664
-1.02183814556238	-2.08109349542555	-1.28354796337644	-0.489864476908372
-1.0147298211432	-2.07770516109858	-1.27434883052462	-0.472773844447834
-1.00762149672401	-2.0664735140285	-1.26696963193133	-0.46666107065129
-1.00051317230483	-2.0576720003455	-1.25792767474574	-0.461410834715169
-0.99340484788564	-2.04296941148566	-1.24793832237005	-0.468309864693188
-0.986296523466454	-2.03712242954232	-1.24173970552668	-0.460353914083132
-0.979188199047268	-2.011351590176	-1.23062255601784	-0.446993149334256
-0.972079874628082	-2.00914487720366	-1.22163402718619	-0.442999311615102
-0.964971550208896	-1.99996025201726	-1.2137651019015	-0.432255197960341
-0.95786322578971	-1.98903386098382	-1.20611129464504	-0.435202774160415
-0.950754901370524	-1.97742946743851	-1.20014124001475	-0.416904110364295
-0.943646576951338	-1.96871033159195	-1.18757896845444	-0.418753264069532
-0.936538252532152	-1.9584570771534	-1.1809482484139	-0.416944560934955
-0.929429928112966	-1.93647966940374	-1.17045096887814	-0.408362171715728
-0.92232160369378	-1.92581766173581	-1.1641279643006	-0.396728345015508
-0.915213279274594	-1.92809545835208	-1.15289848798255	-0.387689321384304
-0.908104954855408	-1.91311642345971	-1.1499746019832	-0.384449726960307
-0.900996630436222	-1.89762148264584	-1.13867493034641	-0.374150310439969
-0.893888306017036	-1.90005308197652	-1.13051636766772	-0.367444798176635
-0.88677998159785	-1.87682649706924	-1.12121506557367	-0.360452543975885
-0.879671657178664	-1.87287505095229	-1.1130657343407	-0.355556034241848
-0.872563332759478	-1.85937328262915	-1.1034107512903	-0.349867144822016
-0.865455008340292	-1.85409270808513	-1.09825444775879	-0.340942709328572
-0.858346683921106	-1.83204960628504	-1.08698300278691	-0.337301018155912
-0.85123835950192	-1.83870861925677	-1.07756123197672	-0.33121818953844
-0.844130035082734	-1.81375124921265	-1.07098939074475	-0.326824536400191
-0.837021710663548	-1.80369509302793	-1.0628992505821	-0.319250428523165
-0.829913386244362	-1.79430829816244	-1.05515654548458	-0.310400673442314
-0.822805061825176	-1.79317445310977	-1.0445184062574	-0.303303141782497
-0.81569673740599	-1.77798568465661	-1.03384559840683	-0.296275314685472
-0.808588412986804	-1.76950094205085	-1.02772645282646	-0.280526043325552
-0.801480088567618	-1.74501844929999	-1.01570867701252	-0.282334597986173
-0.794371764148432	-1.74948419143468	-1.01086498645213	-0.276354389718328
-0.787263439729246	-1.73351362841334	-1.00322761424682	-0.278246737371009
-0.78015511531006	-1.72618976058184	-0.992500148842129	-0.270800756070609
-0.773046790890874	-1.7109887777608	-0.985761011875423	-0.2602831963286
-0.765938466471688	-1.69865169843999	-0.978606625967163	-0.255517919040553
-0.758830142052502	-1.69016079951385	-0.970361000871217	-0.245262165607227
-0.751721817633316	-1.68334840658742	-0.95813674117257	-0.240374806358589
-0.74461349321413	-1.67182216216219	-0.949975405797137	-0.229938963290275
-0.737505168794944	-1.66059525707641	-0.944919449784835	-0.229903217984292
-0.730396844375758	-1.64388278969014	-0.933336393223897	-0.223025350412371
-0.723288519956572	-1.64506711358436	-0.928682910828037	-0.219416834974885
-0.716180195537386	-1.62719343037175	-0.917316592836969	-0.201103118552197
-0.7090718711182	-1.62282862606174	-0.908231614870988	-0.197103015241598
-0.701963546699014	-1.6085386494081	-0.900633295433459	-0.191622727400331
-0.694855222279828	-1.60001375781216	-0.889874805239891	-0.187616908127862
-0.687746897860642	-1.59432628484362	-0.87854044583571	-0.180883561280755
-0.680638573441456	-1.57319972876612	-0.876443607065922	-0.17379576572391
-0.67353024902227	-1.57241248073792	-0.865742736471401	-0.162009636376723
-0.666421924603084	-1.56056215819704	-0.858813358036464	-0.159499359484434
-0.659313600183898	-1.55503820243784	-0.84938233936819	-0.146636359761251
-0.652205275764712	-1.53314918253709	-0.841005732977874	-0.143320111513084
-0.645096951345526	-1.52583723181984	-0.833196852187479	-0.133995849472144
-0.63798862692634	-1.51769050300007	-0.821525724504882	-0.126539944691858
-0.630880302507154	-1.4993442930052	-0.815030114699212	-0.133692579781513
-0.623771978087968	-1.4955682766668	-0.808179210401812	-0.1119582778513
-0.616663653668782	-1.48719643396368	-0.796570012787787	-0.119874798219555
-0.609555329249596	-1.48166093575749	-0.787606291569531	-0.103731413990943
-0.60244700483041	-1.46097609337937	-0.778286049759875	-0.0945661114910082
-0.595338680411224	-1.45169172181507	-0.770164517865657	-0.088399811833052
-0.588230355992038	-1.44046328155038	-0.763315522104541	-0.0776000828239835
-0.581122031572852	-1.44438838321165	-0.757506833431464	-0.0718415568905851
-0.574013707153666	-1.4295128287172	-0.74849242827734	-0.0729489473323256
-0.56690538273448	-1.41154759058118	-0.737721228515419	-0.0577144704664155
-0.559797058315294	-1.39871984960278	-0.729579774113002	-0.0517708507378665
-0.552688733896108	-1.39416119204056	-0.722609136428297	-0.0418343057850953
-0.545580409476921	-1.39327728697814	-0.711709651801819	-0.0431527496807591
-0.538472085057736	-1.37601350852487	-0.702382978172087	-0.0383357744929179
-0.53136376063855	-1.36811211532595	-0.69466047959955	-0.025188118889705
-0.524255436219363	-1.35692670178576	-0.687816727845812	-0.0227441495781729
-0.517147111800178	-1.34287167116828	-0.679826383680216	-0.0200706887264889
-0.510038787380992	-1.33751752697784	-0.669493839836373	-0.0117160335669453
-0.502930462961805	-1.33109740704289	-0.658216208107311	0.00230386741050353
-0.49582213854262	-1.32450057346957	-0.652565091498828	0.00726878147458022
-0.488713814123434	-1.31075308160065	-0.643950194952058	0.00907479702026894
-0.481605489704247	-1.29367650250182	-0.636315006177482	0.0234883889307103
-0.474497165285061	-1.28622953293817	-0.624311642577816	0.0308519414133035
-0.467388840865876	-1.28236378141557	-0.618595083677957	0.0384360595713732
-0.460280516446689	-1.26588100178849	-0.611389725407611	0.0394706727908339
-0.453172192027503	-1.2528185289347	-0.602445465557842	0.0428890573688198
-0.446063867608318	-1.24848962110553	-0.591417790549906	0.0653005762647867
-0.438955543189131	-1.23348531634828	-0.582386930844235	0.0650573672282893
-0.431847218769945	-1.22839074823511	-0.573304916973966	0.0718770565293848
-0.42473889435076	-1.21925744692451	-0.569456397760681	0.0838428874133767
-0.417630569931573	-1.20790414042686	-0.560864874474183	0.0902159730155729
-0.410522245512387	-1.20064113355314	-0.553119750854175	0.0913478121545094
-0.403413921093201	-1.18988821229431	-0.542175167091568	0.0994180613191859
-0.396305596674015	-1.17255376918514	-0.533199453273184	0.107876010882771
-0.389197272254829	-1.17278624940742	-0.523920165035721	0.111011495253536
-0.382088947835643	-1.16168627360341	-0.515962371871777	0.134760374665123
-0.374980623416457	-1.15330121535598	-0.508235957472163	0.130639128444403
-0.367872298997271	-1.14624007555216	-0.500618308929043	0.13805085386768
-0.360763974578085	-1.13616420057795	-0.490643004728122	0.144319889809744
-0.353655650158899	-1.12198238082547	-0.483888458726163	0.15378029371486
-0.346547325739713	-1.10998540475125	-0.473197085076784	0.156703982733497
-0.339439001320527	-1.10009359096475	-0.467920096484978	0.16625853210543
-0.332330676901341	-1.09117016519543	-0.456770048695399	0.173328716448598
-0.325222352482155	-1.07918048034189	-0.44695104860285	0.18079674606699
-0.318114028062969	-1.07333783292184	-0.439269576530669	0.185631555290071
-0.311005703643783	-1.06873933828612	-0.433348310598618	0.198359065769781
-0.303897379224597	-1.05853693205745	-0.424653004351964	0.199193205911369
-0.296789054805411	-1.05525602870741	-0.413057565616716	0.21370032896815
-0.289680730386225	-1.03350773126585	-0.406237513136834	0.2170529899607
-0.282572405967039	-1.02723233380004	-0.397332960432478	0.229874466213075
-0.275464081547853	-1.02114490462147	-0.388081912287868	0.233226360367284
-0.268355757128667	-1.0079405215929	-0.381017325162744	0.248259560720018
-0.261247432709481	-1.00879082574727	-0.37149730975289	0.255116236927042
-0.254139108290295	-0.992857732980846	-0.361811725147017	0.2596908606781
-0.247030783871109	-0.977743143753027	-0.35321233553211	0.267064331061369
-0.239922459451923	-0.97264567417362	-0.344732363996416	0.27218023101957
-0.232814135032737	-0.960333587342976	-0.337762000292026	0.279888945064665
-0.225705810613551	-0.958111896586588	-0.330598270445075	0.286328249698409
-0.218597486194365	-0.937634820568912	-0.320513384242691	0.302140548079501
-0.211489161775179	-0.937330720271533	-0.312107381286537	0.303222096146607
-0.204380837355993	-0.923531564997586	-0.304521232770531	0.316696977827409
-0.197272512936807	-0.913966344536085	-0.294184342548761	0.322641116445
-0.190164188517621	-0.912442723826585	-0.286278233939465	0.3272116237641
-0.183055864098435	-0.897692905861558	-0.280036511398452	0.335140984614892
-0.175947539679249	-0.885281740979845	-0.269089776151521	0.343638346902881
-0.168839215260063	-0.883963823566981	-0.260093000246539	0.35032132462419
-0.161730890840877	-0.872564011530219	-0.253264137158297	0.362092062232546
-0.154622566421691	-0.86080599737813	-0.244410519975042	0.369819919705325
-0.147514242002505	-0.857373593831559	-0.234199027285381	0.376105769816366
-0.140405917583319	-0.842540143279232	-0.221478980677488	0.381997338772018
-0.133297593164133	-0.829415032828224	-0.218903697654217	0.384043323287133
-0.126189268744947	-0.829444826409733	-0.211361497887442	0.404952973717856
-0.119080944325761	-0.818260708762847	-0.203243481039058	0.405937755653987
-0.111972619906575	-0.808170340771217	-0.193400901813639	0.414794242531524
-0.104864295487389	-0.797849019466449	-0.187845437598224	0.422768296034738
-0.097755971068203	-0.789010569997721	-0.176230610978781	0.43721875873776
-0.0906476466490171	-0.787310265593778	-0.168138656294307	0.438913229014617
-0.0835393222298311	-0.771334174918115	-0.158084964503189	0.443027427211372
-0.076430997810645	-0.769807922116769	-0.150313662812391	0.4583935966587
-0.0693226733914591	-0.752084493518327	-0.140953587276045	0.47527057739803
-0.0622143489722731	-0.736970172956205	-0.132850552259722	0.467809740745889
-0.055106024553087	-0.740678092673076	-0.125765494738877	0.487495493673396
-0.0479977001339011	-0.727569145265276	-0.116656621209995	0.491568762248022
-0.0408893757147151	-0.723703620118766	-0.106033815780437	0.506010291918478
-0.033781051295529	-0.711296066539389	-0.0993631660992411	0.50955065690712
-0.0266727268763429	-0.705111973900225	-0.0926770377635258	0.510449794888762
-0.0195644024571571	-0.697220377328833	-0.0819681933531523	0.530120162680345
-0.012456078037971	-0.688527593379037	-0.0730614484638642	0.533168047933941
-0.00534775361878492	-0.675530048336165	-0.0638333698800685	0.536254722380227
0.00176057080040093	-0.670808335573459	-0.0587082281811473	0.551083800909159
0.008868895219587	-0.662953538941133	-0.0490713298130148	0.564282065843411
0.0159772196387731	-0.651413680618464	-0.0367827990434524	0.566372739785746
0.0230855440579589	-0.642774358785008	-0.0316687753457408	0.572135478415387
0.030193868477145	-0.636999565397288	-0.0231608668789901	0.59095327605209
0.0373021928963311	-0.624525684663974	-0.0123415392783655	0.597075269574852
0.0444105173155172	-0.618751784705676	-0.00403849737087702	0.601493830295692
0.051518841734703	-0.608101722427785	0.00334131200489863	0.607429046933181
0.0586271661538891	-0.601922188586372	0.0121387325909523	0.614156450555696
0.0657354905730752	-0.586076991407329	0.0184126401999961	0.6292654521422
0.072843814992261	-0.582983590599239	0.0267834550138928	0.63704873785888
0.0799521394114471	-0.573541781213059	0.0360400016847577	0.641444014182321
0.0870604638306332	-0.568784606960992	0.0435386550066639	0.644116599992209
0.094168788249819	-0.556029501871328	0.0525955827447398	0.651617180307914
0.101277112669005	-0.551577688653519	0.0605129505553878	0.66957809514668
0.108385437088191	-0.545010947969253	0.0690068898622234	0.684901327330024
0.115493761507377	-0.539520362663465	0.0799625071957713	0.682372072625926
0.122602085926563	-0.520563647418269	0.0855516901247494	0.703146951416131
0.129710410345749	-0.521796946206977	0.0941387584541556	0.701186249016592
0.136818734764935	-0.518452124239893	0.103745052610303	0.710370991287108
0.143927059184121	-0.502439639120983	0.114883831949832	0.726536328802591
0.151035383603307	-0.495530810161409	0.119137707031432	0.733078114020262
0.158143708022493	-0.483165181092478	0.13044394739928	0.739539412876446
0.165252032441679	-0.473179865967713	0.137785627581999	0.747637595422596
0.172360356860865	-0.466389540421953	0.147138165578146	0.749902602520885
0.179468681280051	-0.460401070898863	0.155080141775504	0.770555434044024
0.186577005699237	-0.453812286066184	0.164109005925102	0.77554006183836
0.193685330118423	-0.450796799246117	0.173522882072616	0.786942129913567
0.200793654537609	-0.437228677131164	0.180681146584581	0.804598783800599
0.207901978956795	-0.425727837156377	0.189212752171794	0.801629325417076
0.215010303375981	-0.413427636632682	0.198860334230938	0.811484077207855
0.222118627795167	-0.405885524149787	0.203554702696684	0.819603144179358
0.229226952214353	-0.401455955514295	0.213055357956032	0.822088143028862
0.236335276633539	-0.388528949206236	0.223686431735838	0.83817882309132
0.243443601052725	-0.380335557676698	0.233469596415913	0.847020147735163
0.250551925471911	-0.380303839082699	0.240110281172084	0.85104769652537
0.257660249891097	-0.38507402210125	0.248441641523101	0.858878760943243
0.264768574310283	-0.365596509129529	0.257279750351584	0.876940348087462
0.271876898729469	-0.347332277768368	0.265946165423322	0.886975615984712
0.278985223148655	-0.350302744449167	0.269457845907463	0.896285096802532
0.286093547567841	-0.339820125517573	0.282029627768492	0.901084325390394
0.293201871987027	-0.336432572265532	0.290911419869215	0.912891184835527
0.300310196406213	-0.32967027268472	0.293732806978462	0.920473683122483
0.307418520825399	-0.314118091974682	0.307924053751669	0.927971076521163
0.314526845244585	-0.311690988996827	0.313340996846514	0.939628826798474
0.321635169663771	-0.306526298859841	0.325343219921713	0.942728680536519
0.328743494082957	-0.291029852219596	0.333466046284416	0.951911618727454
0.335851818502143	-0.286821055917573	0.344209160361549	0.970637908973136
0.342960142921329	-0.278404606673081	0.352006852884428	0.974352008473906
0.350068467340515	-0.27109304849242	0.36151342584909	0.989642308676284
0.357176791759701	-0.267486719488155	0.365636361950497	0.988863705786571
0.364285116178888	-0.26291942583092	0.375685468577479	1.00633855710139
0.371393440598073	-0.263523485652624	0.382984904275392	1.01357380548804
0.378501765017259	-0.24119741922299	0.391768167875941	1.02745978208808
0.385610089436446	-0.241151326985521	0.401136323266318	1.03621498249299
0.392718413855631	-0.227308240015413	0.412035786949588	1.03585672486628
0.399826738274817	-0.226320580652469	0.416367860000123	1.05034514638981
0.406935062694004	-0.212224279804288	0.427433272310621	1.06637149512387
0.414043387113189	-0.208125729472418	0.436021741376096	1.07360213795509
0.421151711532375	-0.19786477087074	0.441319617950938	1.0841046977587
0.428260035951562	-0.189758262503778	0.452878466152101	1.0882455631054
0.435368360370747	-0.182154525561943	0.459480389194897	1.09553760459211
0.442476684789933	-0.167792251083035	0.470195945107867	1.10616285297
0.44958500920912	-0.170744071088509	0.478037630161927	1.1226315467141
0.456693333628305	-0.161174713519077	0.488990774671737	1.14004560505313
0.463801658047491	-0.154650209054897	0.496831509479682	1.13444822033748
0.470909982466678	-0.143694176092262	0.505707913954008	1.14678759594031
0.478018306885863	-0.14320656062544	0.512124052992496	1.16453931721547
0.485126631305049	-0.136594247318837	0.519265451949772	1.16697238903299
0.492234955724236	-0.137957383198859	0.527935951569282	1.17518919870077
0.499343280143421	-0.1176549003909	0.537563549732524	1.18464693138376
0.506451604562608	-0.115770921697078	0.544830227806584	1.19281275479982
0.513559928981794	-0.103575143945731	0.554077932808515	1.21262489765511
0.520668253400979	-0.100188243699806	0.564844925027914	1.21783387806588
0.527776577820166	-0.0893414492300844	0.572386272682726	1.23006941024922
0.534884902239352	-0.0832376824215687	0.582058941059843	1.22781322957314
0.541993226658537	-0.0669468229680665	0.585038077927417	1.2428171068264
0.549101551077724	-0.0699253964668657	0.595263136224295	1.24971954382646
0.55620987549691	-0.0619509087100593	0.6039980331682	1.26845399367486
0.563318199916095	-0.0492344402703543	0.615424570541151	1.28238987983663
0.570426524335282	-0.0459486621835193	0.620947834188157	1.29095767621265
0.577534848754468	-0.0326989656054446	0.631063506850164	1.29684098363424
0.584643173173653	-0.0336588903308825	0.639614205178466	1.31283794128532
0.59175149759284	-0.0259311750587691	0.648397359002596	1.32200382147317
0.598859822012026	-0.0174600354109577	0.655559268757276	1.33430046714966
0.605968146431211	-0.0104886238746444	0.665481386777786	1.33761429745362
0.613076470850398	-0.00544419564510613	0.672081427552209	1.35270571380949
0.620184795269584	-0.00206881112335093	0.680354603524898	1.35835956199627
0.627293119688769	0.010242852274494	0.689975808453813	1.36562895015614
0.634401444107956	0.0143275772148156	0.69859546751702	1.37549155164795
0.641509768527142	0.0287701312266225	0.7072592390468	1.37845123731293
0.648618092946328	0.0365750047954443	0.714022328257329	1.39787440836297
0.655726417365514	0.0324717326782032	0.719743913470126	1.40952341493712
0.6628347417847	0.0417591971284857	0.731673546460355	1.41406024209973
0.669943066203886	0.0523536980771993	0.740567284864236	1.42733456301464
0.677051390623072	0.0590995374769994	0.748509744803657	1.43702945915967
0.684159715042258	0.066863841470583	0.757752505906976	1.44401657600291
0.691268039461444	0.0683647090312943	0.764446526481625	1.46305922200296
0.69837636388063	0.0777939941197966	0.775206301063206	1.46240493984242
0.705484688299816	0.0848088771500721	0.783994732485745	1.47700715220062
0.712593012719002	0.0887612699944832	0.792847466064895	1.4857087521022
0.719701337138188	0.108495988284235	0.797602741022817	1.49126072220001
0.726809661557374	0.103385455740427	0.806869649299932	1.50766664908265
0.73391798597656	0.101130950445475	0.816512981239068	1.52190890450932
0.741026310395746	0.122653684842188	0.823636826111657	1.52659013591142
0.748134634814932	0.126408889376794	0.834599731387214	1.54241817752865
0.755242959234118	0.135887016908201	0.842344760703504	1.54102984729325
0.762351283653304	0.141409214459576	0.851192064588716	1.54955868324798
0.76945960807249	0.150833499897973	0.862254087097473	1.57382979044901
0.776567932491676	0.152156034918112	0.867832837571052	1.58036575126451
0.783676256910862	0.166626273010297	0.878647914454178	1.58476086666785
0.790784581330048	0.167175127313931	0.882764144372605	1.59850893729372
0.797892905749234	0.172003553780266	0.892861422696114	1.61598262811089
0.80500123016842	0.17032426423306	0.90085216450598	1.61702155039841
0.812109554587606	0.189087220048755	0.909564021400672	1.62918543910108
0.819217879006792	0.190984666454855	0.922694957967599	1.64655802925705
0.826326203425978	0.198460054474588	0.930233083028197	1.65173402600052
0.833434527845164	0.205512315158881	0.936731635119623	1.67043654394756
0.84054285226435	0.211566396529962	0.944435204700038	1.6756640291455
0.847651176683536	0.222169506210099	0.952259994820094	1.6879490249254
0.854759501102722	0.223442549536799	0.959939033410859	1.69289341890848
0.861867825521908	0.233192197536242	0.973632548908119	1.70303806409218
0.868976149941094	0.244833952891722	0.979294043147114	1.72297949936218
0.87608447436028	0.248555371743916	0.987724776491338	1.72488868134929
0.883192798779466	0.252665948619623	0.997449072874332	1.73686280709709
0.890301123198652	0.250095001248279	1.00417174782789	1.7441020453723
0.897409447617838	0.254600057617396	1.01266705843914	1.75638151252255
0.904517772037024	0.275561336284096	1.02433243127815	1.76813024318071
0.91162609645621	0.27635497052755	1.03079436622773	1.77802913674262
0.918734420875396	0.286321193242899	1.03757097402161	1.79573148034083
0.925842745294582	0.283638442806469	1.04824221764036	1.79837962834218
0.932951069713768	0.301795149140063	1.05354956714761	1.81116363353269
0.940059394132954	0.298789980775979	1.06233289453209	1.8207238145135
0.94716771855214	0.312333422886974	1.06929989372479	1.83601090864716
0.954276042971326	0.321024714181788	1.07843032434028	1.84223947490679
0.961384367390512	0.31643422986761	1.09066041135382	1.85098258016317
0.968492691809698	0.3264571083359	1.09957206867316	1.86662468294549
0.975601016228884	0.333411089736865	1.10441670244164	1.86273461615715
0.98270934064807	0.345859500229933	1.11236844741028	1.88697115880498
0.989817665067256	0.335563050362948	1.12256970912496	1.90372179069822
0.996925989486442	0.350417618644573	1.12751133813116	1.90468724049913
1.00403431390563	0.353848099522065	1.14099474017347	1.91568022181715
1.01114263832481	0.366217722657438	1.15018545337897	1.92303828530594
1.018250962744	0.370585588009848	1.15625197867065	1.94534649053304
1.02535928716319	0.376068136562947	1.16699013388871	1.95779285206125
1.03246761158237	0.393759136130386	1.17608856098682	1.96589872758082
1.03957593600156	0.39344153101049	1.181838437983	1.97234315174764
1.04668426042074	0.397310061624586	1.19427663200287	1.96954066797349
1.05379258483993	0.401385664656438	1.20306066363035	1.99227457965826
1.06090090925912	0.414691592362807	1.21122098695508	1.99971976900841
1.0680092336783	0.422018589014347	1.21553690349598	2.0097406550015
1.07511755809749	0.426344289997157	1.22631988633008	2.02030776570396
1.08222588251667	0.423149695403442	1.23634077457236	2.03692429428623
1.08933420693586	0.440723594169732	1.24115341948461	2.04821282554956
1.09644253135505	0.441874736819277	1.25102298091216	2.05163868248737
1.10355085577423	0.442816248345031	1.25804891901466	2.06943292004296
1.11065918019342	0.456423789898697	1.26765090855221	2.07951218066993
1.1177675046126	0.463080965402477	1.27891940864387	2.08604396439706
1.12487582903179	0.4689228187746	1.2860862859134	2.09256987312103
1.13198415345098	0.46569978839271	1.29322652370122	2.11028150190241
1.13909247787016	0.474952455200368	1.29819947017891	2.12751852049478
1.14620080228935	0.480866727228431	1.31189793304099	2.12817306650553
1.15330912670853	0.494876988721222	1.32107730672498	2.14292550142846
1.16041745112772	0.490554215565339	1.32967258276024	2.15480996263609
1.16752577554691	0.50682262100247	1.33508755897074	2.16237620288062
1.17463409996609	0.517970865104035	1.344619444085	2.17748214686647
1.18174242438528	0.513946583818104	1.35191935806375	2.18106541506468
1.18885074880446	0.519186427575645	1.35865825954132	2.20058820427799
1.19595907322365	0.529918957447335	1.36729962870265	2.20342350148354
1.20306739764284	0.530061304640418	1.37472866753588	2.21575473505641
1.21017572206202	0.546902329446031	1.38884263183479	2.22936543231052
1.21728404648121	0.54528581297843	1.39965658056689	2.24253043209247
1.22439237090039	0.547069324292845	1.40652475370903	2.25581736738633
1.23150069531958	0.567642067409263	1.41189047612218	2.26661949438543
1.23860901973877	0.563773589754044	1.42051138042366	2.26616802029006
1.24571734415795	0.57355694158221	1.43084055205855	2.28260471448548
1.25282566857714	0.578915337996505	1.43837286894986	2.29255744893095
1.25993399299632	0.580682896470448	1.44783067160025	2.30728157548159
1.26704231741551	0.584896583425528	1.45570850095867	2.32381982577543
1.2741506418347	0.589185165431225	1.46299285661026	2.32901471699882
1.28125896625388	0.587448890569958	1.47381286119601	2.34105354759271
1.28836729067307	0.608154681603768	1.47939722791693	2.34621092026926
1.29547561509225	0.611543222680609	1.49165063031121	2.36511959791449
1.30258393951144	0.617623208801343	1.50069521416654	2.36490704469036
1.30969226393063	0.619732082488637	1.50372317776423	2.39337811768633
1.31680058834981	0.62061092800324	1.51561962142323	2.40228724153046
1.323908912769	0.633376948811209	1.5231743055963	2.40074133617766
1.33101723718818	0.638757281710509	1.53355419840227	2.41183602719851
1.33812556160737	0.643153875810451	1.53796260753587	2.43441907320847
1.34523388602656	0.653010082832556	1.54889602976986	2.42877554880841
1.35234221044574	0.658965714787109	1.56052958045126	2.45138702886757
1.35945053486493	0.669216067001373	1.56943842847559	2.4616706238628
1.36655885928411	0.673036165151635	1.57460468978632	2.46728293126285
1.3736671837033	0.670835529350406	1.58614056084848	2.47312437995855
1.38077550812249	0.691430618498834	1.58965568990689	2.49438014005846
1.38788383254167	0.691479245761242	1.60229630185739	2.51005938609569
1.39499215696086	0.694027026455995	1.61050972451304	2.51050939030673
1.40210048138004	0.699633570945527	1.61753829978617	2.52800429091284
1.40920880579923	0.714800037111901	1.62428999940645	2.53223208149423
1.41631713021842	0.713572358969093	1.63238567608112	2.5429598747299
1.4234254546376	0.712313420921257	1.64180692882792	2.55758248272696
1.43053377905679	0.73313660434179	1.65385036554532	2.55526578149117
1.43764210347597	0.72547621814954	1.66293288860313	2.58167645157626
1.44475042789516	0.746289954190263	1.66684501869544	2.6051146749897
1.45185875231435	0.736030375806362	1.67711890018333	2.61112648182077
1.45896707673353	0.747768618158729	1.68053928067528	2.61424992650236
1.46607540115272	0.750340220463856	1.69444550479662	2.6314418508112
1.4731837255719	0.763418569469819	1.70339534124327	2.63411390295942
1.48029204999109	0.766959584677601	1.71268469972143	2.65217468533638
1.48740037441028	0.760324405757414	1.72066530148474	2.65588556631735
1.49450869882946	0.775619088700297	1.72801118289564	2.67139715377969
1.50161702324865	0.77632615430119	1.73882756991767	2.68248305516031
1.50872534766783	0.781118296441743	1.74288798996877	2.69679812321261
1.51583367208702	0.783291656561187	1.74917447542268	2.70279533678513
1.52294199650621	0.800484506387269	1.76026957820048	2.71752689552335
1.53005032092539	0.808977719431914	1.77059299026148	2.72020344732236
1.53715864534458	0.804457617623772	1.77643399522347	2.74078152638352
1.54426696976376	0.822271388085266	1.78954983031871	2.74918786985771
1.55137529418295	0.831442227031091	1.79339848137877	2.75421612174875
1.55848361860214	0.831644533806129	1.80512057903614	2.76716072743133
1.56559194302132	0.835711555578249	1.81806655222428	2.77909334784164
1.57270026744051	0.8474699563088	1.81983495755661	2.78592047759561
1.57980859185969	0.847156901050879	1.83196236271314	2.80822778040548
1.58691691627888	0.848773411131446	1.83833489908253	2.8162925557735
1.59402524069807	0.850589474030453	1.84976985886589	2.82231280772932
1.60113356511725	0.872513093192189	1.85236702824478	2.83663645432255
1.60824188953644	0.872041870106828	1.86649042594605	2.84607129512873
1.61535021395562	0.872627473020618	1.87415868248243	2.86255649417333
1.62245853837481	0.88031036708731	1.88324844970829	2.87585441505085
1.629566862794	0.881736293426158	1.88856910504351	2.88045947454568
1.63667518721318	0.900799075204401	1.89644445281716	2.8895718112894
1.64378351163237	0.899262803076607	1.90697029606347	2.90029199850994
1.65089183605155	0.909598702085843	1.91406531933091	2.92150778533348
1.65800016047074	0.917239274455224	1.92182159385711	2.92780360396971
1.66510848488993	0.912660365790069	1.93406480312191	2.93887734577349
1.67221680930911	0.923854974797107	1.93892545173494	2.94865424428481
1.6793251337283	0.924002548701031	1.94728086186963	2.96511646199986
1.68643345814748	0.938853751889987	1.95561818888587	2.97455452113293
1.69354178256667	0.933517308676441	1.96701219411855	2.98491831565932
1.70065010698586	0.952943343508352	1.97159790640514	2.99426230636046
1.70775843140504	0.937249538858165	1.98096948453695	2.99942484612521
1.71486675582423	0.967199340830513	1.9941500267096	3.02325287005086
1.72197508024341	0.959078527798935	1.99786551687808	3.0220127435036
1.7290834046626	0.963367287004706	2.00758108353896	3.04294286875017
1.73619172908179	0.97816742836418	2.01592283244839	3.0499771254806
1.74330005350097	0.974457577376363	2.02344544189717	3.06241817552151
1.75040837792016	0.981772600644535	2.03357898660447	3.07197484290115
1.75751670233934	0.980805409437822	2.0404360670252	3.08768122429584
1.76462502675853	0.991881040540842	2.05071790146945	3.08768949974963
1.77173335117772	1.00537792292191	2.05991384195847	3.10536281046668
1.7788416755969	1.01976942108708	2.06963514644186	3.11956051452628
1.78595000001609	1.0076063317554	2.07382923215111	3.13720495385508
1.79305832443527	1.0081589290007	2.08608470889338	3.14747670749139
1.80016664885446	1.01277015386724	2.09592122671754	3.1525170155918
1.80727497327365	1.03858897114082	2.10407516220421	3.15581290663925
1.81438329769283	1.05146034797191	2.11345137474315	3.17715355308156
1.82149162211202	1.04091993828095	2.12447304872644	3.18015385004257
1.82859994653121	1.05044455697806	2.13127906688435	3.20425943118809
1.83570827095039	1.05608779282222	2.13845616000814	3.20668207478874
1.84281659536958	1.06462760278645	2.14792953951352	3.21937910719317
1.84992491978876	1.06254342701127	2.15080144909613	3.2354145169963
1.85703324420795	1.07050980667589	2.16230354612157	3.24979003375776
1.86414156862713	1.06797287908155	2.16944267338531	3.25583630522711
1.87124989304632	1.06987455300431	2.18040962014569	3.26203868614284
1.87835821746551	1.08346202789381	2.18808179275229	3.27020649222792
1.88546654188469	1.10202769109204	2.19812372863526	3.29017890212945
1.89257486630388	1.0888138726777	2.20269070138423	3.30919625605388
1.89968319072306	1.09815764767118	2.21521241470546	3.3043101640887
1.90679151514225	1.10453172704125	2.22191515999086	3.32295549989976
1.91389983956144	1.10744619068902	2.22853537449456	3.33844734371486
1.92100816398062	1.12576339935809	2.24077140288969	3.35060268083172
1.92811648839981	1.1197353534463	2.24895661602908	3.35710744500325
1.935224812819	1.13387092553634	2.25635136031363	3.37031886955045
1.94233313723818	1.13737188705281	2.26454925188992	3.37142177272536
1.94944146165737	1.14259866456698	2.27054124036713	3.39495793254948
1.95654978607655	1.14363953914132	2.27945722497271	3.40095216764768
1.96365811049574	1.16190679368093	2.29165281951247	3.41651585374673
1.97076643491493	1.15179750055272	2.29441965448794	3.41165266544701
1.97787475933411	1.15647425406982	2.30645987070839	3.4414682291786
1.9849830837533	1.17564227376819	2.31538639205269	3.44804636128982
1.99209140817248	1.17106928526312	2.32132381842316	3.46493119849405
1.99919973259167	1.17721178610164	2.33375242102916	3.47414325864937
2.00630805701085	1.19207378346209	2.3392761749245	3.48254059391247
2.01341638143004	1.18593324863633	2.34605571196016	3.49337255663649
2.02052470584923	1.19185261818052	2.35962960230177	3.50856593340525
2.02763303026841	1.19502847220692	2.36828785008677	3.50725520341696
2.0347413546876	1.21233529541304	2.37566793220237	3.52043891724306
2.04184967910679	1.20134445619897	2.38466562849324	3.54578755355972
2.04895800352597	1.22294529577204	2.38924814093575	3.55055762866742
2.05606632794516	1.23423920850516	2.40312941720259	3.56038473091788
2.06317465236434	1.23596002857095	2.41242812970838	3.57075801045269
2.07028297678353	1.24993194247028	2.41983861318301	3.58529333983444
2.07739130120272	1.24879948234645	2.42713034874727	3.60270979477778
2.0844996256219	1.24969083528508	2.43243953953863	3.59817163430536
2.09160795004109	1.25557725892029	2.44439869129005	3.61292700615505
2.09871627446027	1.25886000241196	2.45656492368432	3.62807791089433
2.10582459887946	1.26785666059263	2.46187541076367	3.6359600955069
2.11293292329864	1.26676666766114	2.47149370887368	3.65047277086921
2.12004124771783	1.28482826509926	2.47537908423663	3.66222114651105
2.12714957213702	1.2846597975074	2.48666993351315	3.68036151186512
2.1342578965562	1.28322005690952	2.49453015071893	3.69558991055996
2.14136622097539	1.29743626460357	2.50144988827762	3.70982793589356
2.14847454539458	1.29163789585118	2.50915525389267	3.71566459153248
2.15558286981376	1.29493884445151	2.51517413542654	3.72434936304763
2.16269119423295	1.31117022367535	2.53499981153695	3.72786060542031
2.16979951865213	1.31294820231331	2.5338730188246	3.74944869391078
2.17690784307132	1.31193829242289	2.5459722298791	3.75546220597496
2.18401616749051	1.32527426633553	2.55524707906989	3.76938672817524
2.19112449190969	1.32917296600367	2.56310047240658	3.76706154161011
2.19823281632888	1.33716264046916	2.56982221324188	3.79228951068391
2.20534114074806	1.34454690924102	2.57958986192854	3.80018393616149
2.21244946516725	1.35380514938496	2.5910755458523	3.82176818417663
2.21955778958643	1.35994435772406	2.59334347637954	3.82423825440032
2.22666611400562	1.35547772778536	2.60281407646429	3.84051737708266
2.23377443842481	1.36789269480326	2.61668519677015	3.84657305713014
2.24088276284399	1.35711794595933	2.61856878803779	3.85691842443491
2.24799108726318	1.36490782488097	2.63154050031522	3.88709701051463
2.25509941168237	1.37160212151838	2.63987983367088	3.8859852590953
2.26220773610155	1.37387438304131	2.64541448428426	3.8905967202702
2.26931606052074	1.3856871568572	2.65822811776643	3.90841014965665
2.27642438493992	1.39199615713538	2.66374876342792	3.9109569714628
2.28353270935911	1.39635832488713	2.67610404359469	3.93025207710763
2.2906410337783	1.39720280311949	2.68075753187874	3.93764554933055
2.29774935819748	1.40838004460929	2.69080010453412	3.95974255309945
2.30485768261667	1.41904480022948	2.69842921053128	3.95700298317687
2.31196600703585	1.42540942507881	2.70642433761151	3.98179839148394
2.31907433145504	1.42019523595202	2.71336188637111	3.99205529981386
2.32618265587423	1.44342124619184	2.72457089157216	4.01037937845028
2.33329098029341	1.43570485534861	2.73491589433003	4.00494481420815
2.3403993047126	1.4334326455815	2.73749748870446	4.01559810131765
2.34750762913178	1.44652683242473	2.75075823506525	4.03900779234341
2.35461595355097	1.45486733017712	2.7587289719728	4.04380274158905
2.36172427797016	1.46180502435851	2.76615237460144	4.0640827164325
2.36883260238934	1.47780478973732	2.77264536495827	4.06448604533885
2.37594092680853	1.47940454257553	2.78488934852915	4.08345832368894
2.38304925122771	1.47301529369709	2.79297903515303	4.0912491184131
2.3901575756469	1.49237221578239	2.80486842657233	4.10745286093988
2.39726590006609	1.49060036074468	2.81391566608894	4.1205194585356
2.40437422448527	1.48659650044713	2.81641567152563	4.1138845714095
2.41148254890446	1.49651492718964	2.82740319852363	4.13025159752067
2.41859087332364	1.50598091945371	2.83575885372659	4.15959859695566
2.42569919774283	1.51701952500308	2.84161459125474	4.16635781277328
2.43280752216202	1.50806796984458	2.85520383915809	4.16589428592452
2.4399158465812	1.51269096711367	2.86192903089182	4.1914308257939
2.44702417100039	1.52250836506327	2.86316990146306	4.19314007182208
2.45413249541957	1.53343908977146	2.88244748242913	4.20050446743244
2.46124081983876	1.54878370455081	2.8845840147389	4.21643421540334
2.46834914425795	1.55252191822546	2.89169067930288	4.23142703966246
2.47545746867713	1.55003040679877	2.90296980303683	4.23469536774418
2.48256579309632	1.55642675236016	2.91339006267535	4.25775059426711
2.4896741175155	1.56152364933498	2.92028764295427	4.25850639507934
2.49678244193469	1.57276952891223	2.93037013736479	4.2776932838094
2.50389076635388	1.56404517375149	2.93835836102703	4.29246518125363
2.51099909077306	1.56279434623386	2.94728767706797	4.30228150390338
2.51810741519225	1.58153546130727	2.95619149375649	4.30587585246883
2.52521573961143	1.58569572241418	2.96254771216881	4.32939933845037
2.53232406403062	1.59473761282884	2.96946834098328	4.34254005369224
2.53943238844981	1.59853868051581	2.98110424447824	4.35883209389749
2.54654071286899	1.60982665168199	2.98867668684537	4.36768643810957
2.55364903728818	1.60055769855702	2.99871236950324	4.37376149602427
2.56075736170736	1.61020990235438	3.00930065842864	4.36871832583252
2.56786568612655	1.61770648837005	3.01529318048748	4.39929140157949
2.57497401054574	1.62479952193878	3.01995852216321	4.40434528663819
2.58208233496492	1.63186225371232	3.03017032767912	4.41477909897126
2.58919065938411	1.63479175289956	3.0407298882176	4.42397937712518
2.59629898380329	1.65356072081259	3.04949099814388	4.4433277740672
2.60340730822248	1.64347776176504	3.05415390429188	4.45140717819928
2.61051563264167	1.64138451210799	3.06536720300923	4.46359643419056
2.61762395706085	1.66457944743652	3.07546991078669	4.47587277661241
2.62473228148004	1.65869817681755	3.08046394698117	4.48778234829739
2.63184060589922	1.64703480842088	3.091389020336	4.51103070557768
2.63894893031841	1.67915410630267	3.09806831439982	4.4949501420969
2.6460572547376	1.67295168380693	3.11136748511478	4.52777529020221
2.65316557915678	1.67832248257293	3.12067243429462	4.53138125261759
2.66027390357597	1.69343657919622	3.12665115718504	4.53903969680912
2.66738222799515	1.68717160848753	3.13369139037233	4.55815476166677
2.67449055241434	1.70371886353387	3.14297539782209	4.5718397226161
2.68159887683353	1.70751675595799	3.15429771161566	4.58055050742965
2.68870720125271	1.71126640740454	3.16177482421556	4.5763454149752
2.6958155256719	1.70601173245392	3.16575313692236	4.60123136557236
2.70292385009108	1.72413540223991	3.17261885548968	4.61645537057936
2.71003217451027	1.72599848077594	3.18729771104717	4.62018706577943
2.71714049892946	1.72377990587149	3.19280173667534	4.64323490366908
2.72424882334864	1.72949723494732	3.20117261743852	4.64298518393743
2.73135714776783	1.73572989971868	3.2094262940474	4.66511557750169
2.73846547218701	1.74318664030959	3.21810163606904	4.66883953552249
2.7455737966062	1.74302641256151	3.22638973369619	4.69738637651616
2.75268212102539	1.75481595189363	3.23210915337677	4.68977214542485
2.75979044544457	1.75381665239673	3.24349981590176	4.70417185644967
2.76689876986376	1.77528834197046	3.25843401713416	4.72200026252161
2.77400709428294	1.77675652107029	3.25747695788415	4.73859879338288
2.78111541870213	1.77060456255716	3.2717834267732	4.7336281291515
2.78822374312132	1.78637913591759	3.27786949845339	4.74095644943737
2.7953320675405	1.79205478177305	3.28411012792489	4.77691460691186
2.80244039195969	1.78806427489302	3.29324378589788	4.78542093690619
2.80954871637887	1.79362978762861	3.30339242538957	4.78356983939183
2.81665704079806	1.81226675005013	3.31201553786423	4.80483473876442
2.82376536521725	1.81932029884643	3.31633616346918	4.80364240343495
2.83087368963643	1.80588580236553	3.33593700383378	4.82650816217511
2.83798201405562	1.82408162042547	3.33572805310263	4.82749387414898
2.8450903384748	1.83021522683574	3.34383246037704	4.8411241453069
2.85219866289399	1.83675830524366	3.35641420529455	4.87101284088997
2.85930698731318	1.83394824581315	3.36183864224464	4.87747752160417
2.86641531173236	1.84447452062394	3.37174073614469	4.88968269587763
2.87352363615155	1.84827767507576	3.37921646489669	4.90755939250217
2.88063196057073	1.86696952801411	3.38785526435313	4.89776712943492
2.88774028498992	1.84941768669964	3.3983071906519	4.92094671369381
2.89484860940911	1.85894381849237	3.40570927709091	4.92973663089341
2.90195693382829	1.86500331919988	3.41630491455536	4.94260681112574
2.90906525824748	1.88689749572529	3.41972778379318	4.9645150462261
2.91617358266666	1.87873362555196	3.43270485999062	4.9686919138883
2.92328190708585	1.8849472291285	3.44128020854465	4.98058343504677
2.93039023150504	1.88556086978913	3.45085834722687	4.99643023107305
2.93749855592422	1.88894456011378	3.45475899788214	5.01298760689203
2.94460688034341	1.90493729439226	3.4664743113369	5.00866324384453
2.95171520476259	1.90784304582585	3.47239231075717	5.01986396053703
2.95882352918178	1.90673808757595	3.47775027799096	5.01688687123977
2.96593185360097	1.92063953841115	3.49481700292718	5.03959508529597
2.97304017802015	1.93770483711157	3.49778595539881	5.05099954862907
2.98014850243934	1.91801872933154	3.51019046556303	5.0671732740921
2.98725682685852	1.93637897561062	3.51713414554743	5.08801607919845
2.99436515127771	1.93364327965312	3.52743356337362	5.08675484480524
3.0014734756969	1.95215423708121	3.53231454697408	5.1117323654635
3.00858180011608	1.94311895439547	3.54463750934882	5.12384665069588
3.01569012453527	1.94748779422536	3.55233042428708	5.13919160704621
3.02279844895445	1.95443717895753	3.55448089481867	5.13452503841891
3.02990677337364	1.96610081249904	3.56491056324665	5.16249820135077
3.03701509779283	1.97641645377237	3.5732767163257	5.16217972291779
3.04412342221201	1.96958455391546	3.58696018009882	5.17852597852815
3.0512317466312	1.97390949355818	3.59530170241969	5.19476563136634
3.05834007105038	1.99117714563093	3.60315754649554	5.19127815136316
3.06544839546957	1.9847061527184	3.60691026867563	5.21146118819885
3.07255671988876	2.00028525523412	3.61964213497308	5.22363427096422
3.07966504430794	2.00906001678176	3.62731521265914	5.24544964503563
3.08677336872713	1.98912972311943	3.63658005674434	5.24437104452545
3.09388169314631	2.01009504893224	3.64661012460788	5.2764369090777
3.1009900175655	2.00822654964357	3.65028672202019	5.27463898271142
3.10809834198469	2.02323007298013	3.66535185896256	5.28283829026242
3.11520666640387	2.02549219089627	3.67173064159958	5.28694421029624
3.12231499082306	2.02916855873061	3.68011468442185	5.30951993207322
3.12942331524224	2.03531614134321	3.68681629072303	5.3177888537142
3.13653163966143	2.06456083810816	3.69855801160554	5.32760910603503
3.14363996408062	2.06089900655086	3.70345493584139	5.34269021262528
3.1507482884998	2.053970937988	3.71227694051973	5.34372232195265
3.15785661291899	2.07044617164836	3.72246136808278	5.35453615628658
3.16496493733817	2.06187702877049	3.72998788039447	5.3735952559018
3.17207326175736	2.07422921430717	3.73479455426756	5.38016074192807
3.17918158617655	2.06626055670305	3.74320161365689	5.40894334293162
3.18628991059573	2.06889677523986	3.75112041659906	5.39929789754433
3.19339823501492	2.09602818636386	3.76690659151779	5.42786697533997
3.2005065594341	2.09369836972813	3.7716920796443	5.43339134576561
3.20761488385329	2.09015761603566	3.78291018616886	5.44843499744838
3.21472320827248	2.10624028020664	3.78755189737225	5.46632238444771
3.22183153269166	2.09894935716965	3.79547369988451	5.4752008722934
3.22893985711085	2.11721781811435	3.80930796209295	5.47446163968837
3.23604818153003	2.12025554670649	3.81591887964168	5.49601232841187
3.24315650594922	2.12712285391931	3.82969576030638	5.50656071190636
3.25026483036841	2.13073936397973	3.83401567977013	5.52154431683478
3.25737315478759	2.12301941177276	3.84324681174311	5.53587989260208
3.26448147920678	2.12267431274239	3.84786467088041	5.54346092168893
3.27158980362596	2.13352505696292	3.85865682727305	5.55816599788043
3.27869812804515	2.15047213320675	3.86655796262524	5.56900969309985
3.28580645246434	2.15808791847548	3.87777927999338	5.56938929982902
3.29291477688352	2.14704193424103	3.88536940974927	5.58754075786167
3.30002310130271	2.16643262934253	3.88675647564397	5.60710063908563
3.30713142572189	2.17152484080921	3.9018714346362	5.60867883148316
3.31423975014108	2.19177976189019	3.90346577004244	5.62958654767564
3.32134807456027	2.18024135933143	3.91102500657817	5.64115264909286
3.32845639897945	2.19023740835626	3.92399145125362	5.65676099847716
3.33556472339864	2.16777484009565	3.93555442257064	5.66380293879628
3.34267304781782	2.1987589768882	3.94685419618146	5.68238222570901
3.34978137223701	2.20265376402523	3.95177581012692	5.68625600392678
3.3568896966562	2.20373639931432	3.95833257761631	5.69681697283832
3.36399802107538	2.23077872966759	3.96722142702121	5.70987503166126
3.37110634549457	2.21149568196722	3.97671335377778	5.72269707327637
3.37821466991375	2.22154258245627	3.99086714990123	5.73435678076721
3.38532299433294	2.22631713513038	3.99077390508014	5.73162027861078
3.39243131875213	2.21986650606343	4.00339631675072	5.75713587181971
3.39953964317131	2.24148995806659	4.00685476731973	5.75941382158967
3.4066479675905	2.24305747014211	4.02078090592124	5.77784214076951
3.41375629200968	2.24029534131903	4.02342585195624	5.79214125688957
3.42086461642887	2.26547908507482	4.03554957288995	5.80617212663313
3.42797294084806	2.26006430243746	4.04571568498833	5.79540619240348
3.43508126526724	2.25440140820213	4.04646533144381	5.83054473318124
3.44218958968643	2.27513774163618	4.05793589804447	5.83555278670696
3.44929791410561	2.27993511841606	4.0710445584827	5.84425837670476
3.4564062385248	2.27085855409003	4.07832392050316	5.86530723360206
3.46351456294399	2.29331638514476	4.08884664762729	5.87665271047883
3.47062288736317	2.29025677430275	4.0956101421307	5.88923973799714
3.47773121178236	2.29703331742965	4.09875129962753	5.89268415369704
3.48483953620154	2.30404097441617	4.10830948157805	5.90053649433626
3.49194786062073	2.31804442705026	4.12897109583982	5.91762813965974
3.49905618503992	2.31055440445208	4.12855800585995	5.93810129276967
3.5061645094591	2.31060611259683	4.13845281019579	5.94029391368467
3.51327283387829	2.32239520215751	4.14787377051659	5.95068595410057
3.52038115829747	2.3225279416456	4.15515494549997	5.96022094935234
3.52748948271666	2.3520167197244	4.16459422030114	5.97771836518181
3.53459780713585	2.34520981223486	4.17490112044132	5.99494363520504
3.54170613155503	2.35486002292915	4.17848838081332	6.01230164150825
3.54881445597422	2.33985731498564	4.19016915157852	6.0251259343258
3.5559227803934	2.3572721886926	4.19316222541014	6.0370085984974
3.56303110481259	2.35450473161179	4.20915475826267	6.03826419419541
3.57013942923178	2.36587764604111	4.21416674877603	6.05206542449256
3.57724775365096	2.35989977585449	4.21830961832989	6.06422636382689
3.58435607807015	2.38195417634224	4.22974852849924	6.0753243116796
3.59146440248933	2.37192195813635	4.24238751033953	6.08355831053873
3.59857272690852	2.38441505795496	4.24650491175565	6.09446786257126
3.60568105132771	2.38548668152144	4.25948942642081	6.12321684760561
3.61278937574689	2.40540654104193	4.26365399631231	6.13103738906347
3.61989770016608	2.40261868354922	4.27372815033417	6.12962247755025
3.62700602458526	2.4059326992898	4.28576072525515	6.1292090702448
3.63411434900445	2.40201514992595	4.28832383959746	6.15715521395162
3.64122267342364	2.41269995778759	4.30297390382471	6.17277729259493
3.64833099784282	2.40405465609319	4.30628737808287	6.17415886097032
3.65543932226201	2.42976515241297	4.31527527114158	6.19347008571142
3.66254764668119	2.42555607787435	4.32699988188859	6.20535105208094
3.66965597110038	2.43594004135316	4.33439664063918	6.21369536868216
3.67676429551957	2.44314272889638	4.33834437594075	6.22844150604987
3.68387261993875	2.43970495457418	4.35274278926619	6.23106061470917
3.69098094435794	2.45475340390904	4.35730689500338	6.25046912297592
3.69808926877712	2.45356193428029	4.36750181997945	6.26317703443578
3.70519759319631	2.46242266659427	4.37925756540231	6.27639037260685
3.7123059176155	2.48626520631446	4.38301809901366	6.29572576038102
3.71941424203468	2.48384320988667	4.39525689393237	6.30534991134432
3.72652256645387	2.47361845829654	4.40003192822845	6.31500214287362
3.73363089087305	2.47665741010282	4.40351758504582	6.31262886853314
3.74073921529224	2.48958219976834	4.41760931991207	6.34170369982816
3.74784753971143	2.48319115757275	4.43002030383871	6.34069782525111
3.75495586413061	2.4860695168804	4.44094204908042	6.37481039106342
3.7620641885498	2.50025388964562	4.44032516649595	6.36151191350538
3.76917251296898	2.50428643465481	4.45504497412584	6.40141741949196
3.77628083738817	2.50354182763174	4.46385738176722	6.39063733561599
3.78338916180736	2.50254317327912	4.46956475287421	6.40885159118696
3.79049748622654	2.51864136050899	4.48069622884517	6.42401825585853
3.79760581064573	2.53273469948967	4.48694702083291	6.42480251215721
3.80471413506491	2.53008782313471	4.49431252712708	6.43005804673179
3.8118224594841	2.52882058016483	4.50666061551555	6.46157418220736
3.81893078390329	2.54609094539115	4.50838975058316	6.46132271761294
3.82603910832247	2.55834593820535	4.5190241997462	6.47266283601031
3.83314743274166	2.55938067880706	4.52880917933235	6.4960143116509
3.84025575716084	2.56850402513165	4.5373998237673	6.51540085599835
3.84736408158003	2.56988057536828	4.54682084552817	6.5241580901855
3.85447240599922	2.5562464571578	4.55996074725081	6.52436720521089
3.8615807304184	2.59079559554473	4.56172413955647	6.53291191792059
3.86868905483759	2.57990842644938	4.5698409368696	6.54563519272271
3.87579737925678	2.58396397869131	4.58032043206854	6.56926800281363
3.88290570367596	2.59961793296369	4.58392176589783	6.56107748786619
3.89001402809515	2.59977553691236	4.59794411923104	6.58718473170522
3.89712235251433	2.59047881602515	4.60348991109369	6.59504866923321
3.90423067693352	2.60354917022806	4.6135080063484	6.60126742028424
3.9113390013527	2.60116453307594	4.62305439286126	6.6222614937948
3.91844732577189	2.62664522771992	4.62810312833242	6.63069877090155
3.92555565019108	2.62608065721773	4.64228873205728	6.63167326925073
3.93266397461026	2.6328884762747	4.6483800531887	6.64903053950477
3.93977229902945	2.62866047145336	4.65837015061503	6.65927086394807
3.94688062344863	2.633087345306	4.6671969053492	6.67059705541767
3.95398894786782	2.6452364730019	4.67842053741242	6.6985188147435
3.96109727228701	2.65240276607951	4.6824631127436	6.68973388598357
3.96820559670619	2.65781908336703	4.68652728534709	6.71422012232602
3.97531392112538	2.6576725433415	4.70114258780465	6.7304951433415
3.98242224554457	2.67442104121085	4.70664420565251	6.73320342186213
3.98953056996375	2.67089593472602	4.71415404697822	6.7425141250465
3.99663889438294	2.68213403519803	4.72524470197396	6.75608647863826
4.00374721880212	2.68002980346594	4.73222542422359	6.77537537060501
4.01085554322131	2.68777550725368	4.74309398550205	6.78312374858333
4.01796386764049	2.68549942570577	4.75023833625215	6.80038823903431
4.02507219205968	2.69291131642702	4.76076362660188	6.81714419289321
4.03218051647887	2.715716872639	4.7699029153029	6.82440739044823
4.03928884089805	2.71769640376825	4.77748704845789	6.82751183168499
4.04639716531724	2.71181171615088	4.78475014016257	6.83616130392372
4.05350548973643	2.71703646938282	4.80177169407363	6.84131156948829
4.06061381415561	2.72862578938499	4.80050264449117	6.87180062967242
4.0677221385748	2.73438108954632	4.81157418076164	6.88203618057921
4.07483046299398	2.74187756319553	4.81389856975783	6.88569583248815
4.08193878741317	2.72648985405104	4.82734482702892	6.90818412631516
4.08904711183236	2.75312561239862	4.8368482827189	6.91348890401534
4.09615543625154	2.74159203888215	4.84590366918801	6.92526581265469
4.10326376067073	2.76524625964282	4.85398434460856	6.94410656451424
4.11037208508991	2.74684782359416	4.8662619259471	6.94387822185298
4.1174804095091	2.77090422399477	4.87281746609042	6.95854967703809
4.12458873392828	2.76693035335194	4.8736102509013	6.96769404473026
4.13169705834747	2.78954928970295	4.88902512934195	6.9778936904141
4.13880538276666	2.77843610109669	4.89641506141491	6.99308441039302
4.14591370718584	2.78214037070613	4.89955472334998	7.01096638274529
4.15302203160503	2.79915713401238	4.91618523951265	7.02463212609327
4.16013035602422	2.80041875539866	4.92396457398246	7.03370220520716
4.1672386804434	2.79922753574069	4.92860540942283	7.04375466811286
4.17434700486259	2.79684891920705	4.94201971228059	7.05904768838044
4.18145532928177	2.83457280744222	4.94828996589596	7.07481589887365
4.18856365370096	2.80341111447669	4.95555782820112	7.08791523034706
4.19567197812015	2.82239085790518	4.96284736126688	7.08672457275978
4.20278030253933	2.83636706527729	4.97047972680289	7.09748866319744
4.20988862695852	2.84583672722439	4.98230302645799	7.10980690453625
4.2169969513777	2.84464406524435	4.99093918288183	7.134269541452
4.22410527579689	2.83947111846497	4.99395044461902	7.13232990307824
4.23121360021607	2.84816453358594	5.00524516819723	7.13889136393712
4.23832192463526	2.85010408617246	5.02124691696357	7.1555741618415
4.24543024905445	2.85091972655607	5.0211947692734	7.18520616711346
4.25253857347363	2.86136758553197	5.02769873983764	7.1897836527332
4.25964689789282	2.87111032379312	5.04118498495688	7.21166653684773
4.26675522231201	2.860679412918	5.05114101458758	7.21398977141444
4.27386354673119	2.85924666627861	5.05909552676827	7.22537384334349
4.28097187115038	2.88264704768697	5.07003294769194	7.24649036923987
4.28808019556956	2.87290590472284	5.07550520315554	7.25557491114866
4.29518851998875	2.90144128470413	5.0818336523515	7.25849962700864
4.30229684440794	2.90945569994233	5.09699274209827	7.27302865291745
4.30940516882712	2.88819564410832	5.10147817388069	7.2860791136643
4.31651349324631	2.91513531778798	5.10856797203842	7.29832932178125
4.32362181766549	2.91999915213298	5.11703864379919	7.30784360972388
4.33073014208468	2.90560201997807	5.11766761710548	7.32347952820766
4.33783846650386	2.92204303023558	5.13409650304161	7.33137621669848
4.34494679092305	2.92598227395936	5.13901701975042	7.34321409601615
4.35205511534224	2.93401390843991	5.15088097221784	7.36213187451147
4.35916343976142	2.94161371507851	5.16165997903859	7.37009538623255
4.36627176418061	2.94055800327109	5.17195875700216	7.38054023515573
4.3733800885998	2.93578878780506	5.17663406585147	7.38964817417402
4.38048841301898	2.95267549619658	5.18222170276515	7.38562235334961
4.38759673743817	2.96555526043808	5.1946194434553	7.40516200506112
4.39470506185735	2.96538732245834	5.20589990172192	7.44198488372306
4.40181338627654	2.97282723072512	5.20781176644854	7.43866768994769
4.40892171069573	2.96356639053621	5.21592622226449	7.44889123122444
4.41603003511491	2.99680632137653	5.22669142479338	7.45970097940183
4.4231383595341	2.99495553088199	5.23000077902378	7.46904860264299
4.43024668395328	2.99030123194639	5.24942125914452	7.4936657815282
4.43735500837247	2.98899095139724	5.25339302035936	7.50170034460924
4.44446333279166	2.99443473281511	5.26730999512849	7.51924735126332
4.45157165721084	3.00886508466032	5.26747826628584	7.52780624210615
4.45867998163003	3.00805306260858	5.27856533629107	7.53511717116837
4.46578830604921	3.02802510511908	5.29066856465669	7.54946770856414
4.4728966304684	3.023774736324	5.29538729347527	7.56109301641465
4.48000495488759	3.02991964623812	5.30543488053818	7.56666136072718
4.48711327930677	3.03401261767638	5.30864858462137	7.5705574107119
4.49422160372596	3.03298927198437	5.32299077816835	7.58940524348575
4.50132992814514	3.04423296854506	5.32269677628319	7.60108551045669
4.50843825256433	3.0611876150084	5.33510830940456	7.61629245156996
4.51554657698352	3.0584067366372	5.34379717200633	7.638401513757
4.5226549014027	3.06808613146047	5.35043112949647	7.64346325598228
4.52976322582189	3.06635287261577	5.36846398926877	7.66202036056951
4.53687155024107	3.05935638873306	5.37417805735104	7.6693372069487
4.54397987466026	3.07194978609478	5.38286811115211	7.67534726810134
4.55108819907945	3.08591450760962	5.39037163202604	7.69727196138689
4.55819652349863	3.08711708253583	5.39823355788981	7.70863686424116
4.56530484791782	3.08692452850275	5.40543648480309	7.71210849037793
4.572413172337	3.09458170794927	5.41808602053256	7.72652942937074
4.57952149675619	3.10005616093062	5.41982188870733	7.72759520825486
4.58662982117538	3.09435933605746	5.43361629354678	7.74008765995485
4.59373814559456	3.11337933813282	5.43667597142223	7.75125400335541
4.60084647001375	3.11858687699371	5.44713807736921	7.77875428995058
4.60795479443293	3.13656234046381	5.46197731599645	7.79113117326496
4.61506311885212	3.12802895425176	5.46443051366455	7.79125197297097
4.62217144327131	3.12314272398623	5.47033695128889	7.79853056395371
4.62927976769049	3.13328504620241	5.48093989642212	7.82523745296103
4.63638809210968	3.1448337875663	5.49284555328045	7.8240064089217
4.64349641652886	3.14413377464295	5.49983515350933	7.83198241066938
4.65060474094805	3.14700904194346	5.51123072614061	7.85864014988032
4.65771306536724	3.15984699931277	5.5171827413276	7.8554689945872
4.66482138978642	3.16820704501768	5.52130780799634	7.87411206482312
4.67192971420561	3.16434987120788	5.53155590989369	7.88435441280621
4.67903803862479	3.17421819967464	5.54288256564002	7.89742990247598
4.68614636304398	3.17893110670703	5.54513209307163	7.91321659491875
4.69325468746317	3.19006757341288	5.56278188468093	7.92799837438942
4.70036301188235	3.18775044379798	5.56145154659377	7.94275593302724
4.70747133630154	3.18338445765095	5.57685720367879	7.9558543823114
4.71457966072072	3.19744804517211	5.58464324331389	7.96328658766489
4.72168798513991	3.20072610365537	5.58900997298048	7.98524022954815
4.7287963095591	3.2019501718284	5.59489008288017	7.99200233937489
4.73590463397828	3.22335533092885	5.61495275510402	7.98372556333157
4.74301295839747	3.22514111387571	5.6234778247844	8.00537066415841
4.75012128281665	3.21175491790349	5.62348103168084	8.00738868248209
4.75722960723584	3.219784892885	5.63571828518327	8.02845265031656
4.76433793165503	3.24176868054969	5.64339377671374	8.05418189705801
4.77144625607421	3.22685169616239	5.65464279944387	8.07195429549591
4.7785545804934	3.25381972130524	5.66197693170366	8.06713868058964
4.78566290491258	3.25155939144024	5.66721387163835	8.07790302858761
4.79277122933177	3.25956164007092	5.67851504610577	8.09141886317342
4.79987955375096	3.25807432829297	5.68648174745022	8.08533839682672
4.80698787817014	3.26674310058566	5.69177611613642	8.11473889883127
4.81409620258933	3.26721005392071	5.70427196611913	8.13050386241023
4.82120452700851	3.2751604338196	5.71801778093469	8.13776659605834
4.8283128514277	3.27694921660604	5.72480941446509	8.14840937458979
4.83542117584689	3.29349465433648	5.73353707269336	8.16230284425045
4.84252950026607	3.29365317857516	5.74204273621434	8.17462535399749
4.84963782468526	3.29357950953775	5.74447127116747	8.17226066299053
4.85674614910444	3.29343551122784	5.75936581532674	8.2203815347679
4.86385447352363	3.30818672024952	5.76309241414769	8.19618110426255
4.87096279794282	3.31400470884015	5.77529565778019	8.20938173758119
4.878071122362	3.32276847301909	5.77667648923046	8.24308229515351
4.88517944678119	3.32509503502187	5.79262234730933	8.25274505516045
4.89228777120037	3.32308030056309	5.79621365122798	8.26379321104141
4.89939609561956	3.33042639846822	5.80961931046802	8.28353673451869
4.90650442003875	3.33134433461186	5.81543258916352	8.27200560198211
4.91361274445793	3.34350989458941	5.81423425057877	8.30542522456081
4.92072106887712	3.3480733597228	5.83520910448636	8.30925483581216
4.9278293932963	3.35459037066469	5.83984518322318	8.32537097629455
4.93493771771549	3.36033162142437	5.85093431028117	8.33482564169738
4.94204604213468	3.36034871721094	5.8569023940216	8.33373963762846
4.94915436655386	3.35828080411792	5.8638718278569	8.35388801863116
4.95626269097305	3.37799226422274	5.87108341026643	8.36982236478976
4.96337101539223	3.37320659567289	5.88917503224317	8.3809028792609
4.97047933981142	3.3969415272891	5.89368014580567	8.3870207069544
4.97758766423061	3.39791135686525	5.89946539809509	8.41065552314335
4.98469598864979	3.4022679797274	5.90939884802321	8.4164217498709
4.99180431306898	3.38056102745774	5.92061718273113	8.41632258247769
4.99891263748816	3.41390488956711	5.92940379872675	8.44131291867146
5.00602096190735	3.41101666744057	5.93196267255996	8.44018814789307
5.01312928632654	3.39934521518387	5.94370249517019	8.44885738780374
5.02023761074572	3.41609403671547	5.95396184822177	8.47452598959957
5.02734593516491	3.42405648338012	5.95999236663443	8.48676920719796
5.03445425958409	3.42219071928591	5.96410577302668	8.49073836804558
5.04156258400328	3.45377890997859	5.97375791097666	8.50472637173633
5.04867090842247	3.44027484879831	5.98917237642348	8.50794284133798
5.05577923284165	3.46053246415528	5.99083389146784	8.53400237456075
5.06288755726084	3.45244029957817	6.00595994169098	8.57183580886606
5.06999588168002	3.46634563293553	6.01005497974609	8.55876702651207
5.07710420609921	3.45047875924779	6.02184405803201	8.56979875517598
5.0842125305184	3.47328670779796	6.03254941303464	8.58482868371265
5.09132085493758	3.45593566243959	6.03250638074969	8.60483196446112
5.09842917935677	3.48991518527353	6.04436511518971	8.60955939733643
5.10553750377595	3.47642013640241	6.05101981997252	8.61795634379466
5.11264582819514	3.50014624320438	6.06008095946006	8.61222515160691
5.11975415261433	3.49390836067818	6.07309712303333	8.6375782092366
5.12686247703351	3.49988005579852	6.07645448792382	8.65289445781253
5.1339708014527	3.50299674479177	6.08548861652382	8.67316470435138
5.14107912587188	3.50477955564832	6.10106988020828	8.66706053131174
5.14818745029107	3.51805504832329	6.10177380168465	8.68242135828709
5.15529577471026	3.52313774107259	6.10950765372678	8.70095091079974
5.16240409912944	3.51704168225181	6.1208533785176	8.71486590056395
5.16951242354863	3.54414906891384	6.12750602908172	8.72339180081678
5.17662074796781	3.52186083621229	6.14381635240259	8.7322567007265
5.183729072387	3.53466117617967	6.14935366072836	8.75310507876888
5.19083739680619	3.5521283897175	6.15492293449394	8.75459640674336
5.19794572122537	3.55167196081286	6.15702584707577	8.76996137023253
