"mitochan"	"lwrNorm"	"medNorm"	"uprNorm"
-1.90327037354145	-1.65599489581899	-1.40658328125237	-1.1560952952012
-1.89755293934577	-1.65522704153425	-1.40373768629555	-1.16004981591689
-1.8918355051501	-1.64922310918418	-1.39776096591931	-1.14631058143734
-1.88611807095443	-1.64720233041374	-1.39788896033139	-1.14579503453434
-1.88040063675875	-1.63789492487518	-1.39195890921323	-1.1412007344759
-1.87468320256308	-1.64185721998749	-1.38597793132056	-1.13354286124504
-1.8689657683674	-1.631094000751	-1.38067279019048	-1.13063769167853
-1.86324833417173	-1.62932267634801	-1.3777359843676	-1.12557702567914
-1.85753089997605	-1.62502601129713	-1.37422738077064	-1.12598220507056
-1.85181346578038	-1.61961557320825	-1.37113980010067	-1.1167718392724
-1.8460960315847	-1.60982389155461	-1.36431177940477	-1.11770351333983
-1.84037859738903	-1.61031806946435	-1.36264835882607	-1.11351984599389
-1.83466116319335	-1.60578058268219	-1.35838878851155	-1.10816893422049
-1.82894372899768	-1.60396574238086	-1.35381607462547	-1.10423340491039
-1.82322629480201	-1.59711316691013	-1.34902723981226	-1.09957228823799
-1.81750886060633	-1.5894214787317	-1.34431585265229	-1.09963038926011
-1.81179142641066	-1.58714500919939	-1.33933887084717	-1.09427723614006
-1.80607399221498	-1.58192459681554	-1.33721164442834	-1.08864562741996
-1.80035655801931	-1.5809535327846	-1.33252629324892	-1.08421870573699
-1.79463912382363	-1.57358782734041	-1.32713924114377	-1.07504770147793
-1.78892168962796	-1.56985879856347	-1.32213777599053	-1.07441364936894
-1.78320425543228	-1.56551373588608	-1.31854137995961	-1.07091861291879
-1.77748682123661	-1.56431253776413	-1.31698176425218	-1.06885467881408
-1.77176938704093	-1.55879425397285	-1.31063786254673	-1.0654971295474
-1.76605195284526	-1.55389678564643	-1.30711000080916	-1.05226494013747
-1.76033451864959	-1.55161884889674	-1.3020636788803	-1.05400893314684
-1.75461708445391	-1.54353344999954	-1.29708678950057	-1.04849314901223
-1.74889965025824	-1.5387043803548	-1.29421197228773	-1.04537064157381
-1.74318221606256	-1.53679158406213	-1.29291744928219	-1.04350261202674
-1.73746478186689	-1.53600187343946	-1.28590149447248	-1.03968786497267
-1.73174734767121	-1.52469792635455	-1.28195998545592	-1.03381641655399
-1.72602991347554	-1.52298697749176	-1.27711482041571	-1.03268681798079
-1.72031247927986	-1.5219094785043	-1.27290127341301	-1.02544674008018
-1.71459504508419	-1.51945588644834	-1.26985176164083	-1.02253984137664
-1.70887761088851	-1.50868429605032	-1.26218754403636	-1.01515905960505
-1.70316017669284	-1.50857827459649	-1.2602096818671	-1.01308327047227
-1.69744274249717	-1.50552614083551	-1.25856963210716	-1.00607644810053
-1.69172530830149	-1.50078129252584	-1.25255342427631	-1.00328615262246
-1.68600787410582	-1.49047543060081	-1.2474403059975	-1.00188846390332
-1.68029043991014	-1.49125004963302	-1.24344800887704	-0.997695635430853
-1.67457300571447	-1.48612591116063	-1.23947457350034	-0.992760530525999
-1.66885557151879	-1.47866335098492	-1.23597819049171	-0.98775600884311
-1.66313813732312	-1.47684156986971	-1.2304656100356	-0.986097304030031
-1.65742070312744	-1.47092682689635	-1.22630310870256	-0.978846171725642
-1.65170326893177	-1.47193884846175	-1.22294473752356	-0.978415363937349
-1.64598583473609	-1.4623449984338	-1.21622273300464	-0.971598390119786
-1.64026840054042	-1.4583357812833	-1.21332660554718	-0.96891956658869
-1.63455096634475	-1.45345180049287	-1.21080546945121	-0.966936327876173
-1.62883353214907	-1.44911270682239	-1.20679460870531	-0.960616783194127
-1.6231160979534	-1.4481965829752	-1.20056326761873	-0.957817910682057
-1.61739866375772	-1.44306067007823	-1.19658680625099	-0.951341333536039
-1.61168122956205	-1.44004725458509	-1.19123325330254	-0.944969677314449
-1.60596379536637	-1.43238948810349	-1.19036278304963	-0.944838614264839
-1.6002463611707	-1.42954550458964	-1.18330509086201	-0.942513003760458
-1.59452892697502	-1.42496720529138	-1.17919561059831	-0.934526239921126
-1.58881149277935	-1.41820305596733	-1.17661764745928	-0.93191022553908
-1.58309405858367	-1.4152620821877	-1.17031839760107	-0.927175247320377
-1.577376624388	-1.41556759544961	-1.16605823024277	-0.927723096400556
-1.57165919019233	-1.40670106460999	-1.16127803762442	-0.917730589539077
-1.56594175599665	-1.40122897057919	-1.15737419629704	-0.914504841656653
-1.56022432180098	-1.39763523886997	-1.15315628337915	-0.911374788841631
-1.5545068876053	-1.39133379185957	-1.15004794963491	-0.908028874773736
-1.54878945340963	-1.39137687175272	-1.14431971664139	-0.898641724927233
-1.54307201921395	-1.38216524137739	-1.14050876616832	-0.899435165521613
-1.53735458501828	-1.37850272190306	-1.13703558285933	-0.89465677728252
-1.5316371508226	-1.3792448906674	-1.1334168207847	-0.889915140473522
-1.52591971662693	-1.37255976542985	-1.12920717813014	-0.888224170047744
-1.52020228243125	-1.37019203819465	-1.12461268269415	-0.88155344100678
-1.51448484823558	-1.36160643099067	-1.12052328561554	-0.876807516732429
-1.50876741403991	-1.35895788978452	-1.11737354884527	-0.874140080026416
-1.50304997984423	-1.3566588122005	-1.11102934959811	-0.865808205122224
-1.49733254564856	-1.3550735761383	-1.10953464211007	-0.867929502442661
-1.49161511145288	-1.34557940197717	-1.10306472693785	-0.860482448782677
-1.48589767725721	-1.34030973517643	-1.09853084798988	-0.862283700326942
-1.48018024306153	-1.33595769573826	-1.09740940757468	-0.854361734710503
-1.47446280886586	-1.33597951652247	-1.09210899107125	-0.847884491190825
-1.46874537467018	-1.32922019890929	-1.08533897810655	-0.845386631825634
-1.46302794047451	-1.32109134775401	-1.08280348678266	-0.839293554915384
-1.45731050627883	-1.32292879615664	-1.07822062644272	-0.835709485987472
-1.45159307208316	-1.31585644393269	-1.07188320862815	-0.827408302817649
-1.44587563788749	-1.31137272911261	-1.07005943264488	-0.833308496734087
-1.44015820369181	-1.30767809806089	-1.06453699819888	-0.819892001170802
-1.43444076949614	-1.30639161984301	-1.06037294569941	-0.817056933235807
-1.42872333530046	-1.29592476134358	-1.0571972743786	-0.818431045377437
-1.42300590110479	-1.29534117176154	-1.0517589316876	-0.812851041440857
-1.41728846690911	-1.2899939966885	-1.04983451183439	-0.807422479452854
-1.41157103271344	-1.2841116557486	-1.04465821448391	-0.798972777550086
-1.40585359851776	-1.28329326150215	-1.04070410267027	-0.796512165994566
-1.40013616432209	-1.2770856579872	-1.0354553417091	-0.792468964426655
-1.39441873012641	-1.2751719616367	-1.031541700021	-0.790601067477662
-1.38870129593074	-1.26374361238626	-1.02639562069833	-0.784192737429195
-1.38298386173507	-1.26074207606601	-1.02248167190983	-0.78228392997402
-1.37726642753939	-1.26356609661431	-1.01867285818496	-0.777234774791189
-1.37154899334372	-1.25165410053972	-1.0152676157029	-0.776153339088481
-1.36583155914804	-1.25494271745507	-1.00889000193767	-0.770671143037267
-1.36011412495237	-1.24550389602529	-1.00632758283345	-0.764547893659135
-1.35439669075669	-1.24265892665862	-1.00094029539026	-0.763462263286178
-1.34867925656102	-1.23882702407855	-0.999122304756073	-0.754176648136363
-1.34296182236534	-1.23232097063805	-0.993229184234012	-0.753595750924334
-1.33724438816967	-1.22725189779494	-0.98858840199615	-0.745905658005694
-1.33152695397399	-1.22534646268014	-0.983507004184546	-0.746514657803223
-1.32580951977832	-1.22217141958519	-0.980220438515991	-0.737604187924003
-1.32009208558265	-1.21649079462045	-0.977963662214739	-0.739107411834335
-1.31437465138697	-1.2094296849992	-0.973941854863124	-0.731384833035657
-1.3086572171913	-1.20745156594848	-0.969085740709589	-0.72501931636375
-1.30293978299562	-1.20303523555564	-0.965000912819974	-0.726117978036141
-1.29722234879995	-1.20095490875948	-0.960318309585652	-0.722450261431708
-1.29150491460427	-1.19654449942473	-0.956412208976757	-0.715568136134216
-1.2857874804086	-1.19303053956382	-0.950920609208961	-0.713197262324463
-1.28007004621292	-1.19093222964265	-0.946595522816136	-0.711952102725726
-1.27435261201725	-1.18037282501288	-0.942789582488758	-0.705793885921251
-1.26863517782157	-1.17914632733677	-0.936980230101346	-0.694130778009987
-1.2629177436259	-1.17235639709061	-0.933568992700819	-0.695724515303524
-1.25720030943023	-1.17077314293603	-0.93112349453337	-0.69056534553897
-1.25148287523455	-1.16073585035032	-0.926721571050007	-0.690112815942437
-1.24576544103888	-1.16289871915821	-0.921374505081174	-0.681346491378152
-1.2400480068432	-1.1568904401558	-0.91767976262544	-0.680526165821341
-1.23433057264753	-1.15310019034049	-0.913736920424122	-0.67421427893238
-1.22861313845185	-1.14485857725707	-0.907020973402549	-0.670453247306179
-1.22289570425618	-1.1388653629859	-0.907009803537423	-0.666426758100482
-1.2171782700605	-1.13828626935376	-0.900315312143775	-0.6646042947151
-1.21146083586483	-1.13434443218893	-0.89615433970651	-0.658263389285503
-1.20574340166915	-1.12733975825271	-0.890863626990562	-0.653529068434499
-1.20002596747348	-1.12448203695844	-0.886873057049139	-0.647121629091027
-1.19430853327781	-1.12215144889372	-0.882315590654263	-0.64524947976781
-1.18859109908213	-1.11903750677391	-0.879760796014045	-0.641474977539343
-1.18287366488646	-1.11355579315754	-0.874423962051248	-0.636460551616337
-1.17715623069078	-1.10846207792633	-0.870493397177701	-0.636552758850782
-1.17143879649511	-1.10490445630728	-0.865774829046414	-0.628569858947235
-1.16572136229943	-1.10019690056152	-0.86187606201393	-0.627176029916285
-1.16000392810376	-1.09684852676785	-0.856846927390597	-0.623973610398736
-1.15428649390808	-1.09071143936037	-0.855231131515435	-0.616462246715529
-1.14856905971241	-1.0858149386831	-0.850983552009337	-0.609388495786568
-1.14285162551673	-1.08151774750525	-0.843149242877041	-0.607420123058783
-1.13713419132106	-1.07725009138884	-0.84185753957868	-0.598735117274888
-1.13141675712539	-1.07611526134107	-0.8374657773937	-0.598043454582507
-1.12569932292971	-1.06839263354387	-0.832591919224879	-0.596482429833547
-1.11998188873404	-1.06224260429406	-0.828584431865727	-0.593123586863491
-1.11426445453836	-1.06024887270235	-0.824341927299213	-0.584759374194941
-1.10854702034269	-1.0565236610062	-0.818887501476314	-0.584048454901415
-1.10282958614701	-1.05838497525429	-0.817401321590371	-0.579741300397447
-1.09711215195134	-1.04861014979421	-0.811274358786351	-0.573893484818001
-1.09139471775566	-1.04518863749978	-0.806934477967069	-0.567007861768539
-1.08567728355999	-1.03810197257758	-0.801790819366523	-0.570380265612176
-1.07995984936431	-1.03193889553173	-0.798127053998817	-0.561853657010804
-1.07424241516864	-1.02821658296142	-0.795187536399926	-0.558770531039172
-1.06852498097297	-1.02801404650747	-0.790656133544025	-0.553976237088902
-1.06280754677729	-1.02318563100532	-0.785481757012138	-0.551047110649627
-1.05709011258162	-1.01475740394211	-0.78102849222923	-0.546458359674932
-1.05137267838594	-1.01404508339997	-0.779349260093086	-0.54655606941629
-1.04565524419027	-1.0084368738831	-0.773374659814898	-0.535341918327332
-1.03993780999459	-1.00718072300509	-0.76892584449352	-0.531712633997179
-1.03422037579892	-1.00086725991116	-0.763655845902405	-0.531644883635337
-1.02850294160324	-0.993810737719552	-0.760902278754078	-0.529025639233683
-1.02278550740757	-0.994633703607446	-0.756305827281554	-0.521052629274029
-1.01706807321189	-0.986498157129584	-0.751881235526114	-0.51714992289354
-1.01135063901622	-0.98477120878945	-0.747301689754617	-0.513731296780397
-1.00563320482055	-0.978935593771014	-0.741975099803436	-0.507728770379407
-0.999915770624871	-0.973413093831694	-0.736694845553362	-0.50149751809797
-0.994198336429197	-0.970796467538102	-0.733615493635828	-0.499555326274921
-0.988480902233522	-0.968602069524275	-0.730619513098441	-0.498131957508819
-0.982763468037848	-0.959081019944427	-0.723426813202897	-0.487957765832283
-0.977046033842173	-0.957701718764031	-0.723755111327747	-0.486243874455059
-0.971328599646498	-0.95042570319149	-0.718166049109266	-0.483049509137588
-0.965611165450824	-0.945702690966055	-0.713418821367238	-0.479557624612387
-0.959893731255149	-0.945140312441217	-0.710995061861683	-0.474720360904427
-0.954176297059475	-0.938608030767511	-0.70437140498584	-0.4735623485413
-0.9484588628638	-0.934469697868541	-0.702452022273239	-0.4685582753629
-0.942741428668126	-0.933571550718897	-0.698154611884771	-0.464900299093132
-0.937023994472451	-0.927590589990313	-0.692379686623298	-0.458447030154179
-0.931306560276777	-0.920669432756216	-0.687726570346699	-0.452046886461934
-0.925589126081102	-0.917385194921923	-0.685875271047327	-0.451569357146979
-0.919871691885428	-0.915639459710649	-0.680021922812652	-0.445277760377695
-0.914154257689753	-0.910464942828339	-0.674597665783444	-0.437262207062945
-0.908436823494078	-0.907696000993814	-0.669283806972257	-0.438004471784165
-0.902719389298404	-0.90027825504294	-0.664897989836671	-0.435020472462739
-0.897001955102729	-0.900486553418857	-0.663618260187474	-0.425424923215009
-0.891284520907055	-0.894457248670358	-0.659426093356593	-0.427346299257758
-0.88556708671138	-0.886233425987418	-0.654323989105783	-0.421018008344801
-0.879849652515706	-0.883797548877186	-0.650137767231804	-0.419580856819584
-0.874132218320031	-0.880125475575591	-0.646822809507404	-0.416987845599981
-0.868414784124357	-0.874282872579816	-0.64109481566042	-0.409808130461542
-0.862697349928682	-0.871755941374255	-0.637221763632941	-0.405960666037547
-0.856979915733008	-0.865652509808092	-0.634994485465121	-0.404800191526653
-0.851262481537333	-0.861024581168919	-0.627874519556137	-0.395100599456009
-0.845545047341658	-0.857619161873094	-0.624598982940122	-0.391762934751377
-0.839827613145984	-0.85295877747871	-0.619626537798621	-0.386087440096206
-0.834110178950309	-0.850194477168731	-0.615324525993242	-0.383588267048404
-0.828392744754635	-0.846450516911593	-0.612167778171858	-0.379763444705114
-0.82267531055896	-0.844531185710604	-0.607798097179418	-0.375575292648111
-0.816957876363286	-0.836464125145476	-0.603299881000787	-0.370788333416283
-0.811240442167611	-0.834569710005432	-0.599571415062868	-0.368733617603959
-0.805523007971937	-0.826657463408721	-0.596218028298878	-0.364666063073328
-0.799805573776262	-0.824801474930991	-0.591423524536687	-0.356915290941028
-0.794088139580588	-0.817793507666384	-0.58536026401794	-0.354889253809199
-0.788370705384913	-0.818359004836555	-0.581187134506322	-0.346599064525103
-0.782653271189238	-0.810229405931356	-0.579080245842996	-0.348335701604026
-0.776935836993564	-0.808804046938376	-0.574474824576737	-0.339028079847261
-0.771218402797889	-0.802359414823916	-0.571341383432206	-0.334483383120037
-0.765500968602215	-0.795153477682882	-0.564140666933199	-0.330865257539191
-0.75978353440654	-0.794169281407329	-0.559792443684292	-0.332340219817116
-0.754066100210866	-0.791087912924477	-0.558137287616289	-0.326894556147926
-0.748348666015191	-0.784613491060361	-0.553828388046293	-0.321175549165898
-0.742631231819517	-0.781831688676289	-0.548914109157451	-0.318149778774008
-0.736913797623842	-0.779592618717299	-0.544813552466725	-0.315331608913901
-0.731196363428168	-0.775518116422711	-0.541725080271656	-0.309198039623191
-0.725478929232493	-0.770737091234143	-0.53740585790832	-0.305848489085006
-0.719761495036819	-0.761509168649865	-0.533407556176276	-0.30581992333109
-0.714044060841144	-0.760415586955362	-0.527177758968361	-0.298417623884064
-0.70832662664547	-0.757008293281507	-0.5222174047069	-0.293833751656324
-0.702609192449795	-0.753276204680888	-0.518060665243399	-0.289143674877191
-0.69689175825412	-0.742582207608737	-0.515357090985569	-0.290856952101326
-0.691174324058446	-0.743913876251238	-0.510919949133805	-0.280131294233402
-0.685456889862771	-0.739598488814066	-0.507016768416425	-0.279907179293195
-0.679739455667097	-0.73419178496833	-0.501108257735668	-0.272375705072768
-0.674022021471422	-0.728472545581405	-0.496968336491776	-0.269216394658886
-0.668304587275748	-0.728108222910948	-0.492393792405407	-0.262231471768921
-0.662587153080073	-0.717944061234042	-0.488060739185143	-0.260860052370074
-0.656869718884399	-0.712710541819231	-0.484819893710728	-0.253166377053951
-0.651152284688724	-0.71099481964385	-0.480239967160747	-0.249132456176096
-0.645434850493049	-0.709630196049245	-0.4770885622503	-0.250584797122216
-0.639717416297375	-0.701218959145224	-0.473449470454845	-0.241901612502228
-0.6339999821017	-0.700492071708834	-0.468280317942316	-0.23668712922173
-0.628282547906026	-0.694442890693531	-0.465051116763684	-0.234658119373322
-0.622565113710351	-0.688753181483687	-0.460458140861969	-0.230300176775611
-0.616847679514677	-0.686863113596945	-0.455241769702553	-0.226357897382118
-0.611130245319002	-0.682216026197355	-0.450335568528935	-0.219348835878408
-0.605412811123328	-0.677253135096058	-0.446503848287422	-0.218056084628014
-0.599695376927653	-0.67143231101073	-0.443342487939971	-0.21348985083225
-0.593977942731978	-0.670435489787215	-0.438716421018252	-0.21559635952195
-0.588260508536304	-0.664115496980334	-0.436217735023137	-0.20173277070487
-0.582543074340629	-0.662584046000254	-0.430822661278549	-0.199505214299864
-0.576825640144955	-0.65426408671994	-0.425821692154937	-0.192625683803851
-0.57110820594928	-0.653892140758735	-0.420540731594231	-0.191691181803327
-0.565390771753606	-0.64614965080157	-0.418281436205307	-0.189094594455236
-0.559673337557931	-0.644163515512443	-0.414497455538737	-0.183665871647819
-0.553955903362257	-0.640584608579937	-0.409162685796216	-0.178331103717805
-0.548238469166582	-0.630970273424165	-0.40352882504959	-0.175849645979342
-0.542521034970908	-0.629968348216825	-0.400613094269589	-0.168440261280495
-0.536803600775233	-0.627037385669704	-0.396900110845243	-0.165327536050611
-0.531086166579559	-0.621217298596276	-0.390638185264568	-0.165416329457865
-0.525368732383884	-0.6179411511137	-0.388070768711228	-0.159615512604609
-0.51965129818821	-0.614172690824961	-0.383142213781784	-0.153274852592872
-0.513933863992535	-0.60862712844937	-0.379301700237833	-0.151866299365764
-0.50821642979686	-0.603154888266839	-0.37501928997934	-0.141842597135825
-0.502498995601186	-0.598507335894697	-0.370463661183599	-0.146775256196196
-0.496781561405511	-0.593238441959741	-0.367334447096981	-0.137191558864583
-0.491064127209837	-0.589468335768539	-0.363271352851669	-0.134284395650849
-0.485346693014162	-0.588826727678264	-0.358468812176028	-0.130504230901736
-0.479629258818488	-0.57958152057115	-0.353296090952806	-0.122753350300979
-0.473911824622813	-0.577297670259348	-0.348158911493271	-0.125172310118246
-0.468194390427139	-0.57270374488303	-0.345384459328416	-0.116817817128032
-0.462476956231464	-0.573449869874029	-0.34092704593144	-0.113165116456052
-0.45675952203579	-0.564159216244785	-0.336907143397982	-0.108081414202777
-0.451042087840115	-0.563770278254388	-0.333627927114953	-0.104210442797852
-0.44532465364444	-0.558315119730547	-0.3290917899365	-0.100978738401009
-0.439607219448766	-0.554893544618715	-0.32347602701364	-0.0950634180007218
-0.433889785253091	-0.552008030479894	-0.32105288234432	-0.0919875642701465
-0.428172351057417	-0.544767262827787	-0.318311203777093	-0.0891171828885182
-0.422454916861742	-0.538999664103233	-0.311597424707993	-0.0844346007688664
-0.416737482666068	-0.536619792504647	-0.30731162455422	-0.0793126488830679
-0.411020048470393	-0.535371520892738	-0.302060421540134	-0.0784936706154731
-0.405302614274719	-0.524977851644508	-0.298916874017184	-0.0716818984851152
-0.399585180079044	-0.523428484453821	-0.294380189874015	-0.0674569079260253
-0.393867745883369	-0.520430619795544	-0.29062664471323	-0.066027807468142
-0.388150311687695	-0.510859395691126	-0.28513505806991	-0.054316720738956
-0.38243287749202	-0.507057757527881	-0.282736410679748	-0.0507933084603455
-0.376715443296346	-0.509398843976539	-0.276893738750997	-0.0518590667400858
-0.370998009100671	-0.501714452681316	-0.27404133547393	-0.0443782034744568
-0.365280574904997	-0.49744722290512	-0.270729055069702	-0.0421455749537435
-0.359563140709322	-0.493597913806217	-0.265885896717423	-0.033642443533673
-0.353845706513648	-0.489089490494919	-0.260177762563594	-0.0290286710067624
-0.348128272317973	-0.482399546804343	-0.257282221678471	-0.0326992093751963
-0.342410838122299	-0.483962707330844	-0.252356857242395	-0.0271189884198927
-0.336693403926624	-0.47870013209786	-0.246217978454885	-0.0187848030635293
-0.33097596973095	-0.468370469581736	-0.24237839248891	-0.0182061775017251
-0.325258535535275	-0.466546775441338	-0.238792359307604	-0.0107421642629001
-0.319541101339601	-0.463337261634969	-0.236240706407885	-0.00840537505920736
-0.313823667143926	-0.461694163175082	-0.233398007661429	-0.00207533081069338
-0.308106232948251	-0.452194491017013	-0.225918949622891	0.000364807957884354
-0.302388798752577	-0.451847248121256	-0.223013940865911	0.00445423620259813
-0.296671364556902	-0.447991072318495	-0.216320946101292	0.00980414363927254
-0.290953930361228	-0.441711859014732	-0.215507008730191	0.0109497208425583
-0.285236496165553	-0.436994836958706	-0.209965727158984	0.0171920234268847
-0.279519061969879	-0.431533031423734	-0.205847806323093	0.0194440901867647
-0.273801627774204	-0.427350730847797	-0.2015471672025	0.024756279932758
-0.26808419357853	-0.427094256772414	-0.198884977629465	0.030799870103398
-0.262366759382855	-0.420049536874304	-0.193561706248616	0.0322459545236995
-0.256649325187181	-0.417487188422133	-0.189815358357963	0.0356786002465098
-0.250931890991506	-0.410713567243423	-0.184086079021716	0.0418036602154125
-0.245214456795831	-0.408693019573537	-0.181780415996667	0.0468660705820458
-0.239497022600157	-0.401782029032056	-0.176049940434088	0.0488975187545134
-0.233779588404482	-0.394558312650007	-0.171187865662394	0.0573983025859337
-0.228062154208808	-0.393487735620579	-0.167725375217314	0.0585593202342113
-0.222344720013133	-0.392303474997777	-0.16511209915115	0.0651650853252529
-0.216627285817459	-0.388811317391346	-0.15933950797729	0.0682244086178255
-0.210909851621784	-0.378454515455906	-0.155080266002512	0.0697141124329117
-0.20519241742611	-0.376837096732073	-0.150573483932482	0.0767318335710039
-0.199474983230435	-0.373158392010451	-0.146652906467477	0.0804423411947569
-0.193757549034761	-0.371050786975448	-0.142792547423415	0.0836601225458328
-0.188040114839086	-0.3630740184044	-0.134934363579953	0.0877919889814437
-0.182322680643412	-0.36132046817198	-0.135754041535936	0.092449310235578
-0.176605246447737	-0.359222409124527	-0.1303667424236	0.0936287491560249
-0.170887812252062	-0.351489499982775	-0.126709921474578	0.10378292465537
-0.165170378056388	-0.343995253040133	-0.121802544499045	0.103544353029846
-0.159452943860713	-0.34196998657126	-0.116706717851948	0.106998325361231
-0.153735509665039	-0.337472381177068	-0.114115632101756	0.109499438844773
-0.148018075469364	-0.336833633044282	-0.109069093106852	0.115767276572579
-0.14230064127369	-0.331909876663058	-0.103638946623495	0.120836143456072
-0.136583207078015	-0.326308288342287	-0.100024875496881	0.126171100239656
-0.130865772882341	-0.31755300929074	-0.09707584958215	0.127602544703375
-0.125148338686666	-0.315742853270748	-0.0902651980556554	0.137646987373474
-0.119430904490992	-0.310611353371306	-0.0872322231918626	0.141095000743376
-0.113713470295317	-0.309290090667816	-0.0848127613989743	0.145624071768679
-0.107996036099642	-0.303060771429518	-0.0784483348104177	0.14516628526596
-0.102278601903968	-0.300891391474376	-0.0738961418979937	0.151174290899282
-0.0965611677082934	-0.2943879111607	-0.0698953626819985	0.156290749650478
-0.0908437335126189	-0.292085064882707	-0.0658365285258678	0.156952439916702
-0.0851262993169442	-0.287216547688042	-0.0630345207881719	0.16490093705594
-0.0794088651212697	-0.28366117387857	-0.0577900234355717	0.16870925537005
-0.0736914309255952	-0.27801605385548	-0.054574089317997	0.169728871733217
-0.0679739967299207	-0.270822394806441	-0.0502217401934376	0.177677915239439
-0.0622565625342462	-0.270564494994729	-0.0439805198153164	0.182736975712207
-0.0565391283385714	-0.267147274448851	-0.04017698462835	0.18334522124175
-0.0508216941428969	-0.260921763995344	-0.0359738535682249	0.187765126126726
-0.0451042599472224	-0.259178939146474	-0.0297751475353437	0.191393242339764
-0.0393868257515479	-0.249041180652204	-0.0288433053448149	0.199693538146915
-0.0336693915558735	-0.251559506635966	-0.0247190282999535	0.203163993573141
-0.0279519573601987	-0.243648010659921	-0.0183440503454377	0.208730430335231
-0.0222345231645242	-0.239458523754651	-0.0155491126450989	0.209140266007344
-0.0165170889688497	-0.235903620530012	-0.0110395901602163	0.211716899248021
-0.0107996547731752	-0.232768690657722	-0.00704869989939353	0.220613521514393
-0.00508222057750074	-0.226921175758593	-0.00294676667058712	0.222974180151438
0.00063521361817398	-0.226681883875328	0.000998430003667304	0.224969705658413
0.00635264781384848	-0.215908828199993	0.00647114941036952	0.230953499467891
0.012070082009523	-0.213097066667562	0.0100208031693138	0.233927518019841
0.0177875162051975	-0.207792734251406	0.0147668450293481	0.236431627015228
0.023504950400872	-0.205957343523167	0.0181676857400353	0.24329240202144
0.0292223845965467	-0.199740415981325	0.0222680909897897	0.245023156981897
0.0349398187922212	-0.202899782829036	0.0248661248078013	0.250275324031714
0.0406572529878957	-0.192447534180497	0.03054693133188	0.255408769349431
0.0463746871835702	-0.189226843596502	0.0367463119295917	0.261680637947613
0.0520921213792447	-0.18241926427565	0.0409009224062838	0.265222049869352
0.0578095555749194	-0.184242806798088	0.0445766235838684	0.272187642168497
0.0635269897705939	-0.182224493027935	0.047160829962286	0.269341276406635
0.0692444239662684	-0.16991958620657	0.0539174298874491	0.274980416813243
0.0749618581619429	-0.167992398960365	0.0556472563585846	0.285009275301894
0.0806792923576174	-0.159253097058375	0.0602559366667132	0.288101406016147
0.0863967265532921	-0.158903893591483	0.0653739984866598	0.286942536903921
0.0921141607489666	-0.154029319481349	0.0707526247072147	0.294847306753036
0.0978315949446413	-0.151266827644075	0.0739277037012484	0.29798028647507
0.103549029140316	-0.144548852005728	0.0787528570151626	0.301030047176828
0.10926646333599	-0.144496085158329	0.0816418005452202	0.304276851881018
0.114983897531665	-0.139750106125735	0.0855356661456825	0.308235759710604
0.120701331727339	-0.12949561702634	0.0907913540329285	0.312649346172988
0.126418765923014	-0.126232041471497	0.0940936500792746	0.322317506509292
0.132136200118688	-0.126269168909637	0.100204807781633	0.324407791226658
0.137853634314363	-0.122238707306619	0.102544838746354	0.32314405716615
0.143571068510037	-0.115623756983517	0.107578534562052	0.330805610309652
0.149288502705712	-0.108793089663899	0.109237571907631	0.336156445352584
0.155005936901387	-0.109057647921156	0.117100152575397	0.341464365383781
0.160723371097061	-0.101353919280566	0.119896047439447	0.344031318382472
0.166440805292736	-0.098763617712584	0.126344425682437	0.35116799818754
0.17215823948841	-0.0934345816556815	0.129358980130295	0.351118100109466
0.177875673684085	-0.0941768396439687	0.133469501397366	0.358038034607887
0.183593107879759	-0.0895983681505154	0.137148032136183	0.362793374350657
0.189310542075434	-0.0807728240291167	0.142532851329426	0.363936221966728
0.195027976271108	-0.0786133287605292	0.146721693888161	0.371304620657375
0.200745410466783	-0.0749999997173462	0.148470187711876	0.37121306800939
0.206462844662457	-0.0709436615061959	0.152945784375401	0.381442489299862
0.212180278858132	-0.0602511658503872	0.158621305611599	0.3845762364823
0.217897713053806	-0.0612898705372429	0.162406328624376	0.388269883218284
0.223615147249481	-0.0568539498865215	0.166795153542076	0.388274381740466
0.229332581445155	-0.054128755203188	0.170621427405146	0.395403897167879
0.23505001564083	-0.0480468577258949	0.1763918252918	0.399296370972757
0.240767449836505	-0.0427046289553286	0.180221790474026	0.405062628853903
0.246484884032179	-0.0377050760018056	0.184659611805568	0.410163599852535
0.252202318227854	-0.0383926945822076	0.187234805809028	0.41192732029844
0.257919752423528	-0.0318289432769948	0.191267152020635	0.415288735538982
0.263637186619203	-0.0262360283699606	0.196403569880009	0.422362214023417
0.269354620814878	-0.0218479060024151	0.198737982361963	0.422313259007264
0.275072055010552	-0.0201721838242578	0.205626323886751	0.430081364940407
0.280789489206227	-0.0155339615063254	0.207308272315564	0.432870182451863
0.286506923401901	-0.00951310841225815	0.212822377570025	0.436358743111139
0.292224357597576	-0.00680587236456027	0.218849856030866	0.444176657089215
0.29794179179325	0.000428177857391975	0.220099441185167	0.446509201106463
0.303659225988925	0.003906915771671	0.225052675943304	0.446838584804959
0.309376660184599	0.00611826470731817	0.228841805439639	0.454465127862312
0.315094094380274	0.0126602354911425	0.235282775539991	0.457753998351855
0.320811528575948	0.0149253080536848	0.239530477769221	0.464128367496402
0.326528962771623	0.0233953687668327	0.242216280515191	0.470812375823245
0.332246396967297	0.0256392580238585	0.247974481606904	0.468834001552364
0.337963831162972	0.0241559196427998	0.249048237863248	0.471586714317167
0.343681265358646	0.033759382016705	0.255501384605772	0.478155660438739
0.349398699554321	0.0367401433245732	0.261554290026363	0.484353833098109
0.355116133749996	0.0407021478266267	0.263659301835416	0.484827156465425
0.36083356794567	0.0484950142098459	0.270378951822282	0.491219528491787
0.366551002141345	0.0476032066047923	0.272465098427701	0.495886745488985
0.372268436337019	0.0547061333107755	0.277841363092549	0.502528156586434
0.377985870532694	0.0579966353633011	0.280478772487304	0.507881715292154
0.383703304728368	0.0618646860206866	0.283467376601097	0.505943844173106
0.389420738924043	0.0689356691969154	0.290671195791	0.510314853139765
0.395138173119717	0.074793080983927	0.294316521790552	0.517161832451918
0.400855607315392	0.0713647779721287	0.298478987885551	0.523136543492967
0.406573041511066	0.0783782030112624	0.303542927015155	0.524117876430102
0.412290475706741	0.0844102436276193	0.306254693802205	0.531420685437261
0.418007909902415	0.0914970270196273	0.311453231718544	0.535878432146584
0.42372534409809	0.0907346775864131	0.316061721741393	0.540776232961642
0.429442778293764	0.0931070171244721	0.319819544703117	0.53985755596874
0.435160212489439	0.105176063165979	0.325004171997501	0.548196288416384
0.440877646685114	0.107814661172583	0.328362785936004	0.550119866760229
0.446595080880788	0.11013745906402	0.332073776433564	0.560812410548207
0.452312515076463	0.112355353652376	0.335911318727533	0.562221816975571
0.458029949272137	0.115784000411512	0.339510793352247	0.560559080649389
0.463747383467812	0.120898563376477	0.344630744363817	0.56922317563428
0.469464817663487	0.12547166874392	0.348214872682441	0.571024241199709
0.475182251859161	0.129899719862757	0.352398003267353	0.575413072151146
0.480899686054836	0.133249642520993	0.35697444875295	0.579472921083799
0.48661712025051	0.138486896673073	0.361629619460969	0.583168419555434
0.492334554446185	0.144115179929199	0.367449593086775	0.585561541619292
0.498051988641859	0.146575410842097	0.371215416086205	0.59378403774977
0.503769422837534	0.154438105266735	0.375820332480439	0.596682304198278
0.509486857033208	0.157199502196324	0.377350478568943	0.602230146187469
0.515204291228883	0.157496764239225	0.383167028523069	0.60617684188742
0.520921725424557	0.161073499257898	0.38645848507262	0.608528716365105
0.526639159620232	0.168794780582304	0.391592248845847	0.615280168790368
0.532356593815906	0.173255445837145	0.396083095466317	0.617851372063522
0.538074028011581	0.175136305299883	0.399833560799594	0.619775304056522
0.543791462207255	0.184132426413609	0.403593121168308	0.626899697886025
0.54950889640293	0.186016250416357	0.407457322175009	0.63289490345506
0.555226330598605	0.186888475530291	0.412487338351139	0.634832824892043
0.560943764794279	0.191207558598879	0.416806669711235	0.639872003054538
0.566661198989954	0.193970560034504	0.421295745801518	0.641955829571188
0.572378633185628	0.207154881118928	0.424828676137339	0.644979603077705
0.578096067381303	0.204025528921902	0.428112149745575	0.652254826237033
0.583813501576977	0.212800148823234	0.432834618456662	0.659579114506244
0.589530935772652	0.21001440000822	0.438090403232694	0.663068468219992
0.595248369968326	0.221800826382595	0.441361246922854	0.664840953677032
0.600965804164001	0.221895006449	0.445854286720885	0.671193659924808
0.606683238359675	0.227218001354597	0.452140765090407	0.671109455514871
0.61240067255535	0.232847293945237	0.455959861744934	0.67840970635989
0.618118106751024	0.239772039713592	0.458874878487618	0.687721823356149
0.623835540946699	0.238593518324509	0.463112430326097	0.68581977669966
0.629552975142373	0.247112548428814	0.467664685419757	0.689390319002943
0.635270409338048	0.250266914410014	0.470096483166973	0.692791680094978
0.640987843533723	0.251705513249108	0.475210118235504	0.696761009902093
0.646705277729397	0.257535612120019	0.480567350150069	0.706688308974481
0.652422711925072	0.259140317600632	0.483488044520664	0.70620311173211
0.658140146120747	0.265344598459583	0.487812619941875	0.710813043783426
0.663857580316421	0.265684372803499	0.492965299921818	0.714698661801335
0.669575014512096	0.272196715271147	0.496581613041067	0.718390261053598
0.67529244870777	0.279704101103152	0.501273770380569	0.722882378217804
0.681009882903445	0.28465356114245	0.506781827091433	0.726761505889829
0.686727317099119	0.292296509908828	0.51182661525328	0.733183094654579
0.692444751294794	0.293849787680413	0.512735043672069	0.737261435454559
0.698162185490468	0.298664842794967	0.517365251341101	0.736130835866859
0.703879619686143	0.301375169686659	0.523510341235185	0.746331059615585
0.709597053881817	0.301870426440585	0.525261158080041	0.750995454552392
0.715314488077492	0.309276714778359	0.531176803628876	0.751485385084091
0.721031922273166	0.313274493048562	0.532489525732759	0.755626520017714
0.726749356468841	0.313688994487241	0.53662117184734	0.761909107810257
0.732466790664515	0.320295423679499	0.542859930895838	0.765607279236158
0.73818422486019	0.328234208479447	0.54921183546234	0.768015385916815
0.743901659055865	0.327893967354203	0.552449756432713	0.776334792793222
0.749619093251539	0.331682298189203	0.556592615625335	0.779649584659632
0.755336527447214	0.338033497481846	0.560060044046883	0.783799187488935
0.761053961642888	0.341744816404041	0.565032318635591	0.786913476081913
0.766771395838563	0.341884191329605	0.569052132379168	0.792379746406671
0.772488830034237	0.350426991702035	0.572720895499599	0.797510991383179
0.778206264229912	0.35170116034384	0.577760769724185	0.799321351125642
0.783923698425586	0.361346231166956	0.581981977660666	0.808414311398308
0.789641132621261	0.364851812757441	0.586205185111532	0.80645323628295
0.795358566816935	0.366187857030602	0.589005042635139	0.812284360629264
0.80107600101261	0.369413716840503	0.594536682683873	0.816399582541798
0.806793435208284	0.374750713202616	0.598308550746381	0.826594641737477
0.812510869403959	0.378792955239818	0.603899940031001	0.825672770959597
0.818228303599633	0.384208874877772	0.607274983169591	0.830445266314865
0.823945737795308	0.387147695076761	0.611385328956749	0.835657228303548
0.829663171990983	0.393756204058449	0.616170533390372	0.84087414895437
0.835380606186657	0.393933056872022	0.619670019541516	0.842676002059837
0.841098040382332	0.401837261563054	0.622597679773512	0.8468083307722
0.846815474578006	0.403650987679398	0.627471159282466	0.850149875211023
0.852532908773681	0.412578954623154	0.632070919759374	0.854120602572271
0.858250342969356	0.415549539073806	0.636156844564886	0.86217334106293
0.86396777716503	0.414806118530483	0.640075406602684	0.865425340747255
0.869685211360705	0.423753280465714	0.644948334750028	0.869353272174276
0.875402645556379	0.425851666647142	0.648933319878551	0.869857018552439
0.881120079752054	0.431375456526773	0.654357043040211	0.876009826747905
0.886837513947728	0.43641959085424	0.658685383590071	0.879885440675374
0.892554948143403	0.436310211283108	0.663295265724417	0.885819889320957
0.898272382339077	0.445924366953989	0.66644521154903	0.887932317493571
0.903989816534752	0.44703491701526	0.669460254587867	0.895712373458115
0.909707250730426	0.450654084429919	0.674769298037987	0.898817094342572
0.915424684926101	0.458788305458172	0.677869347177705	0.904047856107196
0.921142119121775	0.457027650572255	0.68305012547142	0.909373107571492
0.92685955331745	0.461420603602728	0.687990451510748	0.910032462127115
0.932576987513124	0.46894794628259	0.692529522761698	0.915849876685219
0.938294421708799	0.474997373222217	0.696678741675481	0.91962540187978
0.944011855904474	0.474531974716263	0.700115871376701	0.924222716203422
0.949729290100148	0.477411982785607	0.70450808546637	0.928964524699373
0.955446724295823	0.486196123848781	0.708713022595612	0.930461675298455
0.961164158491497	0.487531478432361	0.711357185533129	0.936962550220774
0.966881592687172	0.491141016885876	0.717221374449705	0.937921575730936
0.972599026882846	0.499832324703124	0.72070992459289	0.943239736508911
0.978316461078521	0.499433724480602	0.726097015793569	0.95037570773919
0.984033895274195	0.506068879654501	0.729881081512144	0.953252730396164
0.98975132946987	0.510040826140672	0.732186285346704	0.95958877686663
0.995468763665544	0.518988292777733	0.736073699177966	0.962483992621153
1.00118619786122	0.517765971394734	0.742770810552668	0.962193856547313
1.00690363205689	0.526508849563701	0.746879703039325	0.9685192190711
1.01262106625257	0.528684962988334	0.749931860368159	0.973338557150961
1.01833850044824	0.532524242674807	0.756347153565675	0.978349174531454
1.02405593464392	0.538288499855482	0.759915019716478	0.980649270394062
1.02977336883959	0.540952432339881	0.764613955850656	0.989219931003591
1.03549080303527	0.544427307672738	0.767810241634811	0.987744180319518
1.04120823723094	0.548375516484268	0.772234800313594	0.992619141279611
1.04692567142662	0.553060060363052	0.775522339704067	0.996287730785222
1.05264310562229	0.555200314366462	0.780779786682613	1.00265013787524
1.05836053981796	0.563520667383901	0.785199030645729	1.00999304188441
1.06407797401364	0.570004780950019	0.790021641108761	1.01261770097783
1.06979540820931	0.568044041407144	0.794169612789727	1.01553964793954
1.07551284240499	0.572817545252262	0.79734156135918	1.01998780355766
1.08123027660066	0.574466260746089	0.802075717130535	1.02518447543097
1.08694771079634	0.584336306316417	0.805347192808169	1.02714816817557
1.09266514499201	0.588581337335461	0.811704979365068	1.03249053070705
1.09838257918769	0.590431463441644	0.815277770489109	1.03702658062766
1.10410001338336	0.599719992528913	0.820256355345955	1.04418511837661
1.10981744757904	0.597754084154728	0.822794380434372	1.0437368181206
1.11553488177471	0.60463683078533	0.827076959163759	1.05129691401324
1.12125231597038	0.607100418334087	0.831209299326359	1.05677998384162
1.12696975016606	0.613018168527529	0.835992065957521	1.05568829944838
1.13268718436173	0.616743650242418	0.839538357751473	1.06245659978494
1.13840461855741	0.621765493956937	0.84205120808143	1.06588025127211
1.14412205275308	0.62486462029765	0.847276114013923	1.07262098582689
1.14983948694876	0.632325337441255	0.853717236398433	1.07998665357702
1.15555692114443	0.633631685568127	0.855982483453787	1.07940549230413
1.16127435534011	0.640340414760597	0.861361729544585	1.08285037708222
1.16699178953578	0.638851877569935	0.865358904821028	1.08141893255813
1.17270922373146	0.646952360658572	0.870820515166939	1.09451004436172
1.17842665792713	0.648179926519616	0.872445093311046	1.09769774946018
1.1841440921228	0.651992317704102	0.877987963463204	1.10340789983103
1.18986152631848	0.660832595724019	0.884522928047731	1.10681638474865
1.19557896051415	0.661010855469962	0.883845195575736	1.10813908527447
1.20129639470983	0.665255207027291	0.889983114264079	1.10908522048901
1.2070138289055	0.670907438837764	0.895822204318784	1.11713006860778
1.21273126310118	0.677078610897284	0.898159431752987	1.1231635872304
1.21844869729685	0.68288948896883	0.904071530635447	1.12498222658795
1.22416613149253	0.679233507048607	0.907647009503565	1.12973607442818
1.2298835656882	0.686436763928204	0.910779158948658	1.13693520397795
1.23560099988388	0.697660177523961	0.9162837884499	1.1401595198885
1.24131843407955	0.696978456670087	0.921119822914632	1.14280819178189
1.24703586827522	0.697167436262654	0.923642533930603	1.1449640169222
1.2527533024709	0.707567978528994	0.930072510256199	1.15439405629295
1.25847073666657	0.712783137393592	0.93294423142146	1.15825748714018
1.26418817086225	0.712019482154439	0.938057023014122	1.16434804430039
1.26990560505792	0.715268119963026	0.942463492342317	1.16352208828225
1.2756230392536	0.722753507036991	0.944061811778358	1.17238144616739
1.28134047344927	0.728448865485954	0.948820856126902	1.17277359102616
1.28705790764495	0.731686974278237	0.95492840803759	1.17679268236541
1.29277534184062	0.735838499798682	0.959370781238849	1.18201917618299
1.2984927760363	0.739292780290791	0.962035398406935	1.1873038732409
1.30421021023197	0.742338615678417	0.965545601072303	1.19187935116847
1.30992764442764	0.749562266110218	0.971750755132795	1.19446388996857
1.31564507862332	0.75523568223075	0.975556285919222	1.20229502557654
1.32136251281899	0.756357488157065	0.9801132027222	1.20348566185616
1.32707994701467	0.75970446154317	0.983401100851139	1.21091505905847
1.33279738121034	0.762765077750817	0.988526217483965	1.21727075655857
1.33851481540602	0.764676245696588	0.993156487665192	1.21336590366454
1.34423224960169	0.769323497548336	0.995602720237994	1.22090685046334
1.34994968379737	0.776741664835505	1.00100291395386	1.22392143758163
1.35566711799304	0.782031372090191	1.00388119193725	1.23133871040468
1.36138455218871	0.781814015903188	1.01022140000232	1.23189315584091
1.36710198638439	0.786820157020974	1.0126972181581	1.23852395154968
1.37281942058006	0.790571779328776	1.01762242803357	1.23827852304997
1.37853685477574	0.79986977563053	1.02152956504133	1.24624687540053
1.38425428897141	0.803144526388094	1.02669353854908	1.25117351259222
1.38997172316709	0.807300406338807	1.03228290404397	1.25595694286339
1.39568915736276	0.811229327354701	1.03426004884955	1.26294008453425
1.40140659155844	0.815260716764608	1.03989730766329	1.26639452119408
1.40712402575411	0.820153774425047	1.04124316748618	1.26591761394398
1.41284145994979	0.820899020168655	1.04747422381864	1.27237797310013
1.41855889414546	0.825026641717126	1.05298641077016	1.27963380892246
1.42427632834114	0.833253913662327	1.05658975383032	1.27962847018869
1.42999376253681	0.831393430376681	1.05889863609979	1.28506262378113
1.43571119673248	0.837591964404394	1.06566722310748	1.28853777705561
1.44142863092816	0.842263620579481	1.06718153022139	1.28895285456942
1.44714606512383	0.846055163167321	1.07270238375782	1.29602254880218
1.45286349931951	0.853263033057529	1.07756680342092	1.30128566850874
1.45858093351518	0.857470808723087	1.08025346546962	1.30773496032577
1.46429836771086	0.860144795039522	1.08453165297385	1.30988476732987
1.47001580190653	0.861461730652954	1.0874375612867	1.31227248345029
1.47573323610221	0.870585290108658	1.09326497247408	1.32121857647187
1.48145067029788	0.876007325378512	1.09815033281703	1.3205224150941
1.48716810449356	0.878716372348345	1.10288551692312	1.32842492748175
1.49288553868923	0.882900005230414	1.10794019284372	1.33497552821768
1.4986029728849	0.884563478861197	1.11297076481866	1.34331637123499
1.50432040708058	0.891708731726848	1.11629770662603	1.33843144425799
1.51003784127625	0.895876202736927	1.11980106390543	1.34521690189416
1.51575527547193	0.899995887195516	1.12463963162697	1.34867642260103
1.5214727096676	0.903871841022304	1.12633400199783	1.35249585400658
1.52719014386328	0.904662431671631	1.13178455733759	1.35573152690438
1.53290757805895	0.912033424856976	1.13714104552181	1.36126554933892
1.53862501225463	0.917013575651133	1.1398727636291	1.36604358511545
1.5443424464503	0.923187894134629	1.1447410805374	1.37034993326578
1.55005988064597	0.923986147510759	1.14961219957655	1.37143431500227
1.55577731484165	0.924097182630954	1.15245122402113	1.38267405677769
1.56149474903732	0.932601186469224	1.15926367331913	1.3841013575242
1.567212183233	0.938090147650611	1.16229599438644	1.38667382830518
1.57292961742867	0.941294323140304	1.16594939207558	1.38970961405763
1.57864705162435	0.943056609210967	1.17075201928055	1.39760628969445
1.58436448582002	0.94756137929511	1.17441561525995	1.39980302185417
1.5900819200157	0.955666267142916	1.17960751224942	1.40610780218062
1.59579935421137	0.954012297585768	1.18222554130213	1.41390828985602
1.60151678840705	0.96173251772362	1.18732098479914	1.41249899907683
1.60723422260272	0.967867754740555	1.19093476690546	1.41535660373267
1.6129516567984	0.973038057713171	1.1954197530963	1.4219625921187
1.61866909099407	0.976865448502025	1.19995795119224	1.42504569389819
1.62438652518974	0.975265313976251	1.20362671906236	1.42822392217404
1.63010395938542	0.984895573546167	1.20915426795249	1.43534751443841
1.63582139358109	0.98258626360445	1.21196502172633	1.44004875852701
1.64153882777677	0.988711937290156	1.21652903876421	1.4403123217291
1.64725626197244	0.996298178283217	1.22181444418844	1.44498378945003
1.65297369616812	0.999806553516725	1.22473654133924	1.45197903515325
1.65869113036379	1.0027471365651	1.22902554297201	1.45577652212593
1.66440856455947	1.00258927618406	1.23450337740184	1.46129575532805
1.67012599875514	1.01234409012509	1.23899827183122	1.46695284481348
1.67584343295082	1.01452023547338	1.24377212565933	1.46656986350174
1.68156086714649	1.02500651128961	1.24594825551463	1.47421435376672
1.68727830134216	1.02522512615013	1.25143161184458	1.47857475054491
1.69299573553784	1.02731077410253	1.25476756038062	1.4808572910064
1.69871316973351	1.03350311447515	1.25982851003926	1.48619086731165
1.70443060392919	1.032315144341	1.26398245871259	1.49163047503124
1.71014803812486	1.03894938301739	1.26683242743917	1.49427359034904
1.71586547232054	1.04628579466079	1.2719040146157	1.49998490204693
1.72158290651621	1.0487588332435	1.27593289657193	1.50277821546835
1.72730034071189	1.05267208548227	1.27829448700067	1.50682557401231
1.73301777490756	1.05720858802023	1.28423723478632	1.51218088519787
1.73873520910323	1.06006839798538	1.28674753397839	1.51557034088829
1.74445264329891	1.06639355394727	1.29473433684486	1.51781886860325
1.75017007749458	1.06792423727462	1.29651020864083	1.52167207319515
1.75588751169026	1.07311280188254	1.30014639007526	1.53192100688965
1.76160494588593	1.07733083288918	1.30738126987796	1.53099179064744
1.76732238008161	1.08249801392882	1.3080074701404	1.53454729031153
1.77303981427728	1.084694807489	1.31425030644741	1.54239700758359
1.77875724847296	1.09309553170052	1.31711392160289	1.54454092366797
1.78447468266863	1.09371856392735	1.32344937968848	1.55021116123909
1.79019211686431	1.09917691003335	1.32865715217546	1.55472244655325
1.79590955105998	1.10553265920935	1.33078536236353	1.55946333720694
1.80162698525566	1.10751433692826	1.33389716490479	1.56154415325963
1.80734441945133	1.11230074667999	1.34018126713683	1.56802612385907
1.813061853647	1.11527823967663	1.34237224852907	1.56841778710947
1.81877928784268	1.12535934594376	1.34708906567763	1.57819956482986
1.82449672203835	1.12482901969894	1.35357593019098	1.58294389428984
1.83021415623403	1.13122927359989	1.35388541100058	1.58470364719272
1.8359315904297	1.13349382937145	1.35981803014265	1.58834586467428
1.84164902462538	1.1349510182191	1.36481014239329	1.59200899804601
1.84736645882105	1.13837894514778	1.3702298304352	1.59632043825651
1.85308389301673	1.14619175369596	1.37438458042506	1.60080218822247
1.8588013272124	1.1525673731562	1.37839159080663	1.60774543916675
1.86451876140807	1.15361826670297	1.38175639672014	1.60628085703264
1.87023619560375	1.16130183270204	1.38639796295763	1.61123672756716
1.87595362979942	1.16579326445397	1.39126061909936	1.61698096677557
1.8816710639951	1.16437113079837	1.39713082325096	1.62367880604177
1.88738849819077	1.16887801502057	1.3978612731129	1.62614752825524
1.89310593238645	1.17417077939244	1.40285097804061	1.62824169787602
1.89882336658212	1.17892001783184	1.40548155413348	1.63213549405309
1.9045408007778	1.18080201171845	1.41034019683329	1.63687411296386
1.91025823497347	1.18825417633535	1.4178408865767	1.6456238245397
1.91597566916915	1.19142933772063	1.42000089832082	1.6482101096877
1.92169310336482	1.19463040151726	1.4251882626051	1.65653614759605
1.92741053756049	1.1999027964931	1.42908320941845	1.6548250191999
1.93312797175617	1.20536912891628	1.43119736841858	1.66117642700335
1.93884540595184	1.20581425421829	1.4355152315041	1.66288890720445
1.94456284014752	1.20780407195133	1.44084838854261	1.66961885671603
1.95028027434319	1.21609696563399	1.44521975262016	1.67259350896161
1.95599770853887	1.21671138946609	1.45101258681868	1.67689133318879
1.96171514273454	1.22307177974975	1.45388990904364	1.68191243528132
1.96743257693022	1.22971603777525	1.45837913076255	1.68484653082944
1.97315001112589	1.23308366697175	1.46257170491973	1.68900808433712
1.97886744532157	1.23981220718013	1.46616746903855	1.69320180977874
1.98458487951724	1.23948882212412	1.46905701025278	1.70419592441549
1.99030231371291	1.24343229710004	1.47409048312783	1.70435023683277
1.99601974790859	1.24968300722932	1.47941723731381	1.70782630070081
2.00173718210426	1.24773001918231	1.48252682469817	1.70863943981461
2.00745461629994	1.25910592082393	1.48634987216429	1.71586121322551
2.01317205049561	1.2627318820167	1.49223790156893	1.72277158595954
2.01888948469129	1.26668853056981	1.4958605139868	1.72668300547094
2.02460691888696	1.27051329887391	1.49999083554445	1.72623235840528
2.03032435308264	1.27649505478928	1.50467355641072	1.73383664152564
2.03604178727831	1.2767764973525	1.50795780265428	1.73794468300914
2.04175922147399	1.28433533079545	1.51327612323843	1.74127345635578
2.04747665566966	1.28850318590586	1.51682224328707	1.74531926767738
2.05319408986533	1.29243779744458	1.52161219649508	1.74881383287186
2.05891152406101	1.2959264390379	1.52681073327096	1.75447016219411
2.06462895825668	1.30041258379371	1.5297768081546	1.76167305554334
2.07034639245236	1.30244705452172	1.53261972329745	1.7636187998726
2.07606382664803	1.30626632130843	1.53950953110021	1.76728625265563
2.08178126084371	1.30870451772803	1.54204090970807	1.76960924452246
2.08749869503938	1.31922115069463	1.54722642218948	1.77899687517171
2.09321612923506	1.32367966925753	1.55158939136702	1.78510696334509
2.09893356343073	1.32205462462205	1.55469772787406	1.79106676132329
2.10465099762641	1.33274171833301	1.5601053822249	1.78662494444346
2.11036843182208	1.33440440768285	1.56321070545134	1.79446702870682
2.11608586601775	1.33696648767292	1.56777646682665	1.79582416031481
2.12180330021343	1.3454494746872	1.57288912584235	1.80315700195486
2.1275207344091	1.34436058193355	1.57562506138491	1.80372209710221
2.13323816860478	1.34941225461793	1.58333367005887	1.81187209360246
2.13895560280045	1.35202356918917	1.58467068238121	1.81447084524644
2.14467303699613	1.35754835406046	1.58863732650409	1.81905136256733
2.1503904711918	1.36193279586824	1.59324913015871	1.82536466922655
2.15610790538748	1.36477632848869	1.59710455508976	1.83267056291964
2.16182533958315	1.3671511519702	1.602490978713	1.83159359003669
2.16754277377883	1.37271604717748	1.6075481096566	1.83713146342917
2.1732602079745	1.38108131067707	1.61047680787275	1.84235957623525
2.17897764217017	1.38164002415275	1.61602362611676	1.85032089366823
2.18469507636585	1.38858624408546	1.61887349917777	1.85210403618901
2.19041251056152	1.39063623491973	1.62268540835973	1.85599511792871
2.1961299447572	1.3966530934612	1.62824076629493	1.85615574029435
2.20184737895287	1.39963622184991	1.62980098513208	1.86311406115406
2.20756481314855	1.40188420616852	1.63479826663268	1.86698461083509
2.21328224734422	1.40471206203246	1.63942312711791	1.8743968004334
2.2189996815399	1.41376295385856	1.6457022069886	1.87901407419881
2.22471711573557	1.41277117928179	1.64852853181449	1.8796845767272
2.23043454993125	1.41982716484784	1.6525545815858	1.88309346973124
2.23615198412692	1.4212161460324	1.65819681256903	1.89203586613935
2.2418694183226	1.43115561381796	1.66254334086229	1.8887693550522
2.24758685251827	1.43049813580291	1.66484890228848	1.89933062289207
2.25330428671394	1.43759562031939	1.67046958165789	1.9028808977612
2.25902172090962	1.44004658848088	1.67369671729047	1.90523713083274
2.26473915510529	1.44525511990827	1.67910466914173	1.91533490528092
2.27045658930097	1.45056247159328	1.68343193046645	1.91679373252538
2.27617402349664	1.45324987746072	1.68715387448124	1.91958579672457
2.28189145769232	1.46232759139411	1.69084839619865	1.92155086259975
2.28760889188799	1.45823321954548	1.69469488464515	1.93034018404155
2.29332632608367	1.46837179445119	1.70073522166862	1.92886075267936
2.29904376027934	1.4709803937691	1.70436767023418	1.93532140733092
2.30476119447501	1.47107161478819	1.70777306758768	1.93863954128085
2.31047862867069	1.47517559221299	1.7117446536753	1.94427064067051
2.31619606286636	1.48294112270327	1.71623698128465	1.94874442055305
2.32191349706204	1.48859668052969	1.72158010215969	1.95791469686462
2.32763093125771	1.49027468884323	1.72577648026335	1.95737743517554
2.33334836545339	1.49280892169765	1.72892779028939	1.9590766741647
2.33906579964906	1.50197164140954	1.73380241965198	1.97122804874636
2.34478323384474	1.49814727434657	1.73859707954227	1.97013584715826
2.35050066804041	1.509206110322	1.7424736220369	1.97831957905934
2.35621810223609	1.50715203001507	1.74650584892896	1.98032346933584
2.36193553643176	1.51443032744457	1.75082434430068	1.98506273196339
2.36765297062743	1.51925731896411	1.7538873003402	1.98875086866141
2.37337040482311	1.52410986008432	1.7596136667641	1.99158807483257
2.37908783901878	1.52784234848567	1.7620658621229	1.99913567854882
2.38480527321446	1.53386511921088	1.76684126800823	1.99712767112327
2.39052270741013	1.53878123145509	1.7717911735798	2.00600919762756
2.39624014160581	1.53964881071896	1.77505477733897	2.00814518930219
2.40195757580148	1.54441444849593	1.77996478965491	2.0164597379973
2.40767500999716	1.54888189782707	1.78601250605005	2.02043712587437
2.41339244419283	1.55527308363735	1.78595975039845	2.02272668647982
2.41910987838851	1.55737856970299	1.79355614933608	2.02985351354801
2.42482731258418	1.56100001933117	1.7969880007045	2.0311659180207
2.43054474677985	1.56686810906096	1.80265861714478	2.03568014574511
2.43626218097553	1.56927228643597	1.80329550020112	2.03875011354505
2.4419796151712	1.57160411086538	1.80966052510442	2.04500761497498
2.44769704936688	1.57691826606009	1.81544563547485	2.04934110921716
2.45341448356255	1.57936791784167	1.81922754882723	2.05461038048564
2.45913191775823	1.5864576162234	1.82188925237869	2.05629109615144
2.4648493519539	1.59272253221683	1.82549454103943	2.06458506341486
2.47056678614958	1.59439419753579	1.8300738094645	2.0669583395132
2.47628422034525	1.59863111730187	1.83611670275577	2.06688800720296
2.48200165454093	1.60112952893198	1.84002034465221	2.07519365330976
2.4877190887366	1.60524256933816	1.84278182796572	2.07636141355635
2.49343652293227	1.61309277588162	1.84805080631855	2.08254882194789
2.49915395712795	1.6141777287596	1.85092842006137	2.08622765896284
2.50487139132362	1.62084147957447	1.85557054590071	2.09181514377176
2.5105888255193	1.62528975112709	1.85943981446774	2.09538543183989
2.51630625971497	1.63184392750989	1.86465815660914	2.10179311267821
2.52202369391065	1.63198179909379	1.86918857093179	2.10383513115658
2.52774112810632	1.64320001156206	1.87365786218689	2.11005583383895
2.533458562302	1.64089765386579	1.87661644313535	2.10925134946048
2.53917599649767	1.64077473605007	1.88034027102938	2.11451904510899
2.54489343069335	1.6471092716435	1.88333493935451	2.11865128419389
2.55061086488902	1.65068372666416	1.89030845164091	2.12922996733993
2.55632829908469	1.65659606217862	1.89603872587285	2.1284344303737
2.56204573328037	1.66247856161256	1.9000802431496	2.13844142252869
2.56776316747604	1.67138308455105	1.90233919447823	2.13674913693343
2.57348060167172	1.66610321988987	1.90723438475308	2.14370351648833
2.57919803586739	1.67481653462978	1.90966102748524	2.1518147196169
2.58491547006307	1.67693373076845	1.9161919121277	2.15168073792083
2.59063290425874	1.68298418779903	1.91936030801386	2.15781728947225
2.59635033845442	1.68719859611217	1.92214225040658	2.15780983788643
2.60206777265009	1.69145974006353	1.92746681679502	2.16334030245412
2.60778520684577	1.69228386188247	1.93263282835868	2.1707856702856
2.61350264104144	1.697906716102	1.93755746836529	2.17427700683154
2.61922007523711	1.70014988989178	1.9412926345586	2.17865378320468
2.62493750943279	1.70765671892961	1.94369861619105	2.18353141007462
2.63065494362846	1.7129408990018	1.95087122349293	2.18498980614007
2.63637237782414	1.71268969925856	1.9548866308245	2.19013295128871
2.64208981201981	1.72213671468225	1.95846103693092	2.19633766267615
2.64780724621549	1.72343592381047	1.96277098213227	2.20240151864924
2.65352468041116	1.72904233420035	1.96594847002322	2.207956776001
2.65924211460684	1.72964725921056	1.97213122267007	2.20215389290394
2.66495954880251	1.73693073592197	1.9756731205279	2.2092318850329
2.67067698299819	1.74099736761758	1.97915633740316	2.21661180875505
2.67639441719386	1.74500307987242	1.98360802288944	2.2215217323556
2.68211185138953	1.74260459940635	1.98774208429826	2.22618502532514
2.68782928558521	1.75286017016761	1.99123116095572	2.22906332629571
2.69354671978088	1.749896807104	1.99384937899971	2.23388200395923
2.69926415397656	1.76188534132347	2.00017537639521	2.23538896986274
2.70498158817223	1.76329127585533	2.00351911132186	2.24685761536098
2.71069902236791	1.77136668626224	2.0070551993662	2.25001148806118
2.71641645656358	1.77597178526358	2.01415110214571	2.24849963808514
2.72213389075926	1.77509481573639	2.01676778836738	2.25797192272533
2.72785132495493	1.78188947347254	2.02013988624062	2.26362981007718
2.73356875915061	1.78262352383043	2.02500672408782	2.26614147216365
2.73928619334628	1.79017231841827	2.02869377422065	2.26959275223822
2.74500362754195	1.79712394150331	2.03644613328824	2.2729124372283
2.75072106173763	1.8032896847413	2.0386044841333	2.27763306537393
2.7564384959333	1.8035057224085	2.04286667022234	2.28506210101968
2.76215593012898	1.80666389113111	2.04674647604671	2.28700501409677
2.76787336432465	1.81237581191249	2.05098247426588	2.29149774018046
2.77359079852033	1.82043920517863	2.05522918823341	2.29527538116438
2.779308232716	1.81823128713759	2.06098869513183	2.29860377682314
2.78502566691168	1.82159971263481	2.06349140937673	2.30244663496192
2.79074310110735	1.82853132457519	2.06949226218482	2.30770290018763
2.79646053530303	1.83214353267231	2.07234121134182	2.31014995770066
2.8021779694987	1.83853205796443	2.07393485011398	2.31300366023408
2.80789540369437	1.84194305481635	2.0813695770828	2.31570032476596
2.81361283789005	1.83936448964857	2.08389871284441	2.32860916188925
2.81933027208572	1.84580104767795	2.08921198375065	2.33072482118685
2.8250477062814	1.85043569277522	2.09287473195712	2.3308141991521
2.83076514047707	1.85590638812111	2.09789777726555	2.3394382090482
2.83648257467275	1.8594981120579	2.10103544880617	2.34197632704134
2.84220000886842	1.86467525975586	2.10605485963495	2.35120779220858
2.8479174430641	1.87160592895354	2.10942473156849	2.34980830385791
2.85363487725977	1.86892524627634	2.11512441913769	2.35552598238654
2.85935231145545	1.87555264291117	2.1185998146293	2.36002371583947
2.86506974565112	1.88209135129318	2.12303014777995	2.36158009789299
2.87078717984679	1.88474250868887	2.12664721926298	2.3675923113359
2.87650461404247	1.88841087075368	2.13075488029288	2.37183901650761
2.88222204823814	1.89466525463555	2.1347032951986	2.37735017339214
2.88793948243382	1.89715461900396	2.13866671545562	2.3816873133673
2.89365691662949	1.90339290775205	2.14193530225411	2.38186656349505
2.89937435082517	1.90792838907232	2.14801306687692	2.39109018323504
2.90509178502084	1.91321800898367	2.15452662842163	2.39217681572429
2.91080921921652	1.91653647920044	2.15643359708266	2.39957761641209
2.91652665341219	1.91646499829789	2.1607304784489	2.40572258389879
2.92224408760787	1.92187469634999	2.16646184407244	2.4067755395847
2.92796152180354	1.92657715427635	2.17053916126111	2.41394425948713
2.93367895599921	1.93195001096747	2.17201667802341	2.41549610985987
2.93939639019489	1.93189694324194	2.17612990624148	2.42036015836883
2.94511382439056	1.93977618579439	2.18170414012789	2.42492986330918
2.95083125858624	1.94185299424406	2.18711575284777	2.42667987746839
2.95654869278191	1.9486495247569	2.1914833951892	2.43480152119432
2.96226612697759	1.9460560295607	2.19530786355861	2.43760924700786
2.96798356117326	1.95364481071473	2.1995484323033	2.44354338615681
2.97370099536894	1.96426647415226	2.2051159039241	2.44465805559398
2.97941842956461	1.96343766929286	2.20719330760254	2.4507705502354
2.98513586376029	1.96952604363244	2.21088314348438	2.45842776520933
2.99085329795596	1.97249271708723	2.21772237398717	2.46201825327722
2.99657073215163	1.9761885634734	2.22049810209961	2.45939177290508
3.00228816634731	1.98241882576459	2.22699904675725	2.47279474965839
3.00800560054298	1.98354358454268	2.22604332456814	2.46785618571238
3.01372303473866	1.99014116018938	2.23226267894872	2.47574196674235
3.01944046893433	1.99053128889538	2.23687284872093	2.47785517962899
3.02515790313001	1.99646765940263	2.24306027821409	2.4839799559379
3.03087533732568	1.99969036903858	2.24539631028112	2.49030477178177
3.03659277152136	2.00829365150419	2.24954255425877	2.49415901319507
3.04231020571703	2.00903385060825	2.25614741446841	2.49876780884086
3.0480276399127	2.0136880846112	2.25757632277598	2.5044792736749
3.05374507410838	2.01496698562626	2.26239966994916	2.50664748953158
3.05946250830405	2.0217426480228	2.26613493677977	2.5125910751571
3.06517994249973	2.02755955192208	2.27281100383794	2.51730924547358
3.0708973766954	2.03228174218161	2.27456374647354	2.52487170803637
3.07661481089108	2.03399104603387	2.27797545617389	2.52585501452287
3.08233224508675	2.03805681190881	2.28378240925766	2.52950211685106
3.08804967928243	2.04433842817598	2.28862099531525	2.53331354245058
3.0937671134781	2.04512904820157	2.2922941974767	2.54087137445373
3.09948454767378	2.04464641650949	2.29749788147617	2.5441432453715
3.10520198186945	2.0494001561953	2.29929553905757	2.54371429146027
3.11091941606513	2.05654798715378	2.30253239411681	2.54851713234983
3.1166368502608	2.06442844764716	2.30750091862912	2.55377119459618
3.12235428445647	2.07032804816717	2.31406109680543	2.55926828123908
3.12807171865215	2.07003862567849	2.3171628422362	2.56782247811314
3.13378915284782	2.07400718741147	2.32272992064936	2.57205223496042
3.1395065870435	2.0810872319613	2.32517111616133	2.57393024374175
3.14522402123917	2.08321062924909	2.32972744158772	2.57623701669694
3.15094145543485	2.0882571704609	2.3325800344309	2.57616236860205
3.15665888963052	2.09016305866801	2.34092123952833	2.58915406053861
3.1623763238262	2.09566361328783	2.34228480242796	2.58918150662136
3.16809375802187	2.10235118617043	2.34714339471933	2.59619680333825
3.17381119221755	2.10386423341952	2.35008476810521	2.59467609939199
3.17952862641322	2.11125879517602	2.35666709261723	2.6008041925623
3.18524606060889	2.11182951725144	2.36068325563221	2.60599910763436
3.19096349480457	2.11595132075888	2.36375809305439	2.60941321400694
3.19668092900024	2.11776296644058	2.36928836558664	2.61983474029529
3.20239836319592	2.12211470390915	2.37247746992456	2.61461661868561
3.20811579739159	2.12923518583018	2.37811337082314	2.62661450144244
3.21383323158727	2.13424331449656	2.38211166240024	2.62667068331596
3.21955066578294	2.13846914679704	2.38509512174922	2.63077007840238
3.22526809997862	2.14347285573972	2.39001276601106	2.63846480796396
3.23098553417429	2.14468183929985	2.39355190235414	2.64487513859263
3.23670296836997	2.15073963947307	2.39853800494359	2.64735577289968
3.24242040256564	2.1549111457476	2.40376876520062	2.6519537088521
3.24813783676131	2.15562472107398	2.40577028388107	2.65590735415756
3.25385527095699	2.15700970001036	2.40884841585168	2.6577697129121
3.25957270515266	2.16628794343772	2.41587663939001	2.66576548710049
3.26529013934834	2.16952062519945	2.42029696091759	2.66841469271096
3.27100757354401	2.17959348110537	2.4235623492541	2.67149569383102
3.27672500773969	2.17781529470144	2.42691370474344	2.6779414235095
3.28244244193536	2.17945665321593	2.43279248815118	2.68148888101861
3.28815987613104	2.18390766491869	2.4345697620436	2.68458941550246
3.29387731032671	2.19261713202773	2.44087825289678	2.69161196427591
3.29959474452239	2.19779424698987	2.44523529584148	2.69355668055245
3.30531217871806	2.20158359189011	2.45015977808929	2.69651973483912
3.31102961291373	2.20455923902604	2.45404423781995	2.70117003647395
3.31674704710941	2.21104567610999	2.45898389370627	2.70930253644199
3.32246448130508	2.21611376733992	2.46236632684218	2.70972868118661
3.32818191550076	2.21213695765869	2.4655633504305	2.71771401447132
3.33389934969643	2.22048104462713	2.46990334795427	2.72369836660541
3.33961678389211	2.22566857702378	2.47382572941063	2.72573619382839
3.34533421808778	2.22817229989368	2.47952813940233	2.73141857751283
3.35105165228346	2.22874507435521	2.48282991853248	2.73878401958507
3.35676908647913	2.23832097961084	2.48562113407011	2.73917743363354
3.36248652067481	2.24246870042997	2.49157081882205	2.73954609589482
3.36820395487048	2.24282831517487	2.49501208595602	2.74425089146182
3.37392138906615	2.24870268370359	2.49761305362878	2.748970992927
3.37963882326183	2.25351775449471	2.50285705888201	2.75316532778848
3.3853562574575	2.26130608760191	2.50816616705054	2.75801320320621
3.39107369165318	2.26048852720353	2.5124736351692	2.7599409437487
3.39679112584885	2.26623084846123	2.51457878397483	2.76485088154311
3.40250856004453	2.27010063973699	2.52114381435834	2.76832259935748
3.4082259942402	2.28012045086407	2.52491882023765	2.77824023931897
3.41394342843588	2.27517053115656	2.52883984898263	2.77441144451187
3.41966086263155	2.28274638760699	2.53309090439258	2.7816780284944
3.42537829682722	2.29156487591512	2.53852209324635	2.7909551682776
3.4310957310229	2.29167635654254	2.54197755600549	2.79576280660036
3.43681316521857	2.292494942454	2.54603862818158	2.80153754402265
3.44253059941425	2.29823610470717	2.54785367272721	2.79736449238556
3.44824803360992	2.30382814134463	2.55579841067515	2.80904886483347
3.4539654678056	2.30316001923174	2.55976701063285	2.8109126958528
3.45968290200127	2.31202683781886	2.56498383252791	2.81693633660943
3.46540033619695	2.31439866617342	2.56710191015256	2.82395042832056
3.47111777039262	2.31853693903839	2.57182311532461	2.82741519582881
3.4768352045883	2.32288140651973	2.57643781204149	2.82833185501262
3.48255263878397	2.32590261816361	2.58074286356159	2.82930605636302
3.48827007297964	2.33310114987042	2.58400014037676	2.8395655023489
3.49398750717532	2.33563493466983	2.5879854652467	2.84476226587318
3.49970494137099	2.33554738531143	2.59288354440025	2.84590289280277
3.50542237556667	2.34081326621319	2.59564357161922	2.8559190414725
3.51113980976234	2.34784546267753	2.60089689610645	2.85684138125154
3.51685724395802	2.34903697355874	2.60446639038823	2.86255538962776
3.52257467815369	2.35545025564364	2.60984501534092	2.86519141954545
3.52829211234937	2.35804825206939	2.61417700770696	2.86704474490486
3.53400954654504	2.36815278979893	2.6165947784686	2.87035294492243
3.53972698074072	2.36472924295399	2.62337831177861	2.87877875139212
3.54544441493639	2.36835403108779	2.62658336448762	2.88130484314456
3.55116184913207	2.37569213208904	2.63082290377295	2.88456308185221
3.55687928332774	2.37905672333915	2.63479664252186	2.8923601623244
3.56259671752341	2.3859375115998	2.63829422265192	2.8938510608211
3.56831415171909	2.39043546534304	2.64534883348118	2.89916366148499
3.57403158591476	2.3895020607477	2.64981585133627	2.90323526077172
3.57974902011044	2.39345869011552	2.65214388801641	2.90932414273755
3.58546645430611	2.40392346062779	2.65675028122588	2.90790416782283
3.59118388850179	2.40577841027978	2.65928499139522	2.91132587991866
3.59690132269746	2.40802705423558	2.66414605141768	2.91710158726318
3.60261875689314	2.41220357828544	2.66829678860146	2.92006811860323
3.60833619108881	2.4203081472412	2.67398912784158	2.9293188419832
3.61405362528449	2.42052492990175	2.67951437867294	2.93293696102455
3.61977105948016	2.42848071261857	2.68281996879997	2.93918248033607
3.62548849367583	2.42900533434677	2.68546827259237	2.94255197119199
3.63120592787151	2.43701279660482	2.69104735601266	2.94509898741824
3.63692336206718	2.43692322618386	2.69160806976759	2.95066319161439
3.64264079626286	2.44484472680646	2.69922948497971	2.95734446247194
3.64835823045853	2.44543679707882	2.70286257786094	2.96214618740906
3.65407566465421	2.4518681390088	2.70783526572855	2.9635320594716
3.65979309884988	2.45385765856661	2.7100375780534	2.96856459495902
3.66551053304556	2.45896644843804	2.71482903074453	2.97580925888389
3.67122796724123	2.4623036974351	2.71876132700439	2.9772563859244
3.67694540143691	2.46596597634619	2.72469195303636	2.98335973871415
3.68266283563258	2.47497138214958	2.72921817054125	2.98720108700297
3.68838026982825	2.47228444553438	2.73307008509016	2.98754549996106
3.69409770402393	2.47592894782695	2.73678146255546	2.99868396517631
3.6998151382196	2.48263224000727	2.74166546236944	2.99906141417718
3.70553257241528	2.48466612113597	2.74636447456001	3.00410084531878
3.71125000661095	2.49215926015244	2.74984065006052	3.0027158128921
3.71696744080663	2.49723109887413	2.75468838071298	3.01188239778732
3.7226848750023	2.5003858525902	2.75733870020505	3.01734876168096
3.72840230919798	2.50386226092879	2.76130585846489	3.01690461525901
3.73411974339365	2.50806305580305	2.76651513959089	3.02430497439392
3.73983717758932	2.51269635305232	2.77187159868021	3.03620891612542
3.745554611785	2.51791685074524	2.77531881467103	3.03134303130587
3.75127204598067	2.52413656819423	2.77999910077459	3.03844725732236
3.75698948017635	2.52104166127324	2.78381855183374	3.03974774420239
3.76270691437202	2.52972626121797	2.78801064736352	3.04822978357274
3.7684243485677	2.53665693177478	2.79090080755736	3.05241892118999
3.77414178276337	2.54029361336331	2.79374044014388	3.05799521938942
3.77985921695905	2.5439862436999	2.80012234080977	3.06253430285471
3.78557665115472	2.54512306475264	2.8030180218905	3.06364473955475
3.7912940853504	2.54884129314596	2.80805976273635	3.06885322738562
3.79701151954607	2.55162044296144	2.81238299558007	3.07212253983489
3.80272895374174	2.56315338460374	2.81825414369451	3.07596309559159
3.80844638793742	2.56271629797953	2.82111260822333	3.0823353932002
