"mitochan"	"lwrNorm"	"medNorm"	"uprNorm"
-1.90327037354145	-2.79931046120409	-2.51992409464708	-2.23754497259654
-1.89706211451297	-2.79514081928785	-2.51263621530721	-2.23315286178187
-1.8908538554845	-2.78360669924859	-2.5069885873035	-2.22515669597666
-1.88464559645603	-2.77799309965389	-2.49647873751352	-2.21928150604508
-1.87843733742755	-2.76977751690386	-2.49253577389584	-2.20938251473639
-1.87222907839908	-2.75996374872418	-2.48404078486656	-2.2015110799514
-1.8660208193706	-2.76081958382687	-2.47777331608959	-2.1942611866551
-1.85981256034213	-2.75164590846573	-2.47105851679229	-2.18898972878534
-1.85360430131365	-2.74295055923922	-2.46391872671694	-2.18384221113957
-1.84739604228518	-2.73438069069659	-2.45519460480826	-2.17687458518765
-1.8411877832567	-2.72798544484906	-2.44877027053925	-2.16197691771059
-1.83497952422823	-2.72392561273333	-2.44292780116452	-2.16116011445617
-1.82877126519975	-2.7130189720653	-2.43140276737481	-2.15010323493295
-1.82256300617128	-2.70325732084132	-2.42930532350861	-2.14518693548217
-1.8163547471428	-2.69889648671898	-2.42036376470596	-2.1409367487168
-1.81014648811433	-2.68864737315831	-2.41396419362321	-2.13218384453126
-1.80393822908586	-2.68426292067891	-2.40687392670492	-2.12633943739162
-1.79772997005738	-2.67830821205499	-2.39989277566669	-2.11764537942274
-1.79152171102891	-2.666931990904	-2.39124548747422	-2.11549754152951
-1.78531345200043	-2.66296397840587	-2.38312623586568	-2.11016091273179
-1.77910519297196	-2.66126382112921	-2.37898013615981	-2.10341643557034
-1.77289693394348	-2.64422071026023	-2.37000151474625	-2.08810871686906
-1.76668867491501	-2.63918240126754	-2.36448591372645	-2.08411662057383
-1.76048041588653	-2.63626073962966	-2.35710957597502	-2.07847655059288
-1.75427215685806	-2.62355980880209	-2.35024144007154	-2.07224796620967
-1.74806389782958	-2.61897831093033	-2.34285291285257	-2.06299018782046
-1.74185563880111	-2.61765533398705	-2.33431740044103	-2.05161402951536
-1.73564737977264	-2.6079547298899	-2.32669101100409	-2.0484343614268
-1.72943912074416	-2.60403832254634	-2.32252955803415	-2.04191337928556
-1.72323086171569	-2.59767608874707	-2.31585998713117	-2.03296023596706
-1.71702260268721	-2.58483174428633	-2.30430661259693	-2.02699142808409
-1.71081434365874	-2.57782069539642	-2.2997619251575	-2.02078346051758
-1.70460608463026	-2.57066582882786	-2.29117002218414	-2.01360570654391
-1.69839782560179	-2.56096397024012	-2.28543590408296	-2.00590284292403
-1.69218956657331	-2.55583648082143	-2.27754387923746	-1.9952339286645
-1.68598130754484	-2.54759908042564	-2.26991687379146	-1.99271313041121
-1.67977304851636	-2.53917907402618	-2.26262564058327	-1.99207119660814
-1.67356478948789	-2.5331997002542	-2.25741466660684	-1.97955721745767
-1.66735653045942	-2.52429164120694	-2.25106882447124	-1.97246211539648
-1.66114827143094	-2.51731202733347	-2.24263766889384	-1.96554193421185
-1.65494001240247	-2.5176648179821	-2.23638662076089	-1.95768222569894
-1.64873175337399	-2.50651129658166	-2.22973943266592	-1.95150334519841
-1.64252349434552	-2.49997795789922	-2.22017068266173	-1.94186016558318
-1.63631523531704	-2.49236563684408	-2.21484084455204	-1.93566356538778
-1.63010697628857	-2.48067365105468	-2.20733557570021	-1.92927657893449
-1.62389871726009	-2.47108574358759	-2.19929413983799	-1.92339316694545
-1.61769045823162	-2.46957170832772	-2.19180893667052	-1.91721663205673
-1.61148219920314	-2.46679563574444	-2.18902126451552	-1.90722616587792
-1.60527394017467	-2.45741669182559	-2.18019509328584	-1.90576806084851
-1.5990656811462	-2.44712090207859	-2.17239315329866	-1.8948990721722
-1.59285742211772	-2.44186210332486	-2.16483073983084	-1.88784402744462
-1.58664916308925	-2.43176312784304	-2.15703176432187	-1.88057880652975
-1.58044090406077	-2.42432814846116	-2.15171352303336	-1.87483697308465
-1.5742326450323	-2.41788961562476	-2.14447705952129	-1.86445260205894
-1.56802438600382	-2.41246159362641	-2.1350545820834	-1.86091753032457
-1.56181612697535	-2.40010282697261	-2.12815896854071	-1.84499327484313
-1.55560786794687	-2.39501098527361	-2.1214717069313	-1.84569321584374
-1.5493996089184	-2.38845382365971	-2.11551089880942	-1.83717227551965
-1.54319134988992	-2.38381809715083	-2.10724575548048	-1.82712303128742
-1.53698309086145	-2.38026411555636	-2.10038552948179	-1.82124940043878
-1.53077483183298	-2.37105518327069	-2.09440364587036	-1.81590987078742
-1.5245665728045	-2.36634730962337	-2.0880452488492	-1.80920066899708
-1.51835831377603	-2.35482183099732	-2.07890587340384	-1.80271976991123
-1.51215005474755	-2.34910146303341	-2.07175303295205	-1.79658638431021
-1.50594179571908	-2.33928136480279	-2.06502344836753	-1.79283888182911
-1.4997335366906	-2.33569580853278	-2.05804837618616	-1.77879670770001
-1.49352527766213	-2.32750359981369	-2.05231428171849	-1.77293938037654
-1.48731701863365	-2.3163962431006	-2.04447615811499	-1.76829110503199
-1.48110875960518	-2.31254790083062	-2.03609268602606	-1.7610265447492
-1.4749005005767	-2.30271132126483	-2.0295364558718	-1.75212954114428
-1.46869224154823	-2.29848954919191	-2.02376124008353	-1.75046226574777
-1.46248398251976	-2.29347899149144	-2.01756665521863	-1.73480451529614
-1.45627572349128	-2.27754623132194	-2.00992743792247	-1.73183301321446
-1.45006746446281	-2.27441541478422	-2.00220164261644	-1.72987000992316
-1.44385920543433	-2.26989346895185	-1.99348796686733	-1.71973247868362
-1.43765094640586	-2.2600942005774	-1.98760505328843	-1.7091309009181
-1.43144268737738	-2.26020312867257	-1.97908329989618	-1.70579138687249
-1.42523442834891	-2.24667510813215	-1.9739615525166	-1.69445086540585
-1.41902616932043	-2.23954975181903	-1.96583279613631	-1.69423307494767
-1.41281791029196	-2.23499426490769	-1.9582083941805	-1.68473299147721
-1.40660965126348	-2.22887693946017	-1.95359308960013	-1.6782476054854
-1.40040139223501	-2.21839880757985	-1.944761844371	-1.66511793033768
-1.39419313320653	-2.21070457655564	-1.93751670916445	-1.66089099831039
-1.38798487417806	-2.20547506942402	-1.92997275348464	-1.65704734743974
-1.38177661514959	-2.19893540131588	-1.92295571045696	-1.64808099570014
-1.37556835612111	-2.19088144035624	-1.91597516707128	-1.6376453561065
-1.36936009709264	-2.1794680848973	-1.90948944881936	-1.63227561458543
-1.36315183806416	-2.17714172845616	-1.90141747047267	-1.62249654389481
-1.35694357903569	-2.16718232311663	-1.89689461497835	-1.61671612120076
-1.35073532000721	-2.15819794251532	-1.88851860569942	-1.61345444874994
-1.34452706097874	-2.15378888475173	-1.88207308500913	-1.60463478773427
-1.33831880195026	-2.14872371656932	-1.87315785852069	-1.59444551320972
-1.33211054292179	-2.14567884246862	-1.86828963981467	-1.59574857153707
-1.32590228389331	-2.13478860749911	-1.85885150954273	-1.58496706588843
-1.31969402486484	-2.1255440521544	-1.85361673026465	-1.5805561074886
-1.31348576583637	-2.11876821041405	-1.84621082390055	-1.56410537570232
-1.30727750680789	-2.11219120195631	-1.83839131559523	-1.56097939069614
-1.30106924777942	-2.10612611415279	-1.83006130960614	-1.55459275710574
-1.29486098875094	-2.09612011755541	-1.8240216330418	-1.54885935977295
-1.28865272972247	-2.08966460276006	-1.81631880980254	-1.53968890561032
-1.28244447069399	-2.08141227668029	-1.80972904488254	-1.53080205521364
-1.27623621166552	-2.07912284149485	-1.8001027131634	-1.52659721108563
-1.27002795263704	-2.07169628102866	-1.79704013523746	-1.52103308835984
-1.26381969360857	-2.06379329779964	-1.78692717580114	-1.51174256948532
-1.25761143458009	-2.05270044175793	-1.78157598700526	-1.50669030859896
-1.25140317555162	-2.0496451442219	-1.7730602014468	-1.49794280727014
-1.24519491652315	-2.04002155607971	-1.76638734579319	-1.48879324079902
-1.23898665749467	-2.03142567889164	-1.75995887723701	-1.48526130561331
-1.2327783984662	-2.02411058841724	-1.75131651030615	-1.47781060126602
-1.22657013943772	-2.01765478802608	-1.7455322399337	-1.47226009976159
-1.22036188040925	-2.01404238095788	-1.73945607456825	-1.46202327649062
-1.21415362138077	-2.01005158476318	-1.73325300216113	-1.46059640350289
-1.2079453623523	-1.99764800243009	-1.72409820796017	-1.45226134802056
-1.20173710332382	-1.98667164233988	-1.7164194299874	-1.4377670138185
-1.19552884429535	-1.98110838106067	-1.70820242184773	-1.43781382274595
-1.18932058526687	-1.97913198215449	-1.70494139446452	-1.43795078775177
-1.1831123262384	-1.96778575188993	-1.69590037030022	-1.41978857341603
-1.17690406720993	-1.95846901572112	-1.68905657619012	-1.41629437889629
-1.17069580818145	-1.95535914829635	-1.68183229737055	-1.40645158469651
-1.16448754915298	-1.95025152296262	-1.67434050410198	-1.39971506907228
-1.1582792901245	-1.94287899989186	-1.66729445089165	-1.3951695090199
-1.15207103109603	-1.92673369363698	-1.65947533813054	-1.39119062575674
-1.14586277206755	-1.92825721138566	-1.65347492134604	-1.3755280890923
-1.13965451303908	-1.91756181092463	-1.64518123162892	-1.37458728467133
-1.1334462540106	-1.90900334898624	-1.63711839078943	-1.36965395000514
-1.12723799498213	-1.90066015146882	-1.63118624258941	-1.35995370427187
-1.12102973595365	-1.90333549917843	-1.62651930719011	-1.34922953166862
-1.11482147692518	-1.89085585827936	-1.61753283954964	-1.34652316239528
-1.1086132178967	-1.88662201651614	-1.60956601515444	-1.33763194250673
-1.10240495886823	-1.87929605484604	-1.60466455429244	-1.33384937287891
-1.09619669983976	-1.86585880505676	-1.59490039877655	-1.32263067305101
-1.08998844081128	-1.86049936636635	-1.58816891732584	-1.3186784364097
-1.08378018178281	-1.85756440630122	-1.58319855901939	-1.31396862909347
-1.07757192275433	-1.84766244414417	-1.57594667450269	-1.3041589598061
-1.07136366372586	-1.84268387904084	-1.56734288821342	-1.30089780410941
-1.06515540469738	-1.83155886822645	-1.56199540845744	-1.29103832725267
-1.05894714566891	-1.82348033456097	-1.55295628463234	-1.27825589724626
-1.05273888664043	-1.81765572672839	-1.54690934904612	-1.27189794627479
-1.04653062761196	-1.80854266365895	-1.54046132930153	-1.26648468451818
-1.04032236858348	-1.8045985874974	-1.53287004251666	-1.26516222792614
-1.03411410955501	-1.79790639071639	-1.529194491918	-1.25063828110403
-1.02790585052654	-1.78817262521589	-1.51912048016885	-1.24851394825273
-1.02169759149806	-1.77999721506166	-1.51096972951535	-1.23865725607692
-1.01548933246959	-1.77604862411025	-1.50353026895926	-1.22742728845039
-1.00928107344111	-1.76871730916909	-1.49706861357459	-1.22177878089983
-1.00307281441264	-1.75714281096729	-1.489243460458	-1.21495455734242
-0.996864555384163	-1.75303146847192	-1.48122659889884	-1.20879526084836
-0.990656296355688	-1.75362461166874	-1.476210812974	-1.20323660590952
-0.984448037327214	-1.73953860855159	-1.47001638716076	-1.19556638901305
-0.978239778298739	-1.73391747295614	-1.462304656257	-1.19119395893356
-0.972031519270265	-1.73098151073892	-1.45405392875102	-1.1853746303505
-0.96582326024179	-1.71604997029831	-1.44628514469324	-1.17561777905483
-0.959615001213315	-1.71104561793495	-1.44101755039312	-1.17223728293615
-0.953406742184841	-1.70571388598105	-1.43237692930377	-1.16478456422762
-0.947198483156366	-1.69784595472258	-1.42826935379818	-1.15313986667359
-0.940990224127892	-1.68456786165723	-1.41731376756104	-1.14455610295024
-0.934781965099417	-1.68296856577592	-1.4136058431657	-1.14019438114675
-0.928573706070943	-1.67539859623092	-1.40461090369361	-1.13277489717386
-0.922365447042468	-1.67100247976137	-1.39909945980377	-1.12560032060382
-0.916157188013994	-1.65663080792564	-1.39172959824005	-1.11724408534273
-0.909948928985519	-1.6533286072505	-1.38499834693276	-1.11218920899264
-0.903740669957044	-1.64618070551995	-1.37725731574742	-1.10879487588738
-0.89753241092857	-1.63888375012045	-1.36709773150239	-1.10084929071223
-0.891324151900095	-1.63404190267228	-1.36339281705765	-1.09207320942753
-0.885115892871621	-1.62769397834864	-1.35504009826813	-1.08539152281313
-0.878907633843146	-1.61899200981376	-1.35014036402405	-1.07609665264158
-0.872699374814672	-1.61625199196923	-1.34407055029298	-1.06775768703435
-0.866491115786197	-1.5995076921405	-1.33224254973202	-1.06350298863251
-0.860282856757723	-1.59757379257349	-1.32574834095526	-1.05887448565562
-0.854074597729248	-1.5868646480392	-1.31937556276919	-1.05235206116297
-0.847866338700773	-1.58072928298668	-1.31245494458198	-1.03882486913085
-0.841658079672299	-1.5724118277645	-1.30858828608568	-1.0333984339944
-0.835449820643824	-1.56758620514884	-1.29816294917456	-1.02665083360942
-0.82924156161535	-1.55442754673253	-1.29292036191549	-1.02365128570911
-0.823033302586875	-1.55612500925033	-1.28589501446125	-1.01569202761804
-0.816825043558401	-1.54283008270853	-1.27654970963347	-1.00612506096692
-0.810616784529926	-1.53665349337579	-1.27163625979431	-0.995816562099105
-0.804408525501451	-1.53098930701497	-1.26314302205032	-0.995483050569017
-0.798200266472977	-1.52483900342012	-1.25780907351566	-0.989548058756536
-0.791992007444502	-1.51696645227925	-1.2491911073528	-0.980984612471762
-0.785783748416028	-1.5076030839595	-1.24145516868459	-0.975132467374238
-0.779575489387553	-1.50240155084103	-1.23483454028388	-0.965047442839961
-0.773367230359079	-1.49716924570407	-1.22818538179192	-0.958568554241252
-0.767158971330604	-1.49235203472018	-1.22087566327447	-0.952393200173715
-0.76095071230213	-1.48268662634687	-1.21518081777011	-0.942988579430414
-0.754742453273655	-1.47443111533459	-1.20514521094794	-0.936868431052369
-0.74853419424518	-1.467439939026	-1.19926469866333	-0.926163301214634
-0.742325935216706	-1.45867685715134	-1.19193486501455	-0.924208316013955
-0.736117676188231	-1.45509934605581	-1.18500234335504	-0.914345489346956
-0.729909417159757	-1.44620602472674	-1.17779153507177	-0.908347814719358
-0.723701158131282	-1.43916648580926	-1.17192644175363	-0.90476156380082
-0.717492899102808	-1.43112414097769	-1.16401718076084	-0.894457759635944
-0.711284640074333	-1.42649737345042	-1.15632281008201	-0.887616031282464
-0.705076381045858	-1.41840815263783	-1.15153840070482	-0.879529961996172
-0.698868122017384	-1.41138073511594	-1.14478632622683	-0.874681122966329
-0.692659862988909	-1.40580849205363	-1.13440778128344	-0.871994475212974
-0.686451603960435	-1.39185239260457	-1.12778223338057	-0.858695622310512
-0.68024334493196	-1.38663700396584	-1.12186126176061	-0.858658738685497
-0.674035085903486	-1.38322168196925	-1.11298630873756	-0.842685565526522
-0.667826826875011	-1.37550497733378	-1.10705070403358	-0.836307456524327
-0.661618567846536	-1.36854111460164	-1.1004349705538	-0.8307766389921
-0.655410308818062	-1.3571280973801	-1.0921239789693	-0.824967021422161
-0.649202049789587	-1.35501124375411	-1.08587327359598	-0.822752675173893
-0.642993790761113	-1.34727759219813	-1.07848731140808	-0.813063292474262
-0.636785531732638	-1.34182004128953	-1.07168363993746	-0.802804607492674
-0.630577272704164	-1.32835664772101	-1.06406571087862	-0.797356907283368
-0.624369013675689	-1.3228733810066	-1.05615821440158	-0.788515710031352
-0.618160754647215	-1.3165099026806	-1.05002597461325	-0.786469114180217
-0.61195249561874	-1.31092208433378	-1.04164819647365	-0.778512217771687
-0.605744236590265	-1.30278185401139	-1.03635001086335	-0.769213315781202
-0.599535977561791	-1.29382390321072	-1.02802396310523	-0.757003675117689
-0.593327718533316	-1.29059234738826	-1.02219717218609	-0.753729914779936
-0.587119459504842	-1.27931346420387	-1.01668246682138	-0.745575665503977
-0.580911200476367	-1.27687224459607	-1.00715584510897	-0.743422523789819
-0.574702941447893	-1.26495752343878	-1.00186060417135	-0.733445505458217
-0.568494682419418	-1.25897110370072	-0.993387863647297	-0.72138985997657
-0.562286423390943	-1.2566785343804	-0.988354021153865	-0.719512363289934
-0.556078164362469	-1.24570186565046	-0.9791158612386	-0.71570768564577
-0.549869905333994	-1.24033035535283	-0.972048489446723	-0.704582698046448
-0.54366164630552	-1.23387220304487	-0.965782726944507	-0.697649800212172
-0.537453387277045	-1.22608562361804	-0.956578769584898	-0.691817356882981
-0.531245128248571	-1.22016325961624	-0.950043189219218	-0.682954060550607
-0.525036869220096	-1.21096232818967	-0.944746307313511	-0.680087487018449
-0.518828610191622	-1.20120318520534	-0.935472945751681	-0.669463079809311
-0.512620351163147	-1.19731645433007	-0.928760753910727	-0.663319708459426
-0.506412092134672	-1.19135000417062	-0.921764279795974	-0.65799915339133
-0.500203833106198	-1.18043154026398	-0.914072213515616	-0.644373988426156
-0.493995574077723	-1.17512489746672	-0.909284546031999	-0.640000427455369
-0.487787315049249	-1.16691088740273	-0.902673139424903	-0.634043331162921
-0.481579056020774	-1.16171775264238	-0.893056990000397	-0.627356542364878
-0.4753707969923	-1.15273013988119	-0.886149678002139	-0.616729379625688
-0.469162537963825	-1.14918927345157	-0.880559385531223	-0.61350181871501
-0.46295427893535	-1.13849597881801	-0.871628883017324	-0.603901940501138
-0.456746019906876	-1.12719288484409	-0.865365667922781	-0.594499092258059
-0.450537760878401	-1.12103717576743	-0.857415681001328	-0.5918588302682
-0.444329501849927	-1.11699952152964	-0.852183447278329	-0.581415757933023
-0.438121242821452	-1.10972781681314	-0.843599246622334	-0.586111215142925
-0.431912983792978	-1.10715490460263	-0.836126304370132	-0.567422550390045
-0.425704724764503	-1.08989715969962	-0.830270507053918	-0.566297502020163
-0.419496465736029	-1.09294053038524	-0.822936352850357	-0.55372753800705
-0.413288206707554	-1.08185904508233	-0.818531475678537	-0.54957421973975
-0.407079947679079	-1.07543892664426	-0.809289902985062	-0.543009849232489
-0.400871688650605	-1.06427045191548	-0.803127729705055	-0.531796651920899
-0.39466342962213	-1.05969194338764	-0.793674381442786	-0.525959617480296
-0.388455170593656	-1.05264100058568	-0.789031753736458	-0.523098113980055
-0.382246911565181	-1.04645015676051	-0.783002066853121	-0.518271861673037
-0.376038652536707	-1.03557572140017	-0.773212932478325	-0.501560307299437
-0.369830393508232	-1.03069673064854	-0.766775857490027	-0.502797186483894
-0.363622134479757	-1.02802720584884	-0.758262975590697	-0.491260851338401
-0.357413875451283	-1.02193545013312	-0.751031036990193	-0.482813449147354
-0.351205616422808	-1.00899111704438	-0.745306590708462	-0.475136072499522
-0.344997357394334	-1.00953892876551	-0.740426870202526	-0.474322509633635
-0.338789098365859	-1.00135710595198	-0.731873965304957	-0.463961225677097
-0.332580839337385	-0.985313521043398	-0.723164862451937	-0.458948646331446
-0.32637258030891	-0.984992894078765	-0.717495410669175	-0.450160531195755
-0.320164321280436	-0.974528146750443	-0.708867015446395	-0.446227719417088
-0.313956062251961	-0.964674992770087	-0.704343236350999	-0.436990660229254
-0.307747803223486	-0.958833804917163	-0.694570726857646	-0.426301362848321
-0.301539544195012	-0.950526438470099	-0.687923491589912	-0.420145448214236
-0.295331285166537	-0.947746155022108	-0.680707138698108	-0.413128277703119
-0.289123026138063	-0.936345406363572	-0.673532563531177	-0.411148467969747
-0.282914767109588	-0.927870853713129	-0.66373851854671	-0.393954175676769
-0.276706508081114	-0.926848930921564	-0.659218795641524	-0.394076155347522
-0.270498249052639	-0.918995059524567	-0.650334104213608	-0.389623031801446
-0.264289990024165	-0.913215714595514	-0.645416319616579	-0.378686370062662
-0.25808173099569	-0.902790623528627	-0.638651026027764	-0.377613025758706
-0.251873471967215	-0.892123580161636	-0.632156435674866	-0.369297697665311
-0.245665212938741	-0.890077294707357	-0.623406241630034	-0.359904873855535
-0.239456953910266	-0.880315363175177	-0.616818611190048	-0.35366929643676
-0.233248694881792	-0.873013280148652	-0.608863708385602	-0.34555780317042
-0.227040435853317	-0.870846141214633	-0.603639210169803	-0.338086129549184
-0.220832176824843	-0.855772860688251	-0.593757542726254	-0.332439489981893
-0.214623917796368	-0.853802686466056	-0.588610520336007	-0.324918577096594
-0.208415658767894	-0.847570483820859	-0.582233085161846	-0.319223620975323
-0.202207399739419	-0.841732476209736	-0.574699525010086	-0.309415980779687
-0.195999140710944	-0.827095751896736	-0.567704283729619	-0.304426403752034
-0.18979088168247	-0.825444624453032	-0.559127843970191	-0.294565165254602
-0.183582622653995	-0.815262625949675	-0.551860857187546	-0.287710979449475
-0.177374363625521	-0.81047454582594	-0.546815148577808	-0.283045397022582
-0.171166104597046	-0.803133049390877	-0.536526325783716	-0.278915635572622
-0.164957845568572	-0.789389282579604	-0.531703357905889	-0.265654499021485
-0.158749586540097	-0.790552694027946	-0.523679065750318	-0.258963345676956
-0.152541327511623	-0.78498317241051	-0.517688778438901	-0.254608795604093
-0.146333068483148	-0.7715611216546	-0.510222669238336	-0.242079269289919
-0.140124809454673	-0.762842448188813	-0.503861031584963	-0.233743395073316
-0.133916550426199	-0.759813822255724	-0.496635378771318	-0.230559999448925
-0.127708291397724	-0.752120745215907	-0.491232483437086	-0.222761298139525
-0.12150003236925	-0.743027420556992	-0.480879841451508	-0.215709275684109
-0.115291773340775	-0.737046948564289	-0.473953613632098	-0.20831846573804
-0.109083514312301	-0.730742492149447	-0.469113918773278	-0.204614923759587
-0.102875255283826	-0.724717255350912	-0.460827084735766	-0.19617277429519
-0.0966669962553515	-0.717675386325262	-0.455368570815927	-0.186671313445022
-0.0904587372268768	-0.708609472974649	-0.448046612184626	-0.184809523665988
-0.0842504781984021	-0.706599402010193	-0.439490560197324	-0.173431632652462
-0.0780422191699277	-0.696808720608674	-0.431324718390688	-0.168157117797638
-0.071833960141453	-0.690960446893581	-0.426810524730122	-0.161729958756213
-0.0656257011129786	-0.683997669154194	-0.419204587333647	-0.156459155637308
-0.0594174420845039	-0.672969762069574	-0.409903480093301	-0.146092222882753
-0.0532091830560295	-0.665639065990635	-0.40206489637376	-0.138005785195884
-0.0470009240275548	-0.661969090965653	-0.395607831215894	-0.13477148720462
-0.0407926649990804	-0.654567108375873	-0.389829816570442	-0.122266550076563
-0.0345844059706057	-0.646779140356006	-0.383080030989981	-0.118349947359629
-0.0283761469421311	-0.636326037625729	-0.376903101471748	-0.110304718755182
-0.0221678879136566	-0.629412926029753	-0.367030974452178	-0.100202679347087
-0.015959628885182	-0.622739578908325	-0.361865807916459	-0.0990371339414688
-0.00975136985670755	-0.621578086122258	-0.354826374122831	-0.0880398907074971
-0.00354311082823289	-0.613083320011683	-0.346142456288537	-0.0849970953992858
0.00266514820024155	-0.605395178924984	-0.341462123003149	-0.0717665717957848
0.00887340722871621	-0.593794546286098	-0.33357162917399	-0.0681495705917308
0.0150816662571907	-0.593376868922407	-0.325433274427601	-0.0603306980154748
0.0212899252856653	-0.584501288814387	-0.317733640655305	-0.0552468850983469
0.02749818431414	-0.58017704551146	-0.310645575285514	-0.0450069227749228
0.0337064433426144	-0.566158825680711	-0.306085627977526	-0.0433030840695795
0.0399147023710891	-0.560234730801966	-0.298697712794661	-0.0291072003599634
0.0461229613995635	-0.554554511222075	-0.292228913583889	-0.026692589681931
0.0523312204280382	-0.544798533137017	-0.28542829756537	-0.0227883071925939
0.0585394794565126	-0.539416350912509	-0.274943492119834	-0.0128424518698675
0.0647477384849873	-0.526327032426234	-0.269639183220463	-0.00296069701277428
0.0709559975134617	-0.523321888076501	-0.262129935091155	9.5335232486438e-05
0.0771642565419364	-0.520580457963692	-0.25729020948209	0.012300681411816
0.083372515570411	-0.50519722643606	-0.24777812443309	0.0140863854352122
0.0895807745988855	-0.508596286845204	-0.242003291465718	0.0244745073735592
0.0957890336273601	-0.49952727589046	-0.234565582833977	0.0288804500650856
0.101997292655835	-0.49004056020052	-0.227864590897524	0.0360850268487745
0.108205551684309	-0.486019496828184	-0.220626522127985	0.0449007080653783
0.114413810712784	-0.471730158439202	-0.210238534657907	0.0529806767696129
0.120622069741258	-0.475866298875003	-0.204291134135691	0.0576392714198343
0.126830328769733	-0.462684580225809	-0.199444409826125	0.0631079764180306
0.133038587798207	-0.454564486725752	-0.191897460422024	0.0734257901639609
0.139246846826682	-0.450160225564161	-0.184183414188389	0.080284060253644
0.145455105855157	-0.438634460947391	-0.176101664271771	0.0826911729484773
0.151663364883631	-0.434460435382933	-0.16975666202888	0.0951891060712471
0.157871623912106	-0.42389878680618	-0.161560968423752	0.100037015333262
0.16407988294058	-0.416893491951585	-0.154980777188497	0.108236814395667
0.170288141969055	-0.413855985615308	-0.148015641041438	0.115024078836289
0.176496400997529	-0.404059551741892	-0.139806659725523	0.122424590101651
0.182704660026004	-0.40116661772145	-0.133971771572713	0.129861828904823
0.188912919054478	-0.391526705030967	-0.127829804181126	0.13654934801804
0.195121178082953	-0.381156475527818	-0.120172268010523	0.14484337322995
0.201329437111428	-0.378456145312373	-0.113753578002417	0.14643590806985
0.207537696139902	-0.370202402255191	-0.106235700579686	0.157017846769865
0.213745955168377	-0.36347168360925	-0.0993220246311113	0.168080207903176
0.219954214196851	-0.35590415014988	-0.0921645449539453	0.174791416447386
0.226162473225326	-0.350656493920269	-0.0845993754499225	0.178762883194779
0.2323707322538	-0.339290719877294	-0.0775496650696426	0.185856169888131
0.238578991282275	-0.331626365387435	-0.0699634514908688	0.190381615170391
0.24478725031075	-0.32608858477811	-0.0629133643813707	0.196951811832141
0.250995509339224	-0.314845412012417	-0.0562411059760253	0.210822954985744
0.257203768367699	-0.311230166455177	-0.0495352788507731	0.212041217988822
0.263412027396173	-0.304022053748416	-0.041440832209584	0.219362786817371
0.269620286424648	-0.295051416693948	-0.0358463307260481	0.231849941459681
0.275828545453122	-0.285650323159023	-0.0282142007136201	0.238032518349005
0.282036804481597	-0.280025817226338	-0.0211337424442754	0.242098532265248
0.288245063510071	-0.274374794724025	-0.0109270193783677	0.249774768362321
0.294453322538546	-0.271472089555041	-0.00648296032176402	0.256664482933766
0.300661581567021	-0.267676887811814	0.00128399069639674	0.264395129649965
0.306869840595495	-0.257729289497175	0.00751813301790347	0.268331424786654
0.31307809962397	-0.241530181980455	0.0156445473119573	0.280204715487472
0.319286358652444	-0.23818994088436	0.0217421420850403	0.276342041171676
0.325494617680919	-0.236449062738293	0.0284655077546145	0.291703999138401
0.331702876709393	-0.225804520315196	0.0350286916036003	0.295503172457641
0.337911135737868	-0.220041375219546	0.0420738530088662	0.308143222180869
0.344119394766342	-0.211874864030236	0.0485507257690546	0.309737484822802
0.350327653794817	-0.20901564971725	0.0537998410439625	0.320581541363264
0.356535912823292	-0.199633145489703	0.0654183656735989	0.327749358315283
0.362744171851766	-0.190222553522101	0.069463130866616	0.335187552590344
0.368952430880241	-0.181422536623149	0.0787784409537528	0.341532687603168
0.375160689908715	-0.174954999316924	0.0854989835914125	0.349505440661765
0.38136894893719	-0.165987092978183	0.0923879490869027	0.354615161785512
0.387577207965665	-0.16673829205914	0.0980819303193703	0.360587877842504
0.393785466994139	-0.152559506767157	0.107309647337738	0.368715205971464
0.399993726022613	-0.149004238403183	0.114662682009594	0.379464338789668
0.406201985051088	-0.14113110916593	0.121759436504019	0.387728215299751
0.412410244079563	-0.137845578568874	0.126691513313782	0.390279752215573
0.418618503108037	-0.126651515463635	0.135135670485467	0.393613600568257
0.424826762136512	-0.117365419090101	0.1424507744974	0.40714569148583
0.431035021164986	-0.115669202617618	0.148524966485709	0.412462941771245
0.437243280193461	-0.106916698004103	0.156783773267263	0.41826759968071
0.443451539221936	-0.102901736700612	0.164498675793009	0.42935537504441
0.44965979825041	-0.0877105468992461	0.169644531315637	0.427529663955598
0.455868057278884	-0.0875184893790128	0.177076168363	0.440713259483638
0.462076316307359	-0.0768749164112798	0.185894640220599	0.452759399788175
0.468284575335834	-0.0721519672380607	0.191362304657991	0.45497732268243
0.474492834364308	-0.0645912640824453	0.195996662243551	0.455908527179519
0.480701093392783	-0.0553663753452035	0.206229045141565	0.470170186603077
0.486909352421257	-0.0471743948527843	0.21343628281767	0.476502938430406
0.493117611449732	-0.0396957870689705	0.222792542943732	0.47881234641015
0.499325870478207	-0.0383952360299613	0.226294818773617	0.487734514704083
0.505534129506681	-0.0251165045498152	0.233578051805015	0.498199839991205
0.511742388535156	-0.0191376684752398	0.242177583641393	0.502069892962762
0.51795064756363	-0.010737733006154	0.248243448916748	0.516158196121347
0.524158906592105	-0.00462876506387205	0.256363339141074	0.519588511568259
0.53036716562058	0.00520102648041379	0.263648249829918	0.521244612593798
0.536575424649054	0.00472498162560073	0.26966339854966	0.528096965972009
0.542783683677528	0.0179149335485838	0.27559757315939	0.540905076275483
0.548991942706003	0.0236737743127323	0.283599411708635	0.54326314195229
0.555200201734478	0.028277505015443	0.289878377390347	0.552604948359754
0.561408460762952	0.0393776946068671	0.300164096799651	0.559979139476508
0.567616719791427	0.0416649485204653	0.305911813906736	0.567073938137599
0.573824978819901	0.0518090447721859	0.311958953796814	0.57601278744791
0.580033237848376	0.057497390672443	0.319525139288124	0.581971457673745
0.586241496876851	0.0654930342282699	0.325080770138017	0.589671712514029
0.592449755905325	0.0734308393144736	0.334746453667146	0.600232308685145
0.598658014933799	0.0837962303864287	0.341367738059081	0.600434223706136
0.604866273962274	0.0894252420623387	0.34759460910132	0.610623330854688
0.611074532990749	0.0948538470972623	0.354332417082361	0.617895787823543
0.617282792019223	0.0992868436515309	0.361179299177238	0.618784849676737
0.623491051047698	0.109430734061565	0.368268304617883	0.630490428041409
0.629699310076172	0.115822893736287	0.375862818547593	0.639668612989045
0.635907569104647	0.12155496968837	0.383216683545855	0.642218169992719
0.642115828133122	0.125304462114832	0.390423503915624	0.654965712245778
0.648324087161596	0.135050800522376	0.395837961522491	0.654486840444794
0.654532346190071	0.14144016895159	0.403557114428781	0.664363567302833
0.660740605218545	0.152133982635175	0.412787933786937	0.673542372784475
0.66694886424702	0.161064309617347	0.41863375785579	0.68189246912487
0.673157123275494	0.163320808119319	0.42847586542152	0.690109878402503
0.679365382303969	0.170950904690961	0.435423607224039	0.695555939127093
0.685573641332443	0.184458151075652	0.439437957546852	0.701910128426089
0.691781900360918	0.186992495816905	0.446924998115289	0.709667109664686
0.697990159389393	0.194526096061453	0.453303689925197	0.714099873304672
0.704198418417867	0.201670033454633	0.462105733399822	0.722187089187423
0.710406677446342	0.209455672868756	0.468421282314917	0.725830948911861
0.716614936474816	0.21337457628209	0.474134816689839	0.735796701956329
0.722823195503291	0.225906342028125	0.485426885279694	0.745128361242995
0.729031454531766	0.229034176027568	0.491264439006222	0.751963200508836
0.73523971356024	0.234165420440816	0.497344065915936	0.757225547610053
0.741447972588714	0.246652846195835	0.505042849470012	0.760882221450487
0.747656231617189	0.247885590995411	0.511109433176927	0.77719242746064
0.753864490645664	0.258284252121122	0.516792660274214	0.778149453494798
0.760072749674138	0.260704771701366	0.526916547945948	0.782825254162875
0.766281008702613	0.274003132011818	0.533978830212294	0.797928884183806
0.772489267731087	0.282101739452404	0.540029373652265	0.801880674945277
0.778697526759562	0.284592381266832	0.546935792254614	0.803865233458926
0.784905785788037	0.292724038612763	0.555230438869016	0.818465219854883
0.791114044816511	0.303197555412319	0.562014378154122	0.823168769324154
0.797322303844985	0.307088695718457	0.568808864894469	0.83137170936657
0.80353056287346	0.312470481812251	0.577509989460254	0.830767991278979
0.809738821901935	0.324515011869362	0.581545864057813	0.844450076655372
0.815947080930409	0.329902941435983	0.588641359526246	0.854116163749422
0.822155339958884	0.333423879459339	0.596326265788556	0.863664680329834
0.828363598987358	0.338978445065682	0.603276332346586	0.863887471938724
0.834571858015833	0.34786221433529	0.609568133572661	0.874924081130874
0.840780117044308	0.358113355900005	0.618396216947937	0.872952095224682
0.846988376072782	0.358126787858582	0.627088458517073	0.886095408599061
0.853196635101257	0.37299519892894	0.632466500918539	0.892267807373579
0.859404894129731	0.373429543229572	0.638277867742583	0.899868934858845
0.865613153158206	0.380356025621341	0.645296901655067	0.905534236252559
0.87182141218668	0.39369636857166	0.653704407638074	0.919038646372631
0.878029671215155	0.393515551480643	0.662824310990506	0.921960524126014
0.884237930243629	0.410132899655615	0.667868254484599	0.928142244356121
0.890446189272104	0.41208415762662	0.675649835866716	0.939062119659627
0.896654448300579	0.416480065731901	0.680853695909204	0.938294625899353
0.902862707329053	0.427717209058635	0.688516700289768	0.956128531530082
0.909070966357528	0.4349687099139	0.695353707623085	0.959145074683654
0.915279225386002	0.440477069884333	0.704541039240021	0.970518289099124
0.921487484414477	0.449326841881153	0.710486333032801	0.970315796734576
0.927695743442951	0.455534041282586	0.718145372989248	0.981256578073458
0.933904002471426	0.467519343164191	0.724063915617329	0.984854818003464
0.9401122614999	0.473947047342917	0.7306825623177	0.991450585374397
0.946320520528375	0.477627106559157	0.738727155582802	1.00459183008332
0.95252877955685	0.482294568712663	0.744066779238269	1.00874231788289
0.958737038585324	0.490592155475262	0.753530626383962	1.01313700713232
0.964945297613799	0.495460881333334	0.758941970488747	1.0231065157192
0.971153556642273	0.507549025673983	0.769159869184718	1.02535838250619
0.977361815670748	0.511114163986307	0.775681242537655	1.03580807594788
0.983570074699222	0.519342724060348	0.781940179012075	1.04366498377479
0.989778333727697	0.524876610743163	0.788349183857551	1.04789308701846
0.995986592756172	0.534650323515322	0.796096672634419	1.05959133475283
1.00219485178465	0.535271990821801	0.800778731137922	1.06033953777069
1.00840311081312	0.550996688941535	0.811612330775269	1.07520868213546
1.0146113698416	0.554955399522267	0.815027655276893	1.07612444169187
1.02081962887007	0.556649830109477	0.825482078197281	1.08335893483406
1.02702788789854	0.569462402512033	0.830057421606734	1.09093423159885
1.03323614692702	0.57875238837889	0.839521552901634	1.1013017166567
1.03944440595549	0.579855042407136	0.844098881786726	1.10745526194174
1.04565266498397	0.589186881203967	0.851935508122146	1.11029620603255
1.05186092401244	0.600594497245285	0.85923067496779	1.119336100203
1.05806918304092	0.604014922548541	0.865562308498402	1.12681164115851
1.06427744206939	0.616628429065627	0.87193706664199	1.13639315510675
1.07048570109787	0.619497296106645	0.880302293407398	1.14374591553959
1.07669396012634	0.626495774653416	0.887959107702222	1.14923107293534
1.08290221915482	0.635764186266711	0.893226642828123	1.15598490467613
1.08911047818329	0.63355630161853	0.902820490062913	1.16379215591686
1.09531873721176	0.644113830566802	0.909472556609776	1.17126577787895
1.10152699624024	0.657134615549248	0.915008579390641	1.17631231890742
1.10773525526871	0.664326234951062	0.92450423323332	1.18234668105016
1.11394351429719	0.668690314312933	0.929705147274379	1.19110082128128
1.12015177332566	0.675681591589503	0.93617511872944	1.18995172172549
1.12636003235414	0.677606831045201	0.942733815959775	1.20371181838445
1.13256829138261	0.692206887871559	0.952249846077863	1.216838596885
1.13877655041109	0.698185867808667	0.959346433741559	1.21618647725264
1.14498480943956	0.707441918916257	0.965633290095555	1.22676703944011
1.15119306846804	0.715606417326614	0.972850744492253	1.23344007206383
1.15740132749651	0.717750836635388	0.980898195912986	1.24435163481919
1.16360958652498	0.724883928792421	0.987233389034115	1.25159070999892
1.16981784555346	0.730790374281034	0.992398362457337	1.25610373468165
1.17602610458193	0.743184521352094	1.00139680871956	1.26268356804965
1.18223436361041	0.747602212781766	1.00840335432552	1.27117985977409
1.18844262263888	0.757634372319845	1.01547142428424	1.2754815769965
1.19465088166736	0.760257187991117	1.02300083028131	1.28720015616408
1.20085914069583	0.767017545228319	1.0308070506697	1.29691458387738
1.20706739972431	0.770777959579788	1.03836344602788	1.29970136766555
1.21327565875278	0.781716504555466	1.0448103347674	1.30418701671172
1.21948391778126	0.789090294462144	1.05435141659138	1.31264591085981
1.22569217680973	0.795491093801405	1.05823859242816	1.31822537371037
1.23190043583821	0.804523830045122	1.06663313401254	1.32301126472485
1.23810869486668	0.809411261288705	1.07197678272772	1.33088639605788
1.24431695389515	0.819473457053641	1.07919285454489	1.34288164958944
1.25052521292363	0.826621038757779	1.08602673855408	1.34654597775978
1.2567334719521	0.831569409779611	1.09361912850271	1.35273076503936
1.26294173098058	0.837022161733828	1.09864436502486	1.36487291059199
1.26914999000905	0.848783683642572	1.10907552077749	1.3700566720254
1.27535824903753	0.854766302951237	1.11659269485772	1.37428404071162
1.281566508066	0.857080554920493	1.12129057714173	1.38341683950835
1.28777476709448	0.869002557045918	1.13005594461646	1.3902055505228
1.29398302612295	0.870221105214846	1.13412774536523	1.40006298863775
1.30019128515143	0.877988547502529	1.14219426879871	1.40300740085457
1.3063995441799	0.885775119722358	1.15060567595408	1.41075253416225
1.31260780320837	0.894732184621782	1.15858737290648	1.42119826447667
1.31881606223685	0.906894934533038	1.16644639513546	1.4259369140364
1.32502432126532	0.902680238724451	1.17233296729321	1.43425023050293
1.3312325802938	0.915745953951311	1.1768921279517	1.44225607585846
1.33744083932227	0.925931516466965	1.18780873277779	1.44673902513027
1.34364909835075	0.927913135909966	1.19364368208307	1.45589720683213
1.34985735737922	0.941228005001013	1.19993883355277	1.46151470282648
1.3560656164077	0.947176535078819	1.20627686379654	1.4736217441578
1.36227387543617	0.948661894087476	1.21368206771669	1.4785370571292
1.36848213446465	0.957749903334991	1.22211900266534	1.48087731798061
1.37469039349312	0.971811085744198	1.22730239815957	1.48736197748906
1.38089865252159	0.975591596730772	1.23480071976036	1.49961172846002
1.38710691155007	0.983435673850709	1.24385972070153	1.50649648544253
1.39331517057854	0.991366906609243	1.24705288682619	1.50893977624918
1.39952342960702	0.997564285890513	1.25607106762697	1.52029476956972
1.40573168863549	0.996538357316336	1.26440404367291	1.52345487062941
1.41193994766397	1.01046504433336	1.27012730597079	1.52940645197475
1.41814820669244	1.01589344367445	1.27639913138558	1.54078866829608
1.42435646572092	1.02491124061428	1.28461748680019	1.54452539018869
1.43056472474939	1.03446122001741	1.29384700493889	1.55762994796354
1.43677298377787	1.03272336937672	1.30001610068016	1.56280174510948
1.44298124280634	1.04467000457611	1.30850214185181	1.56792949556441
1.44918950183481	1.05691735843843	1.31309685332317	1.57548619991058
1.45539776086329	1.06371046021988	1.3194016925985	1.57769756162334
1.46160601989176	1.06469563784504	1.3280853207517	1.59149886814131
1.46781427892024	1.07519061391341	1.33350655943092	1.59400695803669
1.47402253794871	1.08135799201947	1.34354373621684	1.6050083703904
1.48023079697719	1.09071611813007	1.34795215464919	1.61081865552348
1.48643905600566	1.08658491809335	1.35570636410406	1.61390165793742
1.49264731503414	1.09988696113291	1.36505120600227	1.6253186459917
1.49885557406261	1.10761340671815	1.3706219129417	1.63830188486016
1.50506383309109	1.11429910562011	1.37580867537437	1.63637013582998
1.51127209211956	1.12087250589057	1.3848135267653	1.64794462184422
1.51748035114803	1.12684905919448	1.39168023015137	1.65289215819914
1.52368861017651	1.13780307371063	1.39990102783838	1.66350319966024
1.52989686920498	1.14043792419306	1.40556823166865	1.6642047182957
1.53610512823346	1.15064190863779	1.41219971286523	1.67396243548509
1.54231338726193	1.15730243281655	1.42092627935734	1.68132663713009
1.54852164629041	1.16315656889839	1.42911630445784	1.69034987949957
1.55472990531888	1.17656133209293	1.43224621094097	1.69500467960486
1.56093816434736	1.18012416474748	1.44333274343235	1.70273496519355
1.56714642337583	1.18764223109087	1.44864116921306	1.710773483487
1.57335468240431	1.19275801558787	1.45642037861491	1.71875065236863
1.57956294143278	1.20197556645741	1.46355569398707	1.72147881279338
1.58577120046125	1.20659179553844	1.46909063942966	1.73243521479934
1.59197945948973	1.2172297616799	1.47618456877407	1.73849000063136
1.5981877185182	1.21454562803587	1.48487580537608	1.74566926527103
1.60439597754668	1.22710739562993	1.49185018875987	1.75127357476856
1.61060423657515	1.2361002855917	1.4981569740055	1.76112533921449
1.61681249560363	1.24229794638743	1.50609618983524	1.77121629586617
1.6230207546321	1.25029377542446	1.51294008778849	1.77041573627535
1.62922901366058	1.2599998391401	1.51918709693733	1.78081697170966
1.63543727268905	1.26560661755273	1.52780543651366	1.78836203019388
1.64164553171753	1.26890071993424	1.53388520373921	1.79874466568488
1.647853790746	1.27801686726135	1.53914172969752	1.80217901806683
1.65406204977447	1.28408631388562	1.54988878973567	1.81057761518723
1.66027030880295	1.28620064064611	1.55591808865983	1.81804279095449
1.66647856783142	1.30163626215497	1.56234390286827	1.82536872034564
1.6726868268599	1.30834603925665	1.56875603560221	1.83177371899652
1.67889508588837	1.31274340052219	1.57789192478367	1.8415154093957
1.68510334491685	1.32338628220581	1.58277763940146	1.84579249882202
1.69131160394532	1.33102891870337	1.5900663220874	1.85317362163599
1.6975198629738	1.33704960871876	1.59867192255141	1.86051954206437
1.70372812200227	1.33755123158913	1.60484648039204	1.86498489314891
1.70993638103075	1.35396935973073	1.61419578736814	1.87816658484301
1.71614464005922	1.35594296637371	1.61770005588551	1.87787261677098
1.7223528990877	1.36498833261235	1.62699747471654	1.89110609778647
1.72856115811617	1.37546234122358	1.63304819244249	1.89353414260543
1.73476941714464	1.37658025188976	1.64090768426497	1.90053823150156
1.74097767617312	1.38569076157564	1.64769960535539	1.91229580172575
1.74718593520159	1.39361868286173	1.65470759953397	1.91747763039665
1.75339419423007	1.4009794744432	1.6627721401066	1.92659459837739
1.75960245325854	1.40887273473365	1.66870127799263	1.93001537891689
1.76581071228702	1.41339933466916	1.67421340468212	1.93909726268065
1.77201897131549	1.42020560244301	1.68356101258209	1.94371464107929
1.77822723034397	1.42698130441792	1.68760843429331	1.95095686222101
1.78443548937244	1.43004328570576	1.69693816656333	1.95696663734548
1.79064374840092	1.44457502972895	1.70590005016257	1.96943987255131
1.79685200742939	1.45189137131972	1.71249339328014	1.97417542459001
1.80306026645786	1.45645250982794	1.71773929893358	1.98442751688935
1.80926852548634	1.46369577303258	1.72549658280224	1.98944104440571
1.81547678451481	1.47187084712206	1.73084815203584	1.99317227699059
1.82168504354329	1.4769425253069	1.73979878608816	2.00351138282263
1.82789330257176	1.48473837622562	1.74667311972089	2.01252840775996
1.83410156160024	1.48879023039608	1.75224944492476	2.01508570666136
1.84030982062871	1.49708491745197	1.76244431564526	2.02543618485504
1.84651807965719	1.5044358224886	1.76750788628204	2.03259412546076
1.85272633868566	1.50966934994019	1.77436560782379	2.0373953487813
1.85893459771414	1.51607348593468	1.78202392776824	2.04444664082207
1.86514285674261	1.52846760472955	1.78964017729646	2.05322188486195
1.87135111577108	1.53757008432743	1.79703991186993	2.06232024195399
1.87755937479956	1.539921837849	1.8043080469144	2.06683048087511
1.88376763382803	1.54745222036651	1.81035579626968	2.07411741105752
1.88997589285651	1.5518390688704	1.81717800813344	2.07937351802679
1.89618415188498	1.56573035170031	1.82632313946216	2.08454851554912
1.90239241091346	1.56570785170173	1.82994455414798	2.09492607379601
1.90860066994193	1.5785639016985	1.83952909202548	2.09985504647044
1.91480892897041	1.58877088460381	1.8451441530821	2.11122288918503
1.92101718799888	1.586835888629	1.85328517290187	2.11642369282623
1.92722544702736	1.59965752781029	1.86037849745174	2.12473695198495
1.93343370605583	1.60153892212131	1.87025840565655	2.13165074679656
1.9396419650843	1.61165271518747	1.87531188164248	2.13282251772729
1.94585022411278	1.61958047610984	1.88078998970292	2.14555623405775
1.95205848314125	1.62447033483874	1.88932909209846	2.15141263064489
1.95826674216973	1.63582327301691	1.89580798550722	2.15937908330808
1.9644750011982	1.63873055990677	1.90454781090875	2.16811198564997
1.97068326022668	1.64733487214788	1.90996618516547	2.17108377971481
1.97689151925515	1.65364633622501	1.91797473722764	2.17998085885894
1.98309977828363	1.660284362086	1.92155790992212	2.18671438878386
1.9893080373121	1.66875806789266	1.93163062070467	2.19818953625694
1.99551629634058	1.67206458211014	1.93839093730648	2.20149612291269
2.00172455536905	1.68472139283693	1.94467527097373	2.20963799907534
2.00793281439753	1.68912990319922	1.95375132125188	2.21967372428296
2.014141073426	1.69580117982127	1.95648808681984	2.22583143079714
2.02034933245447	1.70358454195756	1.96600093864496	2.22877325836384
2.02655759148295	1.71441091529518	1.97424068765957	2.24117179496908
2.03276585051142	1.71791932207806	1.9806282092138	2.24685154547736
2.0389741095399	1.72471461065125	1.9892764415292	2.25475338656539
2.04518236856837	1.73384845496401	1.99478459376433	2.25897597111314
2.05139062759685	1.74376939056571	2.00355490789675	2.27043989143448
2.05759888662532	1.7428300540536	2.00858545000776	2.27602700873096
2.0638071456538	1.75913099787444	2.01873691578113	2.27910510129117
2.07001540468227	1.76089198742633	2.02085554388597	2.28545490530318
2.07622366371075	1.76325325697593	2.02894319316052	2.29615631706491
2.08243192273922	1.77204436542007	2.03897375971674	2.30123671015786
2.08864018176769	1.78098599762158	2.0446234619268	2.30808944448328
2.09484844079617	1.78736097070276	2.05329422590661	2.3177877937146
2.10105669982464	1.79646467484347	2.05980389012107	2.32538560913407
2.10726495885312	1.80211380753132	2.06820795346298	2.32900568010653
2.11347321788159	1.81296796423015	2.07263308344208	2.33260349175286
2.11968147691007	1.8174384470572	2.08166176564781	2.34345850438707
2.12588973593854	1.82671203265265	2.08952985487619	2.35069456416316
2.13209799496702	1.8298642536045	2.0955421941131	2.36202087317299
2.13830625399549	1.83865118333245	2.10304915658514	2.36479079864265
2.14451451302397	1.84464638707924	2.10901290305226	2.36940181155002
2.15072277205244	1.84740692044262	2.11499584185514	2.37982250246706
2.15693103108091	1.85871517354907	2.12519172219813	2.38896982221641
2.16313929010939	1.85881690293382	2.12945500974705	2.39323632611317
2.16934754913786	1.86709050281366	2.1351845036221	2.40046722272026
2.17555580816634	1.87659091460926	2.14468337207656	2.40756901835468
2.18176406719481	1.884792332952	2.1502302416479	2.41780684224009
2.18797232622329	1.89207125511302	2.15921229411318	2.42344784813917
2.19418058525176	1.89981422798175	2.1652961880212	2.42908589289798
2.20038884428024	1.9073104708999	2.17288532375558	2.4373976743305
2.20659710330871	1.91484544815081	2.18010271130556	2.44388957099346
2.21280536233719	1.92507701000609	2.1869710949029	2.45096472395937
2.21901362136566	1.9293480129796	2.19568058040826	2.45855278265617
2.22522188039413	1.93592189603556	2.20167656636778	2.46598291628628
2.23143013942261	1.94177973595109	2.20911294998902	2.47074976814864
2.23763839845108	1.94703486486078	2.21426611074255	2.47866291297373
2.24384665747956	1.95564758498158	2.22493569857235	2.48720641807579
2.25005491650803	1.96442944649397	2.22943543826182	2.49652714182777
2.25626317553651	1.97077779796501	2.23591929228501	2.50615630249029
2.26247143456498	1.98266859161331	2.24296496297031	2.50851800426677
2.26867969359346	1.98703554117722	2.24962100369353	2.51564628878998
2.27488795262193	1.99279308430349	2.25719656321283	2.5230793093224
2.28109621165041	2.00272145356664	2.26381728449994	2.53300406789592
2.28730447067888	2.00795413322502	2.27291004468964	2.53849531062207
2.29351272970736	2.02015279779063	2.27983531023058	2.54668119024458
2.29972098873583	2.02362769575018	2.28391719840424	2.54999999700714
2.3059292477643	2.03125076076391	2.29090245024981	2.55325113422916
2.31213750679278	2.03690064488542	2.29955499436017	2.56954199798486
2.31834576582125	2.0396800847213	2.30836994885781	2.57248730098145
2.32455402484973	2.05262395956739	2.3154073975706	2.57925896267579
2.3307622838782	2.05536498839946	2.32145434295704	2.58206243354644
2.33697054290668	2.06684885794853	2.32873018869672	2.59531271987351
2.34317880193515	2.06337508837223	2.3363682820895	2.60001024397932
2.34938706096363	2.0776924283406	2.34368020501159	2.60723198863964
2.3555953199921	2.08434049749232	2.35014934376574	2.61389611987321
2.36180357902058	2.09190836848601	2.3547930982099	2.62295601256807
2.36801183804905	2.10036192386177	2.3641168379776	2.63116274353438
2.37422009707752	2.10484414677463	2.37045146261368	2.63500540736474
2.380428356106	2.11598668144535	2.37811408958888	2.64912089197106
2.38663661513447	2.11713266105316	2.38536783796317	2.65197879838608
2.39284487416295	2.12491858525175	2.39100729209476	2.65713034388107
2.39905313319142	2.13370521212532	2.39874929860605	2.66561749261864
2.4052613922199	2.14070197203808	2.4056445141578	2.67432618503387
2.41146965124837	2.14912278796175	2.41504720454119	2.68545363227531
2.41767791027685	2.15400903581071	2.42099664658577	2.68546912930321
2.42388616930532	2.1652555424024	2.42855870849188	2.69284629648212
2.4300944283338	2.17007020982927	2.43624217267594	2.70343104327721
2.43630268736227	2.17763159902208	2.44118929889307	2.70862953331811
2.44251094639074	2.17697640568171	2.45100491377377	2.71398403893302
2.44871920541922	2.18938301351662	2.45707287019818	2.72198639230948
2.45492746444769	2.198968791663	2.46535771647276	2.72978826805756
2.46113572347617	2.20662794068596	2.47141194337588	2.73485710500871
2.46734398250464	2.21733018018311	2.48012912565709	2.74811890610878
2.47355224153312	2.21918478891596	2.48462949388098	2.75399273492083
2.47976050056159	2.23221454096947	2.49510358232498	2.75757597390021
2.48596875959007	2.23402104638987	2.49829965293709	2.76360971636816
2.49217701861854	2.24235393806783	2.5053132212096	2.77694836146721
2.49838527764702	2.24741810575893	2.51093918071318	2.77640883092182
2.50459353667549	2.25348844496491	2.52039717128328	2.78538850643276
2.51080179570396	2.26334814990044	2.5287666950336	2.7892905225184
2.51701005473244	2.26306421297264	2.53211262995403	2.80356657992638
2.52321831376091	2.27627998293213	2.54352747600715	2.80785680511222
2.52942657278939	2.28319560661186	2.54941598954516	2.81213064405595
2.53563483181786	2.28888510701799	2.55492444255744	2.82500158666757
2.54184309084634	2.29721658132267	2.56363827689491	2.83005266957827
2.54805134987481	2.30328028817716	2.5722303076429	2.83759493473826
2.55425960890329	2.31405406983455	2.57581302303451	2.84011076917839
2.56046786793176	2.31683592937554	2.58266587863886	2.85105349898379
2.56667612696024	2.32377403976717	2.58992862753071	2.85881926999796
2.57288438598871	2.33105711932798	2.5984992145198	2.86183729296517
2.57909264501719	2.33936849700195	2.60878787476308	2.87166990262818
2.58530090404566	2.34476405300913	2.61392981965924	2.87837111959243
2.59150916307413	2.34557640352886	2.62124593633614	2.88509083833577
2.59771742210261	2.35944928743092	2.62904856895001	2.89214636512121
2.60392568113108	2.36593386374125	2.63505328966414	2.89763924438051
2.61013394015956	2.37287295659959	2.64202219740886	2.90957809167636
2.61634219918803	2.38601338997165	2.64315450596505	2.91171904694079
2.62255045821651	2.38831089498227	2.65520812100686	2.92135017799973
2.62875871724498	2.39482860896429	2.66354064123124	2.92761412664013
2.63496697627346	2.39810552352027	2.66712140883288	2.93805132519229
2.64117523530193	2.40968146512222	2.67766637518556	2.94166630291546
2.64738349433041	2.4165343831758	2.6825914287441	2.95134917499075
2.65359175335888	2.42481285686564	2.68997991453476	2.95617951631813
2.65980001238735	2.43381428372225	2.70071194564306	2.96677692366452
2.66600827141583	2.44070052820066	2.7063416587989	2.96947797651793
2.6722165304443	2.44569392143336	2.71136813981377	2.98141645280187
2.67842478947278	2.44936900766992	2.72001738584312	2.98727864042453
2.68463304850125	2.45922875200274	2.72662443851493	2.98998529221309
2.69084130752973	2.46850822562297	2.73294879411876	2.99807514418054
2.6970495665582	2.47204411265082	2.73973140691881	3.00811661273243
2.70325782558668	2.47911648276097	2.74667620197239	3.01759442023921
2.70946608461515	2.48593868143655	2.75387601922	3.02337376474884
2.71567434364363	2.49347181611228	2.76175860310502	3.02738593760694
2.7218826026721	2.50325715079181	2.76839914364931	3.03297743347206
2.72809086170057	2.51203465935163	2.77641103123176	3.04349381737061
2.73429912072905	2.51596099026731	2.78322677677652	3.05126505342018
2.74050737975752	2.5266900022728	2.78941496307879	3.05716015368784
2.746715638786	2.52726921671315	2.79895029694199	3.06816979376732
2.75292389781447	2.54011783503454	2.80550385417229	3.07102315390875
2.75913215684295	2.54579832440438	2.81283495127309	3.07548775522232
2.76534041587142	2.55380041791023	2.8178654789079	3.08220982452598
2.7715486748999	2.55851368076014	2.82740942116703	3.09020830845336
2.77775693392837	2.567145813203	2.83324229103964	3.10124680505882
2.78396519295684	2.5719325405981	2.83875410071584	3.10719165043569
2.79017345198532	2.57386411485427	2.84757277119392	3.11067188272926
2.79638171101379	2.58909024931449	2.85394202822685	3.12102651155178
2.80258997004227	2.59460922167017	2.86141195451426	3.13114994293131
2.80879822907074	2.60101803518449	2.86699415702631	3.13277758558528
2.81500648809922	2.60570179051062	2.87465407570025	3.14544786297719
2.82121474712769	2.61350490008607	2.88110144641737	3.14970598519123
2.82742300615617	2.62031256017026	2.88991524449506	3.16158945145573
2.83363126518464	2.630027562821	2.89778360075735	3.16187010133745
2.83983952421312	2.63585374229614	2.90426300701145	3.17462236093514
2.84604778324159	2.64552619996501	2.91243828817576	3.18031286183487
2.85225604227007	2.6453461285947	2.91736707903574	3.18726179497062
2.85846430129854	2.66053167789992	2.9245734594348	3.19118397198979
2.86467256032701	2.66191906336842	2.9316950415992	3.20326397530563
2.87088081935549	2.66983801527679	2.93950229661194	3.19989479921024
2.87708907838396	2.67350732923136	2.9457322822067	3.21410595486375
2.88329733741244	2.68495745581552	2.95444083817223	3.22016667770186
2.88950559644091	2.68642540203443	2.96049555268866	3.22948459148329
2.89571385546939	2.70021706864858	2.96682468696882	3.23730455765791
2.90192211449786	2.70631030263169	2.97530983633019	3.24466786468527
2.90813037352634	2.71447764385756	2.98334463529256	3.25138491337637
2.91433863255481	2.7188060814546	2.98955987335676	3.25735393801261
2.92054689158329	2.72716596200618	2.9970368610137	3.26686113560205
2.92675515061176	2.73319792257962	3.00215764837476	3.2690475333855
2.93296340964024	2.74185540171943	3.00779616804819	3.27637496408623
2.93917166866871	2.74981403510158	3.01916946554832	3.28855129380867
2.94537992769718	2.75252175175524	3.02472616732522	3.29912406876895
2.95158818672566	2.76181951590618	3.02897740157954	3.30087719818609
2.95779644575413	2.7666821099378	3.03693072563461	3.307492162622
2.96400470478261	2.77423487580096	3.04569647951477	3.31716827740494
2.97021296381108	2.7854598453677	3.0543784693596	3.32877513848098
2.97642122283956	2.79530308475641	3.05891744053741	3.33222212156257
2.98262948186803	2.79999982739498	3.06854714451301	3.34258051661119
2.98883774089651	2.80509824261396	3.07472110569011	3.34033913301406
2.99504599992498	2.81363310171877	3.0826069707353	3.34792240475602
3.00125425895345	2.81419178923931	3.09037861624877	3.36140336824799
3.00746251798193	2.82461427663895	3.09293298092718	3.36316693889516
3.0136707770104	2.83123225103723	3.10243053115431	3.36759481433342
3.01987903603888	2.84160504187711	3.11016479012938	3.37553770707529
3.02608729506735	2.84416937011137	3.11738600151681	3.38428348030952
3.03229555409583	2.85356588154332	3.12311572982006	3.39334736126371
3.0385038131243	2.86400432278897	3.13105568548055	3.40239983449525
3.04471207215278	2.87129148696506	3.13654480255894	3.40466279381173
3.05092033118125	2.87656677539441	3.14500574890154	3.41584780735261
3.05712859020973	2.87939191154681	3.15268844513136	3.42041074796638
3.0633368492382	2.89093230097733	3.16021092631513	3.43201564942879
3.06954510826667	2.89154178514234	3.16642681388079	3.44217382766107
3.07575336729515	2.90146059817181	3.17457216644244	3.4460475432446
3.08196162632362	2.9080512317841	3.18304737855345	3.44942463018256
3.0881698853521	2.90748141954983	3.18892915427814	3.46317357113201
3.09437814438057	2.92517963857595	3.19504300725783	3.46470403100422
3.10058640340905	2.92914103314139	3.19986263723916	3.46937214779148
3.10679466243752	2.93873290200323	3.21169603805133	3.47853938336775
3.113002921466	2.94528012143817	3.216942168454	3.48474047621766
3.11921118049447	2.95000244508237	3.22082050619062	3.49081734984011
3.12541943952295	2.95420145037036	3.2321263741659	3.49944354033548
3.13162769855142	2.96429436235825	3.23701232441002	3.50892430003495
3.1378359575799	2.97243471414806	3.24467088480367	3.51674730425353
3.14404421660837	2.97904848391626	3.2514899916923	3.52456614473582
3.15025247563684	2.98579584906098	3.25875806883289	3.52762998092234
3.15646073466532	2.99363073257389	3.26640489475384	3.53445188093327
3.16266899369379	3.00116352067569	3.27157992163702	3.54128418737577
3.16887725272227	3.00871861916047	3.27971323097305	3.55284932333036
3.17508551175074	3.01467413203038	3.28851875430333	3.56409695643804
3.18129377077922	3.02071049091996	3.29610595602968	3.56453855638998
3.18750202980769	3.027576732447	3.30152356985299	3.5759209265552
3.19371028883617	3.03646341302303	3.30946470883559	3.57641613990482
3.19991854786464	3.04288098459929	3.31492836781261	3.58888715504856
3.20612680689312	3.05071801813145	3.32226287802767	3.5917029016304
3.21233506592159	3.05615015975054	3.33101697284615	3.60000569470678
3.21854332495007	3.06029033765207	3.33691912740535	3.60478662326947
3.22475158397854	3.07131548271899	3.34412977520996	3.61659862546661
3.23095984300701	3.07929496937965	3.35055612172991	3.62029436201861
3.23716810203549	3.08494436042003	3.35760070125548	3.63071411816512
3.24337636106396	3.09293660065118	3.36316350029376	3.63441639726612
3.24958462009244	3.09925532937491	3.37240092322466	3.642719453184
3.25579287912091	3.11001206842611	3.37889495119019	3.6505173088926
3.26200113814939	3.11176072948701	3.38608352222225	3.6637025531364
3.26820939717786	3.11712213314525	3.39296647300943	3.6659219018776
3.27441765620634	3.13171099533054	3.40222168733207	3.67027797201104
3.28062591523481	3.13797350619062	3.40705282674826	3.67845436574998
3.28683417426328	3.14486747551386	3.4142547866608	3.68508158667782
3.29304243329176	3.15309338018629	3.42473947683545	3.69447346258343
3.29925069232023	3.15477541659657	3.42939155606593	3.69772672728147
3.30545895134871	3.16251072990816	3.43645256585567	3.70650519594403
3.31166721037718	3.16731976569226	3.44160796815315	3.71855856031233
3.31787546940566	3.17715969619774	3.45116497764132	3.72319256717381
3.32408372843413	3.18236446182289	3.45796460280088	3.72989114246251
3.33029198746261	3.19044309629629	3.46602345302006	3.73809866177274
3.33650024649108	3.20044159416772	3.47102135145776	3.74233815093299
3.34270850551956	3.20365027060866	3.48137272274589	3.74973028565588
3.34891676454803	3.21271254980982	3.4875933494277	3.76213204411086
3.3551250235765	3.22355997427615	3.49235001107478	3.767443544643
3.36133328260498	3.22871797366404	3.50282267010468	3.77738454302995
3.36754154163345	3.23212050929886	3.50611802285978	3.77843052632182
3.37374980066193	3.23633007256993	3.51404001358965	3.78627277732392
3.3799580596904	3.24832689138417	3.5232814722278	3.79871515202533
3.38616631871888	3.25375024667382	3.53101120798921	3.80044509709676
3.39237457774735	3.25847240422318	3.5349144576434	3.80765708644856
3.39858283677583	3.267591947928	3.54243486650608	3.81638100379717
3.4047910958043	3.27808954006652	3.55020545817516	3.82144848797237
3.41099935483278	3.28606897916728	3.55898612256306	3.82991232626303
3.41720761386125	3.28493791429557	3.56351419994935	3.83509578621411
3.42341587288972	3.29243604012751	3.57135464459547	3.84164180833966
3.4296241319182	3.30516932503129	3.57842320326363	3.85343869640553
3.43583239094667	3.31176070738897	3.58372233169831	3.85724048791199
3.44204064997515	3.31446734500335	3.59439436721055	3.86631789095688
3.44824890900362	3.32938139649688	3.60228172292449	3.87313996520491
3.4544571680321	3.33039195897875	3.60627739775752	3.88036840238096
3.46066542706057	3.34176744387633	3.61414635182009	3.89172032003306
3.46687368608905	3.34425171766163	3.62221410130535	3.8961596357053
3.47308194511752	3.3526521754802	3.62760577406109	3.90057170623718
3.479290204146	3.36232364103035	3.63385587453505	3.90701476074334
3.48549846317447	3.36256371485735	3.64264169982947	3.91994864876362
3.49170672220295	3.37992082555965	3.65176953142452	3.92509232260571
3.49791498123142	3.38320725580295	3.65723551803981	3.93136725029594
3.50412324025989	3.38818253299003	3.66410051374927	3.9389873238275
3.51033149928837	3.39677653026758	3.66943929330694	3.94701164517625
3.51653975831684	3.39879029428447	3.67614941064956	3.95098142685972
3.52274801734532	3.40615049889115	3.68474694295215	3.95672290641455
3.52895627637379	3.4170377316522	3.69140647269824	3.96720124091312
3.53516453540227	3.42316784459012	3.69977774227297	3.97351880033183
3.54137279443074	3.42810296246948	3.7070069337474	3.97597886862191
3.54758105345922	3.43984540036625	3.71218562501585	3.99058431774179
3.55378931248769	3.44329027300665	3.72124681210886	3.99692378015482
3.55999757151617	3.44839072127872	3.72475662373135	3.99970468135108
3.56620583054464	3.45666915488795	3.73395350711865	4.01134398531476
3.57241408957311	3.46410095578135	3.7400879449381	4.02023559308939
3.57862234860159	3.47288401465353	3.74842394255752	4.02431698827718
3.58483060763006	3.47995586012963	3.75766367188889	4.03106788667276
3.59103886665854	3.48639101993118	3.76361124490157	4.03704128277357
3.59724712568701	3.49008057496625	3.7683754284883	4.04659987169468
3.60345538471549	3.49776865074504	3.77683394522298	4.05195457709688
3.60966364374396	3.50719340778291	3.78529959153565	4.06114014687873
3.61587190277244	3.51848452774381	3.79090048496337	4.05944563876336
3.62208016180091	3.5243057929755	3.7993991068836	4.07579798958716
3.62828842082939	3.52586961101474	3.80416048096036	4.08373267522266
3.63449667985786	3.53435989357548	3.8117362517125	4.08519174493129
3.64070493888633	3.53650899184952	3.81883859077484	4.09719145605308
3.64691319791481	3.54337713035089	3.82709329427924	4.10475860348574
3.65312145694328	3.55443962517427	3.83395498027593	4.11229284936114
3.65932971597176	3.56521308807779	3.84104960807548	4.1146286433258
3.66553797500023	3.57379076303241	3.84833723450499	4.12464174043853
3.67174623402871	3.57959502826431	3.8561199077783	4.13053632045723
3.67795449305718	3.58449570425785	3.86237936276059	4.13917894667826
3.68416275208566	3.59108381967006	3.86758441160193	4.14522847584009
3.69037101111413	3.60013871383056	3.87577458631994	4.15228515891523
3.69657927014261	3.60701964444653	3.8838876068174	4.15388838678799
3.70278752917108	3.61762309536691	3.89155063544123	4.16629836045413
3.70899578819955	3.61995372115503	3.89575297547077	4.1701592939885
3.71520404722803	3.63106679600526	3.9034289962965	4.17999021695826
3.7214123062565	3.63324874674455	3.90972811178956	4.18590170980393
3.72762056528498	3.63957992140592	3.91713953494546	4.19675165760808
3.73382882431345	3.64817839904759	3.92596745357924	4.19806443939265
3.74003708334193	3.6536572680189	3.93323692980391	4.21187832648909
3.7462453423704	3.66304525288317	3.94287938462584	4.21685156189721
3.75245360139888	3.6667296624066	3.94813197064145	4.22619740142029
3.75866186042735	3.67765838495487	3.95435630788688	4.2323270855771
3.76487011945583	3.68740776482757	3.96225064858751	4.2429975968217
3.7710783784843	3.69230878319205	3.97083794078729	4.2473410352688
3.77728663751278	3.69776171308747	3.97631536151494	4.25522529999857
3.78349489654125	3.70173663657859	3.98285669844969	4.26145499959974
3.78970315556972	3.71410833490925	3.98912352417593	4.26881699236433
3.7959114145982	3.71508274631357	3.9980650664699	4.27574786228394
3.80211967362667	3.73139387833188	4.00558073343412	4.282704677199
3.80832793265515	3.73264766468934	4.01263841627962	4.28914550898582
3.81453619168362	3.74218445049739	4.01869886111051	4.29694060928006
3.8207444507121	3.74936957567954	4.02351808661513	4.30081897666153
3.82695270974057	3.75750357777504	4.03294126767624	4.31002962253422
3.83316096876905	3.76106497457	4.03794200382815	4.31493999538615
3.83936922779752	3.77012292070642	4.04696950037633	4.32784531929796
3.845577486826	3.77498960352805	4.05461014045142	4.33194215784972
3.85178574585447	3.78439665162363	4.0628215258206	4.34436512158782
3.85799400488294	3.78904820515151	4.06854873621274	4.34199993657474
3.86420226391142	3.79919973547702	4.07587554765898	4.35067126800221
3.87041052293989	3.79966485809405	4.08157974948954	4.36157867616181
3.87661878196837	3.81082298332566	4.09013736515551	4.36440787780534
3.88282704099684	3.82205973690127	4.09586145869783	4.37253904542218
3.88903530002532	3.81879964737776	4.10197714559611	4.37411128951828
3.89524355905379	3.83580925144857	4.1144390787946	4.39234729712014
3.90145181808227	3.84302241096679	4.11897922390289	4.39540913232965
3.90766007711074	3.84518658978125	4.12634667337664	4.40590373178672
3.91386833613922	3.84894562138121	4.13214777493011	4.40976043785255
3.92007659516769	3.86055939823875	4.13855586187968	4.41438380894721
3.92628485419616	3.8646612127348	4.14664224114577	4.43018566722921
3.93249311322464	3.87226389550462	4.1529386889765	4.4369096180343
3.93870137225311	3.87869871230456	4.161284708119	4.4363580132014
3.94490963128159	3.88712825653069	4.16690139266991	4.44856552981798
3.95111789031006	3.89859796642997	4.17701058441228	4.45134691846175
3.95732614933854	3.90589849302039	4.18306965089903	4.46430334029374
3.96353440836701	3.90942562416382	4.18868295693335	4.46472361234153
3.96974266739549	3.91589353890964	4.19615367469051	4.47832245009535
3.97595092642396	3.91805792091094	4.20296480975076	4.48465583818983
3.98215918545244	3.9298562858303	4.21014814592339	4.49231898221318
3.98836744448091	3.93270978181386	4.21690169971531	4.49167748976687
3.99457570350938	3.94260770168467	4.22708750351611	4.5079876982524
4.00078396253786	3.95088028573532	4.23018458178288	4.50937894281072
4.00699222156633	3.95582611495325	4.23671961654652	4.51726794386609
4.01320048059481	3.96359804941052	4.24599766910606	4.5218463722977
4.01940873962328	3.96724828968972	4.2535890594179	4.53746921442401
4.02561699865176	3.97214968600511	4.25879889179772	4.53977206303719
4.03182525768023	3.98681677020968	4.2655612277908	4.54628017832346
4.03803351670871	3.99247783334364	4.27422849046139	4.55722797188404
4.04424177573718	4.00240910481216	4.28339790749856	4.56821725000243
4.05045003476566	3.99952093630515	4.28615473685008	4.562202431912
4.05665829379413	4.01501957503092	4.29566701888601	4.57800026224745
4.06286655282261	4.0219962224585	4.3012207813071	4.58015715899186
4.06907481185108	4.02350312413343	4.30920319374351	4.58801639155475
4.07528307087955	4.02764718058867	4.31486053506371	4.59111581078664
4.08149132990803	4.0437934617119	4.32313382294382	4.60988520265982
4.0876995889365	4.04653530807626	4.33198810536725	4.61561274063596
4.09390784796498	4.05585477581005	4.3378925468919	4.61966146887121
4.10011610699345	4.06002984042831	4.34316111459893	4.62453122621042
4.10632436602193	4.07177601034148	4.35313346302301	4.63496561241792
4.1125326250504	4.07760920070334	4.35983796480536	4.64459809317102
4.11874088407888	4.08605311051312	4.36831027415755	4.65310163949794
4.12494914310735	4.0917167622566	4.37293983975236	4.65650874879752
4.13115740213583	4.09646573607555	4.38216081179307	4.66302000137875
4.1373656611643	4.10264744899328	4.38631594054661	4.66695885763893
4.14357392019278	4.10872142850459	4.39527810734645	4.67433634057667
4.14978217922125	4.11642406507454	4.40140089345784	4.68156874632816
4.15599043824972	4.12571463839292	4.40773862854393	4.68853834398139
4.1621986972782	4.13052828732061	4.41691729613173	4.70006151807863
4.16840695630667	4.13757070107429	4.42107005782161	4.69909616852688
4.17461521533515	4.14910128122892	4.43030476407389	4.71431411877661
4.18082347436362	4.15097537183913	4.43832775011779	4.71918818390624
4.1870317333921	4.1578063006183	4.44293125738625	4.72234907911063
4.19323999242057	4.17051054373663	4.45411804538014	4.73741809689069
4.19944825144904	4.17822354735696	4.45787867523123	4.74575672572764
4.20565651047752	4.18066779871175	4.46509727704845	4.74684236075668
4.211864769506	4.19096577806781	4.47228131666398	4.75725701196289
4.21807302853447	4.19415149398899	4.47945320603506	4.75756761243034
4.22428128756294	4.20848935138442	4.48920833456086	4.77205862383216
4.23048954659142	4.2091754195515	4.49474517751706	4.77368754177296
4.23669780561989	4.21779373647128	4.50129056098243	4.78679036819736
4.24290606464837	4.22071754592807	4.50885806703828	4.79242697980184
4.24911432367684	4.23170279602122	4.51563280758703	4.8013047074265
4.25532258270532	4.23602386027466	4.519634420933	4.80291680154036
4.26153084173379	4.24692756659925	4.52885154094296	4.81400819720569
4.26773910076226	4.25928816453264	4.53625917000946	4.82074315526718
4.27394735979074	4.26023417393869	4.54292810737152	4.82768784864692
4.28015561881922	4.26473806812991	4.55053648533819	4.83788232029911
4.28636387784769	4.27410697997814	4.55608440810716	4.84104436461732
4.29257213687616	4.28010540637174	4.56477852809795	4.85053636060193
4.29878039590464	4.28690006475514	4.57003881256632	4.85032314523939
