"mitochan"	"lwrNorm"	"medNorm"	"uprNorm"
-1.90327037354145	-3.45615405533147	-2.3437662335653	-1.20395954645078
-1.89706211451297	-3.44976711540125	-2.33178949715923	-1.20681637540416
-1.8908538554845	-3.44227647227419	-2.32768864902843	-1.19466988492986
-1.88464559645603	-3.43110116091996	-2.3231766122537	-1.17826124724877
-1.87843733742755	-3.4213910060505	-2.31540101252568	-1.18256981605469
-1.87222907839908	-3.40768455735158	-2.30696326758488	-1.17505260555239
-1.8660208193706	-3.40199293140264	-2.30110278546856	-1.16907993010504
-1.85981256034213	-3.38555163705005	-2.28872037538549	-1.16963060745912
-1.85360430131365	-3.38232365646962	-2.28532521243779	-1.15870608673178
-1.84739604228518	-3.35712781034064	-2.27584054942258	-1.16120295604201
-1.8411877832567	-3.3605831765098	-2.27391226734329	-1.15231931038315
-1.83497952422823	-3.34860078631636	-2.26358647969573	-1.15209914484745
-1.82877126519975	-3.33244078330741	-2.25348523675634	-1.14253739976879
-1.82256300617128	-3.32602005009588	-2.24895352274892	-1.13880333095618
-1.8163547471428	-3.31713281552019	-2.23864272001879	-1.13141973603485
-1.81014648811433	-3.30729782960131	-2.23750199680307	-1.11962290368824
-1.80393822908586	-3.30418906227026	-2.22409167173541	-1.13123545211833
-1.79772997005738	-3.28897636186548	-2.21492617412102	-1.12332700477462
-1.79152171102891	-3.27651320822901	-2.21041407165145	-1.11683052379438
-1.78531345200043	-3.26843372497353	-2.20013532501223	-1.1033353008565
-1.77910519297196	-3.2608989115245	-2.19079849056989	-1.10684230555654
-1.77289693394348	-3.24211880261641	-2.18643478456207	-1.09539146335944
-1.76668867491501	-3.24192062550127	-2.17724759531735	-1.09023222123325
-1.76048041588653	-3.22398934255916	-2.17522835305481	-1.08853970581908
-1.75427215685806	-3.22337476148975	-2.16705259260406	-1.07869227469877
-1.74806389782958	-3.20111154509222	-2.15684757673742	-1.0684721435182
-1.74185563880111	-3.20480076215537	-2.15112770258893	-1.06623875386513
-1.73564737977264	-3.18651037534188	-2.14338093572943	-1.07932173341581
-1.72943912074416	-3.17561498293874	-2.13531843033603	-1.05522548082257
-1.72323086171569	-3.17911164336397	-2.12441266002781	-1.0584315565657
-1.71702260268721	-3.15455421763795	-2.11835269605642	-1.06188396344509
-1.71081434365874	-3.15250685041487	-2.10890014782685	-1.03983270523746
-1.70460608463026	-3.14399192874895	-2.10440030253698	-1.04590828717079
-1.69839782560179	-3.12311550435487	-2.09714332071412	-1.03855592504785
-1.69218956657331	-3.11512348471901	-2.09156894163509	-1.04946328081115
-1.68598130754484	-3.11554926284211	-2.08017702682898	-1.02581730026367
-1.67977304851636	-3.10002769336533	-2.07248878718792	-1.0170325030903
-1.67356478948789	-3.09326519817077	-2.0687131351211	-1.01509583872706
-1.66735653045942	-3.07453739468554	-2.05953155364675	-1.01229695007438
-1.66114827143094	-3.0570126640439	-2.052002824767	-1.0012031284417
-1.65494001240247	-3.0599436523999	-2.04567772096156	-0.999530133968189
-1.64873175337399	-3.05211308686566	-2.03821741872412	-1.00195955919217
-1.64252349434552	-3.0492825343784	-2.03027093467764	-0.992000803859266
-1.63631523531704	-3.0343124145909	-2.02542186440573	-0.993888003016125
-1.63010697628857	-3.01979514580212	-2.01465361465421	-0.986201809341733
-1.62389871726009	-3.01883548748735	-2.00614129231053	-0.97079745319692
-1.61769045823162	-2.99989595734328	-1.99799740894631	-0.983448990774982
-1.61148219920314	-2.99624315839225	-1.99419499844637	-0.975044114910303
-1.60527394017467	-2.9750593519965	-1.98526923196825	-0.956578235114815
-1.5990656811462	-2.96952497152785	-1.98086920977745	-0.960507073699597
-1.59285742211772	-2.95849466428494	-1.97076700663091	-0.958370834532854
-1.58664916308925	-2.95931697294628	-1.96504562597827	-0.954935181530139
-1.58044090406077	-2.95293826016309	-1.95542637142202	-0.947390813918058
-1.5742326450323	-2.92976937823485	-1.94883488949552	-0.937020064259717
-1.56802438600382	-2.92750305251325	-1.94042123978195	-0.921402269025825
-1.56181612697535	-2.91072524177527	-1.93533771643337	-0.931481487538006
-1.55560786794687	-2.90378631193502	-1.92434342961846	-0.926700848725127
-1.5493996089184	-2.89065679322415	-1.92082819287992	-0.912453091579583
-1.54319134988992	-2.88764121403611	-1.91613363364718	-0.907616111414588
-1.53698309086145	-2.87666209129649	-1.9040973017761	-0.915603113878201
-1.53077483183298	-2.86148656939847	-1.89573774438758	-0.905177556789481
-1.5245665728045	-2.86123388910696	-1.88790567560227	-0.909028186517074
-1.51835831377603	-2.83960906630223	-1.88268396132823	-0.88709263721693
-1.51215005474755	-2.84089400258167	-1.87268301121126	-0.894481697294526
-1.50594179571908	-2.81932952712734	-1.86445967229413	-0.872139224710012
-1.4997335366906	-2.81610096906504	-1.8562584339963	-0.879396054966844
-1.49352527766213	-2.81187220156853	-1.84966171584265	-0.873949509894889
-1.48731701863365	-2.79581600915122	-1.84908208262972	-0.871242543331998
-1.48110875960518	-2.7832546383672	-1.83494325336335	-0.858662287246787
-1.4749005005767	-2.77298258661435	-1.83052968104662	-0.860197947979951
-1.46869224154823	-2.76339608221973	-1.82193752562823	-0.855310878649612
-1.46248398251976	-2.7489565272113	-1.81564299984682	-0.850798388772937
-1.45627572349128	-2.75033132191444	-1.80860185950617	-0.85292819465736
-1.45006746446281	-2.73090614468826	-1.7986629042308	-0.839392960971607
-1.44385920543433	-2.73164086827789	-1.79428933878716	-0.834866676999965
-1.43765094640586	-2.71835155657207	-1.78474629658626	-0.828249496406805
-1.43144268737738	-2.70926493957794	-1.77902523439459	-0.821998968147729
-1.42523442834891	-2.68980468623811	-1.77032374456313	-0.80615059319897
-1.41902616932043	-2.68396995486725	-1.76483254709042	-0.814243430619658
-1.41281791029196	-2.67683724410481	-1.75082251580271	-0.805156299672229
-1.40660965126348	-2.66053584216798	-1.74411556676476	-0.796348696532041
-1.40040139223501	-2.66340125338946	-1.73803704961457	-0.798274326769931
-1.39419313320653	-2.63786007664006	-1.73430148361244	-0.791242905902966
-1.38798487417806	-2.63280208318779	-1.7246228271807	-0.769920268917551
-1.38177661514959	-2.62633056330312	-1.71793190038282	-0.786653499015653
-1.37556835612111	-2.63786407679214	-1.71163310930392	-0.77669570583493
-1.36936009709264	-2.60270047790103	-1.70118644772866	-0.759405139019662
-1.36315183806416	-2.59530527514381	-1.69480669649874	-0.761075579004446
-1.35694357903569	-2.59529818626616	-1.68877653704596	-0.765823361075285
-1.35073532000721	-2.58159832676267	-1.68025648029634	-0.756144877104804
-1.34452706097874	-2.57434893829465	-1.67107267872442	-0.748978602468299
-1.33831880195026	-2.55988485115147	-1.66302661426931	-0.74882199391713
-1.33211054292179	-2.55951726359217	-1.65706163768576	-0.738081161220509
-1.32590228389331	-2.53263070923504	-1.64967964383821	-0.740026068256723
-1.31969402486484	-2.53119799987949	-1.64307825277244	-0.734179007921971
-1.31348576583637	-2.52528980551721	-1.63568496489973	-0.718321058931687
-1.30727750680789	-2.51146084596456	-1.6256229847541	-0.716863770142617
-1.30106924777942	-2.49997886683432	-1.62047860136989	-0.695848167149789
-1.29486098875094	-2.47824107511609	-1.61119768670942	-0.711577801915115
-1.28865272972247	-2.47958880291987	-1.60169266306107	-0.69906766359944
-1.28244447069399	-2.47204813584261	-1.59338840363915	-0.692054425682137
-1.27623621166552	-2.47034850541009	-1.5899668616556	-0.687794914968825
-1.27002795263704	-2.45903639446178	-1.58341797831257	-0.687014846115137
-1.26381969360857	-2.44553559459973	-1.57294955298907	-0.687253125847168
-1.25761143458009	-2.43845551996847	-1.56582502982872	-0.684488681809477
-1.25140317555162	-2.44093293530492	-1.56235663296417	-0.671208967450821
-1.24519491652315	-2.41931295922286	-1.55252752331416	-0.668697891856316
-1.23898665749467	-2.40703966184608	-1.54365288944799	-0.667034091518489
-1.2327783984662	-2.39295388377864	-1.53604042556026	-0.652707792854841
-1.22657013943772	-2.38157914505508	-1.52872728630341	-0.656813475390184
-1.22036188040925	-2.38236922473706	-1.52397926197202	-0.635286454489262
-1.21415362138077	-2.36948768178559	-1.5160329962417	-0.644139238707139
-1.2079453623523	-2.3528209022307	-1.51051508126322	-0.634973933391391
-1.20173710332382	-2.3483004434588	-1.50115182566348	-0.627184404391931
-1.19552884429535	-2.34336359419157	-1.49323074864281	-0.622532373394454
-1.18932058526687	-2.33926751189721	-1.48662863916111	-0.620922488667783
-1.1831123262384	-2.31590749671648	-1.4760821731471	-0.6104943810863
-1.17690406720993	-2.31016879686755	-1.46867816211082	-0.614082972522891
-1.17069580818145	-2.3046077462302	-1.46072636756331	-0.606847042660298
-1.16448754915298	-2.29706778054953	-1.45907271279865	-0.595253134286697
-1.1582792901245	-2.2857316264635	-1.44837101717825	-0.589899813205383
-1.15207103109603	-2.26804512423488	-1.4406008667857	-0.589407148955089
-1.14586277206755	-2.25878378188022	-1.43184013201423	-0.58580248169788
-1.13965451303908	-2.25643834477336	-1.42774186785571	-0.571097280928107
-1.1334462540106	-2.24465560209233	-1.41876311051409	-0.566655905363131
-1.12723799498213	-2.226757471051	-1.41118687271043	-0.570523674316712
-1.12102973595365	-2.23008507037691	-1.40308339294714	-0.562568923566463
-1.11482147692518	-2.21257693407279	-1.39487933532468	-0.555581713072355
-1.1086132178967	-2.20619252486611	-1.39066165387157	-0.551368933952204
-1.10240495886823	-2.19317534503735	-1.38100316358068	-0.543433359423688
-1.09619669983976	-2.182029160548	-1.37308472392153	-0.530314283173212
-1.08998844081128	-2.17134109996549	-1.36594585796769	-0.532836919851351
-1.08378018178281	-2.16289191675702	-1.35977535011502	-0.530848583257283
-1.07757192275433	-2.16119762062119	-1.35094612916374	-0.526216250716439
-1.07136366372586	-2.15264363093779	-1.34508224002824	-0.522471208032356
-1.06515540469738	-2.14662899032172	-1.33703375354275	-0.518037167302798
-1.05894714566891	-2.13259385026712	-1.32706824287928	-0.504390420392046
-1.05273888664043	-2.1110177405193	-1.32305617332867	-0.498142671374737
-1.04653062761196	-2.11304438012664	-1.31516912706822	-0.494865381298379
-1.04032236858348	-2.0980828518576	-1.30839720533565	-0.497382760300847
-1.03411410955501	-2.08621401512619	-1.29922113546065	-0.482988707562492
-1.02790585052654	-2.07593606667332	-1.29051741392683	-0.486677226586871
-1.02169759149806	-2.07994737059701	-1.28510170801578	-0.470224718784014
-1.01548933246959	-2.06684223491033	-1.27661313052534	-0.467976289830211
-1.00928107344111	-2.05124209082853	-1.27364189055602	-0.465017739031849
-1.00307281441264	-2.04310073897967	-1.26441793225006	-0.456672046038243
-0.996864555384163	-2.03010838364206	-1.25347926824117	-0.45068241917263
-0.990656296355688	-2.0360467071101	-1.24836771878368	-0.457744953362827
-0.984448037327214	-2.01516295836662	-1.23753300553065	-0.432527470039772
-0.978239778298739	-1.99573170585408	-1.2317413984341	-0.439466999396174
-0.972031519270265	-1.99835157604087	-1.22763694018073	-0.435906308802423
-0.96582326024179	-1.9930013943341	-1.21483410451047	-0.42467442539281
-0.959615001213315	-1.9791453842619	-1.21000009007047	-0.417945161477946
-0.953406742184841	-1.97088099303203	-1.20438324623205	-0.421252990511836
-0.947198483156366	-1.94525999844562	-1.19276872332004	-0.412337988431053
-0.940990224127892	-1.94477678817664	-1.19048257964842	-0.403170521500092
-0.934781965099417	-1.94015834170053	-1.17768126615754	-0.39677477630676
-0.928573706070943	-1.92764337835129	-1.17099617476657	-0.393785926428386
-0.922365447042468	-1.92258844458869	-1.16590016846915	-0.379076741533385
-0.916157188013994	-1.91618161137545	-1.16248354839146	-0.380582390577146
-0.909948928985519	-1.90471516589425	-1.15088151174898	-0.373122660590301
-0.903740669957044	-1.89498581825118	-1.14287901640387	-0.360939918636491
-0.89753241092857	-1.87696803988315	-1.13392569495615	-0.357146950975615
-0.891324151900095	-1.87499339047473	-1.12719212838585	-0.361510962658002
-0.885115892871621	-1.86839500051345	-1.12115067429448	-0.363346576750188
-0.878907633843146	-1.86091960574176	-1.11349487109883	-0.35366616014891
-0.872699374814672	-1.84890419903742	-1.10698430576501	-0.346645239480373
-0.866491115786197	-1.83244155014549	-1.09810039856245	-0.34023469575352
-0.860282856757723	-1.83738950475823	-1.09394583168282	-0.326022091395764
-0.854074597729248	-1.82383490295728	-1.08339433162807	-0.328853933076196
-0.847866338700773	-1.81083128775201	-1.07635156176142	-0.317942160957067
-0.841658079672299	-1.80282211721348	-1.06835232553227	-0.312674745371192
-0.835449820643824	-1.79156050284344	-1.06032892156728	-0.311324192207011
-0.82924156161535	-1.78001583164453	-1.05466328019358	-0.308912279605675
-0.823033302586875	-1.77019312754833	-1.04789962280163	-0.295614833533536
-0.816825043558401	-1.75815929955824	-1.03831672360821	-0.293169362942323
-0.810616784529926	-1.76076969709303	-1.03104528796054	-0.28191871411019
-0.804408525501451	-1.74602766289073	-1.02342572146287	-0.276651562889355
-0.798200266472977	-1.73327242477936	-1.01817664270603	-0.273008839430925
-0.791992007444502	-1.72463431753047	-1.00924949283921	-0.277861654181674
-0.785783748416028	-1.72268876908646	-1.00447937348864	-0.265802227770241
-0.779575489387553	-1.70932988179381	-0.995467503157435	-0.263654439771955
-0.773367230359079	-1.70292801759448	-0.990423823504452	-0.252286662562908
-0.767158971330604	-1.69593359972811	-0.981034494467993	-0.24870614724202
-0.76095071230213	-1.67656797017007	-0.968835364882315	-0.234876797896114
-0.754742453273655	-1.67672181568202	-0.963430924528294	-0.224624800485155
-0.74853419424518	-1.66304718910166	-0.953796624571717	-0.226211826531461
-0.742325935216706	-1.66065623345321	-0.948473610567337	-0.213148452229195
-0.736117676188231	-1.64046257603877	-0.942412735587411	-0.222427723893827
-0.729909417159757	-1.64254480144951	-0.934348460342081	-0.206302033965441
-0.723701158131282	-1.63426088955986	-0.927889173632633	-0.206401758274079
-0.717492899102808	-1.62498891494339	-0.921109182824578	-0.1970260522843
-0.711284640074333	-1.60483846666291	-0.914711853198314	-0.196799241428803
-0.705076381045858	-1.59656349291453	-0.907981206035444	-0.194094425453302
-0.698868122017384	-1.59991806550892	-0.896003455659312	-0.176494749068543
-0.692659862988909	-1.57525921534582	-0.889921112610278	-0.174845406078746
-0.686451603960435	-1.58197882807093	-0.882560707901887	-0.175146163362036
-0.68024334493196	-1.56675991406276	-0.878353858171331	-0.171622342883839
-0.674035085903486	-1.56136882336654	-0.865129644854554	-0.155451616235152
-0.667826826875011	-1.55187741849063	-0.860292771365143	-0.146525991879878
-0.661618567846536	-1.54647285756391	-0.856069810943941	-0.140019296764272
-0.655410308818062	-1.52930101333727	-0.84520043849911	-0.142269857517198
-0.649202049789587	-1.51532209533841	-0.83969682058971	-0.131824353532197
-0.642993790761113	-1.51658728637222	-0.830330406113254	-0.133705609764091
-0.636785531732638	-1.49433574172446	-0.821198760438488	-0.128944136276834
-0.630577272704164	-1.49756578093562	-0.81604123115216	-0.116996041064747
-0.624369013675689	-1.48424957147636	-0.805366397861346	-0.118680634878943
-0.618160754647215	-1.47339701337287	-0.801944467535338	-0.115655697613115
-0.61195249561874	-1.46987849655921	-0.792616416317362	-0.105915555531681
-0.605744236590265	-1.46778891439709	-0.78758630388603	-0.0974435511558092
-0.599535977561791	-1.44733396526229	-0.777751323543541	-0.0918709653787851
-0.593327718533316	-1.44083184324675	-0.77157278850755	-0.0705446428738693
-0.587119459504842	-1.441965488563	-0.763981425658237	-0.0759172996201617
-0.580911200476367	-1.42037554481395	-0.755241212575942	-0.0702577582985848
-0.574702941447893	-1.4153976177841	-0.751519695392398	-0.0680393078329433
-0.568494682419418	-1.40391487627732	-0.739189467825334	-0.0582681888069339
-0.562286423390943	-1.40334734897179	-0.734536971371739	-0.0522322622961452
-0.556078164362469	-1.38706491722347	-0.724547373390043	-0.0451233000657431
-0.549869905333994	-1.38467207469247	-0.719465591738079	-0.0346051670487788
-0.54366164630552	-1.36740999513677	-0.709330823956154	-0.0262012337373343
-0.537453387277045	-1.36550534958295	-0.700523683883378	-0.0347001286615226
-0.531245128248571	-1.35294459315988	-0.695955554242063	-0.0254217317267826
-0.525036869220096	-1.34524305591208	-0.688930927967067	-0.0145296748751987
-0.518828610191622	-1.33660081388395	-0.68015434024825	-0.0188937532689059
-0.512620351163147	-1.32271149776164	-0.673213349006165	0.00383321293376126
-0.506412092134672	-1.3213697062061	-0.666811378766211	0.00918540415593624
-0.500203833106198	-1.3101477250114	-0.658690431310957	0.00942942030547285
-0.493995574077723	-1.30205117308765	-0.654456500887899	0.0121941713056796
-0.487787315049249	-1.29229932885118	-0.644045128520207	0.0151718814784915
-0.481579056020774	-1.27939732582982	-0.637847702386092	0.0320668272552695
-0.4753707969923	-1.27649723314495	-0.630967003041841	0.0352293885659974
-0.469162537963825	-1.26459546336575	-0.625774227376958	0.0391364157010439
-0.46295427893535	-1.26359838397238	-0.615480876789284	0.0583237543431305
-0.456746019906876	-1.24884182769372	-0.607588303892955	0.0464048001732706
-0.450537760878401	-1.24433116256921	-0.600259536007989	0.0600153642382183
-0.444329501849927	-1.23009114076152	-0.590685400055699	0.0680540853749334
-0.438121242821452	-1.22401355374038	-0.584568791698028	0.0641156606293528
-0.431912983792978	-1.2183537296578	-0.578718207486586	0.0774950792635662
-0.425704724764503	-1.20803358505987	-0.569898684455842	0.089777370755629
-0.419496465736029	-1.19515947573278	-0.56362780116077	0.0885574836985761
-0.413288206707554	-1.19355235571421	-0.55440159189367	0.0945827661820433
-0.407079947679079	-1.18290352028359	-0.547177454119317	0.109599778707578
-0.400871688650605	-1.16993742383516	-0.540634039855546	0.113916902220968
-0.39466342962213	-1.16347938632959	-0.530737687507845	0.115477992827901
-0.388455170593656	-1.15686724400759	-0.525398634196853	0.117919627046837
-0.382246911565181	-1.15269254097515	-0.514781434180723	0.129272776608074
-0.376038652536707	-1.14026576867783	-0.511804692528308	0.134858665370926
-0.369830393508232	-1.13566666108154	-0.502241718675532	0.136987903003272
-0.363622134479757	-1.12926362154963	-0.495885162875456	0.140960918266113
-0.357413875451283	-1.12189596342686	-0.48653704626155	0.147588513429154
-0.351205616422808	-1.11022845286068	-0.481506907674396	0.159018411209119
-0.344997357394334	-1.09410552086831	-0.471850519357085	0.162580181530584
-0.338789098365859	-1.09015256766037	-0.466223001848751	0.176723849394365
-0.332580839337385	-1.08090806281492	-0.459539344528013	0.176399712447049
-0.32637258030891	-1.0712551461148	-0.449417055398205	0.190334549821517
-0.320164321280436	-1.07072003148207	-0.442966697227858	0.185751515539865
-0.313956062251961	-1.06010094065469	-0.436688351310435	0.19251539172166
-0.307747803223486	-1.04581544481325	-0.427743341184517	0.204298047707381
-0.301539544195012	-1.04158237917175	-0.420579906006578	0.211140228058654
-0.295331285166537	-1.0374460505547	-0.415535804395719	0.22053980134659
-0.289123026138063	-1.02181718120902	-0.408603698107374	0.228058342527254
-0.282914767109588	-1.00947461041399	-0.399215470428082	0.226418812904888
-0.276706508081114	-1.01453684887273	-0.391728797009753	0.237708505909352
-0.270498249052639	-1.00623789726539	-0.381865439010875	0.251712927394912
-0.264289990024165	-0.99411950939719	-0.376929821756039	0.256484641459829
-0.25808173099569	-0.986818630195537	-0.370182637789511	0.260120731480706
-0.251873471967215	-0.977948882696663	-0.361821273243954	0.261432734300468
-0.245665212938741	-0.970143537536931	-0.353259606649369	0.264890709920973
-0.239456953910266	-0.968397229719571	-0.345306480678347	0.273857139427078
-0.233248694881792	-0.956637725877222	-0.339811088622251	0.285862354885521
-0.227040435853317	-0.952314736845184	-0.330946421399851	0.294229121222796
-0.220832176824843	-0.943501146561256	-0.323654014549251	0.302376105613672
-0.214623917796368	-0.937073993786314	-0.318024541631633	0.309691343609218
-0.208415658767894	-0.924562734407102	-0.310657887366815	0.313123197860502
-0.202207399739419	-0.917448186588585	-0.303526692531861	0.325341312940682
-0.195999140710944	-0.910271698462542	-0.295449002476089	0.324048566156046
-0.18979088168247	-0.897929643100477	-0.287391844183042	0.33573860083792
-0.183582622653995	-0.888621774546581	-0.279872063986113	0.336757759570304
-0.177374363625521	-0.888257342875284	-0.27134327365068	0.346763802118644
-0.171166104597046	-0.87695730344888	-0.264196614581873	0.351807430435204
-0.164957845568572	-0.866427771453173	-0.259199546889576	0.360231588802412
-0.158749586540097	-0.854769213615054	-0.249878955023308	0.369226213338361
-0.152541327511623	-0.849703263757669	-0.242112510348811	0.375265597909886
-0.146333068483148	-0.84308423652035	-0.234477533763439	0.379568175785026
-0.140124809454673	-0.832995643397245	-0.227572097420753	0.387048413066993
-0.133916550426199	-0.827625529904079	-0.221171149224797	0.390716447211325
-0.127708291397724	-0.822638990757759	-0.212329687745331	0.408752564156479
-0.12150003236925	-0.807904801834756	-0.205119023813729	0.412212164328975
-0.115291773340775	-0.803554110878105	-0.199365180238199	0.416088365789973
-0.109083514312301	-0.799183941453532	-0.189588696627265	0.426948639791028
-0.102875255283826	-0.793414889015639	-0.182812877887215	0.435993830209862
-0.0966669962553515	-0.783688451927615	-0.175649860082027	0.446536852849388
-0.0904587372268768	-0.77555871048759	-0.168185928103491	0.444816985554935
-0.0842504781984021	-0.769181482312867	-0.158597863939242	0.462431790429837
-0.0780422191699277	-0.759676952913835	-0.154497466272878	0.465240561537877
-0.071833960141453	-0.751163115387656	-0.14596495827314	0.460617712428123
-0.0656257011129786	-0.735518032571875	-0.135464931845935	0.477029399175584
-0.0594174420845039	-0.736268761814539	-0.130508614883297	0.48113588630848
-0.0532091830560295	-0.724077810033196	-0.122781719821363	0.488266159558121
-0.0470009240275548	-0.724418305218248	-0.11524590420206	0.491474593264536
-0.0407926649990804	-0.7123711454914	-0.110937113490814	0.511761436819616
-0.0345844059706057	-0.702508384477732	-0.102082182759514	0.518668786148237
-0.0283761469421311	-0.699938669445777	-0.0920357232953478	0.513810011736293
-0.0221678879136566	-0.697209640654742	-0.0862844369609606	0.524700220956572
-0.015959628885182	-0.677662446900523	-0.0792964549354354	0.529572821354816
-0.00975136985670755	-0.6711607758841	-0.0710219084816181	0.544964545168166
-0.00354311082823289	-0.667003146391923	-0.0637939998925828	0.544615044624673
0.00266514820024155	-0.661591005499363	-0.0566636928645816	0.551690336139059
0.00887340722871621	-0.653547081979889	-0.0497181290685693	0.553596725949026
0.0150816662571907	-0.644811555332458	-0.0394125884071077	0.579788622895504
0.0212899252856653	-0.644094839569233	-0.0370239779047727	0.580141198180325
0.02749818431414	-0.634980173966689	-0.0258393402826483	0.579367403769502
0.0337064433426144	-0.631138054277106	-0.0199421445320287	0.592892867389075
0.0399147023710891	-0.621395973237676	-0.0115061617154191	0.603521098009517
0.0461229613995635	-0.611733927282624	-0.00487201966466214	0.610737467572551
0.0523312204280382	-0.602950606101526	0.00509980019786125	0.62336800144142
0.0585394794565126	-0.589919285199718	0.00920184365755695	0.620382899660074
0.0647477384849873	-0.5871549805328	0.0173289664785947	0.629200851426084
0.0709559975134617	-0.58216238607886	0.0266186074837801	0.634845766303069
0.0771642565419364	-0.573789977375304	0.0304872516028626	0.645998140833592
0.083372515570411	-0.560723608223804	0.0431511434713088	0.659354821845456
0.0895807745988855	-0.557550701991382	0.0482380887223253	0.666967676698541
0.0957890336273601	-0.548065190790483	0.0559516523809032	0.6755625267888
0.101997292655835	-0.54045665089084	0.0605258529743658	0.676267583590837
0.108205551684309	-0.539133074602696	0.0716992313095628	0.683001660580734
0.114413810712784	-0.524635496986453	0.0773605687452506	0.69574729231277
0.120622069741258	-0.522494424999119	0.0848151178127753	0.704284493892787
0.126830328769733	-0.520036554529783	0.0934147158731813	0.709202259240426
0.133038587798207	-0.507615730834207	0.100816738675443	0.713917245198718
0.139246846826682	-0.502172053061652	0.106300548190612	0.73079914372193
0.145455105855157	-0.492513002693132	0.114532527657186	0.732317239951764
0.151663364883631	-0.484803965149809	0.125482808726091	0.730731871463466
0.157871623912106	-0.476188089812559	0.128663792808177	0.747932151421639
0.16407988294058	-0.467220759406156	0.13998267242116	0.754554924789335
0.170288141969055	-0.465509938214639	0.143900609571932	0.761483110918423
0.176496400997529	-0.461401389210908	0.148916516180217	0.770664911318474
0.182704660026004	-0.443190195675083	0.15925581327838	0.784762369576287
0.188912919054478	-0.43838935178676	0.167592824865393	0.786322664032356
0.195121178082953	-0.440763685359698	0.174635412893709	0.792976575627081
0.201329437111428	-0.425704467576846	0.179532743397258	0.803537796489971
0.207537696139902	-0.421705155969977	0.191659219414769	0.799680888656206
0.213745955168377	-0.417307765823265	0.1994671146514	0.812762208003286
0.219954214196851	-0.414783908758337	0.205289093572511	0.82392906447824
0.226162473225326	-0.401867581997345	0.211455398448845	0.841773301136767
0.2323707322538	-0.39732084313409	0.218120699872444	0.84182855135148
0.238578991282275	-0.389669572529519	0.228762439216107	0.852034081762237
0.24478725031075	-0.373066156183151	0.234639713571596	0.858122972882582
0.250995509339224	-0.374559567595081	0.243008189454403	0.859607939312979
0.257203768367699	-0.362427256774409	0.24791590724516	0.871364828049713
0.263412027396173	-0.366462758821407	0.253093566730149	0.88206217013536
0.269620286424648	-0.344576043527181	0.263834877178399	0.886274156821205
0.275828545453122	-0.348879585435167	0.267232160897549	0.897224796671605
0.282036804481597	-0.343267923923322	0.276514845861537	0.906654010238607
0.288245063510071	-0.339432224838632	0.285227712929471	0.920994624882556
0.294453322538546	-0.326336726943486	0.290410512451407	0.923331726032411
0.300661581567021	-0.316939748498432	0.302311260785499	0.928667277325336
0.306869840595495	-0.315048721635358	0.305513893838671	0.934590295771487
0.31307809962397	-0.306486072006361	0.318874920790559	0.943125339564891
0.319286358652444	-0.304439999049231	0.321250134318638	0.950182478583357
0.325494617680919	-0.292057238942926	0.329799035444284	0.962054685662072
0.331702876709393	-0.286849709475317	0.337036241764927	0.962083358224422
0.337911135737868	-0.290924127117732	0.344044366922885	0.978974019696376
0.344119394766342	-0.270233538536036	0.354342225855991	0.985209545044698
0.350327653794817	-0.281149578269232	0.363175274790741	0.995293026230393
0.356535912823292	-0.262596034050609	0.366686815630285	1.00002464605559
0.362744171851766	-0.25666297152406	0.376354634213004	1.00300425794367
0.368952430880241	-0.244078104278745	0.382490267247498	1.02028785835539
0.375160689908715	-0.240364100080599	0.389117977689031	1.0315827002606
0.38136894893719	-0.228273318241414	0.399189134413049	1.04388643125617
0.387577207965665	-0.229377571811561	0.405963314547211	1.04750007618869
0.393785466994139	-0.223674036308723	0.411784599785181	1.05577035295134
0.399993726022613	-0.212414193196017	0.421482878171673	1.07300578652062
0.406201985051088	-0.20406092038083	0.426797535943809	1.07755330415663
0.412410244079563	-0.206406125585565	0.434586977306918	1.07767283477659
0.418618503108037	-0.197786460882414	0.440273630223419	1.08795174466063
0.424826762136512	-0.197334908076669	0.450533577206396	1.09985506832604
0.431035021164986	-0.182925536446439	0.456809708960278	1.11374952278966
0.437243280193461	-0.180140946553711	0.462163058992869	1.10792605934027
0.443451539221936	-0.173526197959404	0.472065566195912	1.11210686192707
0.44965979825041	-0.161242428736814	0.477259720505555	1.1253558349211
0.455868057278884	-0.154533231507612	0.483884431671127	1.13492420635804
0.462076316307359	-0.152350268019591	0.492537088890573	1.14669261291041
0.468284575335834	-0.147482213156377	0.500910620082394	1.15388015095179
0.474492834364308	-0.143582397620201	0.510669793040512	1.16941305959502
0.480701093392783	-0.128598751939599	0.518739434234759	1.16717614198539
0.486909352421257	-0.129645680868551	0.522633425058288	1.18158879979534
0.493117611449732	-0.11511803197235	0.532438828610728	1.18578339053878
0.499325870478207	-0.117483629085646	0.540486140382378	1.1972483124809
0.505534129506681	-0.108796158332536	0.546400207334982	1.20315220096671
0.511742388535156	-0.0932168659559468	0.553103408223582	1.21003940105638
0.51795064756363	-0.0919171404079396	0.559013873226512	1.22070056970842
0.524158906592105	-0.0898888117279024	0.568012277983653	1.23776899078376
0.53036716562058	-0.0827907716074794	0.577728155060846	1.23275502273788
0.536575424649054	-0.0754524731794489	0.583870874106062	1.23898188934471
0.542783683677528	-0.0662629399880968	0.589718468931727	1.25941753128801
0.548991942706003	-0.0613854241913763	0.599255357542341	1.26995828970805
0.555200201734478	-0.0463817208984173	0.604477720422056	1.27798159519972
0.561408460762952	-0.05462498236732	0.614427388256514	1.28101329310575
0.567616719791427	-0.043280498049594	0.619392494570087	1.28276606669062
0.573824978819901	-0.0386169600329872	0.623564119787733	1.30152866654153
0.580033237848376	-0.0376146064549381	0.635245073575515	1.31144515992964
0.586241496876851	-0.0328299749766882	0.642462797686019	1.31545529610356
0.592449755905325	-0.0151152836198557	0.648478777007337	1.32953911251902
0.598658014933799	-0.0116702173738901	0.659017612803142	1.34180970047444
0.604866273962274	-0.0114196188224687	0.664380640949278	1.35214048755276
0.611074532990749	-0.0065197898398722	0.670263008374633	1.36285487729178
0.617282792019223	-0.000403594768647948	0.675996622545231	1.36198299372144
0.623491051047698	0.0144729285091157	0.686597228467318	1.37522157680851
0.629699310076172	0.0238541704451832	0.694370476686808	1.38948505245482
0.635907569104647	0.0227238989190663	0.701905481385215	1.39761329001754
0.642115828133122	0.0206446604541486	0.707589584482028	1.40623864688815
0.648324087161596	0.0413016626325419	0.715851673272659	1.41923712590808
0.654532346190071	0.0442372819657571	0.728470555930659	1.42147652189406
0.660740605218545	0.055414156530538	0.729764951699736	1.42477060200907
0.66694886424702	0.0514340880845765	0.738318597663736	1.44113773666049
0.673157123275494	0.0538115527615803	0.750225702591232	1.44142795363259
0.679365382303969	0.0673107297300559	0.75175394661959	1.45074631269224
0.685573641332443	0.0693189082434477	0.765973938579581	1.46517557884957
0.691781900360918	0.0781040813455682	0.773511937930562	1.47185733799435
0.697990159389393	0.0775374321822495	0.777381987999637	1.47655789600801
0.704198418417867	0.0917652227355932	0.78432456875857	1.49476737039764
0.710406677446342	0.0934254550398125	0.792998444689499	1.48901392541409
0.716614936474816	0.104177618088587	0.799767650531987	1.50632542731277
0.722823195503291	0.111256302683038	0.806843685121257	1.51676211376432
0.729031454531766	0.113128893798776	0.818344114207377	1.5288544301435
0.73523971356024	0.113864010866214	0.815190933336855	1.53789306683226
0.741447972588714	0.122590770630015	0.826897630885663	1.53830866051548
0.747656231617189	0.131262937206771	0.834368531816234	1.55355634468464
0.753864490645664	0.138230556683583	0.846005848993891	1.56355170919227
0.760072749674138	0.150674392492441	0.849468859046104	1.56796408321803
0.766281008702613	0.153916124127764	0.85816477121953	1.58218346640692
0.772489267731087	0.160077897825497	0.867531479851707	1.60109789263435
0.778697526759562	0.165014224747152	0.871905598756741	1.60136461911662
0.784905785788037	0.1643942705174	0.880995777735709	1.60598162646937
0.791114044816511	0.173665013123097	0.88713956857288	1.6209770527067
0.797322303844985	0.180703196786762	0.894746461054194	1.62364103231924
0.80353056287346	0.185110164781424	0.904200252496008	1.63952167201885
0.809738821901935	0.191545676220208	0.90896045559812	1.64895250048729
0.815947080930409	0.196314695074182	0.918711083313428	1.64878600975642
0.822155339958884	0.203159674044177	0.925200473460925	1.66025263999081
0.828363598987358	0.203362606350667	0.933355567723097	1.67175067676441
0.834571858015833	0.215134844982819	0.941190217400767	1.68123249489213
0.840780117044308	0.222466511050008	0.946719319841221	1.68824979613772
0.846988376072782	0.230163088022635	0.9553538365106	1.69215123231131
0.853196635101257	0.229173245682867	0.960974831012566	1.7079532962616
0.859404894129731	0.23471215958767	0.972748120562847	1.71659184570121
0.865613153158206	0.239256735181054	0.973887022338099	1.71730703342049
0.87182141218668	0.239219179268322	0.983519972732843	1.7415323595316
0.878029671215155	0.248423782255	0.986916762320816	1.74939625157781
0.884237930243629	0.257760827327879	0.999837877539785	1.75610742612468
0.890446189272104	0.264928665066967	1.00887202802796	1.76110769013035
0.896654448300579	0.269696982949931	1.01608704875429	1.7695468052779
0.902862707329053	0.26835505526255	1.02042154852813	1.77363147079897
0.909070966357528	0.278647545098482	1.02916666395883	1.78601073431939
0.915279225386002	0.28726301827983	1.03809884480362	1.7943727096166
0.921487484414477	0.291133830496618	1.04601200227642	1.81224753649821
0.927695743442951	0.305994687723199	1.05014934592536	1.81459407691534
0.933904002471426	0.307124095321317	1.06382058160044	1.82317800473886
0.9401122614999	0.313034788485478	1.06177687915657	1.84280591917243
0.946320520528375	0.312298415762332	1.07247219425719	1.84459305339947
0.95252877955685	0.32053529565935	1.08030875053679	1.86322608040719
0.958737038585324	0.320162092538912	1.08879507892505	1.86786673855742
0.964945297613799	0.340565599012026	1.09691437512775	1.87227580073314
0.971153556642273	0.335071358437112	1.1085887625005	1.88851876588459
0.977361815670748	0.349559103105321	1.113014107114	1.8919842745819
0.983570074699222	0.344839011788328	1.1184902258451	1.91065591184964
0.989778333727697	0.358187971444497	1.12675850763178	1.92027777231645
0.995986592756172	0.359603247833209	1.1323539685407	1.92091132356123
1.00219485178465	0.365675390451651	1.13992467858995	1.93046804093714
1.00840311081312	0.372083424638631	1.1470445613284	1.94140886047622
1.0146113698416	0.372294315533255	1.15619098032723	1.94438332323674
1.02081962887007	0.372748920581267	1.16102861941045	1.95420855762764
1.02702788789854	0.383224077155162	1.16634531258651	1.97537678224791
1.03323614692702	0.392833500252361	1.17489862666812	1.9758933296599
1.03944440595549	0.39933287602585	1.18461810232814	1.99405754228979
1.04565266498397	0.395203923620257	1.19395493245961	1.99743525205051
1.05186092401244	0.41564564015858	1.20289458947093	2.00600341132807
1.05806918304092	0.416339325987371	1.20394419708258	2.01379491872752
1.06427744206939	0.41621454742917	1.21207189410381	2.02400454861371
1.07048570109787	0.429595449368146	1.22373113577141	2.03493878868123
1.07669396012634	0.438549799410318	1.23074180613388	2.03606709579969
1.08290221915482	0.440844507484928	1.23702995649379	2.05262643304485
1.08911047818329	0.440771497094386	1.24515088321311	2.06054744303551
1.09531873721176	0.447652832781973	1.25234847667767	2.07040007738657
1.10152699624024	0.450712424871851	1.2599625137959	2.08002260182096
1.10773525526871	0.463010956825788	1.26524032303392	2.08660388909112
1.11394351429719	0.465818780428281	1.27313771123016	2.09995365552902
1.12015177332566	0.47301453693879	1.2819121581279	2.11340584901596
1.12636003235414	0.475430675220267	1.29078698321852	2.11218968425988
1.13256829138261	0.4755107529202	1.29701208799453	2.13622688644658
1.13877655041109	0.484779642031064	1.30412320352993	2.1462643575104
1.14498480943956	0.499785500548779	1.31403489950737	2.15004919477846
1.15119306846804	0.494584653617891	1.32106141137202	2.16522335924754
1.15740132749651	0.499100728851626	1.32236771220959	2.18138999868465
1.16360958652498	0.505559776895736	1.33366420940445	2.17515255821444
1.16981784555346	0.515400321862248	1.33993494038779	2.18646044148939
1.17602610458193	0.518727541129361	1.35068427049066	2.19252681786435
1.18223436361041	0.518947097351772	1.35835389335444	2.20883686307309
1.18844262263888	0.524975081255143	1.36267222434807	2.21482530184622
1.19465088166736	0.537588000515082	1.37130452106065	2.22943014559582
1.20085914069583	0.536152004064934	1.37722702990806	2.23424179943701
1.20706739972431	0.543337412399069	1.38617130346914	2.25334576307244
1.21327565875278	0.550839221844013	1.39571621112848	2.25476169907008
1.21948391778126	0.561169647458819	1.39625056535618	2.26592416778628
1.22569217680973	0.549982991220226	1.40954185067508	2.27234429888383
1.23190043583821	0.564536006626407	1.41867386702652	2.28526129090149
1.23810869486668	0.566107388715046	1.42589407762597	2.29091343280142
1.24431695389515	0.582856103171144	1.42863982237998	2.29686412326485
1.25052521292363	0.586882576618788	1.4359943052185	2.30553541289224
1.2567334719521	0.589490741658593	1.44644913033957	2.3240830401136
1.26294173098058	0.595666073414163	1.45174739375597	2.33560810125379
1.26914999000905	0.595153061543011	1.45808196615404	2.3341294454149
1.27535824903753	0.60307906790325	1.46603933700607	2.35168201222165
1.281566508066	0.6086677911745	1.47305231752541	2.36849167768339
1.28777476709448	0.616569128794206	1.48106823232202	2.38525579359884
1.29398302612295	0.616683197526857	1.48974139394858	2.3814391898526
1.30019128515143	0.622027853816589	1.49499190616095	2.38377670508662
1.3063995441799	0.626980929028178	1.50541640657053	2.39458150990673
1.31260780320837	0.639460519660148	1.51326056552988	2.41594891062649
1.31881606223685	0.634529036065308	1.52130463243019	2.42226806065787
1.32502432126532	0.640615688720696	1.52660830408229	2.41758373510965
1.3312325802938	0.646473743211167	1.53216115242316	2.43894594567837
1.33744083932227	0.64772961051552	1.54084803368612	2.45121632711315
1.34364909835075	0.658342463449718	1.54645325222645	2.4474161116456
1.34985735737922	0.648956338723249	1.55739266225436	2.47251227298553
1.3560656164077	0.677617548984331	1.56285180233378	2.48068797847521
1.36227387543617	0.677651345975859	1.57349749650954	2.48541082916381
1.36848213446465	0.680348048848621	1.57797947824505	2.50092280949538
1.37469039349312	0.686499328203203	1.58461730289611	2.51263907173958
1.38089865252159	0.690672695116926	1.59698366763479	2.5054037718022
1.38710691155007	0.683969149324202	1.60335955623117	2.5151884051447
1.39331517057854	0.691424570910889	1.60768411868758	2.53629015314639
1.39952342960702	0.709860721886539	1.61609196164504	2.54814864529441
1.40573168863549	0.707752695642898	1.62626294679944	2.55114421707144
1.41193994766397	0.719411865481877	1.63276265198385	2.55959624804759
1.41814820669244	0.722089538165896	1.63718902712425	2.57791209439023
1.42435646572092	0.724312013886968	1.64667584833346	2.58248380978792
1.43056472474939	0.724672663334177	1.65766789779562	2.59631079354539
1.43677298377787	0.737205079961519	1.66248324571259	2.60195456137562
1.44298124280634	0.739616260720304	1.67034083738424	2.62036867820377
1.44918950183481	0.74653632672802	1.67372698044691	2.62136709716629
1.45539776086329	0.747375133650287	1.68157916193833	2.62606864586657
1.46160601989176	0.764881452464841	1.69083415171957	2.6448544438145
1.46781427892024	0.753017947050004	1.69751632114553	2.6672690240134
1.47402253794871	0.779163843639148	1.70367556846335	2.65863719798195
1.48023079697719	0.777177723500611	1.71287014107307	2.67212888769623
1.48643905600566	0.773347964032479	1.7194723802084	2.68828839586428
1.49264731503414	0.772668606930687	1.72787099001998	2.69060357811195
1.49885557406261	0.791559472141492	1.73362805792427	2.70917132276189
1.50506383309109	0.795351149988303	1.74362081165788	2.72034464634836
1.51127209211956	0.79936387185981	1.7473876710859	2.71845966634119
1.51748035114803	0.802827644583184	1.76095317678855	2.72950507451504
1.52368861017651	0.809561296283586	1.76520777835409	2.74463774379732
1.52989686920498	0.809275206883683	1.7723480348121	2.74359934213363
1.53610512823346	0.814866683417761	1.77896310588701	2.76027788117481
1.54231338726193	0.822577775685778	1.78603756240368	2.77443610712261
1.54852164629041	0.828169525747145	1.79069229113221	2.77881138726804
1.55472990531888	0.83137960008173	1.80337379879126	2.79318240926305
1.56093816434736	0.828643104957022	1.80781675583271	2.79355250228818
1.56714642337583	0.848438584322675	1.81888022625804	2.80374574444088
1.57335468240431	0.851007549739523	1.82062063722736	2.82915551242398
1.57956294143278	0.849762904126373	1.83034304703476	2.82757936409797
1.58577120046125	0.863660533334018	1.83850372394013	2.84257550834953
1.59197945948973	0.867491390214269	1.84686760581546	2.85317882860652
1.5981877185182	0.86872385996783	1.85665076043141	2.85779655973129
1.60439597754668	0.867856044657852	1.85740523480655	2.86873495107959
1.61060423657515	0.880033382230825	1.86989470821144	2.87590381432652
1.61681249560363	0.878645522773935	1.88079930448363	2.88889938518759
1.6230207546321	0.895984461874454	1.88426269585787	2.90259463613858
1.62922901366058	0.884938036352118	1.8871049369039	2.91382204123819
1.63543727268905	0.892224242726714	1.89737985096141	2.91986608170053
1.64164553171753	0.903237204375905	1.90631376725993	2.93592278400856
1.647853790746	0.905227329634054	1.91430893113474	2.94209757603396
1.65406204977447	0.906386357339168	1.92077246143732	2.95400138137341
1.66027030880295	0.91055315391519	1.9298372648332	2.96339696424057
1.66647856783142	0.919565629936277	1.93184182960465	2.95607134317637
1.6726868268599	0.92114346872629	1.94120443930133	2.97975884089681
1.67889508588837	0.938249292416928	1.95231116124367	2.98329669954507
1.68510334491685	0.946365634681564	1.95795482334132	3.00088530109938
1.69131160394532	0.946644931656893	1.9670505271123	2.99791610350909
1.6975198629738	0.946498640672648	1.96797857612257	3.01152558124208
1.70372812200227	0.940619864503939	1.98505646598422	3.02002956876848
1.70993638103075	0.957906404927901	1.98789187856807	3.02929265251738
1.71614464005922	0.964254816152839	1.99750572494465	3.05133289777727
1.7223528990877	0.964061812185933	2.0004799590847	3.06093662987506
1.72856115811617	0.967635213622635	2.01053747833721	3.06419822653623
1.73476941714464	0.978138276520427	2.01821464107395	3.08133968824202
1.74097767617312	0.983982077411617	2.02392125492575	3.08140255482079
1.74718593520159	0.983134274555705	2.03466576179099	3.09474296253623
1.75339419423007	0.990581940526037	2.04098738258278	3.11297401887322
1.75960245325854	0.983103970745961	2.04927452987904	3.10775121611368
1.76581071228702	0.999454105218773	2.05573054665127	3.13214356185334
1.77201897131549	0.996408198874938	2.06450791926816	3.14543793862494
1.77822723034397	1.01314431825948	2.07194842468809	3.1396919282371
1.78443548937244	1.02202189435485	2.0795695848597	3.16333901804216
1.79064374840092	1.02187539612125	2.08820336826485	3.15949322221747
1.79685200742939	1.02225788748682	2.0946875631108	3.18563389509378
1.80306026645786	1.02947058782817	2.09966617789481	3.19079416559092
1.80926852548634	1.02957889803271	2.10624672960957	3.20933763791294
1.81547678451481	1.0406215918852	2.10891221787802	3.2033787774788
1.82168504354329	1.04516232351558	2.11781578784373	3.21617899169235
1.82789330257176	1.06011233351867	2.1292977406196	3.22483813822335
1.83410156160024	1.04885046120829	2.13316763838872	3.23431431109391
1.84030982062871	1.05518029303043	2.14461066161355	3.25672512557206
1.84651807965719	1.06371845564499	2.15388425538197	3.26079903331678
1.85272633868566	1.06224794404112	2.16017218469452	3.27949221433465
1.85893459771414	1.07031026430424	2.16830406396842	3.27983029315582
1.86514285674261	1.07705177842538	2.17322937812654	3.29431791216822
1.87135111577108	1.08846046554157	2.18365705054384	3.29366211532818
1.87755937479956	1.0919197851069	2.18798691799558	3.30775686789873
1.88376763382803	1.07516956419887	2.19564971238355	3.32299396321101
1.88997589285651	1.09830382547632	2.20049278743516	3.33267214282835
1.89618415188498	1.09808330228838	2.21197619550494	3.34668721986898
1.90239241091346	1.10410730704768	2.22021804997855	3.35733088220295
1.90860066994193	1.11740773490349	2.22410047115503	3.36278229020386
1.91480892897041	1.11378949040162	2.23139740126603	3.36756497951719
1.92101718799888	1.12683144295884	2.23959991298203	3.37783268878986
1.92722544702736	1.12127830111422	2.24431964797061	3.38980803558479
1.93343370605583	1.12858569637583	2.25523902595196	3.40006679398082
1.9396419650843	1.12705416195496	2.2629665900223	3.40315904861507
1.94585022411278	1.14280941586597	2.26808351571083	3.41296424811377
1.95205848314125	1.12997375652277	2.27338896780449	3.4313325932715
1.95826674216973	1.14254220060153	2.28901863196806	3.44690176303324
1.9644750011982	1.15306357633936	2.2931671385733	3.4496163607899
1.97068326022668	1.15381503228089	2.30377258937617	3.45518134674123
1.97689151925515	1.15768481970496	2.30808104428764	3.45682846189736
1.98309977828363	1.16778829068891	2.31643311056714	3.47928028215573
1.9893080373121	1.16970962801047	2.32361793427211	3.48523149749034
1.99551629634058	1.17540385054305	2.32729088300989	3.50674865460605
2.00172455536905	1.1875531569112	2.33584457957938	3.51778893136536
2.00793281439753	1.18524615305884	2.34397203110857	3.50976929314965
2.014141073426	1.19343041990198	2.35340268679219	3.53596464035982
2.02034933245447	1.18801911777737	2.35678876069612	3.52736757701778
2.02655759148295	1.19705938910655	2.36989286711464	3.55104551334274
2.03276585051142	1.1984122043289	2.36690743519262	3.56169138753451
2.0389741095399	1.21923595537004	2.38151259392673	3.56850542097263
2.04518236856837	1.2143137869779	2.39043032418323	3.56641551667685
2.05139062759685	1.2203389775575	2.39373263430208	3.58797339352815
2.05759888662532	1.22478168287753	2.40123112456751	3.59519503938847
2.0638071456538	1.23663251052851	2.40732668135069	3.61361757128128
2.07001540468227	1.23786246192947	2.41849949514972	3.62796009424299
2.07622366371075	1.24723723586067	2.42477023265804	3.63204845965733
2.08243192273922	1.24238243801018	2.43602802218329	3.65918033939719
2.08864018176769	1.25102072798784	2.44212059533643	3.65488817750548
2.09484844079617	1.2642467441122	2.44548481267899	3.65817112147239
2.10105669982464	1.26220044383746	2.45516372354461	3.67189852534649
2.10726495885312	1.26200989445669	2.4692876086899	3.67918534590876
2.11347321788159	1.27374761338323	2.46999047968465	3.69287753078628
2.11968147691007	1.27419928724813	2.47930271764723	3.70445496941916
2.12588973593854	1.27557239307478	2.48375482479317	3.70886985553764
2.13209799496702	1.28028301778699	2.49347542529852	3.70820801496299
2.13830625399549	1.28049786925412	2.50191965996703	3.72942075541036
2.14451451302397	1.29015660084243	2.51128723910404	3.74311497889942
2.15072277205244	1.29668627974052	2.51420263704104	3.75714306628449
2.15693103108091	1.30305493900236	2.52543504154633	3.7644598864614
2.16313929010939	1.31106974236013	2.52892271460579	3.76533876076137
2.16934754913786	1.31109380356164	2.54010318852239	3.77008630366312
2.17555580816634	1.31182777975465	2.54705928771803	3.79399439112808
2.18176406719481	1.3223515581249	2.54989419954955	3.79801556015269
2.18797232622329	1.31908340410287	2.558749705124	3.80711498974172
2.19418058525176	1.34138740737233	2.56758160914669	3.81840538124823
2.20038884428024	1.32543029936943	2.57866728414372	3.84137719180309
2.20659710330871	1.34473776604282	2.580921904635	3.84730871739379
2.21280536233719	1.3445063575025	2.5900183807481	3.8522470486606
2.21901362136566	1.34780617682091	2.59604833767332	3.86780023582989
2.22522188039413	1.34021706395512	2.60457795995308	3.88420367346151
2.23143013942261	1.34954580387447	2.61367586444729	3.87311855368545
2.23763839845108	1.36694922778472	2.62113397282007	3.87928127111547
2.24384665747956	1.37509077548489	2.6257132710488	3.90129477573263
2.25005491650803	1.37548705981626	2.63636684054525	3.91783242089611
2.25626317553651	1.38016425298713	2.6430416791967	3.92081798565821
2.26247143456498	1.38254294117254	2.64945580812828	3.93975507439144
2.26867969359346	1.38952122417629	2.65846129128251	3.9421719071436
2.27488795262193	1.38246844575112	2.66653705080694	3.95126615298116
2.28109621165041	1.39463229762364	2.67026005151706	3.96293303474227
2.28730447067888	1.3926426086485	2.67697968674544	3.9698695927962
2.29351272970736	1.40702809440813	2.68841314005926	3.98598289972792
2.29972098873583	1.40773437920591	2.69922025503041	3.98876688719228
2.3059292477643	1.41209714325466	2.69794219368671	4.00895312108265
2.31213750679278	1.41927231117778	2.70897955953622	4.02519391669277
2.31834576582125	1.41687713107085	2.71660189983351	4.01435869031213
2.32455402484973	1.42226688733364	2.72099730195909	4.03201542131243
2.3307622838782	1.43376488326253	2.73324316403961	4.04859711270696
2.33697054290668	1.43549760708306	2.73733822933847	4.04813746341957
2.34317880193515	1.4339424657151	2.74521672011074	4.05729230574315
2.34938706096363	1.43303230972351	2.75384643940861	4.0633506831409
2.3555953199921	1.45555995493132	2.75812685074673	4.08093583571343
2.36180357902058	1.45001216356616	2.77217985399457	4.08728203447871
2.36801183804905	1.4581790591104	2.77793576928747	4.10134298681067
2.37422009707752	1.46458608157953	2.78181510852034	4.11660730832418
2.380428356106	1.47883758248346	2.79709993935996	4.12576141015512
2.38663661513447	1.47020484874029	2.79573500127935	4.1384859984469
2.39284487416295	1.4830181410284	2.8034684095119	4.14129030027549
2.39905313319142	1.47559880377247	2.81283870083976	4.16250212800015
2.4052613922199	1.49940028470961	2.82358742152345	4.17424667758079
2.41146965124837	1.48357619865597	2.82839891021402	4.17149996302031
2.41767791027685	1.49077555719433	2.83937434280324	4.1933203634643
2.42388616930532	1.50799020732938	2.84525486176556	4.19283178980265
2.4300944283338	1.49943277976633	2.8484274618723	4.20672666444645
2.43630268736227	1.5078000405959	2.85698025674435	4.22039249457498
2.44251094639074	1.51284683373906	2.86388265622233	4.22560895523829
2.44871920541922	1.5223370116897	2.87209439744805	4.22657962003025
2.45492746444769	1.52541266850472	2.88226902185243	4.25353516723642
2.46113572347617	1.53240959002262	2.88825134944774	4.26702577981152
2.46734398250464	1.53866348529346	2.89392314382019	4.26806157563143
2.47355224153312	1.53750497793062	2.90362605796507	4.28619766934138
2.47976050056159	1.54829031113936	2.91166700717862	4.28096046170317
2.48596875959007	1.55909116778475	2.91807735951339	4.29740641874166
2.49217701861854	1.55389676922182	2.92895342143188	4.3171566460924
2.49838527764702	1.55662162060736	2.93179706847227	4.31703234951873
2.50459353667549	1.56247011630712	2.93804823625338	4.32924450200117
2.51080179570396	1.55786457640419	2.94867407878492	4.32882267057255
2.51701005473244	1.56871729404856	2.95518696662541	4.35084868562842
2.52321831376091	1.58644435027811	2.96642178499354	4.345502163725
2.52942657278939	1.57990162052346	2.96987365644972	4.36133251311828
2.53563483181786	1.57753981476453	2.97755513653058	4.38521947054696
2.54184309084634	1.58292077998772	2.98036597579202	4.38634163037393
2.54805134987481	1.58916601450779	2.99113979231734	4.40377817381764
2.55425960890329	1.60167306801831	3.00008454950626	4.40132179065228
2.56046786793176	1.599001635531	3.01091326843541	4.41978277081634
2.56667612696024	1.60707649705087	3.01884185661075	4.4331168017424
2.57288438598871	1.62437058937885	3.01952010955568	4.44456725396086
2.57909264501719	1.61684854872318	3.02643648328291	4.44256877724695
2.58530090404566	1.61251538493962	3.03543412705968	4.45690428345883
2.59150916307413	1.62787994299228	3.04222733202398	4.46709650139966
2.59771742210261	1.62091979442697	3.05664029695069	4.47284246650341
2.60392568113108	1.63033006294826	3.05501842624081	4.48745869956609
2.61013394015956	1.65244857934791	3.07022294859231	4.49570618070471
2.61634219918803	1.64990836241534	3.07777910003275	4.52080862343532
2.62255045821651	1.64869980805509	3.08306539526075	4.53323101567928
2.62875871724498	1.6511777674782	3.09293463275718	4.53651348778319
2.63496697627346	1.66465053035886	3.09650209344266	4.54532150564004
2.64117523530193	1.66261162475835	3.10330928570937	4.5481023938325
2.64738349433041	1.66592437347361	3.11125806290421	4.56009964297636
2.65359175335888	1.67373598582797	3.11765467249756	4.57044906826363
2.65980001238735	1.67891516101295	3.11989145326445	4.58159331732147
2.66600827141583	1.69202173996096	3.1353216305819	4.59671063983674
2.6722165304443	1.66733742294668	3.14337334409117	4.60842790511993
2.67842478947278	1.68077373906332	3.14558335906996	4.61319996720602
2.68463304850125	1.69535664353932	3.15591712592314	4.62733250188541
2.69084130752973	1.69596280372723	3.16244034595431	4.63166607869012
2.6970495665582	1.70003021787984	3.17302376392392	4.65234102393262
2.70325782558668	1.72488755411144	3.18267776502604	4.65159188893719
2.70946608461515	1.70266364882614	3.18518860153918	4.66710545481513
2.71567434364363	1.7137053302565	3.19069325881913	4.66969517512644
2.7218826026721	1.73793172026682	3.19597888451646	4.68539482981704
2.72809086170057	1.72025773954344	3.20919021495879	4.69445327538476
2.73429912072905	1.73253347551607	3.21274160755257	4.71404098581846
2.74050737975752	1.73735905630364	3.22069104221838	4.70200598119578
2.746715638786	1.73470320963204	3.22993799120454	4.73091844716691
2.75292389781447	1.75174495838221	3.24012543034143	4.73967139119538
2.75913215684295	1.73805060190324	3.24358485044584	4.74680381500196
2.76534041587142	1.7529406798379	3.25225382649993	4.74083109082854
2.7715486748999	1.74982941509241	3.26068137477539	4.76925463098076
2.77775693392837	1.77202809940497	3.26712528752064	4.77181933514734
2.78396519295684	1.77456042987959	3.27381796289455	4.78935071633971
2.79017345198532	1.76234579585466	3.27947152494992	4.777812623959
2.79638171101379	1.77335482865862	3.28424001386963	4.80323345177671
2.80258997004227	1.79285501659401	3.29974949120487	4.80970736543738
2.80879822907074	1.78117572314037	3.30337253490109	4.82594067737164
2.81500648809922	1.79689410021563	3.31340353004645	4.84102994164188
2.82121474712769	1.79573051298073	3.32217529776842	4.84024233094471
2.82742300615617	1.81298873692152	3.32564164583194	4.86815354154246
2.83363126518464	1.80314688878103	3.32877499074304	4.88420192087826
2.83983952421312	1.82365946844187	3.34077356216774	4.88585381257685
2.84604778324159	1.8222634622333	3.34768190864998	4.87462717954422
2.85225604227007	1.8170216807718	3.36011508483768	4.90076248819545
2.85846430129854	1.83316810445792	3.36715532605773	4.91288948372211
2.86467256032701	1.82201982239972	3.36528004623309	4.92027265517287
2.87088081935549	1.83580070189026	3.37371752071461	4.93675401559887
2.87708907838396	1.85062042745704	3.38360348704534	4.94330948958915
2.88329733741244	1.83757883354327	3.3888695353977	4.9484444329607
2.88950559644091	1.85307709918359	3.40727186680021	4.95694176124504
2.89571385546939	1.85331054336413	3.41355311726103	4.96573738032787
2.90192211449786	1.84915498318507	3.41370480560885	4.97539010228812
2.90813037352634	1.8628096329367	3.41944315723705	4.99295675436974
2.91433863255481	1.85996954498968	3.43053364381468	5.00730649145157
2.92054689158329	1.87003275846322	3.44057527875751	5.00602193765669
2.92675515061176	1.87445030501013	3.44352947292971	5.01369238446895
2.93296340964024	1.88466361102141	3.45362205286128	5.02499192138607
2.93917166866871	1.87205778264927	3.4582231416797	5.0407917869329
2.94537992769718	1.87668507352336	3.46526669474415	5.05159901279876
2.95158818672566	1.90203352909667	3.47065346706354	5.05648323843405
2.95779644575413	1.88349373432093	3.47714303946287	5.06730841346949
2.96400470478261	1.89867491850402	3.48894792813384	5.07899579537442
2.97021296381108	1.91497499046306	3.49898824199801	5.09640980991161
2.97642122283956	1.92166885897513	3.505239573768	5.10470443051362
2.98262948186803	1.92996341589642	3.51007655958284	5.11480389234468
2.98883774089651	1.92557405799243	3.52238869995715	5.11620981050444
2.99504599992498	1.9304587142892	3.52796913651326	5.12386902118657
3.00125425895345	1.91756147731872	3.53425265278405	5.13374256334589
3.00746251798193	1.92960237622638	3.54020001618959	5.14721594137275
3.0136707770104	1.94345682998434	3.54762242159436	5.14307125301402
3.01987903603888	1.9400506507845	3.55445318138139	5.17527916545849
3.02608729506735	1.94421217213698	3.56239001431469	5.18503087846336
3.03229555409583	1.93646761845664	3.5705101205032	5.19423459935307
3.0385038131243	1.95176397007358	3.57915001755314	5.1939699023313
3.04471207215278	1.96554093035704	3.58701041353948	5.20936092007492
3.05092033118125	1.97872788113801	3.59459687956878	5.22242607196515
3.05712859020973	1.98276395015256	3.60169779458531	5.23809033150435
3.0633368492382	1.97543564972468	3.61070451885606	5.24721322086049
3.06954510826667	1.97809941770933	3.61465165256899	5.26501798629238
3.07575336729515	1.98128287163549	3.62155013083555	5.27211031044668
3.08196162632362	1.9884404624155	3.62887050183604	5.27366523900815
3.0881698853521	1.99766172175351	3.63835740914743	5.28535115379087
3.09437814438057	1.99717586658707	3.64950834820891	5.30343539536025
3.10058640340905	2.0001960533786	3.65343368603923	5.31466634246811
3.10679466243752	2.00557930656974	3.66244895232243	5.31158154595871
3.113002921466	2.01439683876848	3.6671676498642	5.33414179185648
3.11921118049447	2.02463415663582	3.67313581017952	5.33868171602456
3.12541943952295	2.02595751330951	3.68693386662549	5.34708409039993
3.13162769855142	2.03790555488802	3.68868053393769	5.3539876515463
3.1378359575799	2.02938492515108	3.69432048507083	5.36169733364976
3.14404421660837	2.04283457677737	3.70354509899278	5.36898187696712
3.15025247563684	2.03463087736654	3.71328367283848	5.39303916452575
3.15646073466532	2.04363823292892	3.72019267994553	5.4035799250602
3.16266899369379	2.03784083335766	3.72352455489252	5.41136910045341
3.16887725272227	2.04935448876393	3.73490518927186	5.41929711258487
3.17508551175074	2.06037417688216	3.74490107876271	5.42673194451916
3.18129377077922	2.0625221972315	3.7526220879405	5.4392300900523
3.18750202980769	2.06208654673396	3.75595404480855	5.45170234287982
3.19371028883617	2.07130935014565	3.76546568541942	5.46109562063459
3.19991854786464	2.06603179971932	3.77314086888675	5.47565116700803
3.20612680689312	2.08519440800755	3.78060501036818	5.47557033353912
3.21233506592159	2.07767355295352	3.79062371684336	5.49546381315052
3.21854332495007	2.08825423276422	3.78977020361293	5.5024911122904
3.22475158397854	2.09461796376807	3.79726064622879	5.52164745903506
3.23095984300701	2.10570148497653	3.80832454693367	5.53485107592361
3.23716810203549	2.11054874663821	3.81988290203274	5.53370218616474
3.24337636106396	2.11190317117031	3.82300850732393	5.55132469034556
3.24958462009244	2.10780786733811	3.8286417680255	5.55567140160123
3.25579287912091	2.11053660820784	3.83551460337444	5.57192870105679
3.26200113814939	2.10755828051595	3.84790446788205	5.58626497400687
3.26820939717786	2.12756369988185	3.85170049256279	5.58752932875069
3.27441765620634	2.11728221770966	3.86200212091849	5.59979714621621
3.28062591523481	2.14507905148761	3.86618245599254	5.60342759003373
3.28683417426328	2.13177019270424	3.87780507921009	5.61034999563542
3.29304243329176	2.15877555269312	3.88381106138979	5.61757511373552
3.29925069232023	2.14675140967696	3.89229093296349	5.63131517877418
3.30545895134871	2.15046044935026	3.90211834364078	5.64640837368927
3.31166721037718	2.14395181622652	3.90381539108975	5.66986609586046
3.31787546940566	2.1725240655533	3.91145881402594	5.66193576503679
3.32408372843413	2.15413386685525	3.91740625603523	5.68195631617943
3.33029198746261	2.16464516730696	3.92736610726949	5.68562721913603
3.33650024649108	2.17480871927016	3.93800682056337	5.69941090010586
3.34270850551956	2.18629917589719	3.93748430248742	5.69359605127327
3.34891676454803	2.18213290128295	3.94315964686172	5.71560395921772
3.3551250235765	2.19000855347306	3.9620841854395	5.73858075801371
3.36133328260498	2.1847363274993	3.96182298766359	5.74726637330407
3.36754154163345	2.19945687964678	3.98082942618993	5.74004394325637
3.37374980066193	2.19660487087649	3.97670171375057	5.75422497919013
3.3799580596904	2.21399904843721	3.99025673699935	5.79441682590193
3.38616631871888	2.19996187420378	3.99320522551389	5.7843020613133
3.39237457774735	2.21239056734975	4.00250962895094	5.78899178900296
3.39858283677583	2.21888228197426	4.00994751783649	5.80155838341291
3.4047910958043	2.21709150735937	4.0147934955461	5.80217623911319
3.41099935483278	2.22413454226018	4.02562432773403	5.82749433034765
3.41720761386125	2.23278167893329	4.03111747653835	5.84420109686237
3.42341587288972	2.23596342149851	4.04146314783531	5.84308126629623
3.4296241319182	2.23248869154584	4.04879531565809	5.84078309423495
3.43583239094667	2.26359696478871	4.0512589368812	5.85873177398866
3.44204064997515	2.26606689534968	4.06048811501844	5.87843805510288
3.44824890900362	2.26116792958914	4.07635056284526	5.87818250700989
3.4544571680321	2.2622484677519	4.07485920023276	5.89827835014297
3.46066542706057	2.2486853191263	4.08590022558432	5.90308202371823
3.46687368608905	2.25223122549914	4.09675732060414	5.91173907767748
3.47308194511752	2.27187511361632	4.09532466996513	5.92394146520296
3.479290204146	2.28135826455198	4.10293173739037	5.93760522777616
3.48549846317447	2.27443594450383	4.1140218948651	5.94339397184362
3.49170672220295	2.29257797002088	4.11932611115297	5.95472622902586
3.49791498123142	2.28419456538872	4.13355565442535	5.97379116202473
3.50412324025989	2.30005330930842	4.13360296100259	5.97887317730049
3.51033149928837	2.30237980132745	4.13811341954723	5.99007391418661
3.51653975831684	2.3018428064585	4.14790297944136	5.99453843175944
3.52274801734532	2.31143118170339	4.16351389369403	6.00648110321025
3.52895627637379	2.31833846239157	4.1658042860586	6.03792148553739
3.53516453540227	2.31469242283952	4.17422988274007	6.02040973699921
3.54137279443074	2.31872687610408	4.18024965046173	6.03219252730636
3.54758105345922	2.33529499362116	4.18557407995825	6.05960306609532
3.55378931248769	2.3333734091359	4.19435756281902	6.05808977016973
3.55999757151617	2.33757674637805	4.20617846156683	6.07388688348643
3.56620583054464	2.34398303250918	4.20517896712956	6.09436713669372
3.57241408957311	2.34366309290969	4.22155150166869	6.08510667376445
3.57862234860159	2.33917779769184	4.22772321682078	6.09350005208386
3.58483060763006	2.36449945937916	4.23025891353411	6.10775099654801
3.59103886665854	2.34766968315645	4.23782113068977	6.11701525120947
3.59724712568701	2.35846903215263	4.24791161123699	6.13205165877386
3.60345538471549	2.36152531554154	4.25762448089577	6.14597803714526
3.60966364374396	2.36337650000199	4.25921012833126	6.16508160580515
3.61587190277244	2.38140390273118	4.27225233241116	6.16582556338423
3.62208016180091	2.37979290028521	4.27262224522807	6.16247043974133
3.62828842082939	2.38229169090176	4.28526696051531	6.17180861777273
3.63449667985786	2.38856836413327	4.29733225615444	6.19837270371205
3.64070493888633	2.39788852889542	4.29990208770222	6.19341404592744
3.64691319791481	2.39854629026774	4.30687847418591	6.23542071352547
3.65312145694328	2.40264463940876	4.31139043887811	6.22193342636841
3.65932971597176	2.40130114127508	4.32005000870403	6.23368832994418
3.66553797500023	2.40219127954934	4.32898632632979	6.23566839041298
3.67174623402871	2.42078099372824	4.33574819417132	6.25492515181385
3.67795449305718	2.42445738418594	4.3417208417323	6.26626874692442
3.68416275208566	2.42774453846209	4.35330545674633	6.27404787076856
3.69037101111413	2.44161642942391	4.35813113247164	6.28870879112799
3.69657927014261	2.4174434938728	4.36412569835462	6.29197075111499
3.70278752917108	2.43806202979426	4.37413988173984	6.30934214555744
3.70899578819955	2.44640311686737	4.37501306985746	6.32456409993147
3.71520404722803	2.45544961263205	4.39226968522669	6.31848347242283
3.7214123062565	2.44082423534117	4.39499432475573	6.34592109663172
3.72762056528498	2.46207895355673	4.40074787934948	6.35253241033417
3.73382882431345	2.46830824484801	4.41451420086654	6.35441967033879
3.74003708334193	2.47489793957404	4.41801527372233	6.37331269605148
3.7462453423704	2.46559341684754	4.4190442663741	6.37950032717244
3.75245360139888	2.47730062339604	4.43004104829133	6.38646790347056
3.75866186042735	2.48533349034942	4.44032063020307	6.40350824293989
3.76487011945583	2.49369038430024	4.44963225423576	6.40442551612812
3.7710783784843	2.4765654154493	4.4538842204228	6.4224676438838
3.77728663751278	2.48324906750819	4.45996513456417	6.44910621514345
3.78349489654125	2.49860619309867	4.46672644774303	6.44870261743134
3.78970315556972	2.49193291151927	4.47490120605073	6.45634725814143
3.7959114145982	2.50726314159656	4.48300895092727	6.47135037576597
3.80211967362667	2.49492760055016	4.49576191892571	6.48644199879227
3.80832793265515	2.5060532142601	4.49846090172915	6.48076480299351
3.81453619168362	2.51880465207826	4.50759306435951	6.4869361633272
3.8207444507121	2.52792267325598	4.51620637907456	6.509131591663
3.82695270974057	2.5185582984484	4.5214544249309	6.50729825768338
3.83316096876905	2.52659389226181	4.5291941535201	6.53018162514056
3.83936922779752	2.5429714254404	4.53923250554906	6.53606724464982
3.845577486826	2.54301211755049	4.54428482441767	6.53433716311399
3.85178574585447	2.55458692431125	4.55438634360249	6.54765383659969
3.85799400488294	2.56193552342866	4.56464317736398	6.55891109070675
3.86420226391142	2.54013304758001	4.56874565378416	6.58044066559381
3.87041052293989	2.57000555226618	4.57346640400252	6.58743208458934
3.87661878196837	2.56320105600088	4.58494183769847	6.58614521590493
3.88282704099684	2.56628765270414	4.5803005792989	6.60669274671966
3.88903530002532	2.56980975906185	4.59706465215333	6.60956496532364
3.89524355905379	2.58459060634558	4.60167751386586	6.63011486903047
3.90145181808227	2.58961811098409	4.61713922293944	6.62883454483631
3.90766007711074	2.58463765071887	4.62259035747815	6.64627439648097
3.91386833613922	2.59392077851766	4.63282032250812	6.66766136433474
3.92007659516769	2.60010698517499	4.63886806547076	6.67311544506171
3.92628485419616	2.60675749640953	4.63535406996987	6.68519179456098
3.93249311322464	2.60540004162917	4.64738964970202	6.70930044447877
3.93870137225311	2.60849531636208	4.65425957116283	6.69800192032289
3.94490963128159	2.61007120770276	4.65675382760398	6.69886968760473
3.95111789031006	2.62321587814924	4.66638041941703	6.7323322188106
3.95732614933854	2.6238791897119	4.67847219601672	6.74135311084121
3.96353440836701	2.63049549864876	4.68836705676467	6.74456838974162
3.96974266739549	2.63035998363053	4.69955095808064	6.74841357332515
3.97595092642396	2.6407521429108	4.69255101137132	6.7663184208427
3.98215918545244	2.63428291129517	4.70423255972253	6.7709583797519
3.98836744448091	2.64319940924197	4.71748866310555	6.78570196238193
3.99457570350938	2.64778564265457	4.72365992730048	6.79093898282605
4.00078396253786	2.66351942755253	4.72828787312439	6.81590279361116
4.00699222156633	2.64527460610122	4.73707379012349	6.80645800427217
4.01320048059481	2.65704612662058	4.73904005502502	6.81893052536661
4.01940873962328	2.6752676732834	4.75153680531241	6.83742414121514
4.02561699865176	2.66899325403487	4.76082836178024	6.82891309568774
4.03182525768023	2.67927533681083	4.76688847096494	6.86262875243327
4.03803351670871	2.66953612444299	4.77975696214728	6.84997318641374
4.04424177573718	2.67751392418766	4.78576205248619	6.87751539735878
4.05045003476566	2.69018157617375	4.7877472349706	6.87997831506872
4.05665829379413	2.69663359056841	4.79592549124205	6.89533493518397
4.06286655282261	2.70175776608704	4.80831126359783	6.91467108189223
4.06907481185108	2.69202178230143	4.8148726754461	6.92146033322744
4.07528307087955	2.71648354155541	4.82148135272516	6.94031832330609
4.08149132990803	2.71440540652817	4.82193046476937	6.93930475914165
4.0876995889365	2.72923663731078	4.83428442730443	6.94599410983292
4.09390784796498	2.7194552580004	4.83898792102003	6.95378614297276
4.10011610699345	2.72765444206409	4.8505529042649	6.96424026211771
4.10632436602193	2.73833090784066	4.85780662891234	6.98229829205753
4.1125326250504	2.74901962276806	4.86524928240497	6.97796897670515
4.11874088407888	2.73196567684544	4.87437376107518	6.99747673563873
4.12494914310735	2.75591177413928	4.8811941167523	7.00136123202411
4.13115740213583	2.76102490666331	4.88788583086884	7.02601467422864
4.1373656611643	2.74790897403612	4.88843148720978	7.03119109395396
4.14357392019278	2.75560011080184	4.90097726610767	7.04190995419644
4.14978217922125	2.7682041062953	4.90409921421854	7.0344718521713
4.15599043824972	2.7594122140563	4.9069444015916	7.0634607077663
4.1621986972782	2.77021632009945	4.92345185405512	7.06826155611239
4.16840695630667	2.77689895079829	4.93103932691561	7.09520880841721
4.17461521533515	2.77884979573618	4.93890038834258	7.0942025435722
4.18082347436362	2.76755785462317	4.9379491269015	7.09349371947939
4.1870317333921	2.78118850339521	4.94917973689684	7.11088632264295
4.19323999242057	2.7947858123969	4.96073636954037	7.12168053594552
4.19944825144904	2.80882693810072	4.96722992331735	7.13282994413921
4.20565651047752	2.78478592216438	4.97942270104211	7.14429291799598
4.211864769506	2.82273681696923	4.98213997587901	7.15987755767471
4.21807302853447	2.81459943516211	4.98606949413206	7.16193477755703
4.22428128756294	2.80683525525811	5.00145477183135	7.17502812818817
4.23048954659142	2.82655727974887	5.00494358871335	7.19280621813492
4.23669780561989	2.83496349452047	5.01391914288371	7.20405838789679
4.24290606464837	2.83459450270244	5.02637354560421	7.21618001634789
4.24911432367684	2.84132052053586	5.02775227225938	7.21947143285923
4.25532258270532	2.83649329834742	5.03278372829441	7.23590907970006
4.26153084173379	2.84798327045277	5.03851393197999	7.22660719288601
4.26773910076226	2.84417892452394	5.05013074386844	7.25278777475053
4.27394735979074	2.85237940378719	5.05043309480049	7.26005733340798
4.28015561881922	2.85141049069791	5.06623062924337	7.27382542108878
4.28636387784769	2.87382766591284	5.07149384593808	7.28113576176826
4.29257213687616	2.8780606781989	5.08194265964654	7.28933967899558
4.29878039590464	2.87919482626102	5.08541401219467	7.30726594028756
