"mitochan"	"lwrNorm"	"medNorm"	"uprNorm"
-1.90327037354145	-2.70802648298206	-2.42559825512599	-2.14285404641993
-1.89616204912226	-2.69295883741307	-2.4183904072352	-2.13819893866672
-1.88905372470308	-2.69250810119344	-2.40861822719495	-2.12449787272662
-1.88194540028389	-2.68208643758146	-2.40142487780343	-2.12395882306984
-1.8748370758647	-2.67282344931332	-2.39233229763353	-2.11301523070935
-1.86772875144552	-2.66099663390848	-2.38238395867725	-2.10674936775427
-1.86062042702633	-2.654091405732	-2.37512599526756	-2.09729710766527
-1.85351210260715	-2.64723587517107	-2.36502609242857	-2.08268702974412
-1.84640377818796	-2.64231598480124	-2.35739055487434	-2.0751849480178
-1.83929545376877	-2.62998562529705	-2.34712342112086	-2.06836137364359
-1.83218712934959	-2.6195561474549	-2.33908340011207	-2.06135762501466
-1.8250788049304	-2.60840635741228	-2.32925460986978	-2.04789356836588
-1.81797048051122	-2.60237234474222	-2.32105838600194	-2.04393143348844
-1.81086215609203	-2.59412386227819	-2.31318907155933	-2.03026177023368
-1.80375383167284	-2.57488106418178	-2.30483192259814	-2.01989834060908
-1.79664550725366	-2.57692654218253	-2.29415637948272	-2.01811468023982
-1.78953718283447	-2.56494037362716	-2.28546874619337	-2.00795342040499
-1.78242885841529	-2.55701158659838	-2.27717919877203	-2.00191009345226
-1.7753205339961	-2.54572550448787	-2.26644672896421	-1.98985173655142
-1.76821220957691	-2.53729599339452	-2.25902751114324	-1.97945189535621
-1.76110388515773	-2.53396842429893	-2.25001048400618	-1.97072318747442
-1.75399556073854	-2.52280268754891	-2.24290348174867	-1.96140977517903
-1.74688723631936	-2.51541133727507	-2.23420011670201	-1.95282525384464
-1.73977891190017	-2.50958148859745	-2.22439847162351	-1.94770840845502
-1.73267058748098	-2.49577934934414	-2.21346144886529	-1.93562528011841
-1.7255622630618	-2.47985933552286	-2.20759610566432	-1.9296968664163
-1.71845393864261	-2.47909198819918	-2.1986123467962	-1.92458044551622
-1.71134561422343	-2.47382637089753	-2.1899666286595	-1.91454789380362
-1.70423728980424	-2.4578071365326	-2.18255321466448	-1.9021668975015
-1.69712896538505	-2.45247180149976	-2.17432686763939	-1.89158494125393
-1.69002064096587	-2.44477562003122	-2.1648837783989	-1.88588786590722
-1.68291231654668	-2.42861682215521	-2.15638644290159	-1.87619603911742
-1.6758039921275	-2.4213777544204	-2.14569370983335	-1.86984531111124
-1.66869566770831	-2.41577538785644	-2.13824061769134	-1.86139476727411
-1.66158734328912	-2.40974674408995	-2.12850780936134	-1.85082486852529
-1.65447901886994	-2.39782217159007	-2.11853690439336	-1.84107828486974
-1.64737069445075	-2.38798843856852	-2.10978412568217	-1.83350768709886
-1.64026237003157	-2.37666023678689	-2.10074261021037	-1.82582552188069
-1.63315404561238	-2.37078477062527	-2.09673334972272	-1.81929160842706
-1.62604572119319	-2.36214452974175	-2.08551350877706	-1.80415790971613
-1.61893739677401	-2.35171484808158	-2.0755331321792	-1.79423169713203
-1.61182907235482	-2.34480341241553	-2.06678878305157	-1.78186265034368
-1.60472074793564	-2.33691491819831	-2.05847648569666	-1.77852748447132
-1.59761242351645	-2.32445194706992	-2.04832210219867	-1.7659543090001
-1.59050409909726	-2.31693017939409	-2.03904423223823	-1.7643178319572
-1.58339577467808	-2.30728765577199	-2.02990041177227	-1.75242228314837
-1.57628745025889	-2.30056222872678	-2.02165767765458	-1.74701715004108
-1.56917912583971	-2.28977667722419	-2.01199148621871	-1.73665430715121
-1.56207080142052	-2.27949557161554	-2.00560453298144	-1.72531871249113
-1.55496247700133	-2.27159241408703	-1.99781215910004	-1.71545104845011
-1.54785415258215	-2.26062836808664	-1.98628680765639	-1.70616824845082
-1.54074582816296	-2.25551090980558	-1.97686481009211	-1.69920163490602
-1.53363750374378	-2.24154806318147	-1.96749857400387	-1.6938119676354
-1.52652917932459	-2.23382615467355	-1.96077315129426	-1.68328172099569
-1.5194208549054	-2.2293600428942	-1.95157783649416	-1.67123235337248
-1.51231253048622	-2.22435314260135	-1.94167293529138	-1.66796977296118
-1.50520420606703	-2.21261430043503	-1.93428471913505	-1.66051132431704
-1.49809588164785	-2.20488300075329	-1.92371375949771	-1.64926217691347
-1.49098755722866	-2.1950115656423	-1.91664535852424	-1.6451983014402
-1.48387923280947	-2.1814573467379	-1.90819693074522	-1.63462650455068
-1.47677090839029	-2.1754649305322	-1.89928958424095	-1.62351832690351
-1.4696625839711	-2.16957350762959	-1.89067250324976	-1.61732736958736
-1.46255425955192	-2.15611879043585	-1.88108917383663	-1.6032066371095
-1.45544593513273	-2.15074620245843	-1.8745021073075	-1.60037919432455
-1.44833761071354	-2.13468714590525	-1.86508768598609	-1.5878969435246
-1.44122928629436	-2.13311312799765	-1.85719029667844	-1.58099406783536
-1.43412096187517	-2.12771993328712	-1.84573804985281	-1.56962796163492
-1.42701263745599	-2.11512193830821	-1.83829708663206	-1.5697740613504
-1.4199043130368	-2.10309391614656	-1.83044207254788	-1.55352520542173
-1.41279598861761	-2.09632242299964	-1.82192905657249	-1.54705605026453
-1.40568766419843	-2.08695428781975	-1.81087994587831	-1.53748465659626
-1.39857933977924	-2.07877042328798	-1.80314073223626	-1.53175044730145
-1.39147101536006	-2.0701049389802	-1.79458455994648	-1.52170673235002
-1.38436269094087	-2.06060548266648	-1.78579509620178	-1.51780296526277
-1.37725436652168	-2.05542576011297	-1.77777831465465	-1.50654664957914
-1.3701460421025	-2.04165535647898	-1.76867972154811	-1.49255902457857
-1.36303771768331	-2.03567995244397	-1.76206187568189	-1.48083187412778
-1.35592939326413	-2.02724091861053	-1.75094030591166	-1.47588744681861
-1.34882106884494	-2.01406623297389	-1.74218021193622	-1.4700158095934
-1.34171274442575	-2.00426718366778	-1.73425075589641	-1.45814993313474
-1.33460442000657	-1.99509185003263	-1.72493452065493	-1.44766944468975
-1.32749609558738	-1.9934212769768	-1.71592655267355	-1.43969832975635
-1.3203877711682	-1.979125945837	-1.70676847292967	-1.43075026076986
-1.31327944674901	-1.97616444396659	-1.69963659481763	-1.4237801888863
-1.30617112232982	-1.95897158270371	-1.68882734940568	-1.41186518759213
-1.29906279791064	-1.95521385935527	-1.68258472890352	-1.41052823114594
-1.29195447349145	-1.9439070718499	-1.67259081685401	-1.39782742924005
-1.28484614907227	-1.93699056143044	-1.66498815255171	-1.387164691668
-1.27773782465308	-1.92631581714886	-1.65458718564506	-1.38167985947231
-1.27062950023389	-1.9156767706269	-1.64587225280818	-1.37422247943305
-1.26352117581471	-1.91125122161821	-1.63671636563091	-1.36556795075265
-1.25641285139552	-1.9030694220971	-1.62879076803635	-1.35563179141502
-1.24930452697634	-1.89116734428936	-1.61994500272715	-1.34281401830058
-1.24219620255715	-1.88330738253779	-1.61055962598471	-1.33966993425762
-1.23508787813796	-1.87553258319963	-1.60142820806751	-1.32526458429558
-1.22797955371878	-1.86097483461966	-1.59124510830568	-1.31792223240103
-1.22087122929959	-1.85438555731213	-1.58499364438478	-1.3117671535382
-1.21376290488041	-1.85054358461668	-1.5749564853552	-1.30219531251495
-1.20665458046122	-1.84190279931703	-1.56725942132255	-1.2922604780719
-1.19954625604203	-1.82756183359501	-1.55940294984419	-1.29093562516849
-1.19243793162285	-1.82191225318273	-1.5476343375302	-1.27496313733888
-1.18532960720366	-1.80675791645787	-1.53789707967338	-1.26448345170557
-1.17822128278448	-1.7977518606532	-1.52969771467369	-1.25816942865663
-1.17111295836529	-1.79525402027911	-1.52180250946839	-1.25140028538015
-1.1640046339461	-1.7832524056778	-1.51424953636983	-1.23711931676519
-1.15689630952692	-1.77565092963276	-1.50512182696478	-1.23474857782214
-1.14978798510773	-1.76727641058042	-1.49466157627475	-1.21716230119277
-1.14267966068855	-1.75980098175196	-1.4851394208537	-1.21090488234415
-1.13557133626936	-1.7471582085528	-1.47686580750179	-1.2059499769824
-1.12846301185017	-1.73719689903523	-1.46877328437515	-1.1970089339619
-1.12135468743099	-1.73726561519726	-1.46108852363148	-1.19316972355265
-1.1142463630118	-1.72097663429927	-1.44831487991539	-1.18196211311533
-1.10713803859262	-1.71995037047256	-1.44318005669492	-1.17149557200637
-1.10002971417343	-1.703961430989	-1.43308331867685	-1.16522313471759
-1.09292138975424	-1.69397031288334	-1.42459672273084	-1.15455695397018
-1.08581306533506	-1.68771274514999	-1.41736562523742	-1.14393952066092
-1.07870474091587	-1.68159046078447	-1.4089171544524	-1.1364141919054
-1.07159641649669	-1.67272795157317	-1.39968997107487	-1.12845764426394
-1.0644880920775	-1.66505916852438	-1.39101150339993	-1.11294816590853
-1.05737976765831	-1.65490157431074	-1.38174007358569	-1.11148484725877
-1.05027144323913	-1.6442029814338	-1.3705987405971	-1.09782658217199
-1.04316311881994	-1.64016933213473	-1.36332390434116	-1.09282847778271
-1.03605479440076	-1.63316957993339	-1.35625292482921	-1.08940449695063
-1.02894646998157	-1.61878626682952	-1.34720104048864	-1.07463415686267
-1.02183814556238	-1.61084445453488	-1.33846497216886	-1.06680866151653
-1.0147298211432	-1.6030913466807	-1.33048588314112	-1.05305141518823
-1.00762149672401	-1.59027468607366	-1.319312655383	-1.05263174423291
-1.00051317230483	-1.58780968575271	-1.31141352251006	-1.04012537154212
-0.99340484788564	-1.57477634065195	-1.30128717813432	-1.03328721673878
-0.986296523466454	-1.5669011022321	-1.29439111009157	-1.02409759905547
-0.979188199047268	-1.55676135718947	-1.28457678769908	-1.01606473325396
-0.972079874628082	-1.54614048009257	-1.27755025327125	-1.00851315115316
-0.964971550208896	-1.54189107593533	-1.26887567820407	-1.00042031048614
-0.95786322578971	-1.53121798961199	-1.25753641682825	-0.984155501126191
-0.950754901370524	-1.51569535815494	-1.24920818415709	-0.978773739613661
-0.943646576951338	-1.51097821483443	-1.24316460485909	-0.975217752809267
-0.936538252532152	-1.50269188705769	-1.2337482606624	-0.966739861992652
-0.929429928112966	-1.49293605916144	-1.2212660859323	-0.949207989026265
-0.92232160369378	-1.49022912206181	-1.21561301420113	-0.943661840128359
-0.915213279274594	-1.47080792400373	-1.20337834608212	-0.936062146761605
-0.908104954855408	-1.46507244129185	-1.19635695666046	-0.922892622558669
-0.900996630436222	-1.45568595252725	-1.18800792864473	-0.919188178820753
-0.893888306017036	-1.44946746638207	-1.18128145601179	-0.910475026003724
-0.88677998159785	-1.44231920149449	-1.17107986333824	-0.894396461280728
-0.879671657178664	-1.43070792634828	-1.16141507577588	-0.894795666381948
-0.872563332759478	-1.42032920507783	-1.15305133870955	-0.886181478022734
-0.865455008340292	-1.41884945272066	-1.14421327130194	-0.873723889471535
-0.858346683921106	-1.40590972165053	-1.13701785891247	-0.868568784129962
-0.85123835950192	-1.3973666133264	-1.12516180606038	-0.855210756206785
-0.844130035082734	-1.38726916906649	-1.12111383262568	-0.849993644443622
-0.837021710663548	-1.38520731770068	-1.11001252059872	-0.836923249042378
-0.829913386244362	-1.36879104961642	-1.10256647008103	-0.831747375026036
-0.822805061825176	-1.35998444829855	-1.09256032914139	-0.819812058575092
-0.81569673740599	-1.35089689995863	-1.08350516939976	-0.813758547631378
-0.808588412986804	-1.34457740087007	-1.07502001450797	-0.805233226188873
-0.801480088567618	-1.33626993640211	-1.06605735861964	-0.800573054266872
-0.794371764148432	-1.32621918950741	-1.05680696097353	-0.779875801789112
-0.787263439729246	-1.31550716997985	-1.04770847888443	-0.777175887734022
-0.78015511531006	-1.30886047790177	-1.03982115198642	-0.777516520632531
-0.773046790890874	-1.30178443935862	-1.03273781323687	-0.764005665801999
-0.765938466471688	-1.29284063944511	-1.02358272917168	-0.747499751498611
-0.758830142052502	-1.27812382214247	-1.01060480240022	-0.743798464416137
-0.751721817633316	-1.27057659427813	-1.00424169362994	-0.734799663929186
-0.74461349321413	-1.26497195376551	-0.996867982799169	-0.729856623055555
-0.737505168794944	-1.25182505381183	-0.985736139586898	-0.716248272558362
-0.730396844375758	-1.2462429827444	-0.977681810831195	-0.709787916384359
-0.723288519956572	-1.24005662204669	-0.969494086746065	-0.697105274485463
-0.716180195537386	-1.2317894039009	-0.960676616147943	-0.69152320644074
-0.7090718711182	-1.21917487302224	-0.95340441514416	-0.683873542456846
-0.701963546699014	-1.21527357498842	-0.943075429880586	-0.673591181376181
-0.694855222279828	-1.20548727244143	-0.934023729808791	-0.669283150911144
-0.687746897860642	-1.19557112022459	-0.92447648197133	-0.657897886572059
-0.680638573441456	-1.18638768460712	-0.916337665786786	-0.647345683102346
-0.67353024902227	-1.1782042100933	-0.909526896630508	-0.64110669534398
-0.666421924603084	-1.16530722527546	-0.897468706357349	-0.629249545711568
-0.659313600183898	-1.15732041645895	-0.892459960045863	-0.6192782989799
-0.652205275764712	-1.14770773382844	-0.879781634118193	-0.613262736862334
-0.645096951345526	-1.14390131795643	-0.874428329661033	-0.60154306482341
-0.63798862692634	-1.13119958563075	-0.863666419799503	-0.595323370992347
-0.630880302507154	-1.12566420819419	-0.857462065788428	-0.589643214672095
-0.623771978087968	-1.11158874761869	-0.844375724903904	-0.574054375135246
-0.616663653668782	-1.10228312614547	-0.837425485591089	-0.56991702855794
-0.609555329249596	-1.09405803097533	-0.8273991601668	-0.565211677282232
-0.60244700483041	-1.09100611198771	-0.820795838112434	-0.553807916166452
-0.595338680411224	-1.07980451937967	-0.809916432727542	-0.541205579462752
-0.588230355992038	-1.06621128224646	-0.803573818858404	-0.534892032180845
-0.581122031572852	-1.06214786064376	-0.796244678061142	-0.525204477693312
-0.574013707153666	-1.05250298066315	-0.783726934695098	-0.515509366233671
-0.56690538273448	-1.04185412425739	-0.777265500212995	-0.508302209451985
-0.559797058315294	-1.03427401917078	-0.766450255218392	-0.498365361289309
-0.552688733896108	-1.03070010748977	-0.759863944122242	-0.49154224204841
-0.545580409476921	-1.01892616263513	-0.749004188384437	-0.484702876392269
-0.538472085057736	-1.00820482072906	-0.741837523737366	-0.476720449508716
-0.53136376063855	-1.00098714232449	-0.732436621147424	-0.462605939425597
-0.524255436219363	-0.987733357105685	-0.722652751677639	-0.459876776770836
-0.517147111800178	-0.984149509225031	-0.714982929782783	-0.448012489415066
-0.510038787380992	-0.973634311149482	-0.706349737412759	-0.440268454083638
-0.502930462961805	-0.961440133418529	-0.698145089555122	-0.429511418945599
-0.49582213854262	-0.952406270562684	-0.688179152907271	-0.419793137520824
-0.488713814123434	-0.946578039830978	-0.67830272477621	-0.41042761299781
-0.481605489704247	-0.936193579312298	-0.671956106749153	-0.399777108446506
-0.474497165285061	-0.927211661231518	-0.661923883318948	-0.396569490474617
-0.467388840865876	-0.921110054201842	-0.654365899998214	-0.391448954764194
-0.460280516446689	-0.91100016768394	-0.644786182053107	-0.380866855796637
-0.453172192027503	-0.902090962940327	-0.635184230713807	-0.373690324622947
-0.446063867608318	-0.892005245417252	-0.6265359269488	-0.360562018735616
-0.438955543189131	-0.883837505010645	-0.619409348368225	-0.353794904409679
-0.431847218769945	-0.877550024700636	-0.611625903241364	-0.344907537928773
-0.42473889435076	-0.86711727461453	-0.600616238287798	-0.333109031018327
-0.417630569931573	-0.856941414232034	-0.591498978711238	-0.322989740560568
-0.410522245512387	-0.849015705583416	-0.584495002956298	-0.319987476408051
-0.403413921093201	-0.843544512870078	-0.574312161207309	-0.307015470209766
-0.396305596674015	-0.833494181803269	-0.565081241903667	-0.301712840246096
-0.389197272254829	-0.822741390328961	-0.55654754854777	-0.291871421044955
-0.382088947835643	-0.816419139728676	-0.547820218613642	-0.28267342621891
-0.374980623416457	-0.804887534224078	-0.539618269941016	-0.275457566244239
-0.367872298997271	-0.796346546019261	-0.530789787350481	-0.268774947525464
-0.360763974578085	-0.789800394536972	-0.521965625187564	-0.255876117127976
-0.353655650158899	-0.779498676412339	-0.512176253407982	-0.246169276461669
-0.346547325739713	-0.771204327319335	-0.502466131615247	-0.237264401555426
-0.339439001320527	-0.760247133354153	-0.494741997644628	-0.231415757611242
-0.332330676901341	-0.749654612456796	-0.485926418715024	-0.222964295162944
-0.325222352482155	-0.743578874543044	-0.477494253393613	-0.213900500814681
-0.318114028062969	-0.736510139296304	-0.470629376720638	-0.20566937299071
-0.311005703643783	-0.725163006396671	-0.46212810650998	-0.196807456489501
-0.303897379224597	-0.716909159673079	-0.452349836614646	-0.185938290036518
-0.296789054805411	-0.705457690139005	-0.4422749185135	-0.177460118028045
-0.289680730386225	-0.697257817041306	-0.431882903975253	-0.16907406531176
-0.282572405967039	-0.692093505960411	-0.423858366471866	-0.159640620613985
-0.275464081547853	-0.681100898804406	-0.416468805107824	-0.146097174349707
-0.268355757128667	-0.66902935497083	-0.405859203154779	-0.145179234654749
-0.261247432709481	-0.665391182896242	-0.396905471973115	-0.136400612287323
-0.254139108290295	-0.652568737317526	-0.390175026677997	-0.12505465166319
-0.247030783871109	-0.64074639799617	-0.380754914405229	-0.114942506559923
-0.239922459451923	-0.63840455119737	-0.370982884588238	-0.105869565031297
-0.232814135032737	-0.625947890819005	-0.363904345805829	-0.101355860321734
-0.225705810613551	-0.6202575085356	-0.355582410211605	-0.0913318040828859
-0.218597486194365	-0.61125883485436	-0.34533214973127	-0.0777063253958785
-0.211489161775179	-0.606984430157339	-0.338848209070405	-0.0693762502108522
-0.204380837355993	-0.595089224567297	-0.330004845177538	-0.0637030414872098
-0.197272512936807	-0.585540836981904	-0.319109985343147	-0.0550551208554581
-0.190164188517621	-0.573521158416485	-0.311245101001118	-0.0428626187304334
-0.183055864098435	-0.571756929577442	-0.302391700819045	-0.0433724242449279
-0.175947539679249	-0.552779118095709	-0.29309491303591	-0.0295662002182168
-0.168839215260063	-0.549002463597274	-0.283634462854403	-0.0217250374905188
-0.161730890840877	-0.540623657015786	-0.276022383689007	-0.0142385652788951
-0.154622566421691	-0.529160103252972	-0.267006107498299	0.00123016517284257
-0.147514242002505	-0.521569415027913	-0.257938306265823	0.00294931358579635
-0.140405917583319	-0.514683821312941	-0.2510829892008	0.0183564158096483
-0.133297593164133	-0.5023329565468	-0.238656156544654	0.0252756387278601
-0.126189268744947	-0.495884857356335	-0.229457562443276	0.0346047903484696
-0.119080944325761	-0.486312420497568	-0.223166132635299	0.0424060581786149
-0.111972619906575	-0.478703906155325	-0.213372863885305	0.0521220661626654
-0.104864295487389	-0.468789199374913	-0.20621774563472	0.0547971935760054
-0.097755971068203	-0.455871635857427	-0.196419974589134	0.0646563607757476
-0.0906476466490171	-0.447338556120975	-0.186538475810578	0.0735946895081737
-0.0835393222298311	-0.445985736904224	-0.179816805094628	0.0853068423950467
-0.076430997810645	-0.433212585027275	-0.171276104440522	0.0938810257955219
-0.0693226733914591	-0.424005334158612	-0.162251139839421	0.105443579736967
-0.0622143489722731	-0.414161706098606	-0.150989738175233	0.113387345470291
-0.055106024553087	-0.407276018353387	-0.146135802347336	0.119100655311823
-0.0479977001339011	-0.399971544381545	-0.135704459041798	0.12968160166173
-0.0408893757147151	-0.391515453539595	-0.127528550601879	0.135552509223088
-0.033781051295529	-0.376669385906048	-0.116479879138424	0.145056383221886
-0.0266727268763429	-0.372101903452829	-0.109170921468311	0.158846632335332
-0.0195644024571571	-0.364817748349052	-0.100480836813415	0.165760341337356
-0.012456078037971	-0.351649422893652	-0.0916023025330767	0.174656812426476
-0.00534775361878492	-0.346982961640651	-0.0819009053842922	0.182776285526788
0.00176057080040093	-0.336803834188541	-0.0739511337206854	0.192071083126314
0.008868895219587	-0.329801089762279	-0.0648591505171025	0.19398676142007
0.0159772196387731	-0.319677065571019	-0.0574889854551284	0.204355463382828
0.0230855440579589	-0.306422457208258	-0.0469652533375372	0.217962794498772
0.030193868477145	-0.305216936761511	-0.0373808082400113	0.226571714777458
0.0373021928963311	-0.292159627151217	-0.0304821445985376	0.235106341925199
0.0444105173155172	-0.285397839098863	-0.0211925838613916	0.242137644875749
0.051518841734703	-0.274797480852011	-0.0109516128065586	0.245559028866409
0.0586271661538891	-0.266039837784422	-0.00506779998902877	0.254679385275998
0.0657354905730752	-0.256820638408251	0.00577322869801875	0.270227305227254
0.072843814992261	-0.247913347432384	0.0147238856607338	0.277772619167237
0.0799521394114471	-0.242714801659008	0.0225954128048625	0.285196271341441
0.0870604638306332	-0.233899235072902	0.033177153339173	0.294650956440728
0.094168788249819	-0.217785216698259	0.0392627939811951	0.302807988508349
0.101277112669005	-0.213125197185305	0.0494938626243528	0.308785237978389
0.108385437088191	-0.205823372119723	0.0594939837656825	0.322418830251981
0.115493761507377	-0.194240638774579	0.0684722349191975	0.330415936534668
0.122602085926563	-0.185787213049824	0.0740457078879012	0.33972793116785
0.129710410345749	-0.176002465926092	0.0853682285264951	0.345831002521416
0.136818734764935	-0.167764960007499	0.0929529239493761	0.357089931974948
0.143927059184121	-0.160914542192547	0.10157499343243	0.367190216358569
0.151035383603307	-0.153599874539104	0.11079113593087	0.373351562516102
0.158143708022493	-0.148097821639995	0.120217500069204	0.383879532087903
0.165252032441679	-0.130935638380267	0.127181735927187	0.396480257183259
0.172360356860865	-0.122280568042322	0.136274490920744	0.400170747655246
0.179468681280051	-0.120195223021849	0.146069502307521	0.410458307053271
0.186577005699237	-0.104701504582471	0.154624947175686	0.417795041052137
0.193685330118423	-0.0970210688244088	0.163978645206261	0.423989151112808
0.200793654537609	-0.090145657908521	0.172860355238815	0.434012350840724
0.207901978956795	-0.0825834287811492	0.180398494365079	0.447380699463552
0.215010303375981	-0.0698204314817948	0.190651685402571	0.453004280922449
0.222118627795167	-0.0625275908195577	0.197234200727947	0.458315738476528
0.229226952214353	-0.05430375382802	0.206849355810694	0.470115169071827
0.236335276633539	-0.0494062552208761	0.214389486743208	0.479748030758125
0.243443601052725	-0.0388705854249214	0.225459157413758	0.487003209756655
0.250551925471911	-0.026320677611411	0.232723115641518	0.500367246230407
0.257660249891097	-0.0184258022702982	0.242422912729502	0.503572834418379
0.264768574310283	-0.00608846608796969	0.251050835318518	0.513683446804453
0.271876898729469	-0.00222574614292433	0.260163070114299	0.525625597601137
0.278985223148655	0.00637801045794485	0.267694693016577	0.5298793922331
0.286093547567841	0.0122528290440947	0.277449254511324	0.542435840674358
0.293201871987027	0.0210162356761606	0.284215420700212	0.548584680305304
0.300310196406213	0.0323763863216269	0.294722326006431	0.55962748002139
0.307418520825399	0.03835420531433	0.305369834841843	0.566385915091031
0.314526845244585	0.0523479352752956	0.315389302981486	0.575533160078766
0.321635169663771	0.0621917703282857	0.32087441366647	0.582298258767478
0.328743494082957	0.0671426064822877	0.327424698393891	0.591338362101478
0.335851818502143	0.0800643553010263	0.338493876200079	0.599757807432469
0.342960142921329	0.0844755658698982	0.344547113843896	0.605459008879063
0.350068467340515	0.0934792926494529	0.353530882602906	0.621940429596457
0.357176791759701	0.103113833879819	0.363935069198772	0.630178621971872
0.364285116178888	0.109992046382812	0.372769952844725	0.634132129704167
0.371393440598073	0.121668216598053	0.382618038974993	0.647489837732718
0.378501765017259	0.129820949049491	0.390211943253489	0.653489176344056
0.385610089436446	0.142052257953287	0.401691504924651	0.663337621629957
0.392718413855631	0.145865939480269	0.409824675467485	0.670695887983919
0.399826738274817	0.154625619387086	0.418029674920936	0.679979896585767
0.406935062694004	0.163764723878924	0.426146843538935	0.688268490129803
0.414043387113189	0.174171386271416	0.436010553118299	0.696018594921084
0.421151711532375	0.180550372091162	0.444396807056002	0.701448249581995
0.428260035951562	0.188873914055237	0.452154946654933	0.714616755712535
0.435368360370747	0.201565432552801	0.461950061405204	0.723089490489803
0.442476684789933	0.210486558331646	0.470050106947328	0.729097427543911
0.44958500920912	0.218525783742029	0.478680301161295	0.740416707374935
0.456693333628305	0.223239160631458	0.488966249105987	0.748710569819831
0.463801658047491	0.235358812909188	0.49513834156631	0.761829219649344
0.470909982466678	0.247694522815147	0.506884346344368	0.768963758434695
0.478018306885863	0.251822460465343	0.515480566999003	0.774075491890883
0.485126631305049	0.263803472906928	0.523393623810686	0.784298555445885
0.492234955724236	0.274144564843211	0.530820926052507	0.798021935621346
0.499343280143421	0.278204668280526	0.541854840558547	0.79685694194583
0.506451604562608	0.291002752979939	0.547730101311636	0.814483420238478
0.513559928981794	0.296396765385298	0.556626107300664	0.823125501783919
0.520668253400979	0.302705429456361	0.565410686609873	0.828792584444976
0.527776577820166	0.312550531124018	0.574066128708356	0.832919355483615
0.534884902239352	0.323130904530875	0.584435763690254	0.84470990980213
0.541993226658537	0.331360880489695	0.594529313565324	0.855910072721525
0.549101551077724	0.341572709760119	0.600158996919513	0.860032874499606
0.55620987549691	0.348825605915327	0.610992083914336	0.872777118092134
0.563318199916095	0.360400615880584	0.620523105651486	0.884088343937233
0.570426524335282	0.363341113877839	0.627590143527434	0.891074242710403
0.577534848754468	0.378477939010534	0.637902886899723	0.899302790539605
0.584643173173653	0.382537974157537	0.645954592636136	0.905359863374857
0.59175149759284	0.393760412406013	0.65451301389017	0.914387034577639
0.598859822012026	0.400604809497334	0.662189265787364	0.925098435590547
0.605968146431211	0.411570988716444	0.672406564938377	0.934878507375825
0.613076470850398	0.420080946331142	0.681671424010589	0.939769959651997
0.620184795269584	0.428628536326999	0.690763328732036	0.946278734587211
0.627293119688769	0.437896004142832	0.698464039018235	0.961056861625103
0.634401444107956	0.445481931803219	0.706190914385093	0.970035461809593
0.641509768527142	0.458398327023583	0.716389350518081	0.979360533401867
0.648618092946328	0.469551334424456	0.725742316148224	0.98539326837536
0.655726417365514	0.471220970774268	0.734784357052361	0.992145381088494
0.6628347417847	0.474590179744746	0.743042123635107	1.0031965426338
0.669943066203886	0.493481034613212	0.751800591537006	1.01422247116977
0.677051390623072	0.491125302229069	0.761380387831333	1.02093792674545
0.684159715042258	0.513078162516072	0.76835725054966	1.03498295189852
0.691268039461444	0.518657772194933	0.776409013621385	1.03846470976688
0.69837636388063	0.524940454041451	0.785420899499793	1.0471820987174
0.705484688299816	0.537861512388947	0.79537079295957	1.05515272004132
0.712593012719002	0.544981518435361	0.8021854625392	1.0649852190951
0.719701337138188	0.551432641451741	0.811274687754479	1.07221585256121
0.726809661557374	0.565212282202225	0.820089843087861	1.07908345793284
0.73391798597656	0.569418269049839	0.82994192492015	1.09288246197883
0.741026310395746	0.578207141683317	0.838924688817502	1.10035745970754
0.748134634814932	0.584299324905304	0.84862750163468	1.10630756071604
0.755242959234118	0.597146568724268	0.856061484169705	1.11704968754175
0.762351283653304	0.604250495586449	0.866613956290313	1.12612007522816
0.76945960807249	0.611163588341976	0.873514972342545	1.13599896673298
0.776567932491676	0.627295993697684	0.884536703306678	1.14437259281318
0.783676256910862	0.636652638361206	0.89048857880967	1.15209097525902
0.790784581330048	0.641586334880697	0.90041282436118	1.15316511028956
0.797892905749234	0.648185883153023	0.907823154868177	1.1703998796654
0.80500123016842	0.6563206367665	0.918296775373659	1.18169537273372
0.812109554587606	0.664719055861686	0.92679139549034	1.18596498701498
0.819217879006792	0.674347874930411	0.935271951106087	1.19273427608008
0.826326203425978	0.681264661293892	0.947121744225884	1.2077544705274
0.833434527845164	0.691564314396263	0.954843486590717	1.21670129033338
0.84054285226435	0.700312923826129	0.963034579644105	1.22460142156392
0.847651176683536	0.707624325587507	0.97129915198757	1.22602748790367
0.854759501102722	0.7227189527357	0.981762147588522	1.2376555330244
0.861867825521908	0.72779835007338	0.987147559836398	1.25300205312962
0.868976149941094	0.73406108073503	0.998244513973976	1.25583475003347
0.87608447436028	0.744963949122128	1.00484413204209	1.26120343013212
0.883192798779466	0.75033445779499	1.01289432325215	1.27548074243492
0.890301123198652	0.767831306098082	1.02546553179567	1.28477887712858
0.897409447617838	0.768870074477593	1.03307247286232	1.29344866549806
0.904517772037024	0.78197605630373	1.04159369720551	1.30437923072574
0.91162609645621	0.793851216951426	1.04987274908134	1.31456479785454
0.918734420875396	0.793452664809642	1.05529663857285	1.31648106000304
0.925842745294582	0.813763409612019	1.06795950082139	1.3274946262452
0.932951069713768	0.818786437015867	1.0758788063756	1.32968594540406
0.940059394132954	0.823231863410966	1.08508624667051	1.34146032677828
0.94716771855214	0.831993470822625	1.09304303781322	1.35640173036314
0.954276042971326	0.84405461356386	1.10402844990723	1.36652095443191
0.961384367390512	0.845962656626806	1.11063945603091	1.37114852707475
0.968492691809698	0.860189075543915	1.11954353849016	1.378746380455
0.975601016228884	0.868445177224973	1.12986481813446	1.38642066957341
0.98270934064807	0.878981762684394	1.13763106555588	1.3942621382051
0.989817665067256	0.886268736056096	1.14852474237385	1.40828391998881
0.996925989486442	0.891397683233183	1.1537686287582	1.4140409911797
1.00403431390563	0.906242807327782	1.16373483547949	1.42341378933271
1.01114263832481	0.913714237391862	1.17440093402255	1.43456282715677
1.018250962744	0.920960721509615	1.18128224397465	1.43782047146315
1.02535928716319	0.926711214887974	1.18880926031474	1.44966515460253
1.03246761158237	0.93672034250384	1.20062629936655	1.4566927312594
1.03957593600156	0.946626159159827	1.20687289680298	1.47105104205515
1.04668426042074	0.956250630384731	1.21794727661565	1.47571244431
1.05379258483993	0.964913239184806	1.22683537538568	1.48887728360566
1.06090090925912	0.970825529225307	1.23115115830361	1.49564248290695
1.0680092336783	0.983733042190102	1.24228354826261	1.50404493817509
1.07511755809749	0.991024130262857	1.25402066044462	1.51764816245082
1.08222588251667	1.00183035322941	1.25955004732871	1.52330258657394
1.08933420693586	1.00972838411801	1.26846616208232	1.53058435255117
1.09644253135505	1.01784434192547	1.2773205559984	1.53953098934404
1.10355085577423	1.02736226086162	1.28653364097405	1.54293227360452
1.11065918019342	1.04234531284603	1.29526059612262	1.55679243717411
1.1177675046126	1.04640595353852	1.3045407315165	1.5653733709279
1.12487582903179	1.05585883522518	1.31070049294823	1.56825542092034
1.13198415345098	1.0628673210018	1.3208974182683	1.58030455466532
1.13909247787016	1.07162511735538	1.33016336677891	1.59052241681049
1.14620080228935	1.0784982412483	1.33798111683698	1.59634446798057
1.15330912670853	1.08971532701392	1.34947449118245	1.60988557259585
1.16041745112772	1.09899021566206	1.3573435542744	1.6173366506523
1.16752577554691	1.10989225847175	1.3672361244237	1.62952351895459
1.17463409996609	1.11374547477759	1.37407225992532	1.63158456309108
1.18174242438528	1.12156577046101	1.38329386226005	1.64377436724044
1.18885074880446	1.12930531182031	1.39312307980516	1.64757814195189
1.19595907322365	1.13898252933315	1.40146479954938	1.66289722560062
1.20306739764284	1.15284139172879	1.40833293423771	1.66979160542929
1.21017572206202	1.15709292196371	1.41932334004232	1.67844800826994
1.21728404648121	1.16450508394485	1.42649175890712	1.68953592849807
1.22439237090039	1.17787865634525	1.43748161058627	1.69659166797803
1.23150069531958	1.18244685539965	1.44422559174467	1.70368610087138
1.23860901973877	1.18978124599316	1.45062620397818	1.71223095650454
1.24571734415795	1.20317985692944	1.46239339894098	1.72053581991714
1.25282566857714	1.2066151579871	1.47081805257899	1.72871984745159
1.25993399299632	1.22147217615705	1.48270541691353	1.74006544560725
1.26704231741551	1.23036952174778	1.48744401058463	1.74633399629395
1.2741506418347	1.24097396107108	1.49807750451185	1.75461147302149
1.28125896625388	1.24502070599481	1.50752875158681	1.76723447929863
1.28836729067307	1.25665002677237	1.51545705560465	1.77665032704593
1.29547561509225	1.26283369588501	1.52443722666052	1.78598400187314
1.30258393951144	1.27361846410342	1.53239198655926	1.79306229408969
1.30969226393063	1.28467687777529	1.5400855019314	1.80248840910496
1.31680058834981	1.2860969001359	1.54874546533289	1.81337959760157
1.323908912769	1.2982626409168	1.55853629939195	1.81967426899657
1.33101723718818	1.31039873868541	1.56842802832854	1.82697308089175
1.33812556160737	1.31564115980229	1.57909329103321	1.83730198003801
1.34523388602656	1.32599822377465	1.58452469699956	1.84414349549586
1.35234221044574	1.33512028209589	1.59385944280014	1.85460958836388
1.35945053486493	1.34140591066353	1.60180394375332	1.86341606745248
1.36655885928411	1.35262627214846	1.61513275059158	1.87477859359929
1.3736671837033	1.36044563190581	1.62116848149608	1.88258974819828
1.38077550812249	1.3674339025353	1.63057793590004	1.88860809000256
1.38788383254167	1.38020754470597	1.63860256688567	1.89586284163332
1.39499215696086	1.39050917907217	1.646343950081	1.90565001297638
1.40210048138004	1.39763599297632	1.65579585717458	1.91528424264332
1.40920880579923	1.40580922010732	1.66499177269252	1.92426515871887
1.41631713021842	1.41173923114241	1.67290473353354	1.93425157870643
1.4234254546376	1.42112263781474	1.68259914926518	1.93948940143196
1.43053377905679	1.42853174369976	1.6890563658925	1.9503066912313
1.43764210347597	1.4375240442752	1.69995594506244	1.95853550305636
1.44475042789516	1.4445044784693	1.70838343514319	1.96926035839089
1.45185875231435	1.45322563014841	1.71703617432422	1.9825608145615
1.45896707673353	1.46598584078467	1.72443730563625	1.98743626044217
1.46607540115272	1.47490233706562	1.73454662166184	1.99403894912433
1.4731837255719	1.48327514575938	1.74456219927155	2.00204908352976
1.48029204999109	1.49474836173747	1.75405897340872	2.01033104289717
1.48740037441028	1.49943138344911	1.76129588328637	2.01897268397173
1.49450869882946	1.50841133483913	1.76815185509392	2.02980965080899
1.50161702324865	1.51898339329565	1.77759985429761	2.0386642955498
1.50872534766783	1.52818568639512	1.78770642260495	2.04641504956075
1.51583367208702	1.53595592921478	1.79725588937388	2.05904116140058
1.52294199650621	1.54623542711684	1.80499511322679	2.06363242990952
1.53005032092539	1.55703512751497	1.81415801271421	2.07624085068445
1.53715864534458	1.561672296666	1.82191324820338	2.08247079598746
1.54426696976376	1.57324205185665	1.83206818035873	2.0937958963813
1.55137529418295	1.57965809498543	1.83842037252412	2.09948391993655
1.55848361860214	1.59259307263421	1.84791556460937	2.10741607343367
1.56559194302132	1.5995454468489	1.85787379670861	2.11491109665852
1.57270026744051	1.60728730700842	1.86677504546011	2.12553632894354
1.57980859185969	1.61744576928917	1.87415036958043	2.13918252561261
1.58691691627888	1.62762605752686	1.88565306904791	2.1462022963023
1.59402524069807	1.63218487962145	1.89448820361788	2.15601844603964
1.60113356511725	1.64010636951474	1.90075832567538	2.16018637000848
1.60824188953644	1.65136072568873	1.91085342701806	2.16777719138391
1.61535021395562	1.65860178619198	1.92060745002826	2.18254021253488
1.62245853837481	1.66871592314898	1.92873112597257	2.19031950160275
1.629566862794	1.67695102700512	1.93630586927079	2.20002189194166
1.63667518721318	1.68461105048612	1.94392655280199	2.20548120482714
1.64378351163237	1.69087357469739	1.95474441987004	2.21035499524248
1.65089183605155	1.70269534775272	1.96424272289365	2.22584820972176
1.65800016047074	1.70977440600478	1.97329288319945	2.23054410081517
1.66510848488993	1.72251331204479	1.9799102941858	2.24372596861952
1.67221680930911	1.72853161768711	1.98971986425114	2.24850454444719
1.6793251337283	1.73568254160735	1.99625246227102	2.25628129882628
1.68643345814748	1.74515455388748	2.00667491227609	2.26509679069633
1.69354178256667	1.75426495956991	2.01480298528071	2.27393919520534
1.70065010698586	1.76164665607895	2.02498282586332	2.28004029736188
1.70775843140504	1.7744146651589	2.03324107534282	2.29130461546902
1.71486675582423	1.77989304650924	2.04255635099208	2.30161892350355
1.72197508024341	1.79394711413232	2.05103822381937	2.3109161699321
1.7290834046626	1.79974761720466	2.05971230565898	2.31759352856669
1.73619172908179	1.81178170127613	2.06934421987313	2.33069633122969
1.74330005350097	1.81830472328268	2.07584677972292	2.33764365062587
1.75040837792016	1.82401184294168	2.08563945576968	2.34697189626536
1.75751670233934	1.83402642480279	2.09264950626742	2.35478505083282
1.76462502675853	1.84452420654596	2.10142475803426	2.36368637650507
1.77173335117772	1.84752668612592	2.11280940066775	2.37366040535081
1.7788416755969	1.86459815429648	2.12142028689921	2.37646444905847
1.78595000001609	1.86847380690893	2.12848271764003	2.38731529912651
1.79305832443527	1.87333290060699	2.13867194863647	2.40346848559774
1.80016664885446	1.88649531810142	2.14670206905854	2.4065230757246
1.80727497327365	1.89529148042749	2.1571019710705	2.41827216551667
1.81438329769283	1.90525699026986	2.16351976196879	2.42565805844773
1.82149162211202	1.91135860972376	2.17323292185436	2.43061964058343
1.82859994653121	1.91823437187245	2.1814721845896	2.4468146302907
1.83570827095039	1.92727681153091	2.19255017597509	2.45685513373576
1.84281659536958	1.94178523874166	2.20052088491718	2.46283761208954
1.84992491978876	1.94842627454813	2.2090559329692	2.46915212663869
1.85703324420795	1.95808733465417	2.21743689653297	2.47866398232906
1.86414156862713	1.96458437521035	2.2253263297362	2.49059455690602
1.87124989304632	1.97160734384657	2.23509698577668	2.49580501658184
1.87835821746551	1.97978752400438	2.24283693688584	2.50764813535323
1.88546654188469	1.99240998330083	2.25454407163414	2.51666792275274
1.89257486630388	2.00090433833813	2.26277439904096	2.51999633069715
1.89968319072306	2.01147377883627	2.26960767284059	2.52900357627053
1.90679151514225	2.01714347754138	2.27665041406804	2.54204148938457
1.91389983956144	2.02409680601902	2.28632432697396	2.54683321426439
1.92100816398062	2.03755293609593	2.29665945227252	2.55850435746656
1.92811648839981	2.04390290767107	2.30521433514381	2.56684969392709
1.935224812819	2.05013674626795	2.31395450432464	2.57967394612589
1.94233313723818	2.06146997826999	2.32412638721975	2.58803217744378
1.94944146165737	2.06984471639097	2.33153188166339	2.59281991769354
1.95654978607655	2.08367474830884	2.33992022359721	2.60066340468357
1.96365811049574	2.08443569459842	2.34780488438114	2.61034610223448
1.97076643491493	2.10026452098874	2.36010653172377	2.62050104241663
1.97787475933411	2.10585820445648	2.36797373108889	2.63387677300084
1.9849830837533	2.11660760837821	2.374580070384	2.63200008482967
1.99209140817248	2.11950604531152	2.38346466175468	2.64380336194339
1.99919973259167	2.13088100655692	2.39485566759949	2.65449295577218
2.00630805701085	2.13832990833135	2.40172978887446	2.66792637198859
2.01341638143004	2.15324887606569	2.41341293677163	2.67305425687291
2.02052470584923	2.15889489679579	2.41827414542109	2.68115222610414
2.02763303026841	2.16882594336078	2.42653214266856	2.68750136061204
2.0347413546876	2.17897884047373	2.43822328603584	2.69825334047012
2.04184967910679	2.18708012566616	2.4456369171805	2.7058721000205
2.04895800352597	2.19275575961568	2.45401780008539	2.71489527197243
2.05606632794516	2.20136684154333	2.46440865377241	2.73175990117444
2.06317465236434	2.21069780865438	2.47139396170885	2.72901782450923
2.07028297678353	2.22054814480504	2.48226177879627	2.74354196681656
2.07739130120272	2.2258686884831	2.49003789404272	2.75469211850687
2.0844996256219	2.23662966808807	2.49782972182261	2.75787672767294
2.09160795004109	2.24074489829784	2.50657899429187	2.77240093308959
2.09871627446027	2.25555085098331	2.5155849780782	2.77585419438124
2.10582459887946	2.26743810400179	2.52204298757112	2.7832169312691
2.11293292329864	2.27186029734018	2.53367846024403	2.79548843700098
2.12004124771783	2.27914094317222	2.54162629777511	2.80947680686938
2.12714957213702	2.29178051474971	2.55058276770819	2.81473817448635
2.1342578965562	2.29677211016159	2.56000045947282	2.82123804292511
2.14136622097539	2.30872838339022	2.56830793791144	2.82789664280427
2.14847454539458	2.3185318372238	2.57769294401558	2.83594138180614
2.15558286981376	2.32445617508656	2.58542978755025	2.84235514490068
2.16269119423295	2.33777432330959	2.59731126232377	2.85571325285729
2.16979951865213	2.33965313451116	2.60443416419324	2.86278631607064
2.17690784307132	2.34998434700423	2.6130409680731	2.8743521625044
2.18401616749051	2.36242245502986	2.62185030976813	2.88402218394107
2.19112449190969	2.36721849883415	2.63022060067294	2.89221815859039
2.19823281632888	2.37715449139325	2.64097360419491	2.90491432321554
2.20534114074806	2.38248027579361	2.64539521243956	2.90700840012297
2.21244946516725	2.39372500358566	2.65873561075632	2.91787466144798
2.21955778958643	2.40460941837187	2.66657537451729	2.92722865399607
2.22666611400562	2.41219684917962	2.67381298428142	2.93857042148576
2.23377443842481	2.42299017752859	2.68236820321241	2.94518244739442
2.24088276284399	2.42921572436573	2.69133190506578	2.95620067277516
2.24799108726318	2.43770819403149	2.70234172537067	2.96824333888777
2.25509941168237	2.43948053489054	2.70835239611694	2.96920193015589
2.26220773610155	2.45754413093187	2.71858648444636	2.98228844377471
2.26931606052074	2.46795608096792	2.72544478047061	2.98317907193731
2.27642438493992	2.47517415851072	2.73731741160294	2.995119362644
2.28353270935911	2.4812697271758	2.74495774446539	3.00945328402593
2.2906410337783	2.49096957551487	2.75193126650116	3.01541227546979
2.29774935819748	2.49673811694241	2.76108563859342	3.0228683461635
2.30485768261667	2.50752251206906	2.77002522095213	3.0344761934162
2.31196600703585	2.51726490357733	2.77954476065936	3.04195923225528
2.31907433145504	2.52494958300445	2.7885343775261	3.04782049844497
2.32618265587423	2.53636161414433	2.79801767876269	3.058252382002
2.33329098029341	2.54513749737477	2.80924067330021	3.06913566259148
2.3403993047126	2.55175687289464	2.81615465520686	3.07721641323045
2.34750762913178	2.55822920104464	2.82095360532177	3.08314662828706
2.35461595355097	2.57269449008575	2.83092535135644	3.09306512530149
2.36172427797016	2.57743067153126	2.84209517792995	3.100964351132
2.36883260238934	2.58925048506093	2.84656648410641	3.10897002180656
2.37594092680853	2.5983518766429	2.85854593337862	3.11964496713509
2.38304925122771	2.6069491444818	2.86875806337858	3.13032388052696
2.3901575756469	2.61822352047128	2.87582162065426	3.13924936620066
2.39726590006609	2.62452671726902	2.88507408351581	3.14366167102538
2.40437422448527	2.63302371735529	2.8931714347225	3.15560254359398
2.41148254890446	2.63751403951791	2.90303540954979	3.16710130950581
2.41859087332364	2.64986754627506	2.91123772527113	3.17566040640459
2.42569919774283	2.65452356800128	2.91898766254598	3.18290342996881
2.43280752216202	2.66273911197776	2.92758122754582	3.18770146851107
2.4399158465812	2.67777513621308	2.93859339260035	3.19706784734548
2.44702417100039	2.68207779253752	2.94671857512045	3.20978103082103
2.45413249541957	2.69175197959243	2.95482823473054	3.21806531199729
2.46124081983876	2.70074754282069	2.96320063479769	3.22712242383162
2.46834914425795	2.7107780680542	2.9706699096718	3.23930518633744
2.47545746867713	2.71450673898536	2.98067642682232	3.24442095074795
2.48256579309632	2.72382933352407	2.98969399560316	3.25482416655895
2.4896741175155	2.73698100307754	2.99955889383913	3.26077180996222
2.49678244193469	2.74249349595006	3.00828343557982	3.27001030061107
2.50389076635388	2.7509194383917	3.01693724436565	3.28083883395154
2.51099909077306	2.75867401797634	3.02496686255933	3.28482479067716
2.51810741519225	2.77020186677944	3.0325735101408	3.29899425296573
2.52521573961143	2.78215642335168	3.0423217469474	3.30455330771426
2.53232406403062	2.78485014024799	3.05238797843647	3.3114822257576
2.53943238844981	2.79803373134552	3.06091179636424	3.32302921497871
2.54654071286899	2.80895398761346	3.06737648153107	3.33385324383669
2.55364903728818	2.8133601982331	3.07716895904099	3.33715753995215
2.56075736170736	2.81974085893236	3.08568582167161	3.35140932095079
2.56786568612655	2.82859128666178	3.09349634602251	3.3566118300616
2.57497401054574	2.84160172608452	3.10317908860991	3.36745010188709
2.58208233496492	2.85039816986711	3.11411072756088	3.37622844456786
2.58919065938411	2.85739020258769	3.12204739567217	3.38637743280473
2.59629898380329	2.86771594023317	3.13074719320992	3.390051751521
2.60340730822248	2.87738620429161	3.13898003970589	3.40506711383838
2.61051563264167	2.88182252188719	3.14818075310365	3.41256265983479
2.61762395706085	2.89188992675862	3.15506117886947	3.42143513473876
2.62473228148004	2.9010773231206	3.16739629926881	3.42794739055496
2.63184060589922	2.91209924241709	3.17468301280895	3.43842927835725
2.63894893031841	2.9202525475612	3.18191033558488	3.44731000995005
2.6460572547376	2.93223399399973	3.19200304565813	3.45387460337215
2.65316557915678	2.93654883173724	3.19993228986471	3.46572233038212
2.66027390357597	2.94583914381522	3.21038547788463	3.47028742294815
2.66738222799515	2.95454823887119	3.21730700699998	3.48189921452075
2.67449055241434	2.95905892291389	3.22501032890676	3.48795408703717
2.68159887683353	2.97418996963984	3.23568534475881	3.5048182764352
2.68870720125271	2.97986919484158	3.24568919452339	3.51099919842653
2.6958155256719	2.99395843487315	3.25390626751111	3.51338442773758
2.70292385009108	2.99669213049868	3.26227436090376	3.52588263946424
2.71003217451027	3.00674111601889	3.27113669140918	3.53194280105369
2.71714049892946	3.01503021311852	3.27959194722734	3.54042549939513
2.72424882334864	3.02801047136522	3.28840675504764	3.55289577505857
2.73135714776783	3.03145394582992	3.29750665258479	3.56328597126188
2.73846547218701	3.04654176855113	3.30494592878254	3.57253699353226
2.7455737966062	3.04925760629227	3.31562771597138	3.58192641765991
2.75268212102539	3.05958757287787	3.32514149123999	3.58732407769267
2.75979044544457	3.06155625386936	3.33005387763288	3.59709003559745
2.76689876986376	3.07506082940041	3.34121430093609	3.6075583439586
2.77400709428294	3.08799202584551	3.34770836528759	3.61867848539978
2.78111541870213	3.0918312765764	3.35793154921354	3.61857082171494
2.78822374312132	3.09668189416107	3.36923779206696	3.63317556482198
2.7953320675405	3.10704829349515	3.37439400698997	3.64170592378106
2.80244039195969	3.11773487662441	3.38697699858328	3.65340545498663
2.80954871637887	3.12886670320992	3.39414877844473	3.6559655578877
2.81665704079806	3.13752552478388	3.40360975738053	3.66792831353639
2.82376536521725	3.15010983183034	3.41368048794866	3.67464853591055
2.83087368963643	3.15722328389755	3.41990430560185	3.68591045457476
2.83798201405562	3.16031894842841	3.43049726624822	3.69621317035321
2.8450903384748	3.17409202981755	3.43795799324655	3.70151688669292
2.85219866289399	3.18378523751374	3.44907259225453	3.7144711832141
2.85930698731318	3.18622248582163	3.45501785434647	3.71893842537651
2.86641531173236	3.19895558810964	3.46344089493302	3.72885011005559
2.87352363615155	3.21340082382688	3.4724802300366	3.73377635959808
2.88063196057073	3.21885046793521	3.48127694447808	3.74964864892831
2.88774028498992	3.2284935064616	3.48957959685201	3.75458557493489
2.89484860940911	3.23146870670744	3.49848005879717	3.76401587550247
2.90195693382829	3.24215221353583	3.50720983713245	3.77283200041087
2.90906525824748	3.25017335912047	3.5157848913716	3.78362927651428
2.91617358266666	3.26099971022858	3.52705058668712	3.79454393585233
2.92328190708585	3.27241797081648	3.53647051536495	3.8025473741782
2.93039023150504	3.27610491678782	3.53972895737819	3.80977060030383
2.93749855592422	3.28602487786591	3.55287292637885	3.81497808909073
2.94460688034341	3.29438020281625	3.55940261064806	3.82936460934268
2.95171520476259	3.30359569879434	3.56945737308607	3.83574319985678
2.95882352918178	3.3138906644804	3.57991794395271	3.84577587419072
2.96593185360097	3.31743704495931	3.58868575472561	3.85705436404154
2.97304017802015	3.32999806988307	3.59690570843747	3.86060354614543
2.98014850243934	3.33796874949414	3.60361758514319	3.87061316658467
2.98725682685852	3.34767660294482	3.611272844	3.87916554541494
2.99436515127771	3.3536221595845	3.62417996931794	3.89258355237722
3.0014734756969	3.36159051954083	3.63083624642794	3.89926788944915
3.00858180011608	3.37681498325466	3.64095755040118	3.90423036006618
3.01569012453527	3.3801859884395	3.65032374807825	3.91564293232238
3.02279844895445	3.38677922334874	3.65787563415478	3.92592129909682
3.02990677337364	3.40449953530726	3.66669070440616	3.93587607676221
3.03701509779283	3.40766412649165	3.6752035000201	3.93923095868191
3.04412342221201	3.41296873427396	3.68122011110691	3.94980060233552
3.0512317466312	3.42721652552644	3.69203539877356	3.96052369068219
3.05834007105038	3.43943285642977	3.7004822905225	3.97053973377362
3.06544839546957	3.44455975874309	3.71071111845803	3.97507073682721
3.07255671988876	3.4562712376572	3.71939141451081	3.98419380496301
3.07966504430794	3.46434834007329	3.72764503062926	3.99681403513457
3.08677336872713	3.46802605254935	3.73606043599666	4.00344379283767
3.09388169314631	3.48100924458142	3.74491850492772	4.01269605828628
3.1009900175655	3.4887608821773	3.75483883898745	4.0238554103595
3.10809834198469	3.49716240406273	3.76381369450768	4.0285656650533
3.11520666640387	3.5048521659291	3.77132503880325	4.03627449914032
3.12231499082306	3.5095316794059	3.77881050424874	4.04729399407814
3.12942331524224	3.5201591440054	3.78961847879331	4.05436142633856
3.13653163966143	3.53378348970286	3.79668864439173	4.06557750811086
3.14363996408062	3.54148851171454	3.8062069696402	4.07793113512564
3.1507482884998	3.54774734373549	3.81434952113299	4.08294430087777
3.15785661291899	3.55386799262926	3.82318805447458	4.0916755095303
3.16496493733817	3.56509148728643	3.83228578738404	4.10023100261804
3.17207326175736	3.57661443245956	3.83985792518615	4.10676863427238
3.17918158617655	3.58342578374257	3.85004589206614	4.11748548423573
3.18628991059573	3.584965647275	3.86193146013412	4.12938163216148
3.19339823501492	3.60205374819025	3.86668592411634	4.13380226412458
3.2005065594341	3.60618199395913	3.87723168152275	4.14337779955859
3.20761488385329	3.61785962807326	3.88327413193996	4.15179397732036
3.21472320827248	3.61742165870162	3.89221494635044	4.15881463861565
3.22183153269166	3.63198906848186	3.90127345557776	4.16724144213806
3.22893985711085	3.64861139683765	3.9104929189915	4.17954475564751
3.23604818153003	3.65649615841729	3.92170986089019	4.18893127190958
3.24315650594922	3.66431991588546	3.92923557519315	4.19321296167474
3.25026483036841	3.66856808974093	3.93857374626393	4.20346441762373
3.25737315478759	3.68090703298598	3.94762413115215	4.21323900685604
3.26448147920678	3.68448782813128	3.95619336069125	4.22254731870161
3.27158980362596	3.69511716772068	3.9656846822412	4.23647485496813
3.27869812804515	3.70664810982936	3.97482265098314	4.2440178098779
3.28580645246434	3.71293875080763	3.98145995968774	4.24917477610888
3.29291477688352	3.72103816961533	3.9885373075077	4.25672204033529
3.30002310130271	3.73187082437956	3.99775822528011	4.26849825754506
3.30713142572189	3.73616248087949	4.00802385967923	4.27702302830435
3.31423975014108	3.74994681958774	4.01701240190773	4.29232324076087
3.32134807456027	3.75933713177688	4.02523982704163	4.29800799777542
3.32845639897945	3.76408086255004	4.03428794187022	4.30540263953144
3.33556472339864	3.77561007447516	4.04250618348138	4.31554759703857
3.34267304781782	3.78304132307985	4.05347403841264	4.32251357588961
3.34978137223701	3.78848061061248	4.06097525595366	4.33194708315438
3.3568896966562	3.80349507941981	4.07087303981131	4.34537743666295
3.36399802107538	3.80858359930825	4.08097462639862	4.35095592186068
3.37110634549457	3.81862068652365	4.08770478021161	4.35397213758207
3.37821466991375	3.83258631050565	4.09726471033138	4.36273292247368
3.38532299433294	3.83591436119129	4.10544175195496	4.37166070827313
3.39243131875213	3.83980459022137	4.11264790546335	4.38121306460478
3.39953964317131	3.85216448894419	4.12325554372733	4.39197035300237
3.4066479675905	3.86140770366457	4.13144991392717	4.39890531844409
3.41375629200968	3.87184391551945	4.13915269244303	4.40681555029352
3.42086461642887	3.87955797990369	4.14877000289474	4.41556733973025
3.42797294084806	3.88861808655785	4.15809489857666	4.42980669532791
3.43508126526724	3.89669509671562	4.16743945028071	4.43409217231725
3.44218958968643	3.90342479845853	4.17568273006572	4.44423216793891
3.44929791410561	3.9123366127398	4.18133421553514	4.4525464195529
3.4564062385248	3.9207343734687	4.19185361958768	4.46499186671233
3.46351456294399	3.93062148479112	4.19960031469659	4.47062073200092
3.47062288736317	3.93779045610291	4.21001930033961	4.48181967381228
3.47773121178236	3.95158497147226	4.218358406026	4.48790465914231
3.48483953620154	3.95448409443969	4.22709724707466	4.49976238662206
3.49194786062073	3.96428530023203	4.23425782114301	4.50521133722665
3.49905618503992	3.97638958439363	4.24487683243297	4.51240663031429
3.5061645094591	3.98160362152737	4.25372868767908	4.5279704849337
3.51327283387829	3.99569015069331	4.26379486116462	4.53587640810072
3.52038115829747	3.99980629016344	4.27285889031337	4.54119164256329
3.52748948271666	4.01321517149221	4.27814144793975	4.55021279775491
3.53459780713585	4.01971253637937	4.28965809198402	4.55989777235511
3.54170613155503	4.02804378845993	4.29813725489065	4.56732304186044
3.54881445597422	4.02973340579382	4.30681497973087	4.57506447427007
3.5559227803934	4.04253340354948	4.31339229651793	4.58550890577967
3.56303110481259	4.05739825025358	4.32445359288027	4.59270047253864
3.57013942923178	4.06057326815944	4.33211635303626	4.60278063676659
3.57724775365096	4.07288145949672	4.3415361594972	4.61435408542843
3.58435607807015	4.07559601613334	4.34817008514745	4.61827631010319
3.59146440248933	4.08682035909101	4.3584087509744	4.63298979316104
3.59857272690852	4.09351144223328	4.36863810917859	4.63682750432007
3.60568105132771	4.1086099920713	4.37574340462864	4.65202710418066
3.61278937574689	4.11726822799345	4.38733206285257	4.65642484177115
3.61989770016608	4.12130412708661	4.39488225353982	4.66338731784554
3.62700602458526	4.13622297837416	4.4041389433058	4.67315275038552
3.63411434900445	4.14206678444748	4.4120005092414	4.68102810529058
3.64122267342364	4.14903344005758	4.42262951984277	4.69090808697875
3.64833099784282	4.15801914760837	4.42678415240179	4.70229480108861
3.65543932226201	4.16449542261456	4.43973250526447	4.71006108946313
3.66254764668119	4.17821925967367	4.44593519333293	4.71648477251895
3.66965597110038	4.18404003712339	4.45717639233778	4.72501002310164
3.67676429551957	4.19503907004135	4.46580995971991	4.74104386177471
3.68387261993875	4.20287190366714	4.47505142227805	4.74907214326362
3.69098094435794	4.20970301999593	4.48317599310565	4.75802909961545
3.69808926877712	4.22116325442596	4.4904358370814	4.76271334536503
3.70519759319631	4.22675557066858	4.49917682865537	4.7706847005734
3.7123059176155	4.23697460638421	4.50977130751582	4.77987369838113
3.71941424203468	4.24148804658827	4.51910114444306	4.79133361383031
3.72652256645387	4.25177914759493	4.5278815423025	4.79553225461613
3.73363089087305	4.26390287354915	4.53486037179668	4.80508782521629
3.74073921529224	4.27036481569217	4.54445968497389	4.80921963704313
3.74784753971143	4.27602187935091	4.55030381957034	4.82688702824244
3.75495586413061	4.2894934878858	4.56115147567447	4.83484575596622
3.7620641885498	4.29733864121278	4.56806601856814	4.84084231463263
3.76917251296898	4.30671586219375	4.58205522922578	4.8549208775958
3.77628083738817	4.3181252924272	4.58921803830373	4.86266342711984
3.78338916180736	4.31716778060934	4.59586273810595	4.87033237577791
3.79049748622654	4.33188003921271	4.60525553960569	4.8820811484723
3.79760581064573	4.33935690331337	4.61358572032015	4.89225969231305
3.80471413506491	4.35361710140576	4.62412288239571	4.90030723223082
3.8118224594841	4.36372215389448	4.63183797118028	4.90439759745317
3.81893078390329	4.36446698926947	4.63884040888003	4.91584253188874
3.82603910832247	4.37479765076368	4.65047738848059	4.92197076761719
3.83314743274166	4.38469079231628	4.65757881259497	4.92963656013372
3.84025575716084	4.38779907591954	4.66617454540888	4.94526770372662
3.84736408158003	4.39948910206913	4.67698332223345	4.94531813759275
3.85447240599922	4.40814879248229	4.68466784489464	4.95479179218387
3.8615807304184	4.41904079896628	4.69234968152376	4.96445506308327
3.86868905483759	4.42649695934779	4.70053056415514	4.97396063902542
3.87579737925678	4.43496666610044	4.7121139614478	4.98237144989975
3.88290570367596	4.44117710651987	4.71846708300244	4.99444323669712
3.89001402809515	4.4543876130907	4.72807751651629	5.00305844665972
3.89712235251433	4.46074629867999	4.73711489632043	5.00973706335942
3.90423067693352	4.47224705355936	4.74840163127323	5.02413981702376
3.9113390013527	4.48049152776064	4.75311354246439	5.03277074406614
3.91844732577189	4.48488034704785	4.76348449766406	5.03764728468003
3.92555565019108	4.4969464212346	4.77221418833233	5.04652715347016
3.93266397461026	4.50616250905095	4.78061901266759	5.05303659663925
3.93977229902945	4.5143452540417	4.78711845647915	5.06674983709163
3.94688062344863	4.52665491623513	4.79931203022166	5.07150090496206
3.95398894786782	4.53323272601326	4.80475553456746	5.07959753698378
3.96109727228701	4.54211044554248	4.81764009154181	5.08948372206204
3.96820559670619	4.55456776910103	4.82550534463851	5.09717075375363
3.97531392112538	4.56086719831023	4.83212511816055	5.10626571422368
3.98242224554457	4.5686908526121	4.84142821439229	5.11650860904268
3.98953056996375	4.56954801699252	4.85198217843323	5.12638982152423
3.99663889438294	4.58154373754095	4.86023705421392	5.1363956820043
4.00374721880212	4.59028804461733	4.86782703017481	5.14580712874381
4.01085554322131	4.60151620254662	4.87657211797987	5.14920103086024
4.01796386764049	4.61206423156343	4.88475251702651	5.16081829427695
4.02507219205968	4.62149360939247	4.89456071127026	5.17074468699465
4.03218051647887	4.62970512355977	4.90574603488422	5.18147649971945
4.03928884089805	4.63488757591956	4.91192474884833	5.18593693696993
4.04639716531724	4.64831529897953	4.92154530815795	5.19560142133204
4.05350548973643	4.6525296370278	4.93093271647819	5.20992395450421
4.06061381415561	4.66696419769317	4.93857777045461	5.21395036349639
4.0677221385748	4.67225959387572	4.94812942992765	5.22130914386305
4.07483046299398	4.68408863832907	4.9562698595813	5.23487171116316
4.08193878741317	4.68635369219686	4.96552262399571	5.23568755068088
4.08904711183236	4.70442437209505	4.9760012268391	5.25377354036343
4.09615543625154	4.71080559297151	4.98579178861694	5.26206679355793
4.10326376067073	4.71738509744667	4.99119586380853	5.26748004601152
4.11037208508991	4.72321804208344	4.99957132615023	5.27867227030408
4.1174804095091	4.72864699265143	5.00875479208367	5.28595715004622
4.12458873392828	4.74491164990426	5.01693792040092	5.29751194577546
4.13169705834747	4.75175620615369	5.02767165284759	5.3028258497258
4.13880538276666	4.7579043906012	5.03406662687056	5.31188623232231
4.14591370718584	4.76405134811965	5.04438957753795	5.32231621114851
4.15302203160503	4.77323633998515	5.05324392156328	5.33274684331833
4.16013035602422	4.78604661012432	5.06194141895006	5.33943352873521
4.1672386804434	4.79344307351814	5.07020709280404	5.34327322514692
4.17434700486259	4.80499416724341	5.07984903310472	5.35678824607317
4.18145532928177	4.8077774452052	5.08803234981112	5.36781305735576
4.18856365370096	4.81858069755537	5.09721963412385	5.37721655986931
4.19567197812015	4.82764314075177	5.10630383734963	5.38371373316204
4.20278030253933	4.83602248118855	5.11485271155472	5.39133766787409
4.20988862695852	4.84922688735242	5.12453989159412	5.39862022566668
4.2169969513777	4.85509263792879	5.13121897382946	5.40676503030016
4.22410527579689	4.86103311266821	5.13988509010706	5.41684460967218
4.23121360021607	4.87124180072322	5.14797602287425	5.42249446809095
4.23832192463526	4.87813229400496	5.15778609625573	5.43674695857536
4.24543024905445	4.8846286857738	5.1660865662605	5.44682133179264
4.25253857347363	4.89698918534808	5.17717423735311	5.45165558874225
4.25964689789282	4.89363511441835	5.18243820321424	5.4611455560822
4.26675522231201	4.91372402872883	5.19278239421159	5.46954336512559
4.27386354673119	4.91938624290153	5.20081533767911	5.47857613137428
4.28097187115038	4.92808624909548	5.21236654735197	5.48575861930429
4.28808019556956	4.93646023863964	5.22057917834412	5.49849755145772
4.29518851998875	4.94689600890299	5.22986427133702	5.50995770238016
4.30229684440794	4.96127629109169	5.23481779234058	5.51832737665228
4.30940516882712	4.96535702346124	5.24665050748638	5.52808505109101
4.31651349324631	4.97574879264887	5.25659352559309	5.53285612421642
4.32362181766549	4.98502345056254	5.2646761522076	5.5425998865093
4.33073014208468	4.99460889723901	5.27456196447702	5.55361224581502
4.33783846650386	4.99892949345142	5.27898177904386	5.56087268435547
4.34494679092305	5.01650284590966	5.28944227114455	5.56650641843381
4.35205511534224	5.02261721417506	5.29901476112627	5.58169288274572
4.35916343976142	5.02512100823445	5.30855048878204	5.59316004307674
4.36627176418061	5.03355358320314	5.31488400115363	5.59677360536887
4.3733800885998	5.04963493779627	5.32790202032232	5.60793705946525
4.38048841301898	5.05088046127608	5.33076733818866	5.61069357511784
4.38759673743817	5.06086586870406	5.34296370650402	5.62256311165657
4.39470506185735	5.07600485431174	5.35002840040557	5.62809522485966
4.40181338627654	5.08010060685689	5.3616442406792	5.6396496822199
4.40892171069573	5.08555606219176	5.37019101032003	5.64861059542002
4.41603003511491	5.09494911991186	5.37988807042308	5.65908351967865
4.4231383595341	5.10934746900846	5.38796508456782	5.66685021686839
4.43024668395328	5.11849704063019	5.39515231854268	5.67290070605377
4.43735500837247	5.12255019096039	5.40342459537815	5.68561274724239
4.44446333279166	5.13063786357519	5.41266667012305	5.69189746651418
4.45157165721084	5.13736718112022	5.42081709249811	5.70242401776711
4.45867998163003	5.14634129659513	5.43074254370083	5.71242889309199
4.46578830604921	5.15820137804185	5.43771926415265	5.722892798997
4.4728966304684	5.16996246837235	5.44971797918248	5.72951823251765
4.48000495488759	5.17958503137273	5.4583418762554	5.74258564145724
4.48711327930677	5.18562990107197	5.46660639268779	5.7492889061454
4.49422160372596	5.19502476470541	5.47647706829884	5.75430498026784
4.50132992814514	5.2046286400865	5.48573026026762	5.76382066493727
4.50843825256433	5.20604493192453	5.49013000880587	5.77139872710224
4.51554657698352	5.21535749795805	5.50110365006069	5.78028471952093
4.5226549014027	5.2266279881138	5.50904513264146	5.79273347956468
4.52976322582189	5.24299590423943	5.51730429315235	5.79732781378152
4.53687155024107	5.24512026566304	5.52615550872009	5.8090249325805
4.54397987466026	5.25830896472779	5.53694432877597	5.81645601606962
4.55108819907945	5.26231253872105	5.54631650638897	5.83214176604587
4.55819652349863	5.26980926626304	5.55076467126117	5.83523082813966
4.56530484791782	5.28015027311534	5.56179493618436	5.84055461869377
4.572413172337	5.28536149491998	5.57016623569453	5.84973634880953
4.57952149675619	5.29635729823051	5.58007872499244	5.86289793280993
4.58662982117538	5.31325727791736	5.58829580732177	5.86922228590754
4.59373814559456	5.30931981223531	5.59754045220292	5.87973409098012
4.60084647001375	5.31855243976368	5.60442591988847	5.88927910354531
4.60795479443293	5.33183635937397	5.6163473765416	5.89860838960193
4.61506311885212	5.34507765615572	5.62466357134571	5.90555588820537
4.62217144327131	5.34950738115623	5.63411072801553	5.91101687368608
4.62927976769049	5.36007644034633	5.64001401705554	5.924785568086
4.63638809210968	5.36896819489913	5.65185106348416	5.93612876084689
4.64349641652886	5.37754364672714	5.66013324947434	5.94132515096912
4.65060474094805	5.38451023371932	5.66726850018887	5.94806256531875
4.65771306536724	5.39520593216436	5.67536642622418	5.95830241157768
4.66482138978642	5.4041038114116	5.68594516358395	5.9671682190123
4.67192971420561	5.40795230034238	5.69334842702043	5.97851464223309
4.67903803862479	5.41605407006022	5.70341998965195	5.98253177191765
4.68614636304398	5.42695600332272	5.71124943068176	5.99019448113055
4.69325468746317	5.439541193967	5.71918593320936	6.00410092041373
4.70036301188235	5.44501841515681	5.72752898042446	6.01556863830004
4.70747133630154	5.45366318019941	5.73770013432375	6.01974051341502
4.71457966072072	5.46228916123926	5.74586006649835	6.03069881908903
4.72168798513991	5.47417693388875	5.7541845832905	6.04024051392366
4.7287963095591	5.47811390769036	5.76109816604781	6.0479257643549
4.73590463397828	5.48880702981403	5.77328284162441	6.05227517758914
4.74301295839747	5.49838494960497	5.7816123889132	6.06680743738006
4.75012128281665	5.50884419973546	5.79368748638766	6.07702446797083
4.75722960723584	5.51369013148501	5.79867042494167	6.08541712328607
4.76433793165503	5.5186110590534	5.80837098887302	6.09129593740008
4.77144625607421	5.53263190111338	5.81698133738323	6.10173072617159
4.7785545804934	5.54297012923488	5.82645075036482	6.10987467488097
4.78566290491258	5.54760028178006	5.83203866229657	6.11940068799872
4.79277122933177	5.56335514951387	5.84055368507581	6.13031000540597
4.79987955375096	5.56943920340628	5.8516614280454	6.13450584050118
4.80698787817014	5.57195074902136	5.85925934363857	6.14062212260753
4.81409620258933	5.58043214315298	5.87011044655646	6.1576260215278
4.82120452700851	5.59164715697127	5.87821592200157	6.16405247455806
4.8283128514277	5.59814770079065	5.88579773359706	6.16612955203703
4.83542117584689	5.61006683354681	5.89539658189054	6.18023509523982
4.84252950026607	5.6230847583598	5.90269858899654	6.19111668898083
4.84963782468526	5.62841364611429	5.91343932248342	6.19985064452561
4.85674614910444	5.63863102609028	5.92222538203269	6.20937252060899
4.86385447352363	5.64047487894658	5.93120938720967	6.21737970073228
4.87096279794282	5.65275765733945	5.93905478295701	6.22432596787559
4.878071122362	5.65979261716596	5.9482782425374	6.23436471646728
4.88517944678119	5.66813864255322	5.95813416934862	6.24190960400045
4.89228777120037	5.6798649376898	5.96411516871053	6.24842175968271
4.89939609561956	5.6894357550481	5.97407202147175	6.25823193700401
4.90650442003875	5.69557063962835	5.98478348790914	6.27257657139221
4.91361274445793	5.70387137910178	5.99165295432151	6.27762136587822
4.92072106887712	5.71332840381225	5.99970539101329	6.29014320227091
4.9278293932963	5.72152546992061	6.01007061195392	6.2930942468815
4.93493771771549	5.7342028034281	6.01777641598282	6.30531496783892
4.94204604213468	5.73918126416334	6.02623885617466	6.31259840391695
4.94915436655386	5.74821166009379	6.03619013090472	6.32471248898004
4.95626269097305	5.75542824149946	6.04525954227908	6.32820141776568
4.96337101539223	5.76284702097336	6.0529536368181	6.34113829311949
4.97047933981142	5.76839235815915	6.06182084102375	6.35193454749602
4.97758766423061	5.77981594157062	6.07042829706455	6.35808519937466
4.98469598864979	5.79809170564366	6.08042324000146	6.3722231990132
4.99180431306898	5.80361026156732	6.09077964681475	6.37588436409109
4.99891263748816	5.80735603435078	6.09524389483179	6.3818321522731
5.00602096190735	5.81401632773479	6.10549678950317	6.39642175948319
5.01312928632654	5.82490265503766	6.11764114157779	6.40005509394838
5.02023761074572	5.834830402622	6.12459854881917	6.40960023886961
5.02734593516491	5.84460922334715	6.13264914865335	6.42123313001529
5.03445425958409	5.85218658281882	6.14284859064799	6.43495940965947
5.04156258400328	5.86090864821492	6.15155203712506	6.43881861390839
5.04867090842247	5.87679087509998	6.16215370398104	6.44467219216782
5.05577923284165	5.87201943534303	6.16704107963231	6.45422012359175
5.06288755726084	5.889064477211	6.17526192275128	6.46639076109344
5.06999588168002	5.8951105872941	6.1849392526005	6.47337409993339
5.07710420609921	5.90279893164694	6.19425845993577	6.4882995605045
5.0842125305184	5.91142191788747	6.20225654396466	6.49555082829974
5.09132085493758	5.9248049325832	6.21034947430079	6.50245169599679
5.09842917935677	5.93056134645546	6.21814227084884	6.51205665326769
5.10553750377595	5.9415489448	6.22979597184126	6.51225409585613
5.11264582819514	5.94581200507716	6.2392030068351	6.52955018000827
5.11975415261433	5.96161744756372	6.24630299123629	6.53380007064023
5.12686247703351	5.96522346542923	6.25554774409787	6.54422460631922
5.1339708014527	5.97781656382167	6.26498607133251	6.55367706633264
5.14107912587188	5.98397718779094	6.27464714515613	6.56304842276236
5.14818745029107	5.99117918436493	6.28025155611948	6.57546068023119
5.15529577471026	5.99957686180129	6.2918118120759	6.5816901956643
5.16240409912944	6.00529834609271	6.30041509441656	6.58654219364835
5.16951242354863	6.01656130870544	6.30845977177005	6.60001867317338
5.17662074796781	6.03145762127406	6.31705853759566	6.60983589506733
5.183729072387	6.0331222965599	6.3272507719514	6.61700918683457
5.19083739680619	6.04546083645277	6.33185065558522	6.6316362789359
5.19794572122537	6.05356925259128	6.34406067212701	6.63804318318278
