"mitochan"	"lwrNorm"	"medNorm"	"uprNorm"
-1.90327037354145	-3.46906271429858	-2.32979690153103	-1.189217648471
-1.89692877396533	-3.46337702834134	-2.32112505210675	-1.19457328635583
-1.89058717438921	-3.44407315517238	-2.31475142408062	-1.18925180453661
-1.88424557481309	-3.44093112326652	-2.30706629114829	-1.18906068227221
-1.87790397523697	-3.42130080932099	-2.29354654125764	-1.17024922643487
-1.87156237566085	-3.42004601491613	-2.28963761469824	-1.16493723101938
-1.86522077608473	-3.39446071493532	-2.28198539111487	-1.16823376658851
-1.85887917650861	-3.38641210618665	-2.27675277934624	-1.16534535867521
-1.85253757693249	-3.38425471098332	-2.26750025410575	-1.15249652825263
-1.84619597735637	-3.36697178026716	-2.25981202965997	-1.14920008149152
-1.83985437778025	-3.36672879082266	-2.25076434726615	-1.14565119113837
-1.83351277820413	-3.36416828158278	-2.24564841564838	-1.14237540689807
-1.82717117862801	-3.33329822797674	-2.23528521929629	-1.13159468330766
-1.8208295790519	-3.3291366407806	-2.22939909981192	-1.13512797738658
-1.81448797947578	-3.32487183649013	-2.22241037437362	-1.1158053787011
-1.80814637989966	-3.31554384975667	-2.2150573251718	-1.12605927741308
-1.80180478032354	-3.31180688653221	-2.20628814028083	-1.11338623869777
-1.79546318074742	-3.28840055372374	-2.19801301877518	-1.10642095525208
-1.7891215811713	-3.28165299944226	-2.18804880104338	-1.10066349735483
-1.78277998159518	-3.27786302224194	-2.18287432039437	-1.10456359788697
-1.77643838201906	-3.26875872490823	-2.17510282170228	-1.10466593149834
-1.77009678244294	-3.25701743657563	-2.16943812291576	-1.08383112345123
-1.76375518286682	-3.24927222874511	-2.16446915378578	-1.0804972157063
-1.7574135832907	-3.23122798098546	-2.15408990907952	-1.07194791252385
-1.75107198371458	-3.22156939376809	-2.14935562860109	-1.0594390697254
-1.74473038413846	-3.21501995954811	-2.14097369337907	-1.07816254779116
-1.73838878456234	-3.1990861366173	-2.132931612989	-1.07092068239007
-1.73204718498622	-3.18952369832592	-2.12574504948317	-1.05648318517891
-1.7257055854101	-3.17882031780047	-2.11497443949771	-1.04656022862606
-1.71936398583398	-3.1793091271961	-2.11048082526606	-1.05420381925916
-1.71302238625786	-3.16100070465	-2.09865501861651	-1.04159029342304
-1.70668078668174	-3.14895556291267	-2.0946741084831	-1.03331597996389
-1.70033918710562	-3.14094425405303	-2.08500279015846	-1.03332746323421
-1.69399758752951	-3.13447346129511	-2.07780845811077	-1.02807756235045
-1.68765598795339	-3.13177412889964	-2.07194598316984	-1.02520244106977
-1.68131438837727	-3.10490059113839	-2.05811991685147	-1.02229352171146
-1.67497278880115	-3.10053829799529	-2.05652005825364	-1.02259392310094
-1.66863118922503	-3.08546569958563	-2.04699379657138	-1.00700853410717
-1.66228958964891	-3.0798099216741	-2.03561243004131	-1.00692305428979
-1.65594799007279	-3.07361272814634	-2.03164319446834	-0.997088650085413
-1.64960639049667	-3.05716994803074	-2.02759958511798	-0.992576261315497
-1.64326479092055	-3.04503355072192	-2.02132164191029	-0.985201156249851
-1.63692319134443	-3.03868416503863	-2.01246488961715	-0.983699887803852
-1.63058159176831	-3.03206679905688	-1.99923051433904	-0.975941578086302
-1.62423999219219	-3.00580640830657	-1.99845243048157	-0.97165845405286
-1.61789839261607	-3.01550469636169	-1.98841517368858	-0.95733171027306
-1.61155679303995	-2.99456735193036	-1.97971013917462	-0.968182341686396
-1.60521519346383	-2.99175707318286	-1.97565480139938	-0.952391850045523
-1.59887359388771	-2.97231945648791	-1.96529374084758	-0.953473686979404
-1.59253199431159	-2.96765583037988	-1.95846548276778	-0.937786188389498
-1.58619039473547	-2.96129995025249	-1.95457796557942	-0.943384584786174
-1.57984879515935	-2.94711982557028	-1.94152928243769	-0.939896582372453
-1.57350719558323	-2.94231357659421	-1.93513856740894	-0.925997197129845
-1.56716559600711	-2.92686328111631	-1.92762348497189	-0.926246313713694
-1.560823996431	-2.92428213600677	-1.92091998844598	-0.921135856654513
-1.55448239685488	-2.90701351137028	-1.91024483007197	-0.914819958240319
-1.54814079727876	-2.89853218481093	-1.90573649154457	-0.912259143167268
-1.54179919770264	-2.88906448330416	-1.89710828119036	-0.897625119261252
-1.53545759812652	-2.87914847830201	-1.88894393572056	-0.901259663540404
-1.5291159985504	-2.87135892701721	-1.88041061052046	-0.902119743892454
-1.52277439897428	-2.85503105602954	-1.87320663816794	-0.891351767872627
-1.51643279939816	-2.85481261845642	-1.86726445763038	-0.896220464217587
-1.51009119982204	-2.83502163423905	-1.85753779945531	-0.874613025738098
-1.50374960024592	-2.8286547806384	-1.8502152133082	-0.88036473572045
-1.4974080006698	-2.81952573622778	-1.84297215561142	-0.866684531865744
-1.49106640109368	-2.80687991567974	-1.84223805799205	-0.872697189656022
-1.48472480151756	-2.79112261885128	-1.83299337606236	-0.868788107708932
-1.47838320194144	-2.78811491766112	-1.8215904243166	-0.849709014429281
-1.47204160236532	-2.78664096470728	-1.81758034633187	-0.854734211471885
-1.4657000027892	-2.77736119093703	-1.80692592298015	-0.846984289692613
-1.45935840321308	-2.76135416509179	-1.79859013058133	-0.847923246615312
-1.45301680363696	-2.75216721076138	-1.79568286582073	-0.840816782714681
-1.44667520406084	-2.73743025593376	-1.7856423931957	-0.828410635165457
-1.44033360448472	-2.73067431814327	-1.77440407375842	-0.83034776631689
-1.43399200490861	-2.72352287639066	-1.77154587542339	-0.816947620092114
-1.42765040533249	-2.70201792924436	-1.76208799029514	-0.810582947187064
-1.42130880575637	-2.69688796518379	-1.75295356232497	-0.808561916904661
-1.41496720618025	-2.68539739104491	-1.74564080960487	-0.799497328631182
-1.40862560660413	-2.671950177494	-1.73834283733234	-0.797784074652065
-1.40228400702801	-2.67185293766832	-1.73051667767363	-0.785357325885058
-1.39594240745189	-2.66235477953482	-1.7219728200531	-0.795830935618939
-1.38960080787577	-2.64705190770186	-1.71423715855345	-0.787139359305239
-1.38325920829965	-2.63742481961089	-1.70899265578899	-0.781764998613861
-1.37691760872353	-2.62415014887559	-1.70127087971113	-0.765487659464736
-1.37057600914741	-2.63127896824508	-1.68941372813979	-0.7737752088587
-1.36423440957129	-2.60483951938509	-1.68409393910625	-0.761476685090467
-1.35789280999517	-2.59936355189121	-1.67825968002894	-0.758187758595566
-1.35155121041905	-2.59575581185217	-1.67167255365504	-0.744508254659817
-1.34520961084293	-2.58056227480328	-1.66148024967475	-0.747916987095713
-1.33886801126681	-2.56514794848049	-1.6530712104421	-0.738305412415159
-1.33252641169069	-2.55283336144985	-1.64794765240658	-0.730447670580326
-1.32618481211457	-2.55528779207023	-1.64016017128148	-0.734733283771407
-1.31984321253845	-2.54104180367939	-1.6311984305988	-0.731334741741799
-1.31350161296233	-2.52890024191791	-1.62624557354062	-0.728756311334693
-1.30716001338621	-2.52618569089298	-1.62012379738065	-0.709023648449279
-1.3008184138101	-2.52212364536921	-1.60836529052531	-0.71206682713405
-1.29447681423398	-2.50784751068628	-1.60040572542969	-0.701306536673218
-1.28813521465786	-2.49326817819463	-1.59511459422598	-0.698991336607662
-1.28179361508174	-2.4948988442273	-1.5816313833416	-0.701910478176883
-1.27545201550562	-2.47651648279442	-1.57746597029707	-0.689173176239099
-1.2691104159295	-2.45758749900847	-1.56959410981305	-0.676960047177104
-1.26276881635338	-2.45451576344989	-1.56313146085695	-0.677513764947925
-1.25642721677726	-2.43864450564313	-1.55606596395282	-0.68446609616372
-1.25008561720114	-2.43050201415792	-1.55123451005128	-0.655681941611578
-1.24374401762502	-2.42023480765466	-1.54238283378454	-0.6748354892663
-1.2374024180489	-2.40731057553273	-1.53415866532383	-0.655453691155585
-1.23106081847278	-2.40071699682976	-1.52289783488186	-0.642339892246352
-1.22471921889666	-2.40932951771372	-1.51911998381193	-0.643206975798209
-1.21837761932054	-2.38913519335505	-1.51451654488336	-0.649036587262287
-1.21203601974442	-2.3702429909414	-1.50290883553206	-0.636561558092864
-1.2056944201683	-2.36618150546337	-1.49853765467873	-0.635593795825306
-1.19935282059218	-2.35858241345342	-1.48821351588607	-0.625882817616505
-1.19301122101606	-2.34314390900498	-1.4805526745287	-0.621142335093373
-1.18666962143994	-2.33760273872904	-1.47475308060425	-0.610728022047043
-1.18032802186382	-2.3310071877117	-1.4634811633479	-0.620340163561913
-1.17398642228771	-2.31897539835403	-1.46028619173697	-0.606731065721266
-1.16764482271159	-2.30983458844924	-1.45412405338476	-0.59672952032815
-1.16130322313547	-2.29205441543678	-1.43961934539046	-0.587611445270551
-1.15496162355935	-2.28995583771066	-1.43528563743397	-0.584341416003538
-1.14862002398323	-2.27685373984017	-1.42764612764858	-0.589715769354106
-1.14227842440711	-2.25858801672008	-1.42060797247622	-0.569743051972569
-1.13593682483099	-2.26179439416601	-1.41504659371143	-0.572775987796734
-1.12959522525487	-2.24860788456687	-1.40616344597791	-0.569445538848333
-1.12325362567875	-2.24064304267979	-1.3935146638152	-0.553809581710307
-1.11691202610263	-2.23509853975917	-1.39146781348905	-0.544039217512646
-1.11057042652651	-2.22556559229455	-1.38019179259836	-0.541748046707613
-1.10422882695039	-2.1989462079976	-1.37368572692838	-0.547319189278553
-1.09788722737427	-2.18773695253945	-1.36953335063477	-0.533140608023098
-1.09154562779815	-2.18812695371412	-1.36062188085367	-0.539361970259984
-1.08520402822203	-2.17812565684178	-1.35435493783339	-0.528683982274736
-1.07886242864591	-2.16646769290792	-1.34294782371511	-0.523415953735623
-1.07252082906979	-2.15759638301813	-1.34066985712398	-0.518213002127934
-1.06617922949367	-2.14458498286127	-1.32947000435255	-0.510070522717104
-1.05983762991755	-2.14499354010637	-1.32047453918357	-0.507110965682337
-1.05349603034143	-2.13319604528247	-1.3148677435311	-0.501726729956487
-1.04715443076531	-2.116305980268	-1.30597729302404	-0.496057049657407
-1.0408128311892	-2.11415618144527	-1.2989560137159	-0.49659642328721
-1.03447123161308	-2.10385538445125	-1.29455111065643	-0.486725171470052
-1.02812963203696	-2.08873503113035	-1.28182097962633	-0.474029962122868
-1.02178803246084	-2.08340572057028	-1.27596897275572	-0.478425315641846
-1.01544643288472	-2.0669456702731	-1.27066432439085	-0.466886900344693
-1.0091048333086	-2.07826748482272	-1.2614906572366	-0.460802816704612
-1.00276323373248	-2.05109355750407	-1.25554378233746	-0.462016221213136
-0.996421634156359	-2.04739527666066	-1.2504236109428	-0.453013701074344
-0.990080034580239	-2.02953610645514	-1.24029983108177	-0.449330032297057
-0.98373843500412	-2.02322547475457	-1.23312402173567	-0.438131598338078
-0.977396835428	-2.02041938858495	-1.2212062741974	-0.429488089707212
-0.971055235851881	-2.00663963604684	-1.214795018143	-0.425890279070297
-0.964713636275761	-2.00136266958146	-1.21279847599262	-0.421199090194244
-0.958372036699642	-1.99027968874219	-1.20025000575829	-0.420506526734022
-0.952030437123522	-1.97838870495302	-1.19298917387556	-0.405357517056039
-0.945688837547403	-1.96801626594938	-1.18860320809856	-0.405244635571414
-0.939347237971283	-1.96563622789971	-1.17691773907457	-0.39004356460542
-0.933005638395163	-1.9469282705905	-1.17391694993893	-0.393893874853397
-0.926664038819044	-1.94831790075646	-1.16294782478153	-0.387974255079527
-0.920322439242925	-1.9305709983938	-1.15770234742193	-0.377831424388806
-0.913980839666805	-1.91512898595409	-1.1494876459603	-0.371560120996027
-0.907639240090686	-1.89986206236067	-1.14031722204748	-0.372217145221327
-0.901297640514566	-1.90780976077149	-1.13529434451619	-0.366706784494491
-0.894956040938446	-1.88976415627129	-1.12628833006812	-0.357587752972455
-0.888614441362327	-1.89190452932677	-1.11903820218967	-0.361199191344945
-0.882272841786207	-1.87554570935824	-1.10936935586061	-0.340993264654361
-0.875931242210088	-1.87067291545077	-1.10475792383247	-0.357664463384155
-0.869589642633968	-1.85508562136682	-1.09928249590575	-0.334662738209573
-0.863248043057849	-1.84267921536736	-1.08732104256581	-0.327864600039629
-0.856906443481729	-1.84477179518143	-1.08110901856541	-0.321996362974431
-0.85056484390561	-1.82537322439078	-1.07398211475855	-0.324138727747068
-0.84422324432949	-1.82382792351044	-1.0647699018234	-0.31413719984757
-0.837881644753371	-1.80445034632854	-1.0578055898873	-0.306257132998133
-0.831540045177251	-1.79858098425347	-1.04934756932864	-0.302234401241545
-0.825198445601132	-1.78888130763985	-1.04074569121215	-0.292056851825864
-0.818856846025012	-1.78464364826334	-1.03602852359713	-0.296967977881381
-0.812515246448893	-1.77972702914911	-1.02547325343528	-0.283806913190475
-0.806173646872773	-1.76114847467298	-1.02146725230027	-0.278284678247912
-0.799832047296654	-1.75426822449531	-1.01372510242715	-0.273459392955769
-0.793490447720534	-1.74576428745115	-1.00693686249758	-0.270414507800677
-0.787148848144415	-1.73038243392122	-0.996596888663307	-0.263056940290165
-0.780807248568295	-1.73334400909119	-0.989933243799646	-0.251408096744022
-0.774465648992176	-1.71068637397268	-0.983746580956456	-0.252725466754589
-0.768124049416056	-1.70738534412547	-0.97782221594096	-0.244255167945287
-0.761782449839937	-1.69289544548877	-0.966212069578102	-0.240369662278103
-0.755440850263817	-1.68967991161981	-0.961501161478672	-0.233313240941755
-0.749099250687698	-1.67868262406675	-0.953870994704387	-0.223383641563679
-0.742757651111578	-1.66825236558079	-0.945856065865474	-0.219878550271373
-0.736416051535459	-1.65863337935251	-0.936221505671172	-0.218608552955018
-0.730074451959339	-1.64427849763127	-0.930962498165183	-0.21451098745887
-0.72373285238322	-1.64081747969821	-0.921785563542169	-0.206759312968669
-0.7173912528071	-1.63615609523961	-0.913222069355537	-0.196847338896897
-0.711049653230981	-1.6156860941151	-0.907251757797079	-0.183971092303456
-0.704708053654861	-1.61271394291018	-0.895671151003994	-0.179601193169885
-0.698366454078742	-1.60810729003685	-0.893503649790253	-0.179363879265687
-0.692024854502622	-1.60059292562654	-0.881830513359109	-0.17485674721108
-0.685683254926503	-1.58941690506393	-0.874229012473976	-0.17000429587683
-0.679341655350383	-1.56845290508278	-0.870457214778761	-0.164347952254536
-0.673000055774263	-1.56604437368234	-0.857557757624772	-0.165182960474381
-0.666658456198144	-1.56016578622653	-0.854418621596836	-0.136655925903062
-0.660316856622025	-1.55199075117555	-0.845975075945963	-0.147880363730088
-0.653975257045905	-1.5429637436543	-0.834497983213538	-0.135182646165707
-0.647633657469785	-1.52620734501181	-0.832466908978846	-0.128675953963894
-0.641292057893666	-1.52214045978824	-0.823005977846222	-0.124484121621816
-0.634950458317546	-1.50716970390406	-0.813683914090466	-0.122185312638275
-0.628608858741427	-1.49274092351284	-0.806739122752266	-0.109780346826143
-0.622267259165307	-1.50330026353576	-0.798372594444561	-0.116124843997248
-0.615925659589188	-1.47893051938485	-0.794511714102902	-0.103245931858801
-0.609584060013068	-1.4729259991464	-0.786924102961179	-0.0899100133871662
-0.603242460436949	-1.46957958048544	-0.776503249213011	-0.0880167283039575
-0.596900860860829	-1.4576862571728	-0.77270594268677	-0.0854995517939393
-0.59055926128471	-1.45006566422472	-0.763543684228593	-0.0709289121625044
-0.58421766170859	-1.44204137996528	-0.758796396706837	-0.0665926757994318
-0.577876062132471	-1.43565305938742	-0.74600591283457	-0.0685162293582149
-0.571534462556351	-1.42782715905824	-0.740036651746874	-0.057570320508692
-0.565192862980232	-1.41959656851661	-0.734367571756359	-0.0534366572890004
-0.558851263404112	-1.4033388456654	-0.723529920460803	-0.0505117648427438
-0.552509663827993	-1.40275765626417	-0.719233822517159	-0.0397887058416524
-0.546168064251873	-1.38474923626881	-0.709123034752026	-0.0351220835834263
-0.539826464675754	-1.37373306312704	-0.705861902900068	-0.0299326809092217
-0.533484865099634	-1.37492167017212	-0.695021373366383	-0.0223311232049926
-0.527143265523515	-1.37303639109993	-0.685286780208536	-0.00954739395429182
-0.520801665947395	-1.34861076692679	-0.680801289916252	-0.00870670680348117
-0.514460066371276	-1.34593667959478	-0.670077231552783	0.00899280424622208
-0.508118466795156	-1.34792968740677	-0.66435239164966	0.00270254446597068
-0.501776867219037	-1.3349497799997	-0.657936916222223	0.00836377149981917
-0.495435267642917	-1.32382147228273	-0.64863386757716	0.025166788571827
-0.489093668066798	-1.30707192109818	-0.643004860009564	0.0271912247098416
-0.482752068490678	-1.30611388461586	-0.632131599441531	0.022323688237321
-0.476410468914559	-1.29641386144399	-0.626388947808159	0.0334244730472641
-0.470068869338439	-1.2776857375403	-0.621579151448984	0.0376631567993617
-0.46372726976232	-1.27383362062244	-0.61338031445861	0.0496276857528161
-0.4573856701862	-1.27294520138894	-0.60599044823977	0.0511017704941504
-0.451044070610081	-1.26230933607085	-0.594928668259011	0.0600975587895147
-0.444702471033961	-1.25338257633762	-0.593657304400946	0.064405221546083
-0.438360871457842	-1.24448679334919	-0.582151779622392	0.0732795319019881
-0.432019271881722	-1.23381122788863	-0.573744627476733	0.0832958087072632
-0.425677672305603	-1.22670742589069	-0.567264249957256	0.0884170870906911
-0.419336072729483	-1.21654867119607	-0.555088279214913	0.0951430170200419
-0.412994473153363	-1.19729618188948	-0.547916647928086	0.103483347111192
-0.406652873577244	-1.19473928676382	-0.543516589207471	0.107872593990221
-0.400311274001125	-1.1855446753618	-0.535893574730739	0.111782335862915
-0.393969674425005	-1.17791455583184	-0.528758891224649	0.114083187482085
-0.387628074848885	-1.16209066431793	-0.520080521730597	0.132578740307351
-0.381286475272766	-1.1603822762981	-0.515192370452052	0.132138609840308
-0.374944875696646	-1.1525181892384	-0.504787885301421	0.136231026801236
-0.368603276120527	-1.1410441069898	-0.500338923460361	0.148698791531817
-0.362261676544407	-1.14026874697527	-0.489206319734845	0.152273846891386
-0.355920076968288	-1.12936071249249	-0.482874098769094	0.162475068353792
-0.349578477392168	-1.11641562249632	-0.475783663984095	0.169036914851747
-0.343236877816049	-1.11520030816059	-0.468304403727619	0.16740008698126
-0.336895278239929	-1.11189926963862	-0.458625568903176	0.179511239021893
-0.33055367866381	-1.08933279832782	-0.454700801054812	0.188062023945253
-0.32421207908769	-1.08661144411339	-0.444251832299633	0.186044425124103
-0.317870479511571	-1.08114069425396	-0.435839793298519	0.199545980493324
-0.311528879935451	-1.06434534750411	-0.43141690329326	0.211990674208586
-0.305187280359332	-1.06585476171627	-0.423627663716647	0.212719171030721
-0.298845680783212	-1.05203179680961	-0.414448250233939	0.217253244941743
-0.292504081207093	-1.04290056404224	-0.409060385829095	0.235901014192673
-0.286162481630973	-1.03386897406868	-0.398983136428264	0.234048279189093
-0.279820882054854	-1.02481272805698	-0.392919248703266	0.239833195835553
-0.273479282478734	-1.02430190112422	-0.384422372958228	0.24648495341992
-0.267137682902615	-1.01122741250945	-0.378110759333742	0.256146590966216
-0.260796083326495	-1.00208650237767	-0.371603608402053	0.258980967512567
-0.254454483750376	-0.990477731668117	-0.361033725170363	0.273269830743286
-0.248112884174256	-0.989172702725309	-0.355553573968736	0.275458235676757
-0.241771284598137	-0.977915727516609	-0.347561896057161	0.281688355765518
-0.235429685022017	-0.974185645490586	-0.33932845262377	0.282843706402642
-0.229088085445898	-0.967727572671917	-0.330583005922148	0.289065837774243
-0.222746485869778	-0.95978662336289	-0.322513539966273	0.298278707090087
-0.216404886293659	-0.949238504713236	-0.316825630659207	0.315230975461664
-0.210063286717539	-0.934601552752044	-0.309464971209344	0.312069175939518
-0.20372168714142	-0.928667702007336	-0.30129661760936	0.317106140518763
-0.1973800875653	-0.923842735415978	-0.2962419979911	0.333147522645991
-0.191038487989181	-0.916687988340873	-0.287914312973	0.338421372213395
-0.184696888413061	-0.902452506058999	-0.280284406287565	0.342912290714802
-0.178355288836942	-0.891883496657744	-0.274488227967303	0.348265700099758
-0.172013689260822	-0.890057798457115	-0.264380816261879	0.355632481298306
-0.165672089684703	-0.882073948950742	-0.256386267842959	0.368636607756842
-0.159330490108583	-0.876054903268773	-0.249470332111194	0.376889124251061
-0.152988890532463	-0.862229525754359	-0.238649629906009	0.383203067227218
-0.146647290956344	-0.860864389190852	-0.232329264548887	0.388389199616676
-0.140305691380225	-0.840847472961514	-0.225009520804213	0.390319455744675
-0.133964091804105	-0.839898636248867	-0.218489192486992	0.3992985363071
-0.127622492227985	-0.834767844517412	-0.210270312552101	0.412890784558512
-0.121280892651866	-0.821210891099163	-0.202476337640826	0.41080778772309
-0.114939293075746	-0.828325707468616	-0.195715315344642	0.419770333884756
-0.108597693499627	-0.804414784142633	-0.187007332817735	0.437790638796869
-0.102256093923508	-0.800962461144998	-0.182168626457003	0.438446743289978
-0.095914494347388	-0.791924225136877	-0.174848511283648	0.443858206916922
-0.0895728947712684	-0.789712266858593	-0.168518975758253	0.45380676789098
-0.0832312951951488	-0.774248954465125	-0.157817680955387	0.458614369738548
-0.0768896956190295	-0.769016991495727	-0.151564053601828	0.469958545222288
-0.0705480960429099	-0.759519552746529	-0.141331570396675	0.468850859361597
-0.0642064964667903	-0.753048701908382	-0.137869115442558	0.470942183193546
-0.0578648968906708	-0.75163161545153	-0.126060697228684	0.487119104314021
-0.0515232973145514	-0.743200637062108	-0.12088231044833	0.497422820746135
-0.0451816977384318	-0.731423435362909	-0.114141958467748	0.502541437414867
-0.0388400981623123	-0.732726918697531	-0.103261512084089	0.504740266916019
-0.0324984985861929	-0.713982022748911	-0.0976198156459854	0.520413853820998
-0.0261568990100733	-0.711968495285202	-0.0917009810994008	0.524643671287561
-0.0198152994339538	-0.705224240771241	-0.0840331039538586	0.542360883768894
-0.0134736998578342	-0.703107302411182	-0.075797667866162	0.537412512998108
-0.00713210028171485	-0.698476254802443	-0.0686558279764038	0.546455706065177
-0.000790500705595276	-0.676563805566291	-0.0603493018655066	0.55672812336358
0.0055510988705243	-0.674489901894655	-0.0531881591135148	0.559364345964112
0.0118926984466439	-0.669814571479205	-0.0447573596888217	0.575775457043357
0.0182342980227632	-0.660658437047236	-0.034299065405614	0.584321377863431
0.0245758975988828	-0.654025262677523	-0.0301650808857663	0.586384794674496
0.0309174971750024	-0.637953628427672	-0.0241333536893197	0.591839505537637
0.0372590967511219	-0.631744897686081	-0.0134322688069742	0.604335117118146
0.0436006963272413	-0.630981887984671	-0.00532428790901924	0.60928584996848
0.0499422959033609	-0.6186049723919	0.00373483101661009	0.617066508595367
0.0562838954794804	-0.610295444394547	0.00590385329618778	0.618723651566423
0.0626254950555998	-0.609982037357183	0.0143389056044889	0.62655271464391
0.0689670946317194	-0.605721650771121	0.0212889060400429	0.641806757633472
0.0753086942078389	-0.590657083660725	0.0310979461581481	0.644720592085445
0.0816502937839585	-0.577662645737893	0.0418697256362573	0.653249472443575
0.0879918933600778	-0.578455568074589	0.0483861875574253	0.659738875056587
0.0943334929361974	-0.563225314382412	0.0531481236234683	0.670570479818056
0.100675092512317	-0.563992627152221	0.0631313755569888	0.678604630102798
0.107016692088437	-0.549896301794356	0.0703980598742396	0.685518301719238
0.113358291664556	-0.53882637908608	0.0760685794414231	0.683119184475434
0.119699891240676	-0.542921042075925	0.0833917396036745	0.697455449595158
0.126041490816795	-0.533522241156671	0.0910151790569916	0.701812019029339
0.132383090392914	-0.519636233372538	0.0971055427163408	0.716344372838286
0.138724689969034	-0.516397334417045	0.107943995716266	0.71793410034146
0.145066289545154	-0.507075356171565	0.116101320326778	0.731434320614232
0.151407889121273	-0.510153297927122	0.121939961755488	0.749482901457308
0.157749488697393	-0.49407955450968	0.128239631127426	0.736125859993266
0.164091088273512	-0.4884257984717	0.138191261554876	0.752904881773195
0.170432687849631	-0.484381383793204	0.14565441943449	0.76131474435872
0.176774287425751	-0.477898851217013	0.152739957038124	0.765538811144326
0.183115887001871	-0.465135741710084	0.160839510662844	0.775287770188765
0.18945748657799	-0.460908520885804	0.164810330355385	0.783017386279717
0.19579908615411	-0.459910764514876	0.174916735617786	0.796979385001858
0.202140685730229	-0.45379473567258	0.183353053385892	0.805547717437934
0.208482285306349	-0.44032096881596	0.186481632324657	0.81300415689725
0.214823884882468	-0.430248676732144	0.197417942524519	0.821665810938004
0.221165484458588	-0.419856036532106	0.20529777063999	0.825788850287205
0.227507084034707	-0.420122372941147	0.214665996276079	0.826691494637032
0.233848683610827	-0.402428951271015	0.222237929987888	0.843453449740509
0.240190283186946	-0.401838709337452	0.228530994586336	0.850945625850834
0.246531882763066	-0.405054320520632	0.235898042049179	0.862133932443392
0.252873482339185	-0.384487754694201	0.243092694639775	0.869308316956469
0.259215081915305	-0.380342078225853	0.251265948887707	0.876292483375619
0.265556681491424	-0.382207812463732	0.259071367240516	0.882262476337209
0.271898281067544	-0.371168959191054	0.266601058331739	0.886608597977564
0.278239880643663	-0.35790682308361	0.275661133982842	0.903046754748654
0.284581480219783	-0.359303847130994	0.281108876201273	0.909845944561569
0.290923079795902	-0.352434201202512	0.289707911899231	0.923613293204773
0.297264679372022	-0.346966423672662	0.29666552123667	0.923147693975725
0.303606278948141	-0.337979341876841	0.304806660088794	0.937297295532498
0.309947878524261	-0.330422092550388	0.311628840931493	0.943724896693213
0.31628947810038	-0.331168593814073	0.318916936749882	0.945549419641611
0.3226310776765	-0.326618127395785	0.32617630003072	0.958769355875322
0.32897267725262	-0.310246512546287	0.335006836187761	0.962644891673763
0.335314276828739	-0.29391146805542	0.341411833570008	0.973168197724398
0.341655876404858	-0.288900796077411	0.350003921189274	0.982254997611155
0.347997475980978	-0.288379388739543	0.356482816498376	0.990114808294963
0.354339075557097	-0.278247454169504	0.363000982730982	1.00300971805373
0.360680675133217	-0.277153532358986	0.369863395911204	1.00502474994575
0.367022274709337	-0.270373512408502	0.379288591156285	1.01041431952243
0.373363874285456	-0.262825266767761	0.386745721300191	1.02757447690714
0.379705473861575	-0.263055824439213	0.395280559653001	1.02426511896256
0.386047073437695	-0.248534487436576	0.398694254278394	1.03810599329925
0.392388673013814	-0.244565376442531	0.411869985818066	1.05078160586856
0.398730272589934	-0.234969222456057	0.417239894443309	1.06232073034438
0.405071872166054	-0.233290962793856	0.425155792931567	1.06055382992831
0.411413471742173	-0.224815579432922	0.432661627797511	1.07200127285576
0.417755071318293	-0.214308398880174	0.441046659030138	1.07646498666282
0.424096670894412	-0.221378049320998	0.450047245459285	1.09537198569406
0.430438270470531	-0.211546105368849	0.458668090195562	1.09124653616872
0.436779870046651	-0.191972525828223	0.462555244472114	1.10796130909523
0.443121469622771	-0.190821248401568	0.473077067512082	1.11153638105374
0.44946306919889	-0.185964727960639	0.47741945906914	1.12639871027678
0.45580466877501	-0.182663350600013	0.485782943821043	1.13078295670712
0.462146268351129	-0.169612068157014	0.49335648339958	1.1479289966829
0.468487867927249	-0.161711350476484	0.499162793836851	1.15045326588271
0.474829467503368	-0.16050272961047	0.506967103099637	1.16534074656543
0.481171067079488	-0.1555092890993	0.515380561714282	1.17103133645777
0.487512666655607	-0.147768284217915	0.519349989075734	1.18267367203648
0.493854266231727	-0.139662717250216	0.530219600291619	1.18531717717332
0.500195865807846	-0.126702539196777	0.535868423927254	1.19406648123208
0.506537465383966	-0.1276822781072	0.547562568570947	1.20711095334273
0.512879064960085	-0.125555642072126	0.553104587499873	1.21355376789595
0.519220664536205	-0.11279464540373	0.564023027796825	1.2206800423527
0.525562264112324	-0.116679167126829	0.568892409783946	1.22009777223422
0.531903863688444	-0.109911514789043	0.574332826503635	1.23770838503549
0.538245463264563	-0.102006189610651	0.581578084020877	1.24000177403574
0.544587062840683	-0.100244335563332	0.591307807400099	1.24921895515293
0.550928662416802	-0.0847770576427138	0.598473945745985	1.25884920895524
0.557270261992922	-0.0749597980246377	0.606735468649011	1.27922703608901
0.563611861569041	-0.0792942316232584	0.617156011436935	1.27815344944968
0.569953461145161	-0.0718527171653478	0.620544897843043	1.29559809973282
0.57629506072128	-0.0648805243955844	0.630017475429358	1.29946957163812
0.5826366602974	-0.0530168499639044	0.638753314553397	1.3163630858147
0.58897825987352	-0.0462269026013398	0.6457980413431	1.32680066491264
0.595319859449639	-0.034404348161851	0.649924165882915	1.32347006620763
0.601661459025758	-0.0385472622957957	0.657826057985152	1.33009105234586
0.608003058601878	-0.029133587669524	0.663073475179924	1.34194240021105
0.614344658177997	-0.029464503186506	0.676460463726793	1.3450622753861
0.620686257754117	-0.0191960458503936	0.684605426400728	1.35519464328488
0.627027857330237	-0.00667879021419759	0.693740414164647	1.36823561752727
0.633369456906356	-0.00290098850915972	0.699034171705414	1.36879230346608
0.639711056482475	0.00458210411757063	0.706267606460528	1.38539621201891
0.646052656058595	0.0110334221048911	0.711950332100959	1.40298586669803
0.652394255634714	0.0216569266175752	0.721825142268937	1.40258927205032
0.658735855210834	0.0145041513437291	0.727570954414421	1.41099160884328
0.665077454786954	0.0261283748906781	0.736950829937727	1.43615647995287
0.671419054363073	0.0447900316338365	0.741937668030214	1.42711381125654
0.677760653939193	0.0446348228258146	0.751008668130665	1.44315308256575
0.684102253515312	0.0481158215958377	0.759646427507357	1.44655524572202
0.690443853091431	0.0481497076904701	0.764040282012258	1.45848757121335
0.696785452667551	0.0635965225051696	0.772255320203144	1.46912976040005
0.703127052243671	0.0677838359583548	0.780998704106499	1.48413922104476
0.70946865181979	0.0665856132529592	0.787830890928971	1.49178276941389
0.71581025139591	0.0825683424215791	0.796127997163067	1.49913623124855
0.722151850972029	0.0816161950644135	0.798873841498905	1.50763488578226
0.728493450548149	0.0915755478653345	0.810953344981309	1.51965769938456
0.734835050124268	0.0845274726930023	0.816253853884803	1.5203069924268
0.741176649700388	0.095422272325565	0.825788537005445	1.53357340362324
0.747518249276507	0.109521155067392	0.830942773315101	1.54432587420012
0.753859848852627	0.116730743692044	0.842733671345399	1.54170667456843
0.760201448428746	0.119514126092506	0.848142829155903	1.56117626470597
0.766543048004866	0.115370972411549	0.854974439275309	1.56993566115642
0.772884647580985	0.128419725973003	0.862157712346926	1.58268864912261
0.779226247157105	0.131598146715548	0.872012211642947	1.58938448492915
0.785567846733224	0.130457246367773	0.88034704561029	1.60067560328146
0.791909446309344	0.152087345855363	0.884764619801879	1.60788702969607
0.798251045885463	0.140658760005091	0.890179776112106	1.62185571323803
0.804592645461583	0.156065898120257	0.901796260527237	1.63245683396754
0.810934245037702	0.166262348816212	0.907945641247384	1.62612427791005
0.817275844613822	0.169036774007436	0.916895022678798	1.64455276448071
0.823617444189941	0.174811594057136	0.924003663870908	1.64598701069444
0.829959043766061	0.18346508979031	0.933455133412406	1.65519911521969
0.83630064334218	0.186902551493244	0.939337789428044	1.67111991154275
0.8426422429183	0.192172252946396	0.946646091827399	1.68045966059834
0.84898384249442	0.198207140711127	0.951545546706775	1.69147804575494
0.855325442070539	0.197889023104729	0.959200310649274	1.69647881302534
0.861667041646658	0.20702627426958	0.968275044181748	1.71382221751958
0.868008641222778	0.212995775489898	0.977046193566484	1.71714811317692
0.874350240798897	0.221622160957735	0.980580132758066	1.72600457570412
0.880691840375017	0.228374625381516	0.991169462760413	1.73384662650384
0.887033439951137	0.222114154843524	1.00019666822744	1.75338818475842
0.893375039527256	0.234551220206241	1.00552079121636	1.75629060606193
0.899716639103375	0.242147927070886	1.01161761531141	1.76681063253822
0.906058238679495	0.250460253963985	1.01949437644078	1.78904010276656
0.912399838255614	0.257507307592341	1.02683940510575	1.78422766728221
0.918741437831734	0.258481468693891	1.03436706880979	1.78786401962529
0.925083037407854	0.274201023500941	1.04463657803716	1.79847680791387
0.931424636983973	0.273230680756293	1.04952769579907	1.81660800802106
0.937766236560093	0.275601950123781	1.06170641822723	1.82537547381073
0.944107836136212	0.276732777603111	1.0675361718855	1.8259298956389
0.950449435712331	0.290504256645235	1.07358485423667	1.83573170388702
0.956791035288451	0.287876688473778	1.08548377391022	1.84975386611222
0.963132634864571	0.299865929144101	1.08899317918337	1.86019212306367
0.96947423444069	0.307747734261751	1.09610428355523	1.87539557047354
0.97581583401681	0.309275945449548	1.10270869836346	1.88175746959157
0.982157433592929	0.308497903176228	1.11439831144468	1.88923134163241
0.988499033169049	0.333898851755956	1.1182356113693	1.90186835857935
0.994840632745168	0.327970312351868	1.12877452490828	1.91028434540212
1.00118223232129	0.340067948187214	1.13477420276315	1.92248726100318
1.00752383189741	0.332010321914052	1.14556900615326	1.92461938131042
1.01386543147353	0.348544410080748	1.15135952331372	1.94331746738519
1.02020703104965	0.351665560458589	1.15884840138829	1.94618792162265
1.02654863062577	0.350348112521831	1.16384449275239	1.95259242312957
1.03289023020189	0.362831576472364	1.17469778593954	1.97217099285743
1.039231829778	0.369686884789115	1.18164793293491	1.98021416408508
1.04557342935412	0.38100998058895	1.19237494819465	1.974706251131
1.05191502893024	0.377041287889772	1.1977137172714	1.99921383805483
1.05825662850636	0.385702246485632	1.20280614939639	2.00979680547778
1.06459822808248	0.383474087277902	1.2116230478054	2.00983468534049
1.0709398276586	0.390329432749785	1.22066284488535	2.02257789349667
1.07728142723472	0.401459310572763	1.22505628873904	2.03801714001014
1.08362302681084	0.399234824158427	1.23425245678262	2.0453526260186
1.08996462638696	0.413718050082284	1.24254394075272	2.04977727470455
1.09630622596308	0.409375467733993	1.25022211185739	2.06637249103215
1.1026478255392	0.421221815968566	1.25699233243663	2.07537359307104
1.10898942511532	0.432765506401451	1.26522527001847	2.0767532277602
1.11533102469144	0.442277604073628	1.27131040572796	2.09681292476206
1.12167262426756	0.449595956055141	1.28160459703379	2.10497848179242
1.12801422384368	0.444639911237582	1.28693072012659	2.11262731938109
1.1343558234198	0.448529895800575	1.29963589262833	2.12024007144207
1.14069742299592	0.461443514549304	1.30360504936344	2.13245818048164
1.14703902257204	0.464723430399558	1.31057481675433	2.14324631470905
1.15338062214816	0.459301104117017	1.31653290537176	2.1502373840334
1.15972222172428	0.473603836025121	1.32539636915367	2.161230524363
1.1660638213004	0.47477564826868	1.33502592252411	2.17131722531899
1.17240542087651	0.487209746808687	1.34026210091518	2.17989523266029
1.17874702045263	0.490696345130199	1.34508387643116	2.19544994920343
1.18508862002875	0.49132059568483	1.35238955460103	2.19819230491931
1.19143021960487	0.49554836253573	1.3618702763646	2.20217080379617
1.19777181918099	0.505484679887631	1.37005338742176	2.21663928695678
1.20411341875711	0.507437492000863	1.38197417640694	2.2286756688223
1.21045501833323	0.514996841215639	1.38502681680404	2.24165062681422
1.21679661790935	0.520925205234647	1.39177560678145	2.24152592939539
1.22313821748547	0.536906739304907	1.40424859784624	2.25574623480968
1.22947981706159	0.53198909210726	1.41109559376453	2.26278332887338
1.23582141663771	0.531107926392447	1.41331094356941	2.28635329471424
1.24216301621383	0.542186819391402	1.42110852291156	2.2922261254624
1.24850461578995	0.545192140011155	1.42871287193578	2.29952353656294
1.25484621536607	0.558227848780247	1.43878977764834	2.30871113421393
1.26118781494219	0.56023348677521	1.44709753032172	2.30646276123883
1.26752941451831	0.565743583682405	1.45661173397763	2.32179097873177
1.27387101409443	0.5614136199944	1.46075666165916	2.33852691081505
1.28021261367055	0.572298647598447	1.47074489169662	2.35315962411419
1.28655421324667	0.58345547565591	1.47588984499665	2.35712138017531
1.29289581282279	0.587573712699886	1.48471339110536	2.36762234058863
1.2992374123989	0.601524666293404	1.49398458650801	2.37903564863015
1.30557901197502	0.59675033229306	1.50078777023729	2.37872471064771
1.31192061155114	0.596846087222938	1.50795750458013	2.39890849694009
1.31826221112726	0.601238790586239	1.51624583550564	2.40384229452785
1.32460381070338	0.612636922012626	1.52483176063668	2.41736584322488
1.3309454102795	0.610843934345566	1.52926587017229	2.40610778630487
1.33728700985562	0.618425138793126	1.53673933086648	2.43281305840569
1.34362860943174	0.627394733794523	1.54396812882836	2.44004785161452
1.34997020900786	0.628449510313406	1.55331946176151	2.46203357687091
1.35631180858398	0.631482513075554	1.5598013324668	2.46417669097259
1.3626534081601	0.639921914232274	1.57053410596675	2.46920979391303
1.36899500773622	0.652857902759515	1.57219675858259	2.48028228395989
1.37533660731234	0.652356705926143	1.57769907421322	2.49470538450549
1.38167820688846	0.657697266267027	1.58850413438248	2.49497378184175
1.38801980646458	0.666215884683881	1.59655446377601	2.50652113206752
1.3943614060407	0.677406147066326	1.60494845420715	2.5251137625201
1.40070300561682	0.673238758598548	1.61222906553164	2.53948155628062
1.40704460519294	0.681911202937957	1.61809735978017	2.54148033804925
1.41338620476906	0.684010912219505	1.62423679468699	2.55009677505733
1.41972780434518	0.693073413848778	1.63430190171513	2.55207999738514
1.4260694039213	0.699362910371178	1.64450460689859	2.57203354975981
1.43241100349741	0.707233939185955	1.65213896929279	2.57416955100194
1.43875260307353	0.699242852994194	1.65708645455744	2.59253804140119
1.44509420264965	0.715071384924047	1.66791557573887	2.60706385722259
1.45143580222577	0.714527027746553	1.66896705582452	2.61433722053267
1.45777740180189	0.722849665218451	1.68283609767309	2.62301752508577
1.46411900137801	0.729128686014805	1.68906338185051	2.63281411336386
1.47046060095413	0.72896845502729	1.69406921651808	2.64289747378406
1.47680220053025	0.747540241216504	1.70325438537813	2.64582363304007
1.48314380010637	0.739296218201046	1.71393711674736	2.65431657362205
1.48948539968249	0.735994913095067	1.71486564716298	2.67152328837961
1.49582699925861	0.74673540654703	1.72341772713399	2.68371018436892
1.50216859883473	0.760156521049091	1.73347837429282	2.69614660149551
1.50851019841085	0.771896018538768	1.73848513048552	2.70263418295058
1.51485179798697	0.774174139655314	1.74961797449383	2.7135247602832
1.52119339756309	0.776564674661881	1.75550894171537	2.72813652476827
1.52753499713921	0.784300390298768	1.76239019744321	2.72575567611353
1.53387659671533	0.792980010082051	1.76854948028528	2.7322166219726
1.54021819629145	0.798181897926026	1.78405287907122	2.74713523213425
1.54655979586757	0.796789836141224	1.78666418065141	2.76277821931011
1.55290139544369	0.801217851672214	1.79351316761593	2.77592590780509
1.5592429950198	0.783666477830397	1.79923936442937	2.78482427523072
1.56558459459592	0.812383590576359	1.80816219056664	2.80414403650905
1.57192619417204	0.812154095418256	1.81634850177994	2.79877098212945
1.57826779374816	0.821285054787403	1.82569923487005	2.80752972097515
1.58460939332428	0.825687647172191	1.83256708193919	2.82890684648463
1.5909509929004	0.821489877119996	1.8399008761529	2.85032714182959
1.59729259247652	0.816064644563001	1.84824133655669	2.84815728513998
1.60363419205264	0.826988786866343	1.85577401009318	2.85366327342477
1.60997579162876	0.836879392486041	1.86512517393013	2.85182291810727
1.61631739120488	0.849631513169299	1.8694319643435	2.86535583141031
1.622658990781	0.861369268510887	1.88037072085774	2.88769019374063
1.62900059035712	0.855981566532958	1.88090341550084	2.89023514426316
1.63534218993324	0.863911276536627	1.89303938206821	2.90531129351813
1.64168378950936	0.866008560470009	1.90076753563694	2.90902361210825
1.64802538908548	0.871559032387207	1.90894303202246	2.92446197164375
1.6543669886616	0.869379491709097	1.91613675397072	2.93059651493161
1.66070858823772	0.882235222777198	1.92189512877694	2.94685680142335
1.66705018781384	0.899122127537049	1.92829791835725	2.957365107679
1.67339178738996	0.884667127723381	1.9338946874334	2.9628616158345
1.67973338696608	0.897598766483736	1.94291377868072	2.97229514631978
1.6860749865422	0.909116390567344	1.9534448133516	2.98680290755955
1.69241658611831	0.9025476649707	1.96050801755835	2.99233494938981
1.69875818569443	0.912181935424704	1.97156091945095	3.002251783484
1.70509978527055	0.924932860999379	1.97641316605493	3.02251391228576
1.71144138484667	0.930360753192919	1.98302671922969	3.02426075502177
1.71778298442279	0.931802260081851	1.98792925289579	3.03750808079281
1.72412458399891	0.938452224075806	1.99683631709212	3.03652130657852
1.73046618357503	0.937609009006984	2.00910821067258	3.05163475743304
1.73680778315115	0.949524908889761	2.01626960601341	3.06379385227607
1.74314938272727	0.957817701934192	2.01905910583345	3.07523593335146
1.74949098230339	0.953851660657947	2.03238687676596	3.07699588979625
1.75583258187951	0.964697940096832	2.03603590477681	3.09336124782907
1.76217418145563	0.960169222110832	2.04269132782637	3.10779772506112
1.76851578103175	0.968423449092592	2.05123686022742	3.11578184526232
1.77485738060787	0.985566440643626	2.05821796119138	3.1220846027368
1.78119898018399	0.979812394824684	2.06727920027713	3.1404022012768
1.78754057976011	0.975472266346736	2.07196653754707	3.14397434556993
1.79388217933623	0.987583458881573	2.08264922275419	3.15617781602625
1.80022377891235	0.997228942679936	2.08913715989389	3.17465295315756
1.80656537848847	0.99876866983447	2.09472292668526	3.17310781989892
1.81290697806459	1.00176846317327	2.10337240007614	3.191834537538
1.8192485776407	1.01355175409177	2.11431109483189	3.19573897040937
1.82559017721682	1.02147131905735	2.11714941632942	3.2057128518073
1.83193177679294	1.02665724588258	2.12757450276977	3.21800346990678
1.83827337636906	1.02436609593233	2.13324635773557	3.22714125907504
1.84461497594518	1.03571210600649	2.13674946017333	3.24285721688561
1.8509565755213	1.04417758591564	2.15083091891086	3.25440350177317
1.85729817509742	1.0391797774455	2.15636687216991	3.25665062168629
1.86363977467354	1.048285346324	2.16428022766131	3.27124084888543
1.86998137424966	1.06380296766007	2.17634712310289	3.28742624923848
1.87632297382578	1.05117648694328	2.1814421348869	3.2856582077852
1.8826645734019	1.06731802867399	2.18575435036729	3.31135135866451
1.88900617297802	1.0627810194518	2.19262369075622	3.30164131381896
1.89534777255414	1.07303591275056	2.20393727446023	3.31915281450334
1.90168937213026	1.06916585790864	2.21031735567513	3.32994327357334
1.90803097170638	1.07236523888554	2.21255415005943	3.33159940568751
1.9143725712825	1.09302280951323	2.22564342396674	3.34934303628522
1.92071417085862	1.09861319959084	2.23294078302936	3.36385831698301
1.92705577043474	1.08889784068873	2.24526527195527	3.37160976167089
1.93339737001086	1.1018180758431	2.2480299744377	3.36981633921175
1.93973896958698	1.0953240609146	2.25798284389624	3.40225331613381
1.9460805691631	1.11694104814982	2.26784247328682	3.40814454894968
1.95242216873921	1.11608731758577	2.27082421156397	3.42115686387384
1.95876376831533	1.11885592978642	2.28206900075802	3.41524732942783
1.96510536789145	1.12703283179903	2.28507259289529	3.42784109480617
1.97144696746757	1.13772396895305	2.29203579075564	3.44094864933555
1.97778856704369	1.13423515845527	2.30365507053643	3.45169118769588
1.98413016661981	1.14185895783431	2.30986922339804	3.47601169130367
1.99047176619593	1.14341573847831	2.31468853751185	3.46819220777707
1.99681336577205	1.1531122890878	2.32332464700959	3.4732809911251
2.00315496534817	1.14806837878809	2.33086704261388	3.49844117314923
2.00949656492429	1.16037616902358	2.33735647362286	3.51608277802448
2.01583816450041	1.16339816965022	2.34888812257129	3.51044607602087
2.02217976407653	1.16591572135669	2.35105507472768	3.51720491903311
2.02852136365265	1.17017159643116	2.3649131000994	3.52744789152209
2.03486296322877	1.18102868924868	2.36941358287494	3.54341864391848
2.04120456280489	1.18327390852264	2.37455599321408	3.55868502933708
2.04754616238101	1.18462087847474	2.38459248399148	3.56192092165052
2.05388776195713	1.18448761606718	2.39693338394766	3.58306185279685
2.06022936153325	1.19703833617715	2.39927157693036	3.57954500244231
2.06657096110937	1.20048409098475	2.40673396337505	3.6094121428422
2.07291256068549	1.20391614119418	2.41754861714296	3.59647500323196
2.0792541602616	1.21435444416809	2.4199360359416	3.61443454047273
2.08559575983772	1.22468877793807	2.43051568361863	3.63189451412534
2.09193735941384	1.22058604889623	2.43698843432318	3.63392420989365
2.09827895898996	1.23905834802021	2.44337204447074	3.6383510892518
2.10462055856608	1.23210684335853	2.45079139629145	3.65539665664868
2.1109621581422	1.23915837447049	2.45953590074588	3.66254406475758
2.11730375771832	1.23753504704921	2.46814265150687	3.68291046237241
2.12364535729444	1.25354922832572	2.47474175590273	3.68774335283595
2.12998695687056	1.24878471530743	2.48292592058047	3.70399325606904
2.13632855644668	1.26087987561406	2.4891483742057	3.71334292503264
2.1426701560228	1.25177131711848	2.49976918945071	3.72718863495936
2.14901175559892	1.26883210037192	2.50531613725931	3.73042368932633
2.15535335517504	1.27480608461534	2.51412045429222	3.74360425598853
2.16169495475116	1.28248282000255	2.52470975701923	3.76132821849269
2.16803655432728	1.2850494654078	2.52454283617412	3.76879928392494
2.1743781539034	1.28109580556294	2.53579990353664	3.77294790502224
2.18071975347952	1.28853352203926	2.54463983382689	3.78216267474823
2.18706135305564	1.30457863246824	2.55012107032317	3.78875030836853
2.19340295263176	1.30017162258971	2.55927628511932	3.80741026870908
2.19974455220788	1.31065520105793	2.56928742222623	3.81635745739956
2.20608615178399	1.30596576679821	2.57279217784545	3.82250986408144
2.21242775136011	1.31062177758433	2.58015368607117	3.83192852727774
2.21876935093623	1.3172544060698	2.58889228371228	3.83177830351086
2.22511095051235	1.3147475791043	2.59300640592223	3.8455861194114
2.23145255008847	1.32283579171123	2.60279861269396	3.87917075414124
2.23779414966459	1.34065297994372	2.60897992767524	3.87149264447321
2.24413574924071	1.33878789780098	2.61589566233128	3.88107261990796
2.25047734881683	1.34229176556129	2.62273423456859	3.89078604879349
2.25681894839295	1.35977813530582	2.63359217470169	3.89898659445336
2.26316054796907	1.35651284629558	2.64163181243634	3.92293085536021
2.26950214754519	1.36407907309804	2.64884018990116	3.93170792496374
2.27584374712131	1.35364872514675	2.65879480414954	3.94484319504423
2.28218534669743	1.37009913019663	2.66213564934498	3.95681667535622
2.28852694627355	1.37422131418067	2.66725103941495	3.96584759757523
2.29486854584967	1.37696642605222	2.6810231269949	3.98500464531099
2.30121014542579	1.38945628014239	2.68430133876539	3.96506029172903
2.30755174500191	1.39119582923026	2.69593712558925	3.98991265218787
2.31389334457803	1.38867453164662	2.69798601060685	3.99719681129582
2.32023494415415	1.38959283985758	2.7076889039371	4.00565567607471
2.32657654373027	1.40445417864078	2.715622929952	4.03151672562567
2.33291814330639	1.39433109133285	2.72392478945052	4.02457179856537
2.3392597428825	1.4129074163585	2.73018360874158	4.0345480081302
2.34560134245862	1.41193734425035	2.74311129512394	4.04377728100265
2.35194294203474	1.42920510427616	2.74506501032959	4.06740827028789
2.35828454161086	1.42210918163669	2.75156050794603	4.07216268644368
2.36462614118698	1.42144302158203	2.75829092946851	4.07898410054113
2.3709677407631	1.43275733773313	2.76676006150694	4.09571652698047
2.37730934033922	1.43443527811408	2.7781567053667	4.09981369934158
2.38365093991534	1.45552887257169	2.78645469988344	4.11613007628644
2.38999253949146	1.4438754675992	2.79020194662479	4.12927620016595
2.39633413906758	1.45145244362894	2.79642287345121	4.1438392784228
2.4026757386437	1.45327811900648	2.80616400851551	4.13884673724103
2.40901733821982	1.47034855162359	2.81189981340758	4.14791067525339
2.41535893779594	1.47000572634101	2.82094815759797	4.17970155504451
2.42170053737206	1.47661572620702	2.82791202861493	4.18324514545087
2.42804213694818	1.47292611560027	2.83203607824587	4.19588082532914
2.4343837365243	1.48625971507429	2.84306660245494	4.20131234179318
2.44072533610042	1.48988065022591	2.85763070810679	4.20248932846788
2.44706693567654	1.49207214859839	2.86071188146729	4.23398993882248
2.45340853525266	1.50579478736916	2.86708782023349	4.22444050091881
2.45975013482878	1.48917726442055	2.87581774701561	4.24400156621261
2.4660917344049	1.51111659345779	2.88152682605693	4.2433910242913
2.47243333398101	1.51113142033173	2.88909417820212	4.2569155449688
2.47877493355713	1.50757571955578	2.89460477512742	4.27277861840751
2.48511653313325	1.52602950140012	2.90327657145953	4.2704680103776
2.49145813270937	1.52863349456844	2.91037856417722	4.29218300975583
2.49779973228549	1.52371693208801	2.92390703725468	4.30816907973118
2.50414133186161	1.5239320293523	2.92592589586844	4.31717770823446
2.51048293143773	1.53557480521514	2.93543877784494	4.32527165186893
2.51682453101385	1.54899544899726	2.94086144640778	4.34125355247503
2.52316613058997	1.54772384765747	2.95161736735377	4.33939121247386
2.52950773016609	1.54836490047952	2.95818508379936	4.34634805535706
2.53584932974221	1.55737096097121	2.96654441938529	4.36495847088108
2.54219092931833	1.56000223235562	2.97333793831071	4.3742310926353
2.54853252889445	1.56679817524227	2.98012027790057	4.39738955059236
2.55487412847057	1.57187746805726	2.98980624707492	4.39769195941303
2.56121572804669	1.57456548587947	2.99867528851019	4.40520215071994
2.56755732762281	1.58785978107417	3.00467659568355	4.41637107119484
2.57389892719893	1.58087589394781	3.01025567723686	4.43269780929211
2.58024052677505	1.60557729517506	3.02167871589066	4.43652141840198
2.58658212635117	1.59723740929833	3.02693063061981	4.44895809787691
2.59292372592728	1.58333110689138	3.03308085623178	4.45599125238947
2.59926532550341	1.59969866255502	3.03907191554267	4.47870850379809
2.60560692507952	1.61340959412463	3.04776266419347	4.49032453608457
2.61194852465564	1.61363720271686	3.05494901317906	4.50013447054133
2.61829012423176	1.61586811514821	3.06440522383232	4.49652511126686
2.62463172380788	1.61581858734218	3.06694061372824	4.50437897672369
2.630973323384	1.61987184499488	3.07676291518392	4.51967035677103
2.63731492296012	1.61896479926039	3.08766639194246	4.53173692863127
2.64365652253624	1.6399468760151	3.09386339665882	4.54236972574351
2.64999812211236	1.64024144044127	3.10206529217504	4.55140996928924
2.65633972168848	1.64848314454705	3.10859344232884	4.56063183714251
2.6626813212646	1.65584864842218	3.11727915955478	4.57702102026504
2.66902292084072	1.66970208409247	3.12110140071756	4.58174400476828
2.67536452041684	1.66100104363999	3.12946683347226	4.59083346438371
2.68170611999296	1.66094328799396	3.13829194410274	4.6032251127518
2.68804771956908	1.67333829876693	3.14461723408812	4.61456348381149
2.6943893191452	1.67530036873471	3.15716847068812	4.6315203794017
2.70073091872132	1.6775036820131	3.16152344872033	4.64375070799733
2.70707251829744	1.69076562992796	3.1672030850223	4.6324621804739
2.71341411787356	1.68758072412541	3.17796085209468	4.66200075481084
2.71975571744968	1.69454440584382	3.18461639718762	4.66891114924565
2.72609731702579	1.70578916710302	3.19189296611345	4.67472487723338
2.73243891660191	1.7066306558363	3.1988996742203	4.68788007753578
2.73878051617803	1.7024728554377	3.20856605931096	4.70812521446831
2.74512211575415	1.70793238561272	3.21133819480562	4.70258750013219
2.75146371533027	1.71021332545852	3.2212729206258	4.72614447127112
2.75780531490639	1.72302912062164	3.2349465889187	4.73249059472196
2.76414691448251	1.73543800294889	3.23585673727096	4.73686768639025
2.77048851405863	1.72331131161704	3.24016596058873	4.74582145196217
2.77683011363475	1.74256360776973	3.2512049932824	4.76261952836909
2.78317171321087	1.73394270646532	3.25595773216315	4.7646969696198
2.78951331278699	1.739191866054	3.26807624780137	4.781938605144
2.79585491236311	1.74446320831169	3.27744892106002	4.78895024298631
2.80219651193923	1.75026500142715	3.28180952581236	4.79942908584829
2.80853811151535	1.75281710206046	3.28871064958094	4.79463855797825
2.81487971109147	1.76342999509487	3.29872617072919	4.83257211890291
2.82122131066759	1.76814067331611	3.30012376703662	4.83029678193091
2.82756291024371	1.76760038610975	3.30958705820993	4.84577436507583
2.83390450981983	1.77203083591932	3.31680069009098	4.85419578343092
2.84024610939595	1.78260595920996	3.32620066257688	4.86443440163782
2.84658770897207	1.77865053851703	3.33189800603715	4.89550274941222
2.85292930854819	1.78988702510927	3.33991670877157	4.89589578728292
2.8592709081243	1.77982031411362	3.34660375129927	4.90132388466071
2.86561250770042	1.80432988724564	3.35498467976364	4.9052398206399
2.87195410727654	1.79298162362449	3.36617969936476	4.93062195716244
2.87829570685266	1.80186981615258	3.36995623591963	4.93216133413418
2.88463730642878	1.82001883366673	3.37983336628676	4.93136211119241
2.8909789060049	1.81447526383294	3.38605980154564	4.96039374864385
2.89732050558102	1.82676683770202	3.39361650392499	4.9533477624489
2.90366210515714	1.82974027301784	3.39912117146677	4.96914992247058
2.91000370473326	1.8279846999845	3.41250445222862	4.98701041629883
2.91634530430938	1.83522492706206	3.41540822072653	4.98594495196139
2.9226869038855	1.84464895153861	3.42729402113589	4.99266430384907
2.92902850346162	1.83748347840019	3.43365755522947	5.00906219578295
2.93537010303774	1.85115358208452	3.44223325232102	5.03181335566655
2.94171170261386	1.85865294821883	3.44886193363008	5.03916612229763
2.94805330218998	1.85388014795684	3.45213213543977	5.05438587418978
2.9543949017661	1.85421069456321	3.45832397280666	5.05758209997989
2.96073650134222	1.87212941769602	3.46947831475726	5.0604244128771
2.96707810091834	1.87676896472152	3.48078243450228	5.07081760710622
2.97341970049446	1.88429310921326	3.48310876286944	5.08408399967714
2.97976130007058	1.87903347904622	3.49049029872248	5.10390308105277
2.9861028996467	1.87869667822418	3.50452935904788	5.10973413799762
2.99244449922281	1.89001220701202	3.50938766639494	5.1252477619741
2.99878609879893	1.89987901717188	3.51116699192079	5.13614919917636
3.00512769837505	1.91048106891076	3.52291235879779	5.13574301619885
3.01146929795117	1.89718612168887	3.52985455944277	5.14276058245653
3.01781089752729	1.91294386640455	3.53501899888964	5.15174333630027
3.02415249710341	1.92336676056607	3.54770108692543	5.17246516281694
3.03049409667953	1.90751352763326	3.55504663489819	5.18310328507962
3.03683569625565	1.92932402539019	3.55839579468344	5.18780233232893
3.04317729583177	1.93228708076701	3.56404088925656	5.18400319252742
3.04951889540789	1.9285194252133	3.58171644111724	5.21836961606463
3.05586049498401	1.94045543693513	3.58358696084708	5.21413788427785
3.06220209456013	1.94319784975438	3.58905023106905	5.23166406160218
3.06854369413625	1.95656197954942	3.59368446168992	5.25099580930453
3.07488529371237	1.9547591696805	3.60672587120512	5.27347154766387
3.08122689328849	1.95352786942673	3.61350582857326	5.27337235915432
3.08756849286461	1.97078258545773	3.62125035267993	5.28415208920905
3.09391009244073	1.97541595873778	3.63007986235307	5.27705401062332
3.10025169201685	1.96710775911472	3.63484374241724	5.30001418898453
3.10659329159297	1.96453342131444	3.64253372360075	5.31490300724592
3.11293489116908	2.0010177898849	3.65108585984002	5.30943486437696
3.11927649074521	1.98634103085681	3.65874738746368	5.32722110800051
3.12561809032132	1.98629395259129	3.66785117619605	5.34244250877953
3.13195968989744	1.99021990525769	3.67920219767371	5.33825770917391
3.13830128947356	1.997873162063	3.68003065664856	5.36360817369496
3.14464288904968	1.99472654341646	3.69055664336374	5.36621008918026
3.1509844886258	2.00129377570933	3.70238927598552	5.37369198997814
3.15732608820192	2.01221541976187	3.70178019384874	5.38983839254971
3.16366768777804	2.00882706512625	3.71198213558258	5.40517653899473
3.17000928735416	2.02663710751467	3.72258865514648	5.41246375756944
3.17635088693028	2.02602125558731	3.7287547947622	5.4057968942882
3.1826924865064	2.01913537892759	3.73441851936202	5.42862575792622
3.18903408608252	2.03822515160059	3.74456291185094	5.45193891856431
3.19537568565864	2.05118191180454	3.74770467035657	5.46728864003235
3.20171728523476	2.05419387786798	3.75629265451317	5.46706337955705
3.20805888481088	2.04026778574048	3.76633011649002	5.47163587293516
3.214400484387	2.05006839286805	3.77477812957917	5.48700370747555
3.22074208396312	2.05821833487115	3.78264328330751	5.49671229954568
3.22708368353924	2.06777799953603	3.78805455736223	5.5130891365798
3.23342528311536	2.06508994810308	3.79483198221571	5.53235191534375
3.23976688269148	2.08794458784874	3.80372719556175	5.52292727158687
3.24610848226759	2.07740651794184	3.80907124776026	5.53252680448135
3.25245008184371	2.0825453901516	3.81476942887327	5.55767542707883
3.25879168141983	2.08198643025604	3.82151492465944	5.57050709077446
3.26513328099595	2.08340688366468	3.83462791591934	5.58011781634054
3.27147488057207	2.09281897201036	3.84040857725119	5.5677469680304
3.27781648014819	2.09061992362373	3.84635922044089	5.58221605570235
3.28415807972431	2.10556044620718	3.85329415074574	5.58338306535732
3.29049967930043	2.10897074217354	3.86266885505592	5.60678763219133
3.29684127887655	2.10122315004465	3.86532795114958	5.63049545076556
3.30318287845267	2.11453528040129	3.87273191845959	5.62992713704689
3.30952447802879	2.11715831580564	3.87954546989187	5.63968472441084
3.31586607760491	2.10796264666586	3.88934882367836	5.67260010325035
3.32220767718103	2.12909384508292	3.89769858530731	5.65987448444099
3.32854927675715	2.12019459612794	3.91030346503984	5.67807599817917
3.33489087633327	2.14172629503224	3.91802972522203	5.68520385732349
3.34123247590939	2.14484658910095	3.9243584608611	5.70019812530421
3.34757407548551	2.15031773457796	3.92687665600143	5.69858962740047
3.35391567506163	2.16473502341575	3.93689416602314	5.71059464699833
3.36025727463775	2.14570853080113	3.94653302656552	5.72129739722252
3.36659887421387	2.15657786617833	3.9570604000124	5.74285611239532
3.37294047378999	2.1685438024614	3.95934861903882	5.73811053072226
3.3792820733661	2.17282925277928	3.97067087286454	5.75405402254016
3.38562367294222	2.18741059969725	3.97616840149387	5.77731803299053
3.39196527251834	2.17710885536338	3.98036073761588	5.78066287239658
3.39830687209446	2.19373902603416	3.9906890861175	5.7849219246221
3.40464847167058	2.18994362568696	3.99366141622675	5.80085197487955
3.4109900712467	2.19207721017721	4.0008478917065	5.81167200613301
3.41733167082282	2.19096404720193	4.01205612990044	5.83328488286573
3.42367327039894	2.20653586212691	4.02477033148299	5.83117173401449
3.43001486997506	2.19740734736822	4.02958309272239	5.84395484684859
3.43635646955118	2.22812850805613	4.03808314774568	5.85922373859021
3.4426980691273	2.2200162108158	4.04606539787153	5.86166885926812
3.44903966870342	2.21976243423328	4.04967295191402	5.89082356482603
3.45538126827954	2.21922033052956	4.0606691158674	5.89387923747652
3.46172286785566	2.22426793418116	4.05837187119087	5.90481392483555
3.46806446743178	2.23602755756625	4.07422502151897	5.91339939867891
3.4744060670079	2.24617821248751	4.08391060082246	5.92139443812733
3.48074766658402	2.2530965540155	4.08939491177598	5.94797194976389
3.48708926616014	2.25900691488973	4.09602071281583	5.94610383149019
3.49343086573626	2.25838687345364	4.10069309004489	5.96147580584136
3.49977246531238	2.26232705100321	4.10978927199084	5.94861979061364
3.5061140648885	2.26448003821213	4.11727865010905	5.97714062001583
3.51245566446461	2.26241996752153	4.1199891393359	6.00156671373234
3.51879726404073	2.28926113884659	4.13407832435944	6.00603263873381
3.52513886361685	2.25965545969426	4.1432654378055	6.01005152909903
3.53148046319297	2.2865690832538	4.14536754917529	6.01694349620219
3.53782206276909	2.28716112557281	4.15376466469828	6.02799857984184
3.54416366234521	2.29752549276733	4.16698226046104	6.03523724681764
3.55050526192133	2.30383051769645	4.17201018029723	6.04391827591979
3.55684686149745	2.30609722668325	4.17719352300873	6.04505169436513
3.56318846107357	2.31769027627073	4.18547384596739	6.0664479755973
3.56953006064969	2.30668317728035	4.19481781394356	6.07619832474478
3.57587166022581	2.30413801524976	4.20285532343737	6.07751593609643
3.58221325980193	2.32268208546071	4.21114121676704	6.10212066128905
3.58855485937805	2.33405784966864	4.21438481545343	6.10813916465545
3.59489645895417	2.30633895929702	4.22589121299881	6.11154771177088
3.60123805853029	2.33273692334905	4.23316739677382	6.12793887211192
3.60757965810641	2.34712802443353	4.23898804760887	6.1343836971708
3.61392125768253	2.33674949778618	4.2426196837605	6.15317800827979
3.62026285725865	2.35179777506195	4.25150586226756	6.15533478252778
3.62660445683477	2.33990546874849	4.26205775886693	6.15978009975022
3.63294605641088	2.34513458933213	4.27422096362005	6.18136673036595
3.63928765598701	2.34004682268207	4.27767310937529	6.18743439479962
3.64562925556312	2.36049547374272	4.28404680621745	6.20646974753451
3.65197085513924	2.36930338952251	4.29237546975988	6.21408342418925
3.65831245471536	2.37028911433602	4.30131136221232	6.21930554473818
3.66465405429148	2.37725554284561	4.30727075230964	6.22688493489039
3.6709956538676	2.37580613505726	4.31995785065661	6.25963635983591
3.67733725344372	2.39115559163	4.3244442698858	6.24084804703548
3.68367885301984	2.40139443371136	4.32892894719193	6.27363856187313
3.69002045259596	2.39503019440033	4.33086709313004	6.28085378445144
3.69636205217208	2.38955747864186	4.34888513609665	6.27882882916178
3.7027036517482	2.39386576140394	4.35254782456181	6.29287115150807
3.70904525132432	2.40505476238628	4.35873241471474	6.31673405722426
3.71538685090044	2.41441075131488	4.37055282056611	6.31310756330281
3.72172845047656	2.40374573809046	4.37424134752962	6.32258266436547
3.72807005005268	2.41656060516384	4.38391390401063	6.33776534940666
3.7344116496288	2.43540521204946	4.39008717784214	6.34396520474408
3.74075324920492	2.43746921381091	4.39945058759872	6.3556706055917
3.74709484878104	2.42486464628684	4.40969246333663	6.37252142334285
3.75343644835716	2.43809866122652	4.41018271060711	6.38107228941684
3.75977804793328	2.43788499764783	4.41678500523669	6.39402524595163
3.76611964750939	2.44415112972516	4.42848005914753	6.40618308019706
3.77246124708551	2.45109879119532	4.43653126425714	6.42348553958538
3.77880284666163	2.4642963019926	4.44634216772121	6.42621669962937
3.78514444623775	2.46732602156147	4.45053895191431	6.44214180644564
3.79148604581387	2.46628747596801	4.45800509727771	6.43790356381119
3.79782764538999	2.47387114828955	4.46585883464235	6.46560064589212
3.80416924496611	2.47360725105026	4.47294520019915	6.46361914009185
3.81051084454223	2.47514752346897	4.47851171256488	6.48177372212155
3.81685244411835	2.47523907930261	4.49175512243975	6.51078210235174
3.82319404369447	2.48578091112041	4.49598814173883	6.50402061103395
3.82953564327059	2.483803731885	4.50168259024637	6.50762410584736
3.83587724284671	2.49398212144612	4.51445654069644	6.50923888957301
3.84221884242283	2.49193893296117	4.5161841298847	6.52278911585734
3.84856044199895	2.51020679419187	4.52700066834932	6.54382900003218
3.85490204157507	2.51305514068386	4.53088539274485	6.5471262232007
3.86124364115119	2.51305044191522	4.5450052127468	6.57135645973107
3.86758524072731	2.52280079412364	4.54728139368741	6.58473666862786
3.87392684030343	2.51866260240719	4.55593026078929	6.57387961758387
3.88026843987955	2.53189392732249	4.56778825918039	6.5989527790113
3.88661003945567	2.52893753299397	4.56804171055216	6.60878394223311
3.89295163903179	2.53585261060431	4.58061592389721	6.6231482716618
3.8992932386079	2.53802643132843	4.58409559393588	6.63445899717496
3.90563483818402	2.5425153192535	4.59204123101344	6.62545668731175
3.91197643776014	2.54443863018887	4.60508930338006	6.65899883204815
3.91831803733626	2.54422663163396	4.609325802482	6.65161307326187
3.92465963691238	2.54731124607129	4.61872511914372	6.66182187488534
3.9310012364885	2.56177714754775	4.62062728832759	6.67470666536744
3.93734283606462	2.57395415404698	4.62936157723906	6.69044588426138
3.94368443564074	2.55868504896789	4.63532938449685	6.71129376510613
3.95002603521686	2.57989907731189	4.64203432744922	6.71343432346408
3.95636763479298	2.59136620665502	4.65693036684304	6.7384697200474
3.9627092343691	2.59685639761589	4.66066145001185	6.74503628549266
3.96905083394522	2.59679502698439	4.67072074123319	6.73301776017814
3.97539243352134	2.60845457957613	4.67496627270466	6.75965606429011
3.98173403309746	2.60424301562734	4.68158407285419	6.75312726130507
3.98807563267358	2.60539303857677	4.69304946788916	6.77109519792903
3.9944172322497	2.61556836889116	4.69778356073865	6.77844035522057
4.00075883182582	2.61412681002365	4.70522237560292	6.81109246879719
4.00710043140194	2.60837224880564	4.71602162143632	6.82850301434043
4.01344203097806	2.63531323604059	4.72213855608367	6.80736991409183
4.01978363055418	2.63415981133195	4.72577571906687	6.8255292725902
4.0261252301303	2.63029143603224	4.73618334882328	6.83842948557845
4.03246682970642	2.65110260681825	4.74407461500815	6.85418421412028
4.03880842928253	2.6384496330871	4.75131801898034	6.86723402149674
4.04515002885865	2.64682417987891	4.76447515295024	6.8694456700375
4.05149162843477	2.65364187469939	4.76877520050847	6.87341175966076
4.05783322801089	2.66062007552422	4.7731410640791	6.89176390021256
4.06417482758701	2.65243128492555	4.78644745649087	6.89212023154709
4.07051642716313	2.67363844679572	4.79115356267632	6.90901257468325
4.07685802673925	2.66919995054604	4.7964701317834	6.92608081742989
4.08319962631537	2.67581913968397	4.80432457519284	6.9250762258424
4.08954122589149	2.67610442487883	4.81784746303944	6.94135126017237
4.09588282546761	2.67471057299318	4.82314046151225	6.96215122990596
4.10222442504373	2.68225318297443	4.82630676396874	6.95788352577088
4.10856602461985	2.6985528173542	4.83479428861376	6.97239534813807
4.11490762419597	2.69522585606715	4.84163164415485	6.97726070500315
4.12124922377209	2.70549025438118	4.85195221507011	6.99517324539205
4.12759082334821	2.71244000537787	4.85864031513973	7.01307847180911
4.13393242292433	2.70396482397406	4.86572013581078	7.02555844177942
4.14027402250045	2.7137234086376	4.86900552059813	7.03531849021398
4.14661562207657	2.7263726289401	4.87320707501289	7.0401378878809
4.15295722165268	2.73439071317028	4.88405092483333	7.04354148193349
4.15929882122881	2.73657910509107	4.89929427404831	7.06263361243214
4.16564042080492	2.73427417826383	4.90249573767612	7.05538497392799
4.17198202038104	2.74418096408704	4.91000472288751	7.08105789009138
4.17832361995716	2.75202390033011	4.9183796532931	7.09493139852707
4.18466521953328	2.74548285537098	4.92760569308982	7.11146191741315
4.1910068191094	2.75005042598562	4.93310926603882	7.09447094293301
4.19734841868552	2.76611816785383	4.93517275372241	7.131135671661
4.20369001826164	2.7455679217967	4.94748570074693	7.13524803363641
4.21003161783776	2.77788240181454	4.96370753676593	7.13514078220105
4.21637321741388	2.75625680768024	4.96351907122801	7.15746028533362
4.22271481699	2.77438598091208	4.96953454507006	7.1745456346344
4.22905641656612	2.77313766706606	4.97822366596163	7.17985388026196
4.23539801614224	2.78258244614166	4.97733973429684	7.18320737828122
4.24173961571836	2.80036916251317	4.99348745105884	7.19324632420763
4.24808121529448	2.80560786614283	4.99655083080218	7.19625458641476
4.2544228148706	2.79300516990984	5.00749546030834	7.22542599007382
4.26076441444672	2.79594176525635	5.02085862034972	7.22358600581356
4.26710601402284	2.78688164014258	5.02117059594429	7.24796004905716
4.27344761359896	2.81161997396399	5.03198776658072	7.24710332055137
4.27978921317507	2.81934862964587	5.03675958485968	7.26481188774003
4.28613081275119	2.81614024450287	5.04917864694787	7.28095337048921
4.29247241232731	2.82883348902548	5.05633962538449	7.29943678664239
4.29881401190343	2.83330874426084	5.06045239776677	7.2910318068435
4.30515561147955	2.83641219526416	5.06875938460746	7.2918975950577
4.31149721105567	2.82808329978382	5.07961315291732	7.3125196072928
4.31783881063179	2.84826807759701	5.08955948919268	7.3298795722969
4.32418041020791	2.85370273133606	5.09303670541535	7.32752569169797
4.33052200978403	2.85114392263788	5.09565047784004	7.33812703541156
4.33686360936015	2.85083471295691	5.11070422098565	7.37182605105049
4.34320520893627	2.87089786667944	5.11247273630837	7.37752307486551
4.34954680851239	2.8797180934472	5.12025425201555	7.38384468863641
4.35588840808851	2.85779530951883	5.12907336978354	7.39331422612127
4.36223000766463	2.8802294251387	5.13697392516919	7.38719006813999
4.36857160724075	2.88576082692441	5.14640543826392	7.4031519771251
4.37491320681687	2.89470182750493	5.14798091624501	7.42791779200319
4.38125480639299	2.90260413451177	5.16117585113488	7.43157002258404
4.38759640596911	2.89178151413529	5.16898245598022	7.44610224691104
4.39393800554523	2.90279554558181	5.17100898523956	7.44946518151313
4.40027960512135	2.89760972203251	5.18279588517817	7.47787523687409
4.40662120469747	2.89976366081824	5.19130074943877	7.48935633990324
4.41296280427358	2.8985819482529	5.1951403053773	7.49477098943221
4.4193044038497	2.9099734386082	5.20681455943446	7.50337502236733
4.42564600342582	2.90708108405059	5.2118692119857	7.50391319281558
4.43198760300194	2.9296658071977	5.21987239306317	7.52108579853976
