"mitochan"	"lwrNorm"	"medNorm"	"uprNorm"
-1.90327037354145	-2.1989186281317	-1.93943448442194	-1.67495958430568
-1.89706886147604	-2.19421402581558	-1.92804690476381	-1.66255400885793
-1.89086734941062	-2.19477812336637	-1.92470845195257	-1.66252815496578
-1.88466583734521	-2.18488477419342	-1.92012717118323	-1.65437917253744
-1.87846432527979	-2.17456613374593	-1.91043197690876	-1.64661333207696
-1.87226281321438	-2.17161795472216	-1.90598809019459	-1.64224018643327
-1.86606130114897	-2.16644787924721	-1.89999897051571	-1.63107390412307
-1.85985978908355	-2.15966101187351	-1.89118383241225	-1.6280816914383
-1.85365827701814	-2.15140849129696	-1.88560678983347	-1.6187588303401
-1.84745676495273	-2.14543262951394	-1.8791717578978	-1.61302838638875
-1.84125525288731	-2.1376219823158	-1.87339835505954	-1.61040213770486
-1.8350537408219	-2.13270696427165	-1.86799486212513	-1.60509281278077
-1.82885222875648	-2.12386557507934	-1.85800441184316	-1.5953717966631
-1.82265071669107	-2.12068706384502	-1.85373598164888	-1.59202660277182
-1.81644920462566	-2.11088381849894	-1.84660920649081	-1.5824874339665
-1.81024769256024	-2.10605929990792	-1.84252851695785	-1.57790533252404
-1.80404618049483	-2.10791053239644	-1.83341255321018	-1.5696643983542
-1.79784466842942	-2.09442203145435	-1.82715921529489	-1.5609993427511
-1.791643156364	-2.08662785532494	-1.82146807248091	-1.55544332848555
-1.78544164429859	-2.08469940698665	-1.81585880043982	-1.54517051772066
-1.77924013223318	-2.07333812679844	-1.8091600112996	-1.5445251008402
-1.77303862016776	-2.06891935912173	-1.80256342953795	-1.53787727243339
-1.76683710810235	-2.05757990480974	-1.79300760947674	-1.53203211891381
-1.76063559603693	-2.05244229277157	-1.7873391304297	-1.52547472393693
-1.75443408397152	-2.04595652522554	-1.78309716431971	-1.51673173732658
-1.74823257190611	-2.03908491663481	-1.77765232292759	-1.51129172300357
-1.74203105984069	-2.03422856920938	-1.7707629021614	-1.50685904600657
-1.73582954777528	-2.02923725071547	-1.76383507575192	-1.4988265336504
-1.72962803570987	-2.02024929421757	-1.75795388582685	-1.49247508710733
-1.72342652364445	-2.01372220284485	-1.75011561092015	-1.4849915737003
-1.71722501157904	-2.01131916901786	-1.74283988997144	-1.47797554874447
-1.71102349951362	-1.9999933958513	-1.73832188584429	-1.47356526332528
-1.70482198744821	-1.99239944548064	-1.73094103803328	-1.46525498018518
-1.6986204753828	-1.98849126629521	-1.72498617603008	-1.46403278263938
-1.69241896331738	-1.98117845310025	-1.71782752740842	-1.45149766496061
-1.68621745125197	-1.96908343621731	-1.71264296199568	-1.44931283374222
-1.68001593918656	-1.97341095977245	-1.70370247283087	-1.43810747343984
-1.67381442712114	-1.96201317687461	-1.69716181465222	-1.43555877208959
-1.66761291505573	-1.95621345066161	-1.69168642347472	-1.42634897816506
-1.66141140299031	-1.94775730919399	-1.68748305526701	-1.4175550780562
-1.6552098909249	-1.94216364851783	-1.67931103906712	-1.41544956303653
-1.64900837885949	-1.93519881844611	-1.67412540878103	-1.40752293016792
-1.64280686679407	-1.93301217513622	-1.66710899496768	-1.4034515669988
-1.63660535472866	-1.92152114228836	-1.66213820784764	-1.39934699647632
-1.63040384266325	-1.91744584103375	-1.65326310128384	-1.39100863219946
-1.62420233059783	-1.90972458487958	-1.64891092030006	-1.37957378100991
-1.61800081853242	-1.90421155458197	-1.64164775174845	-1.3776619177155
-1.61179930646701	-1.89519121046292	-1.63528888199397	-1.37368859163984
-1.60559779440159	-1.88794774117654	-1.62857970730812	-1.36709844260515
-1.59939628233618	-1.8879119065106	-1.62022158380408	-1.35923316918038
-1.59319477027076	-1.87313087059987	-1.6125692161824	-1.35690018054838
-1.58699325820535	-1.86827961521055	-1.60901124552525	-1.3449610327548
-1.58079174613994	-1.86137538173596	-1.59951356340996	-1.33491910966206
-1.57459023407452	-1.85630731045124	-1.59444115188133	-1.33073176582108
-1.56838872200911	-1.85083180179726	-1.58674411952332	-1.32342139765381
-1.5621872099437	-1.84958774142882	-1.58223111909316	-1.31525385841804
-1.55598569787828	-1.83559390347679	-1.57766377260892	-1.31623251461551
-1.54978418581287	-1.83025250183202	-1.57237677497853	-1.3118635875747
-1.54358267374745	-1.83111164503373	-1.56348881129713	-1.30402078358734
-1.53738116168204	-1.81468327937718	-1.55680839704268	-1.29392302213682
-1.53117964961663	-1.81149658970411	-1.55109933127192	-1.29019667533232
-1.52497813755121	-1.80723221047804	-1.54515364767766	-1.28322228484873
-1.5187766254858	-1.79741285010468	-1.53932258086066	-1.27816322912974
-1.51257511342039	-1.79361013896077	-1.52814166222761	-1.27273892909576
-1.50637360135497	-1.78693516446885	-1.52429355310298	-1.26432374211236
-1.50017208928956	-1.78135368520125	-1.51860797565297	-1.25639426213233
-1.49397057722415	-1.77517906211064	-1.5121794776835	-1.25580591737566
-1.48776906515873	-1.76587347599441	-1.50431141738327	-1.24563045277501
-1.48156755309332	-1.75885546721324	-1.50264230161642	-1.23615462289105
-1.4753660410279	-1.75198361061872	-1.49137748917615	-1.23180208986391
-1.46916452896249	-1.74932910849746	-1.48539537839644	-1.22698415029849
-1.46296301689708	-1.7408567774261	-1.47932210646505	-1.21980454787557
-1.45676150483166	-1.73306968950018	-1.47410927594931	-1.2095113614453
-1.45055999276625	-1.72303816382363	-1.46476531888936	-1.20489808759263
-1.44435848070084	-1.72776166935092	-1.46013478294283	-1.19721661377353
-1.43815696863542	-1.71702362147619	-1.45428869414943	-1.1939109360302
-1.43195545657001	-1.70520340353871	-1.44724638303013	-1.18587353752179
-1.42575394450459	-1.70194592139077	-1.44046120880373	-1.17551844187251
-1.41955243243918	-1.69388220049101	-1.43514989657898	-1.17083174808132
-1.41335092037377	-1.68950734596312	-1.42800751848336	-1.16871320459324
-1.40714940830835	-1.68396420995963	-1.42167928747902	-1.15893072763232
-1.40094789624294	-1.67614538529312	-1.4174920657539	-1.1532943365026
-1.39474638417753	-1.66775625116331	-1.40777005879438	-1.14748958071096
-1.38854487211211	-1.66454241136347	-1.40143127911741	-1.14563937739136
-1.3823433600467	-1.65559686745059	-1.3965168729496	-1.13703427907065
-1.37614184798129	-1.65300159950516	-1.3896651261632	-1.13329556222118
-1.36994033591587	-1.64170414836192	-1.3816846126632	-1.12163717676885
-1.36373882385046	-1.63160621076277	-1.37623970069024	-1.11758470008596
-1.35753731178504	-1.62810253574948	-1.37043246900769	-1.11258865827833
-1.35133579971963	-1.62464694428073	-1.36344985016556	-1.1016271494445
-1.34513428765422	-1.61455258303715	-1.35600514139306	-1.09979846222726
-1.3389327755888	-1.60902354574803	-1.35010303575257	-1.09106178348631
-1.33273126352339	-1.60475091998014	-1.34332842360689	-1.08516020075458
-1.32652975145798	-1.59644614390408	-1.33722704452599	-1.07884637230923
-1.32032823939256	-1.58999881245272	-1.33146798497598	-1.06983852428867
-1.31412672732715	-1.58771926299554	-1.32734501752956	-1.06328479785428
-1.30792521526173	-1.57023374953739	-1.31959415479619	-1.06088133070054
-1.30172370319632	-1.57148455898992	-1.3136549996304	-1.05221819945766
-1.29552219113091	-1.56350539155849	-1.30606765761495	-1.04768851472881
-1.28932067906549	-1.55614113302309	-1.29654523975524	-1.03700262840056
-1.28311916700008	-1.55040334458194	-1.29242914884675	-1.03067267940599
-1.27691765493467	-1.54694880410135	-1.28554727754811	-1.02196564642443
-1.27071614286925	-1.54077338561641	-1.27826257969802	-1.01990349967409
-1.26451463080384	-1.52862473628536	-1.27154173399958	-1.01253675212318
-1.25831311873842	-1.5272722514723	-1.26655345836167	-1.00837063559805
-1.25211160667301	-1.51808775238514	-1.25983362009196	-1.00049043480418
-1.2459100946076	-1.51603398109984	-1.25281615025689	-0.999070948878333
-1.23970858254218	-1.51005138652706	-1.24818050501016	-0.99128140353581
-1.23350707047677	-1.50175797572731	-1.23956097857542	-0.979944445286369
-1.22730555841136	-1.49558913568295	-1.23339457209307	-0.973550822628169
-1.22110404634594	-1.48855063574549	-1.22862852475098	-0.970435293006506
-1.21490253428053	-1.48158600736092	-1.22352167941313	-0.961372654785806
-1.20870102221512	-1.4736270838953	-1.21588911375967	-0.960890335410052
-1.2024995101497	-1.46601934594492	-1.2098365953335	-0.95231839041328
-1.19629799808429	-1.46120796524654	-1.19878318933348	-0.942710723421346
-1.19009648601887	-1.45631558847813	-1.19676507881817	-0.936936742768524
-1.18389497395346	-1.44721935227803	-1.18954026204747	-0.930544209823902
-1.17769346188805	-1.44317728079821	-1.18265486384715	-0.924995511465134
-1.17149194982263	-1.42902242824241	-1.1767682246893	-0.920607876739936
-1.16529043775722	-1.42605911676985	-1.16909923650224	-0.91278570724614
-1.15908892569181	-1.42091694236452	-1.16323871183633	-0.908199400187907
-1.15288741362639	-1.41201901118013	-1.15798876235708	-0.898910713892717
-1.14668590156098	-1.40860896211834	-1.15226581496881	-0.895204612997632
-1.14048438949556	-1.39989665690904	-1.14384762218341	-0.884967262557167
-1.13428287743015	-1.3919394306381	-1.135502776229	-0.879303619317307
-1.12808136536474	-1.3859073460959	-1.13008090466137	-0.874799141897238
-1.12187985329932	-1.38453865282589	-1.12369491676084	-0.86928636356742
-1.11567834123391	-1.37742826198644	-1.11806621906099	-0.85801585845663
-1.1094768291685	-1.36482819525889	-1.1116293693513	-0.85359336082312
-1.10327531710308	-1.36606186655243	-1.10579619061808	-0.849450004033946
-1.09707380503767	-1.35660673006243	-1.09811870246276	-0.841861542063504
-1.09087229297226	-1.34952491085709	-1.09343046871663	-0.83265481497864
-1.08467078090684	-1.34249039390483	-1.08491734543219	-0.826239811298963
-1.07846926884143	-1.33391292787832	-1.0793232914432	-0.819934357611445
-1.07226775677601	-1.32954340621262	-1.07337456195132	-0.819114965701787
-1.0660662447106	-1.31886328352397	-1.06569121489645	-0.809169105718287
-1.05986473264519	-1.3208406490012	-1.06253822263953	-0.806026116760573
-1.05366322057977	-1.30742160341692	-1.05257317239745	-0.798213369581571
-1.04746170851436	-1.30596463837971	-1.0475341267469	-0.790679190891492
-1.04126019644895	-1.29854874103127	-1.04336292495596	-0.782595791195256
-1.03505868438353	-1.2934657653994	-1.03457762117025	-0.779121255560803
-1.02885717231812	-1.28280280002905	-1.02816463565422	-0.771608307985728
-1.0226556602527	-1.27481301510149	-1.02206273075675	-0.766094244051113
-1.01645414818729	-1.27090310383855	-1.01533296071865	-0.758274956233725
-1.01025263612188	-1.26290794905539	-1.00785328543613	-0.750708846293284
-1.00405112405646	-1.2637585326681	-1.00235999515528	-0.750237885264557
-0.99784961199105	-1.25282274663839	-0.997004388709449	-0.738586939814218
-0.991648099925636	-1.24563568183918	-0.989536129980343	-0.734737910117415
-0.985446587860222	-1.23995916811274	-0.983145325294643	-0.728712981989013
-0.979245075794809	-1.23480978322663	-0.977901098425717	-0.722975991052363
-0.973043563729395	-1.23064528947863	-0.969223067447145	-0.717765693644609
-0.966842051663981	-1.21890394390852	-0.964609774242708	-0.70860872359265
-0.960640539598568	-1.21311217056395	-0.956937829752052	-0.703062237161004
-0.954439027533154	-1.20706939527949	-0.950995541049741	-0.69121728614416
-0.94823751546774	-1.20221141550474	-0.942358740804867	-0.690150336098964
-0.942036003402327	-1.19753282276048	-0.937145061846241	-0.676385922419076
-0.935834491336913	-1.18395526468058	-0.931348610532648	-0.676314761308287
-0.929632979271499	-1.17934569965589	-0.923611695983065	-0.669319404928195
-0.923431467206086	-1.17465872629392	-0.919290905309043	-0.664094278626047
-0.917229955140672	-1.16748485122523	-0.912700172583557	-0.654333300136342
-0.911028443075258	-1.16495320074928	-0.90643603460415	-0.649747193408232
-0.904826931009844	-1.15731319162454	-0.898110098606126	-0.64145727107981
-0.898625418944431	-1.14769898783768	-0.892363589842783	-0.640314162106117
-0.892423906879017	-1.13558098332069	-0.885733374576105	-0.631483390588871
-0.886222394813603	-1.13439063182079	-0.880153792157004	-0.627204770964712
-0.88002088274819	-1.12903830368289	-0.873261978227806	-0.61683575362268
-0.873819370682776	-1.12344742151204	-0.867059240645039	-0.613584050422973
-0.867617858617362	-1.11384128034252	-0.860056588570985	-0.60773910603705
-0.861416346551949	-1.11078713866132	-0.852648020704596	-0.597713519626543
-0.855214834486535	-1.09854188878351	-0.848442773206802	-0.594074102738901
-0.849013322421121	-1.0919695345396	-0.840070956307608	-0.582032822282283
-0.842811810355708	-1.09030876935203	-0.83486598476873	-0.58366182238599
-0.836610298290294	-1.08573071965854	-0.829009565029397	-0.577336877183341
-0.83040878622488	-1.07956032061063	-0.821822577185026	-0.570877023913767
-0.824207274159467	-1.07184314923363	-0.816001579936616	-0.562407767602161
-0.818005762094053	-1.06048618390735	-0.808765156488108	-0.554497582891954
-0.811804250028639	-1.05762954409952	-0.80183025290892	-0.545926323848534
-0.805602737963225	-1.0496609843973	-0.793675928023143	-0.539254568465618
-0.799401225897812	-1.04455153575672	-0.790454521655242	-0.53439527832731
-0.793199713832398	-1.0416949768758	-0.783583816720384	-0.531257975891939
-0.786998201766984	-1.02697041930437	-0.77526390623865	-0.520634416713252
-0.780796689701571	-1.02496229130683	-0.768902142610074	-0.514391490226674
-0.774595177636157	-1.01835962276055	-0.762964799247568	-0.508609073081
-0.768393665570743	-1.01182179449626	-0.7586842356308	-0.501088492171473
-0.76219215350533	-1.00258996247617	-0.751540932856531	-0.494752436145773
-0.755990641439916	-0.997742664496716	-0.744538985589032	-0.491690579919961
-0.749789129374502	-0.991521876136101	-0.737483656179438	-0.482373646629483
-0.743587617309089	-0.982513207053259	-0.730844751634016	-0.471947852006432
-0.737386105243675	-0.977300444807189	-0.724880679356811	-0.47360035508102
-0.731184593178261	-0.972167199582033	-0.720320054331922	-0.463005886892591
-0.724983081112847	-0.963803181880208	-0.710578074284555	-0.454333192503841
-0.718781569047434	-0.956558940800072	-0.704066578954296	-0.453404911758183
-0.71258005698202	-0.952806345309894	-0.698850281348802	-0.445136587253819
-0.706378544916606	-0.944057988174174	-0.690938424093373	-0.438721416410727
-0.700177032851193	-0.940730510640176	-0.686272293928189	-0.432073143273776
-0.693975520785779	-0.935231836081509	-0.679795309153623	-0.424614686831797
-0.687774008720365	-0.927318866964362	-0.674787618227927	-0.425349054998145
-0.681572496654952	-0.919896130234654	-0.667346860548358	-0.414677152909097
-0.675370984589538	-0.918160135363629	-0.661534954578651	-0.408095189821831
-0.669169472524124	-0.909183554832728	-0.65352205564044	-0.402344167203992
-0.66296796045871	-0.900255068597627	-0.64679245294791	-0.391874295076568
-0.656766448393297	-0.893941864035313	-0.642184825628554	-0.38809162640234
-0.650564936327883	-0.889409884779847	-0.633097604788179	-0.377983292980721
-0.644363424262469	-0.882278337513567	-0.627099453979407	-0.374434568695052
-0.638161912197056	-0.871730247540433	-0.621246354619122	-0.369996890106452
-0.631960400131642	-0.8680028872511	-0.616310490752197	-0.364019452140271
-0.625758888066228	-0.860384686034747	-0.608057755525528	-0.350924372047274
-0.619557376000815	-0.854822324641406	-0.601422970232714	-0.347942940389148
-0.613355863935401	-0.84881323893044	-0.595987217937794	-0.341496187102269
-0.607154351869987	-0.838985976239664	-0.589618538851341	-0.335075516306566
-0.600952839804574	-0.836127531139806	-0.583360140977582	-0.334800621588555
-0.59475132773916	-0.827347132947389	-0.576199234443892	-0.324493257102062
-0.588549815673746	-0.823840999633561	-0.5696998606374	-0.316900218743819
-0.582348303608333	-0.815839663758216	-0.561831377113202	-0.313689528929241
-0.576146791542919	-0.806682430559023	-0.557756474696315	-0.303385499406237
-0.569945279477505	-0.79958571500456	-0.550923305766732	-0.30030534644952
-0.563743767412092	-0.800227841602439	-0.544479430288189	-0.289756844378967
-0.557542255346678	-0.787029782976007	-0.535740330398541	-0.280915086595836
-0.551340743281264	-0.785327433155479	-0.530667711779456	-0.279255845098365
-0.54513923121585	-0.778441816493123	-0.525098734209332	-0.278613848361759
-0.538937719150437	-0.770429230953025	-0.518910796381716	-0.2692209621417
-0.532736207085023	-0.761206120196912	-0.510882618972138	-0.258955873260821
-0.526534695019609	-0.759632459960442	-0.506086832901152	-0.252525716590584
-0.520333182954196	-0.751409068727866	-0.500100078340195	-0.251206005921265
-0.514131670888782	-0.742874299328453	-0.490962492551995	-0.240495208110192
-0.507930158823368	-0.735145966645202	-0.484737538725292	-0.231411952078593
-0.501728646757954	-0.730044830348005	-0.478878473502778	-0.229727618324447
-0.495527134692541	-0.730187006307623	-0.473577993477712	-0.223333752879069
-0.489325622627127	-0.719767142397743	-0.466129639780384	-0.217192971094209
-0.483124110561713	-0.711687801668359	-0.458418090622871	-0.208233923939046
-0.4769225984963	-0.702932181493957	-0.452544910555611	-0.195827832396578
-0.470721086430886	-0.697684887963239	-0.446384442743512	-0.197984770767814
-0.464519574365472	-0.689981775048016	-0.441043090041464	-0.190498552159212
-0.458318062300059	-0.679867767617248	-0.433631366383457	-0.182472096365877
-0.452116550234645	-0.681525908692685	-0.428114122174569	-0.174416191893297
-0.445915038169231	-0.674800335646936	-0.420199086612442	-0.167943351764113
-0.439713526103818	-0.665878653573599	-0.413522954767999	-0.161404781593158
-0.433512014038404	-0.656790140951959	-0.407114590250921	-0.159730468426434
-0.42731050197299	-0.654867475902516	-0.403625968017201	-0.153402992115625
-0.421108989907577	-0.644353341033607	-0.394046947631535	-0.144925296691095
-0.414907477842163	-0.644654534877628	-0.390540491482155	-0.138197417516525
-0.408705965776749	-0.630369995468302	-0.382606972140379	-0.13337341607386
-0.402504453711335	-0.628346040883376	-0.377308877254739	-0.130032468709247
-0.396302941645922	-0.619049382112587	-0.369184040305499	-0.117549245095584
-0.390101429580508	-0.610828531352621	-0.363627495587338	-0.112862509139233
-0.383899917515094	-0.614749470742906	-0.356704097788804	-0.104150840200584
-0.377698405449681	-0.599933086889956	-0.351846560147734	-0.103470216946938
-0.371496893384267	-0.595969873684044	-0.344446074271596	-0.0926103755098034
-0.365295381318853	-0.588321849766147	-0.33691486346736	-0.0846249239602098
-0.35909386925344	-0.581475596772315	-0.329182384961431	-0.0794840092943005
-0.352892357188026	-0.57865221853869	-0.32433235312619	-0.0748119208652919
-0.346690845122612	-0.571907015638647	-0.31814249601807	-0.0704023440763285
-0.340489333057199	-0.56091397939411	-0.311452240921946	-0.0602686958759047
-0.334287820991785	-0.553965655734495	-0.304962323798368	-0.054915052296051
-0.328086308926371	-0.549403947462571	-0.299380907306281	-0.0504294160656514
-0.321884796860958	-0.542554138647122	-0.292820437351816	-0.0409812903610232
-0.315683284795544	-0.534758410541719	-0.285777141450231	-0.03980734794257
-0.30948177273013	-0.526128997585034	-0.280017992535026	-0.0289535375648017
-0.303280260664716	-0.522330180021593	-0.273134989492015	-0.0231569738442843
-0.297078748599303	-0.518341059208125	-0.265876301770164	-0.0211850938626965
-0.290877236533889	-0.508405462059299	-0.260014600864981	-0.00788552593273048
-0.284675724468475	-0.508101080716844	-0.253970735345644	-0.00245082434648295
-0.278474212403062	-0.494464674961484	-0.246843179796426	0.00336601245189372
-0.272272700337648	-0.492737694830139	-0.23809142267985	0.011403063897757
-0.266071188272234	-0.481472314770192	-0.234288515104945	0.0170146835724879
-0.25986967620682	-0.479623179219213	-0.22839102126957	0.0216647861638997
-0.253668164141407	-0.471032384339901	-0.219836542816805	0.0299849631831383
-0.247466652075993	-0.463699196634199	-0.214784781625516	0.0349715876653544
-0.241265140010579	-0.457446615283701	-0.208560137364351	0.043544477471957
-0.235063627945166	-0.454255569210159	-0.20139169808257	0.0483170889375993
-0.228862115879752	-0.445223333066928	-0.194154078163118	0.054079571385407
-0.222660603814338	-0.440752556289245	-0.188792402981104	0.0598615075068826
-0.216459091748925	-0.432024565098185	-0.182271567414887	0.069177179613825
-0.210257579683511	-0.425641235297036	-0.17529441405003	0.07047942705193
-0.204056067618097	-0.422517028473073	-0.171279263899521	0.0768047336234913
-0.197854555552684	-0.419686962366607	-0.164127604182623	0.0870610609215842
-0.19165304348727	-0.406104183703417	-0.158047984948263	0.0901581022983982
-0.185451531421856	-0.402632052378655	-0.1508677178901	0.100352971755759
-0.179250019356443	-0.398861031253373	-0.143859637977793	0.103083730131414
-0.173048507291029	-0.388203505638152	-0.138385346097473	0.113309775300635
-0.166846995225615	-0.378757269636327	-0.127736530618862	0.11831290451618
-0.160645483160202	-0.373230485804574	-0.124185070476159	0.122802483409255
-0.154443971094788	-0.364229079427395	-0.118128239297505	0.133265477472487
-0.148242459029374	-0.359686427439898	-0.110512407458301	0.143406912252371
-0.14204094696396	-0.355301224080274	-0.105988252255644	0.141112438380228
-0.135839434898547	-0.346512034390337	-0.0981044377328523	0.151931094504015
-0.129637922833133	-0.341822071444294	-0.0932161795645883	0.155620250247522
-0.123436410767719	-0.335259172910983	-0.0873581575063434	0.162786830688562
-0.117234898702306	-0.330170346946268	-0.079069786114457	0.166075556226624
-0.111033386636892	-0.321963597216044	-0.0730590616647503	0.17867342132023
-0.104831874571478	-0.314152193934159	-0.0682927390760582	0.180210438800984
-0.0986303625060645	-0.312436710689558	-0.0621240090601429	0.186866051807531
-0.0924288504406507	-0.300654238108209	-0.0543367383007439	0.191624820757063
-0.0862273383752372	-0.299943432444351	-0.0472679713863291	0.20314284282682
-0.0800258263098235	-0.290117084355909	-0.0405192260963836	0.204816237898392
-0.0738243142444097	-0.281273158429322	-0.0313257413531535	0.217505825783091
-0.067622802178996	-0.279986893148496	-0.0284775011491251	0.219431827367927
-0.0614212901135824	-0.268573168752062	-0.0204482730442506	0.228380908980143
-0.0552197780481687	-0.266861750792169	-0.0144319010580599	0.237182043827162
-0.0490182659827549	-0.262308364101034	-0.0107382254143688	0.241370009241963
-0.0428167539173414	-0.250080948555411	-0.00243713443282466	0.248696830314676
-0.0366152418519277	-0.248184414793375	0.00556570775185145	0.257783480896516
-0.0304137297865139	-0.239475299225347	0.0113030637510724	0.261867517829929
-0.0242122177211002	-0.231585576361147	0.0188406079373322	0.263968349053706
-0.0180107056556866	-0.226951507788529	0.0235824556234988	0.272816788190208
-0.0118091935902729	-0.218694100856713	0.0300185200875627	0.277882990188113
-0.00560768152485913	-0.21448309491405	0.0384175680692845	0.288068071660679
0.000593830540554618	-0.205326414271627	0.0443161885694865	0.291121731807307
0.00679534260596815	-0.200949773996909	0.0491851138469201	0.295906775189165
0.0129968546713819	-0.194011370007628	0.0547760946347819	0.299859056548294
0.0191983667367956	-0.192014454712626	0.0642147274586576	0.313442048120732
0.0253998788022094	-0.176115490778906	0.0675458893844316	0.317646692505354
0.0316013908676229	-0.172746287730997	0.0731229640352887	0.32308146203667
0.0378029029330367	-0.163684297119613	0.083649777674051	0.334744178552767
0.0440044149984504	-0.160487458203548	0.0891593939542351	0.337407102962366
0.0502059270638642	-0.149262713078349	0.0981092250049589	0.345810000784233
0.0564074391292777	-0.145003402676668	0.100975360908302	0.352109696403344
0.0626089511946915	-0.139901001127543	0.109027172714456	0.358831115646378
0.0688104632601052	-0.132974536598438	0.113357699910973	0.361987697269347
0.075011975325519	-0.12921226789938	0.118868262594167	0.368139257739523
0.0812134873909325	-0.125508972189547	0.125627994852108	0.374109852420101
0.0874149994563462	-0.110896323303594	0.133457871889274	0.386624460821965
0.09361651152176	-0.104981939086366	0.140379124788489	0.390211923198923
0.0998180235871735	-0.102465437082068	0.147148304267161	0.396276279365975
0.106019535652587	-0.094167576836169	0.15486774930095	0.400875369325641
0.112221047718001	-0.089021686153847	0.159914811706395	0.411027701660765
0.118422559783415	-0.0841207301341244	0.165951252288059	0.416346258443885
0.124624071848829	-0.0802321640454121	0.173492262080081	0.42397935737933
0.130825583914242	-0.0669956923409727	0.179073519537283	0.427735264003526
0.137027095979656	-0.0618356115546003	0.184532844182098	0.435065660679581
0.14322860804507	-0.0569265220982947	0.192281768529375	0.440136774483605
0.149430120110483	-0.0500911018486572	0.19761525157727	0.445562742904332
0.155631632175897	-0.0406149860979863	0.206513212814959	0.45800636424606
0.161833144241311	-0.0372460287689019	0.209840928750016	0.46116473497135
0.168034656306724	-0.0318263786264863	0.216218600220185	0.465314031308934
0.174236168372138	-0.0253566382405189	0.222049722469489	0.473113496720739
0.180437680437552	-0.0138086468085517	0.230263239535013	0.481364732650383
0.186639192502965	-0.0140515736281261	0.23565203868839	0.485455281328199
0.192840704568379	-0.00462704874385845	0.244637418763635	0.488565273150453
0.199042216633793	-0.00038381908986874	0.252777876337235	0.498286226391494
0.205243728699207	0.00823906433251305	0.25557967708052	0.500800218026399
0.21144524076462	0.0125350454365826	0.262288380209387	0.51389221213456
0.217646752830034	0.0220221925611762	0.269360270706908	0.519358171657768
0.223848264895448	0.0292946420152223	0.275117556743603	0.524918667725884
0.230049776960861	0.0300612477812781	0.282167747684003	0.53056944081543
0.236251289026275	0.0416795370465282	0.288724830347626	0.536504413212309
0.242452801091689	0.0483256690875134	0.294451998238283	0.542447846771435
0.248654313157102	0.0529692198559496	0.302027225303139	0.549289714139452
0.254855825222516	0.0605793900986238	0.306865395411184	0.555701865951406
0.26105733728793	0.0639044188789831	0.314077655154698	0.563081699777452
0.267258849353343	0.0737387893121681	0.320881382798826	0.574436522150721
0.273460361418757	0.0785695311848354	0.326742176560168	0.576481587774732
0.279661873484171	0.0901766107100288	0.335856984058995	0.581785275644765
0.285863385549584	0.0973421618440697	0.340602165104984	0.591048396704115
0.292064897614998	0.0970228392361119	0.345953077123812	0.594518632760873
0.298266409680412	0.103800142936869	0.354639627889767	0.600596856318901
0.304467921745825	0.114822441551668	0.357315016398531	0.612336700952474
0.310669433811239	0.119377626169328	0.366248609184394	0.615336245112168
0.316870945876653	0.124040833286429	0.371481551386873	0.621196119330461
0.323072457942067	0.135038922034693	0.38055723497077	0.626496209401045
0.32927397000748	0.13645938556777	0.383850673088431	0.62942199043093
0.335475482072894	0.144841499185066	0.393073242895365	0.64141234296144
0.341676994138308	0.151601186693728	0.397710098971757	0.644078631964991
0.347878506203721	0.156868505663749	0.403408706668961	0.65212311113241
0.354080018269135	0.162649069209587	0.411134332971282	0.654466878263314
0.360281530334549	0.167771247220218	0.417546222759171	0.663228693585969
0.366483042399962	0.179615914361037	0.424524879768255	0.670101628868015
0.372684554465376	0.184737594405571	0.429042775085819	0.676518597245785
0.37888606653079	0.188082230700603	0.435997914683085	0.683203648497274
0.385087578596203	0.197047775116492	0.444446307958247	0.692031702251047
0.391289090661617	0.20465440428085	0.449556110324452	0.69411952976256
0.397490602727031	0.206649729182643	0.456798063524081	0.703226704336538
0.403692114792444	0.214632752517207	0.464314923473821	0.708747213932201
0.409893626857858	0.22357127324501	0.469101410566206	0.714239354218528
0.416095138923272	0.226412816229443	0.474308663500507	0.720988136382546
0.422296650988685	0.233340302410073	0.481966274816634	0.731611169531443
0.428498163054099	0.244619800575621	0.490577011011307	0.737062298763239
0.434699675119513	0.247385725113265	0.495828438030105	0.742145952826629
0.440901187184927	0.254006073908273	0.502813949532473	0.750493439069151
0.44710269925034	0.26304620624416	0.507440873661116	0.753852224093966
0.453304211315754	0.26831245716959	0.512854066247934	0.760650624799141
0.459505723381168	0.273759321651461	0.52002576815153	0.768620044050369
0.465707235446581	0.281162053445853	0.527627497953077	0.772483578599414
0.471908747511995	0.290186564754171	0.534308734425181	0.78148699400781
0.478110259577409	0.29789138101852	0.541026887585679	0.789484979614588
0.484311771642822	0.296589804532528	0.546854083930471	0.795364283891242
0.490513283708236	0.307952305019371	0.553533141234375	0.796829140533889
0.49671479577365	0.314467080865419	0.557463633288154	0.802272679541297
0.502916307839063	0.314621831924156	0.5671046667272	0.814695492738846
0.509117819904477	0.320874492182471	0.570908547551923	0.816594508506713
0.515319331969891	0.327996731435492	0.580121081466911	0.830461460001935
0.521520844035305	0.341395160403754	0.585539561080137	0.833020815338587
0.527722356100718	0.344444700843991	0.592165936901031	0.833974852110996
0.533923868166132	0.349413773399744	0.598235206200858	0.843333283172248
0.540125380231546	0.356285778612125	0.605045655821259	0.855176437228198
0.54632689229696	0.359606159592111	0.61137704484024	0.859991904619208
0.552528404362373	0.371433871849004	0.617864538088202	0.863747355527299
0.558729916427787	0.375985272383785	0.623775844382646	0.870257026834234
0.564931428493201	0.38531935690717	0.630837503309473	0.87447272637774
0.571132940558614	0.3892053728789	0.63685389005328	0.879976078073358
0.577334452624028	0.39911359093805	0.644295409792667	0.88885104119252
0.583535964689442	0.403681270808099	0.651510775770955	0.896374263022606
0.589737476754855	0.410534502852741	0.656355234567126	0.903644476051273
0.595938988820269	0.41845721523372	0.663948207930279	0.911922183260492
0.602140500885683	0.421865597360006	0.668380619446844	0.916738260854356
0.608342012951097	0.425882226816973	0.673967019122862	0.921328051147022
0.61454352501651	0.436144195387921	0.683077439018762	0.925015694860768
0.620745037081924	0.441890543354446	0.690719606613931	0.936128424489662
0.626946549147338	0.446414903065346	0.694410403122015	0.937153990453735
0.633148061212751	0.453632326787966	0.700858406764203	0.947331628595327
0.639349573278165	0.463825949180819	0.709392195198393	0.955063963732218
0.645551085343579	0.462803035811846	0.71421370861099	0.963831614106821
0.651752597408992	0.4726964791011	0.719776837579614	0.960343408328773
0.657954109474406	0.48001010140014	0.727616273154736	0.9768283278865
0.66415562153982	0.487001120527666	0.733480178746811	0.979069642057421
0.670357133605233	0.491949114329528	0.73970163778782	0.988072841477418
0.676558645670647	0.501803289922425	0.747289241450917	0.995935802444068
0.682760157736061	0.511576524634282	0.752928811627499	0.996029598523483
0.688961669801474	0.514348196623471	0.76022111086714	1.00947091385833
0.695163181866888	0.517965591954238	0.767059666270121	1.00717135259696
0.701364693932302	0.529367825549022	0.772124510303149	1.01961974686776
0.707566205997715	0.529093716857777	0.778826666256575	1.0221603666632
0.713767718063129	0.535935536930205	0.78329323697784	1.02858953949973
0.719969230128543	0.544661450817585	0.792497713337138	1.03808323054155
0.726170742193957	0.549552102859887	0.796409191007784	1.04237722868312
0.73237225425937	0.562954405142981	0.804364325729663	1.05730798684185
0.738573766324784	0.566945399209994	0.811343575715402	1.05971547124392
0.744775278390198	0.57506482255246	0.817137255544255	1.06118858767518
0.750976790455611	0.582135916970205	0.824948879784395	1.07196333729357
0.757178302521025	0.58776014267135	0.830994000720161	1.07337599184593
0.763379814586439	0.59024120537624	0.834598116897657	1.08310111151982
0.769581326651852	0.600683863717653	0.845732455607014	1.0919382116428
0.775782838717266	0.603983036465114	0.850351867976228	1.09525951643143
0.78198435078268	0.610363694460974	0.85526184728907	1.10339892570929
0.788185862848093	0.613386508543508	0.864079304414591	1.11070748053535
0.794387374913507	0.625860396844908	0.86807937025627	1.11575668507962
0.800588886978921	0.62955550360553	0.876454327547632	1.12329656372904
0.806790399044334	0.633679144983193	0.880223174635613	1.12517174879058
0.812991911109748	0.644133974889147	0.889687334002388	1.1335859543954
0.819193423175162	0.646089176754954	0.896598928280355	1.14518069431313
0.825394935240575	0.657194786805281	0.901382345342891	1.15281808394633
0.831596447305989	0.660844713904103	0.907873899995017	1.15583498433249
0.837797959371403	0.668590459816075	0.913117968323333	1.1586317030507
0.843999471436817	0.674199584366452	0.920220231240714	1.16951319093928
0.85020098350223	0.680891716332591	0.928672137634694	1.17586304413891
0.856402495567644	0.68570359106384	0.933307832692186	1.18120908820815
0.862604007633058	0.692967264593142	0.93882808560731	1.18363497347659
0.868805519698471	0.699711381972953	0.944763003156289	1.1910367148097
0.875007031763885	0.70406490399773	0.953529984148317	1.19882016338112
0.881208543829299	0.713905009515317	0.95790860420939	1.20427882185491
0.887410055894712	0.719645224324986	0.966756052047358	1.21045800381974
0.893611567960126	0.723608296082807	0.972898907306722	1.21753389610565
0.89981308002554	0.736339626262423	0.978739971644096	1.22671565267096
0.906014592090953	0.736665916452397	0.985816585409453	1.23190770236898
0.912216104156367	0.744954568734203	0.992506930949077	1.23799635010545
0.918417616221781	0.749055842174186	0.996773996345724	1.24388889175252
0.924619128287195	0.757622993785394	1.00422287831216	1.25433461092592
0.930820640352608	0.761986452773111	1.01008039016257	1.26144416223038
0.937022152418022	0.768347448968366	1.01761125717045	1.26443490976329
0.943223664483436	0.776183974896803	1.02395242763375	1.26637993402815
0.94942517654885	0.782526280139423	1.03192763405912	1.27624495221409
0.955626688614263	0.790825272817649	1.03839674980078	1.27975541796361
0.961828200679677	0.794390794041594	1.04305440977578	1.29227037450892
0.968029712745091	0.803412879397096	1.05004310972912	1.29781562330921
0.974231224810504	0.811418867357954	1.05392918751391	1.30212868647141
0.980432736875918	0.81473482634103	1.06395846225876	1.30749433465312
0.986634248941332	0.821712363785327	1.06901754847068	1.31908119091242
0.992835761006745	0.82650967610146	1.07563916892171	1.3229514241054
0.999037273072159	0.83495918836066	1.08171118335405	1.32772369257015
1.00523878513757	0.842146833122145	1.08987895048009	1.33731990582655
1.01144029720299	0.85008569319925	1.09309328688871	1.3400776189327
1.0176418092684	0.853989051141838	1.10261332617244	1.35039264561733
1.02384332133381	0.862041982836899	1.10816968269103	1.35285171835249
1.03004483339923	0.868582103971847	1.11428198544777	1.35951676758408
1.03624634546464	0.876093112156062	1.12134053421787	1.36758314302259
1.04244785753005	0.880223347963568	1.12772862401759	1.37541492919625
1.04864936959547	0.885351689748715	1.13368258725111	1.37695182933635
1.05485088166088	0.894611630209378	1.14007950255076	1.38262180445556
1.0610523937263	0.898927754334082	1.14536631635324	1.39702381817899
1.06725390579171	0.906484676987245	1.1513873420485	1.39329077952559
1.07345541785712	0.909493558555243	1.16003368093239	1.40871829092179
1.07965692992254	0.919289056051209	1.16438228613555	1.41159407321683
1.08585844198795	0.926005108535685	1.17511538542452	1.41500164252103
1.09205995405336	0.93309868189756	1.17825128373083	1.42590294108346
1.09826146611878	0.937296973496998	1.18413250740657	1.43134567586429
1.10446297818419	0.945265364728037	1.19078506995867	1.43073207812792
1.11066449024961	0.94881854510827	1.19833433292139	1.442716009453
1.11686600231502	0.960621418195763	1.20482642032957	1.45216223105585
1.12306751438043	0.968525277014315	1.20981485283358	1.45334354947366
1.12926902644585	0.975790469430459	1.21778646651275	1.45876204305923
1.13547053851126	0.977598314514063	1.22277700341671	1.47007651973027
1.14167205057667	0.983641309011981	1.23005755931495	1.47642561958775
1.14787356264209	0.991661910911695	1.23676199300444	1.48602781067709
1.1540750747075	0.995035045387814	1.24433434211583	1.49005300884895
1.16027658677291	1.0022284663122	1.24848322140758	1.49285452535802
1.16647809883833	1.01084640922552	1.25395442982878	1.50193664977871
1.17267961090374	1.01472112723517	1.26312271219927	1.5105522186451
1.17888112296916	1.02337289523069	1.27078517109838	1.51432534242645
1.18508263503457	1.0265443733468	1.27600770518737	1.52299228086645
1.19128414709998	1.03688558078265	1.28208185778085	1.53031732043019
1.1974856591654	1.04374421885582	1.28801960378748	1.53370439631058
1.20368717123081	1.04775685889627	1.29495331667589	1.54258533276856
1.20988868329622	1.05819130699516	1.30270017830728	1.54692306898616
1.21609019536164	1.05883171673869	1.3073015334573	1.55185966553188
1.22229170742705	1.06912982745333	1.3148029698924	1.56582945705381
1.22849321949247	1.07455629391459	1.31946177801512	1.56305446162198
1.23469473155788	1.07966683131512	1.3265851631646	1.57412508587334
1.24089624362329	1.09024268886101	1.33339760351092	1.58126205465341
1.24709775568871	1.09153232236549	1.34076203069396	1.58434984751201
1.25329926775412	1.10201059082455	1.34707113153436	1.59022185645152
1.25950077981953	1.10816598563258	1.35382434697402	1.60068895128659
1.26570229188495	1.11440666702854	1.35929775686495	1.60880203688302
1.27190380395036	1.11643807307747	1.36392216751279	1.61127870738436
1.27810531601577	1.12467431660995	1.37110034490848	1.61997144156568
1.28430682808119	1.13411420058504	1.37849798512222	1.62376577136915
1.2905083401466	1.13567324655282	1.38405044846117	1.62964973549023
1.29670985221202	1.14426216686884	1.39300226725511	1.63939742242304
1.30291136427743	1.15191697261848	1.39805356690176	1.64401810510992
1.30911287634284	1.16014495893644	1.40450166648268	1.65126653759683
1.31531438840826	1.16727288685257	1.41205612773368	1.65726430488115
1.32151590047367	1.17029590249089	1.41535025415716	1.66490670328323
1.32771741253908	1.17716284577001	1.42564887973319	1.66994628294407
1.3339189246045	1.1828157907329	1.43208830486373	1.67667428652277
1.34012043666991	1.18671547741777	1.43546425989651	1.68020037352183
1.34632194873533	1.19967422439516	1.44240025718893	1.6902928577697
1.35252346080074	1.20012705040938	1.44808534291432	1.69551060587467
1.35872497286615	1.2067542094041	1.4564787933665	1.70390389880622
1.36492648493157	1.21040850341801	1.46339286077965	1.70960115751045
1.37112799699698	1.22518558117419	1.46934475407341	1.71342880226015
1.37732950906239	1.22896761780425	1.47439146074927	1.72474437612884
1.38353102112781	1.24004072031354	1.48355651763033	1.73332885322259
1.38973253319322	1.24508562305805	1.49013258467477	1.73352160764624
1.39593404525864	1.24261227598349	1.49369377909598	1.74276542553991
1.40213555732405	1.25406894467348	1.49832227734835	1.74809815367583
1.40833706938946	1.26273624627434	1.50790280573587	1.75602825540124
1.41453858145488	1.26875637494155	1.51317733364504	1.76118313240429
1.42074009352029	1.27273204581707	1.52068490416899	1.76528741403927
1.4269416055857	1.28272693759821	1.52808844700443	1.77184453900448
1.43314311765112	1.28620909715261	1.5357809402166	1.78430966357097
1.43934462971653	1.29630136593811	1.53947712918629	1.78777475689751
1.44554614178194	1.29918949926861	1.54801658020723	1.79648416687564
1.45174765384736	1.30519894334339	1.55326633334272	1.79500683899436
1.45794916591277	1.31536522590129	1.55883250346169	1.80929834320337
1.46415067797819	1.31641344881278	1.56525996333889	1.81482732195652
1.4703521900436	1.32291798887305	1.5735976002326	1.8221857621773
1.47655370210901	1.3276017807225	1.58054223386011	1.82724904506717
1.48275521417443	1.3358125273147	1.58489927636205	1.83312669181234
1.48895672623984	1.34144397615854	1.59288143797231	1.83728517973421
1.49515823830525	1.35066253911391	1.59755873801905	1.84597545754195
1.50135975037067	1.3546088377605	1.60604421053262	1.85142891983651
1.50756126243608	1.36331030481751	1.61034220234818	1.85910601654976
1.5137627745015	1.36973537362064	1.61705311150622	1.86144524930994
1.51996428656691	1.38067256170457	1.62447812255878	1.87055446412008
1.52616579863232	1.38794715677625	1.63122471144581	1.87642007025634
1.53236731069774	1.38927923439311	1.63612917307086	1.88691808841879
1.53856882276315	1.38992539290229	1.64318729331032	1.88688166904994
1.54477033482856	1.40224529651691	1.65001487169573	1.89662434508977
1.55097184689398	1.4071780321636	1.65478319259073	1.89962319723636
1.55717335895939	1.41646606507773	1.66409075037263	1.91108942616788
1.5633748710248	1.42499523585686	1.6701856481939	1.91902978529009
1.56957638309022	1.42961946743892	1.6744849262623	1.91658904550006
1.57577789515563	1.43602992525655	1.68388222022077	1.930274275456
1.58197940722105	1.43912685226855	1.68752467934621	1.93727468049545
1.58818091928646	1.44598868635321	1.69449671963778	1.94553406025989
1.59438243135187	1.45142831437619	1.70106126781318	1.94744765462604
1.60058394341729	1.46304328529489	1.70887462850902	1.95928369380954
1.6067854554827	1.46658997826816	1.714822369404	1.96543316733374
1.61298696754811	1.4742875204149	1.72108490836011	1.96490034657987
1.61918847961353	1.47677189551107	1.72874963721743	1.97840433486873
1.62538999167894	1.48498229755076	1.73351044440665	1.97931633943677
1.63159150374436	1.4929459013105	1.73907507927589	1.98628318983119
1.63779301580977	1.50047940023335	1.74692891681748	1.99293571701516
1.64399452787518	1.50906083761644	1.75372157488188	2.00402623918774
1.6501960399406	1.51629033368795	1.76027224793463	2.00788335086096
1.65639755200601	1.51523247843813	1.7668924624669	2.01573382286934
1.66259906407142	1.52834701409531	1.770653021741	2.01750020161096
1.66880057613684	1.52788096269731	1.7795657240506	2.02342994462382
1.67500208820225	1.53758808495408	1.78524349200087	2.03244439802874
1.68120360026766	1.54682788527728	1.79235217069541	2.03762827938934
1.68740511233308	1.55460964506452	1.79692768119452	2.04222486368189
1.69360662439849	1.5550935272312	1.80551246037919	2.05056128552875
1.69980813646391	1.5599816605744	1.81168731529762	2.06070770690245
1.70600964852932	1.5696671634326	1.81643733589908	2.06693363871803
1.71221116059473	1.57645252219391	1.82273358113925	2.07200788941478
1.71841267266015	1.58654627339576	1.83151897047257	2.08005328113499
1.72461418472556	1.58994111991212	1.83622141194142	2.08264447037107
1.73081569679097	1.59496771286673	1.84608191530978	2.09078648527685
1.73701720885639	1.60355986517381	1.85055685722017	2.09699937280619
1.7432187209218	1.60597811832066	1.85791026671016	2.10543218984054
1.74942023298722	1.61270368645463	1.8620641622817	2.11123186173592
1.75562174505263	1.62303646244207	1.8683268885662	2.11857113064943
1.76182325711804	1.62984090636069	1.87565199768617	2.12297541744616
1.76802476918346	1.63397115538989	1.88085816385715	2.12852093448492
1.77422628124887	1.64674832469048	1.88874160092441	2.13868306853436
1.78042779331428	1.64358842626407	1.89578004365922	2.14186261756583
1.7866293053797	1.65370088348555	1.90204379998478	2.14779094215408
1.79283081744511	1.66234931212394	1.90885840084372	2.15485406515599
1.79903232951053	1.66934060785521	1.91623458981645	2.15883726494344
1.80523384157594	1.67011950278017	1.92086152669537	2.16771247249385
1.81143535364135	1.67691182365941	1.92610382678101	2.17586956899381
1.81763686570677	1.68395986395754	1.93389560856864	2.18110162204717
1.82383837777218	1.69339103271812	1.93864024878145	2.18508380133471
1.83003988983759	1.69692698150281	1.94431789537245	2.19752662828358
1.83624140190301	1.70629513777337	1.95474349991923	2.20267229121481
1.84244291396842	1.7144491598603	1.96115872268616	2.20777318383398
1.84864442603383	1.7146447663636	1.9656461544478	2.21233543692502
1.85484593809925	1.72248540488787	1.97189340341481	2.22064466656834
1.86104745016466	1.7310503457112	1.97764138036649	2.22369996215202
1.86724896223008	1.73732776373869	1.98502005001429	2.23081302488264
1.87345047429549	1.74208751443058	1.99089892337442	2.23899742987222
1.8796519863609	1.75363763738052	2.00031712577766	2.24664954564087
1.88585349842632	1.75818657008902	2.00712443880765	2.25274821202357
1.89205501049173	1.76454438900833	2.01066886732629	2.25509936682746
1.89825652255714	1.77187973956522	2.0196850196158	2.26676700082571
1.90445803462256	1.77449642525243	2.02449936023956	2.27447662244954
1.91065954668797	1.78074927929361	2.03019347380976	2.27506521721441
1.91686105875339	1.79181707545641	2.03699691444142	2.28438507162154
1.9230625708188	1.79520755100247	2.04264674818389	2.28848459025163
1.92926408288421	1.80033303098257	2.05066752086263	2.29749984533017
1.93546559494963	1.8105221038331	2.0550907621444	2.30660760492605
1.94166710701504	1.81376576484218	2.06191308892092	2.30855011911826
1.94786861908045	1.82218948561962	2.07063755380507	2.32067274775703
1.95407013114587	1.83024212111862	2.07442212419313	2.32218173635426
1.96027164321128	1.83460190661746	2.08070095523023	2.3292895507471
1.96647315527669	1.83858296428506	2.08816689894608	2.33665869260688
1.97267466734211	1.84337130015838	2.09408038018363	2.34368808636773
1.97887617940752	1.85189107963033	2.10250433070496	2.35207660257799
1.98507769147294	1.86102183242731	2.10769842187907	2.3574856643646
1.99127920353835	1.86214387337347	2.11456170395879	2.36387726745507
1.99748071560376	1.87027485202614	2.11981627702004	2.37401831353315
2.00368222766918	1.88119559575855	2.12714450391125	2.38071529329208
2.00988373973459	1.88495583674439	2.13545335982339	2.38735075652771
2.0160852518	1.89317132068532	2.14046678288448	2.39162039539076
2.02228676386542	1.89525127820843	2.14737607770628	2.39488649588301
2.02848827593083	1.90027418420277	2.15603191416068	2.40255385424429
2.03468978799625	1.91011044173454	2.15864268303629	2.41056352065656
2.04089130006166	1.91674789956754	2.16443356634168	2.41349019161346
2.04709281212707	1.92793697693071	2.17226119562903	2.42384576871653
2.05329432419249	1.92949739318446	2.17924583236638	2.42757299066356
2.0594958362579	1.93697746230145	2.18500196461388	2.43574853409369
2.06569734832331	1.94440330523605	2.19279195454018	2.4399304323635
2.07189886038873	1.94708641594771	2.19844659678779	2.44585529772788
2.07810037245414	1.95542900949544	2.20472476212227	2.45100862613872
2.08430188451955	1.96412617201477	2.21092184145172	2.45427857736312
2.09050339658497	1.9671048081417	2.21899153287554	2.46817119311589
2.09670490865038	1.97369168128657	2.22455971966733	2.47149485088447
2.1029064207158	1.97959023104893	2.22961601427801	2.48048085520038
2.10910793278121	1.98364294821825	2.23734781727446	2.4834484982546
2.11530944484662	1.99647926181009	2.24464123937856	2.49044456667986
2.12151095691204	1.99916933717892	2.24996535712678	2.49895887709595
2.12771246897745	2.0088329980678	2.2590907362511	2.50911261876255
2.13391398104286	2.01437242198045	2.26287029345699	2.51520942587133
2.14011549310828	2.02115219129555	2.27142089614405	2.52142428877434
2.14631700517369	2.0257203592631	2.27659491706212	2.5224847624227
2.15251851723911	2.03202648721593	2.28290420031789	2.53248339307775
2.15872002930452	2.03901203794293	2.28815399834706	2.53454610648696
2.16492154136993	2.04444748125713	2.29522547730423	2.53888091739571
2.17112305343535	2.05654008808076	2.30138309703795	2.55392948005578
2.17732456550076	2.05945707016997	2.30798919082436	2.5565523559198
2.18352607756617	2.06401651387382	2.31327714973084	2.5636330916598
2.18972758963159	2.06953570013578	2.32208890117291	2.56690529185997
2.195929101697	2.07455593498001	2.32773279940455	2.57830301581686
2.20213061376242	2.08472646696925	2.33217303469817	2.58456030272203
2.20833212582783	2.08724740995314	2.34009746067556	2.59387155525313
2.21453363789324	2.09798886890516	2.34667926321402	2.59941844652739
2.22073514995866	2.10077442731313	2.35345858587725	2.60305565864745
2.22693666202407	2.11001702186613	2.35966376985083	2.60919179989246
2.23313817408948	2.11930629500625	2.36562781864763	2.61447083948547
2.2393396861549	2.12267268062359	2.37224439873576	2.6198719016414
2.24554119822031	2.12720758385875	2.37715698902851	2.63030067544627
2.25174271028573	2.13323911060303	2.38738455235587	2.63334938100865
2.25794422235114	2.13982319023719	2.39080099762091	2.63923914019739
2.26414573441655	2.14979508269723	2.40033917146753	2.65331156612015
2.27034724648197	2.15258686562489	2.40362055769918	2.65684186240914
2.27654875854738	2.15882654790124	2.41019338267496	2.6607383679214
2.28275027061279	2.16761583669235	2.41726613570719	2.66688818966706
2.28895178267821	2.17133633427138	2.42328693590141	2.67198447918941
2.29515329474362	2.17833145609454	2.42978881142664	2.67741547561355
2.30135480680903	2.18599510960436	2.4382014590771	2.69413301050214
2.30755631887445	2.19252427426551	2.4428309376577	2.69172573213638
2.31375783093986	2.19881440256695	2.44839623581615	2.69908477795612
2.31995934300528	2.20672542896627	2.45651570160252	2.70521260084536
2.32616085507069	2.21229536343531	2.4634338000976	2.71100801884286
2.3323623671361	2.20993299116172	2.46893794971889	2.72117803018159
2.33856387920152	2.22620125009507	2.47693940433608	2.72749579081759
2.34476539126693	2.22906960904845	2.48223525989023	2.73280717138817
2.35096690333234	2.24109181769609	2.48863663844286	2.73646897354794
2.35716841539776	2.24111843433775	2.49444441512397	2.74408476008336
2.36336992746317	2.24874753867974	2.50134668570101	2.74913611811449
2.36957143952859	2.25857899008183	2.50849217167808	2.75676492047561
2.375772951594	2.2598601028822	2.51495171391831	2.76496589342999
2.38197446365941	2.27150176200694	2.5196096354405	2.77089779309714
2.38817597572483	2.27706162134783	2.52695097954034	2.77623926430564
2.39437748779024	2.28166936689137	2.53366501232182	2.78240437274284
2.40057899985565	2.29034463023247	2.54027715361239	2.79073481131863
2.40678051192107	2.29467660514595	2.54600814587219	2.79901619794277
2.41298202398648	2.30011143383344	2.55368403379415	2.80668040952677
2.41918353605189	2.30904418616925	2.55928841485431	2.81194017379692
2.42538504811731	2.31330604384361	2.56470808721236	2.81508704659986
2.43158656018272	2.32187425734309	2.57191954732162	2.82620029705784
2.43778807224814	2.32985366771916	2.58020459126833	2.82990598999812
2.44398958431355	2.33516376532823	2.58637111816814	2.83985240345088
2.45019109637896	2.3406370679045	2.59277326883188	2.84592122709623
2.45639260844438	2.34301329979554	2.59824159482682	2.85056967662161
2.46259412050979	2.35678802887947	2.6060598157946	2.85497927810426
2.4687956325752	2.36187202321539	2.61361504016333	2.86491292178422
2.47499714464062	2.35912375175392	2.61612891881592	2.8706919719017
2.48119865670603	2.37093427978517	2.62289494139965	2.87535684840465
2.48740016877145	2.37764117425478	2.63361716663219	2.88086130395452
2.49360168083686	2.38681973400087	2.63580915283801	2.88654104796348
2.49980319290227	2.39440477343804	2.64384036408388	2.89573805021421
2.50600470496769	2.39917400884901	2.64927512378885	2.9039746878209
2.5122062170331	2.40460694393527	2.65853063402406	2.91054710965017
2.51840772909851	2.4121868106292	2.66116915933427	2.9139923137603
2.52460924116393	2.41709062937529	2.66742563586282	2.92288855525382
2.53081075322934	2.42097324420272	2.67493565309672	2.92402844783089
2.53701226529475	2.43085837593967	2.68176827530385	2.93320918286057
2.54321377736017	2.44106824892601	2.68886121584827	2.93946029352824
2.54941528942558	2.44438654047428	2.69591241968371	2.94996378685669
2.555616801491	2.45347362611882	2.70518767090858	2.9530946925119
2.56181831355641	2.45368999223636	2.70748993132372	2.96031496881322
2.56801982562182	2.45985143988854	2.71457976616257	2.96574946918783
2.57422133768724	2.4688205356244	2.71967458310817	2.97346728321145
2.58042284975265	2.47231401090434	2.72563036056196	2.97342305590828
2.58662436181806	2.48322564202829	2.73330930897091	2.98911618722775
2.59282587388348	2.48557490310996	2.73961463559203	2.99041700973493
2.59902738594889	2.49568173288596	2.74466540561439	2.99764835300301
2.60522889801431	2.50331851424528	2.75520077253388	3.00620734348552
2.61143041007972	2.5043972035754	2.75914696307427	3.01394675542542
2.61763192214513	2.51327301128523	2.76568937823804	3.01677588552409
2.62383343421055	2.52066618358588	2.77154937417365	3.023144909568
2.63003494627596	2.52388981745632	2.77851566833349	3.02917798774021
2.63623645834137	2.5300827330044	2.7859865203879	3.03994168975043
2.64243797040679	2.54136448673639	2.79473896343972	3.04524433118965
2.6486394824722	2.54019313244644	2.79694868395583	3.04887559534018
2.65484099453761	2.55215376350657	2.80575553198264	3.06066543614391
2.66104250660303	2.55779426125759	2.81157009221433	3.06123909902485
2.66724401866844	2.56656516806274	2.81736773649418	3.06829787505343
2.67344553073386	2.57245735050434	2.82616257044876	3.07894245982332
2.67964704279927	2.57775411703449	2.8315582175446	3.0854249951582
2.68584855486468	2.58458411667219	2.83660195692291	3.0870910861802
2.6920500669301	2.59416079312288	2.84358419495182	3.09808891351055
2.69825157899551	2.59525985996365	2.8501108502432	3.10611581585372
2.70445309106092	2.60421392742229	2.85714420687378	3.110575606097
2.71065460312634	2.61022797637844	2.86246279457879	3.11729894364506
2.71685611519175	2.61544609230876	2.86790644566598	3.12094354729267
2.72305762725717	2.61869123704566	2.87478268568875	3.12548454186612
2.72925913932258	2.62635257968996	2.87942160055274	3.14070263174513
2.73546065138799	2.63915239492215	2.88805988113216	3.14447304087913
2.74166216345341	2.6406604945598	2.89471420121229	3.14629007826052
2.74786367551882	2.64810356117494	2.9029926945027	3.15579641126342
2.75406518758423	2.65559156727563	2.90818212266293	3.16162813055151
2.76026669964965	2.65971561300339	2.91685340324642	3.16649140406543
2.76646821171506	2.66520450882262	2.92023046892797	3.1752092019319
2.77266972378047	2.67306773904932	2.92852849206821	3.18100642881746
2.77887123584589	2.6768370570617	2.93265540632274	3.18477191450465
2.7850727479113	2.68897421098165	2.94088825687931	3.19370431101135
2.79127425997672	2.69378180614053	2.94600730327129	3.20077364133457
2.79747577204213	2.70117664991104	2.95217216492384	3.21198406099339
2.80367728410754	2.70645610338891	2.95902932029939	3.21310930150454
2.80987879617296	2.71485777189345	2.96385299826813	3.21497407888987
2.81608030823837	2.71967605558753	2.9734646955352	3.22542084793383
2.82228182030378	2.72727146028625	2.97940648694957	3.23150195007741
2.8284833323692	2.73029832645647	2.98498086414298	3.24131683236756
2.83468484443461	2.73852945549525	2.99142633145194	3.24545955323884
2.84088635650003	2.74443144238329	2.99824373555333	3.25309049259382
2.84708786856544	2.7497965645153	3.00631363213271	3.26127315754689
2.85328938063085	2.75529264165954	3.01157083387545	3.26740279544819
2.85949089269627	2.76264779895059	3.01754119604848	3.27161057520111
2.86569240476168	2.77233252947439	3.02453108052987	3.28348471604051
2.87189391682709	2.77791827348954	3.03079737305546	3.28402113679262
2.87809542889251	2.78337437723031	3.0369212214654	3.29325611256356
2.88429694095792	2.79019027741148	3.0438402578943	3.29841125078838
2.89049845302333	2.79628904954664	3.05026645535543	3.3017141618416
2.89669996508875	2.80307015626578	3.05606575502187	3.30913572238616
2.90290147715416	2.80833256476789	3.06298734881748	3.31870182985706
2.90910298921958	2.81519011926713	3.06946256079689	3.32457021104526
2.91530450128499	2.82493593666578	3.07610032013793	3.33202886646556
2.9215060133504	2.82299630001361	3.08108764189868	3.33550115582084
2.92770752541582	2.83022834687942	3.08989048771764	3.34631558257966
2.93390903748123	2.83698627250802	3.09459887138892	3.35246219642058
2.94011054954664	2.8502116227257	3.10187533186306	3.35715839500761
2.94631206161206	2.84998026689273	3.10768744766024	3.36452048387183
2.95251357367747	2.85754226539463	3.11625893047743	3.37176556468871
2.95871508574289	2.86436645851992	3.12064058672387	3.37448383858282
2.9649165978083	2.86941180931465	3.12834686621374	3.3835989016723
2.97111810987371	2.87835832190658	3.13542429841891	3.39270813257135
2.97731962193913	2.88495323491513	3.14030405946666	3.39197067434175
2.98352113400454	2.88865834479959	3.14571334037288	3.40262220755316
2.98972264606995	2.8998334273518	3.15304177741765	3.41002394043535
2.99592415813537	2.9027566041576	3.15854410023142	3.41490475240855
3.00212567020078	2.90903226652793	3.16545984722607	3.42018934801747
3.00832718226619	2.9169781205738	3.17172869442785	3.42427034278347
3.01452869433161	2.92203853645811	3.17935085629317	3.43196657589623
3.02073020639702	2.92971684226252	3.18464544920276	3.4402884921403
3.02693171846244	2.93644863402761	3.19364871404899	3.45107267183562
3.03313323052785	2.9436970235671	3.19883107956536	3.4560841440552
3.03933474259326	2.94755388232531	3.20377348438342	3.46209549994643
3.04553625465868	2.95480968640089	3.21212533939669	3.46553703154683
3.05173776672409	2.96184492890773	3.2178273999665	3.47386402176509
3.0579392787895	2.96587762152268	3.22422974099622	3.48180488928376
3.06414079085492	2.97250361488171	3.23125815320346	3.48772862565659
3.07034230292033	2.98057545791711	3.23421002705992	3.4938065292242
3.07654381498575	2.98725747464393	3.24228918893829	3.49769782392156
3.08274532705116	2.98752629737818	3.24850707481979	3.50863677937419
3.08894683911657	2.99504216964517	3.25693463191079	3.51090820397382
3.09514835118199	3.00871713827492	3.26410778622544	3.52234923445339
3.1013498632474	3.01087558074929	3.26848997296509	3.52261024641923
3.10755137531281	3.01594414173274	3.276522799576	3.53265827783415
3.11375288737823	3.02230682836875	3.2822533659404	3.54409405960594
3.11995439944364	3.02765175806736	3.28995497392466	3.54936287243121
3.12615591150906	3.039453736696	3.29462986774434	3.55300951036749
3.13235742357447	3.04333680128498	3.30207067854777	3.55658642128383
3.13855893563988	3.05009468061444	3.30848306527002	3.56404601775937
3.1447604477053	3.05819471061918	3.31530570701904	3.57141059167774
3.15096195977071	3.06483671702097	3.32087619019243	3.58272959098059
3.15716347183612	3.06892835075062	3.32891396545719	3.58446978579984
3.16336498390154	3.07757946086347	3.33352236903491	3.58942737383905
3.16956649596695	3.08233307097376	3.34078948302955	3.59814114910003
3.17576800803237	3.09061461464941	3.34601396356572	3.60452591382981
3.18196952009778	3.09506017158021	3.3531541498659	3.61113030115387
3.18817103216319	3.10048035188364	3.35936092555849	3.61684036590378
3.19437254422861	3.10806207166564	3.36615313806971	3.62452455723807
3.20057405629402	3.11410744547322	3.37254094049216	3.62852492486618
3.20677556835943	3.11914989382695	3.37738849526993	3.63523049481
3.21297708042485	3.12883790709434	3.38752481785278	3.65027265342906
3.21917859249026	3.12768045483423	3.38846818526412	3.65022634829664
3.22538010455567	3.1445839540938	3.40022199145742	3.65877673705559
3.23158161662109	3.14750540426779	3.40537560750812	3.66619303808986
3.2377831286865	3.15580672117839	3.41122622789358	3.67274594357628
3.24398464075192	3.15535186103104	3.4158001241599	3.67577559267197
3.25018615281733	3.16651973399346	3.425065982571	3.68464292829317
3.25638766488274	3.17176883202778	3.43009897898922	3.69082876183763
3.26258917694816	3.17894107627043	3.43639611854336	3.69493902723293
3.26879068901357	3.18224543055497	3.44325436213639	3.69810287734598
3.27499220107898	3.1912619113557	3.45050579961535	3.70800138688885
3.2811937131444	3.19483084202562	3.45564992827141	3.71123770096614
3.28739522520981	3.19996758020891	3.46156675361942	3.71621418333859
3.29359673727523	3.20904842843608	3.47016189986199	3.72974473390906
3.29979824934064	3.22110454785739	3.47769345536188	3.73565581146832
3.30599976140605	3.22411140640114	3.48139502014032	3.74111738132784
3.31220127347147	3.23446712941731	3.48823200127262	3.75186638321596
3.31840278553688	3.23588615315609	3.49490547206736	3.75772618425163
3.32460429760229	3.24047266340721	3.50052266469744	3.76555054356167
3.33080580966771	3.24736154530321	3.50819666397413	3.76812237195008
3.33700732173312	3.25296573333948	3.51636637486167	3.77219371444123
3.34320883379853	3.26358085828355	3.52026169899866	3.77777976286514
3.34941034586395	3.2686483735112	3.52731961590904	3.78728212109126
3.35561185792936	3.27499353732363	3.53471606007072	3.79085827383211
3.36181336999478	3.28133227178057	3.54127891660788	3.80036630389224
3.36801488206019	3.28690295037204	3.54720853033011	3.80448693983064
3.3742163941256	3.29387940449032	3.55523798499598	3.80966388550202
3.38041790619102	3.3060259569474	3.56122976680973	3.81831776884968
3.38661941825643	3.31050989580904	3.56730957008537	3.8239504381932
3.39282093032184	3.31410470950258	3.57283731984867	3.8313724162913
3.39902244238726	3.32145303272052	3.57968901738916	3.84074082143606
3.40522395445267	3.32715256521857	3.58453748966535	3.84376114545991
3.41142546651809	3.33546845573099	3.59071058078975	3.85522467546893
3.4176269785835	3.33918932936607	3.59944308282394	3.85644618212004
3.42382849064891	3.34057136486383	3.60431076172898	3.86341204142125
3.43003000271433	3.351126696249	3.6118215227352	3.87267202892539
3.43623151477974	3.35951153225391	3.61716643747404	3.87469614596491
3.44243302684515	3.36343219854095	3.62500745953201	3.88524628120205
3.44863453891057	3.37247607623787	3.63158773547239	3.8890966559832
3.45483605097598	3.37410408664236	3.6355322983846	3.90100813265757
3.46103756304139	3.38357237846338	3.64259552247242	3.90331778526336
3.46723907510681	3.38566978150565	3.64993235967237	3.91193267500661
3.47344058717222	3.39992373132869	3.6567728472165	3.91630609702471
3.47964209923764	3.39955341571958	3.66382791601869	3.92330454013285
3.48584361130305	3.40671851088461	3.66928534998483	3.92781517573086
3.49204512336846	3.4172529040056	3.67772146164898	3.9367685983286
3.49824663543388	3.42081074467155	3.68168734978945	3.94509678786482
3.50444814749929	3.42911508673436	3.68822622410564	3.95227957243895
3.5106496595647	3.43281655374387	3.69502997350432	3.95622801114636
3.51685117163012	3.43966067592435	3.70048218705828	3.9657151697316
3.52305268369553	3.44607871468407	3.70928038351842	3.96943464311153
3.52925419576095	3.45745233528457	3.71847218429286	3.98302289880627
3.53545570782636	3.46335542903264	3.72157662776969	3.98504733332834
3.54165721989177	3.46594193000977	3.7268795857254	3.98890642299582
3.54785873195719	3.47220703023328	3.73355751971187	3.99525122886675
3.5540602440226	3.47821987844222	3.74101224105551	3.99679864869939
3.56026175608801	3.48450892545843	3.74684334926766	4.01479131482847
3.56646326815343	3.49399790283883	3.75340177804765	4.01467303210854
3.57266478021884	3.49776605053867	3.75909305813591	4.02004182351078
3.57886629228425	3.50453574825685	3.76879605269659	4.03136466273388
3.58506780434967	3.50952033676256	3.77258455257097	4.03660171868879
3.59126931641508	3.51461125365222	3.77925881267977	4.03863347318829
3.5974708284805	3.52495255129011	3.78518970380259	4.04960051844211
3.60367234054591	3.52807325341555	3.79251967165228	4.05768001093512
3.60987385261132	3.5357287698696	3.79928296768023	4.06121522912862
3.61607536467674	3.54780111350882	3.80596816184051	4.07046527719361
3.62227687674215	3.54953403231439	3.81061133783881	4.07409708789889
3.62847838880756	3.5552616118351	3.81703668934566	4.0819540278884
3.63467990087298	3.56355974545381	3.8248459692222	4.0856024310083
3.64088141293839	3.57054182981162	3.8310980762481	4.0955436656663
3.64708292500381	3.57116092338515	3.83730342863337	4.0987972635132
3.65328443706922	3.58072518285046	3.84357325399748	4.10889885738161
3.65948594913463	3.58480088769298	3.85037245348316	4.11191389210517
3.66568746120005	3.59116890801114	3.85557358330015	4.12146663259172
3.67188897326546	3.59486863682249	3.86105129569196	4.12576828880204
3.67809048533087	3.60556070005172	3.87043592202445	4.1315396915006
3.68429199739629	3.61300220946286	3.87668274503746	4.13853770676397
3.6904935094617	3.61852080443082	3.88331950225575	4.14535827534083
3.69669502152711	3.62170773865643	3.88871431586931	4.15341789559484
3.70289653359253	3.63010212262847	3.89424931926169	4.16145595160953
3.70909804565794	3.63880522031063	3.90453641415207	4.16767011072909
3.71529955772336	3.64987979308461	3.90772909331594	4.17370553715854
3.72150106978877	3.65388114860868	3.91510534558518	4.1779622652034
3.72770258185418	3.65403955998546	3.92122786485299	4.18674497178898
3.7339040939196	3.66256827426344	3.9269752633038	4.19186872462081
3.74010560598501	3.67259988674536	3.93385971125562	4.19377733118871
3.74630711805042	3.67136631313435	3.94015899883372	4.20244457981926
3.75250863011584	3.68143856555518	3.9453213420457	4.21207888446571
3.75871014218125	3.69109416360391	3.95451353500489	4.21311936322809
3.76491165424667	3.69386899292396	3.96069357881089	4.22371627078636
3.77111316631208	3.70386419457335	3.96603956906503	4.23402675264875
3.77731467837749	3.70914693603234	3.9729804118861	4.24172407383063
3.78351619044291	3.7145353836134	3.97896542764096	4.24454744689488
3.78971770250832	3.71791326701147	3.9842362050164	4.25384927502804
3.79591921457373	3.7289169263602	3.99239099765708	4.25429382563072
3.80212072663915	3.73289335581962	3.99819100642908	4.26444030738842
3.80832223870456	3.74553688261916	4.00531539230936	4.27067805946701
3.81452375076997	3.74060335408195	4.0109430487765	4.27772121353303
3.82072526283539	3.75108708496775	4.0164313516041	4.28414598664452
3.8269267749008	3.75954615827806	4.02522622560058	4.28763054660808
3.83312828696622	3.76239736484582	4.03156370158528	4.29812141174187
3.83932979903163	3.77197219176633	4.03560283075153	4.30144795351042
3.84553131109704	3.77584324660626	4.0427249792662	4.30692519340865
3.85173282316246	3.7854564596384	4.05299760358254	4.31450767343745
3.85793433522787	3.79392947166593	4.05565570279121	4.32342613768444
3.86413584729328	3.79852581677148	4.06245698521596	4.3288214802981
3.8703373593587	3.80412003140782	4.06936771753243	4.33468739707196
3.87653887142411	3.80447966554785	4.07536432902205	4.34538689023668
3.88274038348953	3.81633648352642	4.08187118186986	4.34613876664614
3.88894189555494	3.82958300474181	4.0906026159058	4.35761944501088
3.89514340762035	3.83294551575595	4.09469992243746	4.3593525332368
3.90134491968577	3.83819946838486	4.10323400447093	4.36957715446414
3.90754643175118	3.84122634666936	4.10716357435169	4.37597625516894
3.91374794381659	3.84661913459135	4.11319214341773	4.38249455177061
3.91994945588201	3.85416839461045	4.12140004401497	4.38948189671083
3.92615096794742	3.85876223061438	4.12645532689303	4.39726084704248
3.93235248001284	3.86577445733787	4.13415127188357	4.40152237676753
3.93855399207825	3.87638536538342	4.14061446352083	4.41025715549423
3.94475550414366	3.87659216745054	4.14502349429167	4.41366067757254
3.95095701620908	3.88572764814461	4.15356583681984	4.41673657503092
3.95715852827449	3.89753741971807	4.1610740638719	4.42386756390873
3.9633600403399	3.89940009595508	4.1662631938236	4.43332533357513
3.96956155240532	3.907855472178	4.17073379299947	4.443846401953
3.97576306447073	3.90757238383859	4.17932607470913	4.44447462537772
3.98196457653615	3.91213818828068	4.18662796412299	4.45051476762776
3.98816608860156	3.92548211493008	4.19326970438319	4.45526848459158
3.99436760066697	3.93106503871607	4.19806756130776	4.4651653133973
4.00056911273239	3.93892572726539	4.20478666666292	4.47297341058426
4.0067706247978	3.94103441119083	4.21146423611801	4.47936378361529
4.01297213686321	3.95104272448473	4.21730296476207	4.4831819155888
4.01917364892863	3.95539318815184	4.22433797139871	4.49596244135168
4.02537516099404	3.9668426557873	4.23141563092207	4.5005170574511
4.03157667305945	3.97066361863234	4.23613365132671	4.50992561254211
4.03777818512487	3.97359642904095	4.24179657568579	4.50725697602416
4.04397969719028	3.98531108620866	4.24910969756538	4.52297843144884
4.0501812092557	3.99076781039605	4.25459081600173	4.52441632884584
4.05638272132111	3.99487705041094	4.26307558378738	4.53302592025629
4.06258423338652	3.99550093871096	4.26866669055719	4.5385000630892
4.06878574545194	4.00705552330508	4.27521528331552	4.54477678476258
4.07498725751735	4.01283472607687	4.28260533574996	4.55112776138989
4.08118876958276	4.02289243015553	4.28724878118437	4.55472764099288
4.08739028164818	4.02298994825507	4.29346229702383	4.56061656412233
4.09359179371359	4.03291966888568	4.30007586386307	4.57014284950749
4.09979330577901	4.03520460790674	4.30924487674798	4.57823853170304
4.10599481784442	4.0452893681611	4.31392107611653	4.58540579373855
4.11219632990983	4.05489314812218	4.32178837585024	4.59340968666193
4.11839784197525	4.05319701762604	4.32717709403112	4.59440412512778
4.12459935404066	4.064765186353	4.33350530957941	4.60482906075485
4.13080086610607	4.06920781653127	4.33953839353104	4.60996562894548
4.13700237817149	4.08504181955409	4.34559634109426	4.61727620478048
4.1432038902369	4.0819916559965	4.35310600053531	4.62493440757622
4.14940540230231	4.08839005976087	4.35986715158339	4.62577345122238
4.15560691436773	4.09640088481263	4.36585380295954	4.63492284855628
4.16180842643314	4.10035199315055	4.37284846133857	4.64414977673019
4.16800993849855	4.10999996915605	4.37924975718357	4.64757483365248
4.17421145056397	4.11473031289236	4.38571698992436	4.65632749407343
4.18041296262938	4.11707715376822	4.39086178360826	4.66086649540512
4.1866144746948	4.12979439529944	4.39805182749726	4.66965708655355
4.19281598676021	4.13497244654307	4.40541659875708	4.6761621499626
4.19901749882562	4.14494386557231	4.41083076639827	4.67854428243104
4.20521901089104	4.14705425491599	4.4171966365206	4.69028587523295
4.21142052295645	4.15543055389541	4.42524807986773	4.69125543703893
4.21762203502186	4.15810076833186	4.43213133818838	4.69981326167772
4.22382354708728	4.16890091255389	4.43793705094073	4.70918571084658
4.23002505915269	4.16873679875891	4.44329447852786	4.71638882966553
4.23622657121811	4.17546760707442	4.45023221031087	4.7266607020019
4.24242808328352	4.18676088861183	4.45776010959406	4.72816119893221
4.24862959534893	4.19099961762456	4.46479790037439	4.73527552004724
4.25483110741435	4.19954647375796	4.46771626320636	4.74054558576804
4.26103261947976	4.20235952960321	4.47634772500566	4.75063836334864
4.26723413154517	4.20780772354305	4.48053372751438	4.75167934485082
4.27343564361059	4.21901773970846	4.489740195927	4.75869577700091
4.279637155676	4.22310933845088	4.49441563441046	4.76351124514305
4.28583866774142	4.23258507445233	4.50284941067428	4.77618948801904
4.29204017980683	4.23641900878184	4.50857313524143	4.78034846236135
