"mitochan"	"lwrNorm"	"medNorm"	"uprNorm"
-1.90327037354145	-2.19957316435246	-1.91383294987638	-1.62904841741431
-1.89692877396533	-2.18812699223509	-1.90545029799989	-1.62323523079367
-1.89058717438921	-2.18473325918412	-1.89901499649943	-1.60832232948123
-1.88424557481309	-2.17538856967847	-1.89322123838179	-1.6115179535086
-1.87790397523697	-2.16862988012769	-1.88523947110352	-1.60212209353311
-1.87156237566085	-2.168529011672	-1.88208780357171	-1.60098657051608
-1.86522077608473	-2.15397640758617	-1.87397162448018	-1.58958240352936
-1.85887917650861	-2.15129366324213	-1.86944466326845	-1.59091485983848
-1.85253757693249	-2.14674740532825	-1.86319670481201	-1.57383382475545
-1.84619597735637	-2.1394746528166	-1.85752083670687	-1.570908351106
-1.83985437778025	-2.12729459287138	-1.84709514515634	-1.56369879520668
-1.83351277820413	-2.12030842165288	-1.84278708952472	-1.55870319321421
-1.82717117862801	-2.12145858426182	-1.83822276967742	-1.55459681330316
-1.8208295790519	-2.11176332276108	-1.83049261718883	-1.55042511503592
-1.81448797947578	-2.10689933626499	-1.82562870169072	-1.5475330299085
-1.80814637989966	-2.09836332593091	-1.81922800472544	-1.53723501863878
-1.80180478032354	-2.09491240848848	-1.81020937692794	-1.52973954618047
-1.79546318074742	-2.0896281510922	-1.80673047524803	-1.52600783116659
-1.7891215811713	-2.08270627971733	-1.79862845882604	-1.51567088797865
-1.78277998159518	-2.07687857503097	-1.7919605743056	-1.51508440553035
-1.77643838201906	-2.06968689212092	-1.78862329046168	-1.50001458406217
-1.77009678244294	-2.06886849539207	-1.78208059592428	-1.49568893233225
-1.76375518286682	-2.0564376067382	-1.77558737327285	-1.49167867923729
-1.7574135832907	-2.05313411986285	-1.76843731786709	-1.48581491440796
-1.75107198371458	-2.04318631342058	-1.76177366752309	-1.47917854242918
-1.74473038413846	-2.03948941239167	-1.75508710659053	-1.47114418090987
-1.73838878456234	-2.0290292187412	-1.74973996702026	-1.46730576788989
-1.73204718498622	-2.02722878415532	-1.74417085826153	-1.46262785515111
-1.7257055854101	-2.01723330377075	-1.73788485405223	-1.45367206777986
-1.71936398583398	-2.00758484648462	-1.72933397986175	-1.45517689977913
-1.71302238625786	-2.01027490279617	-1.72702157417601	-1.44141797399404
-1.70668078668174	-2.00229771655401	-1.7175114697741	-1.43973771560692
-1.70033918710562	-1.99361612334482	-1.71313225526424	-1.43447171841328
-1.69399758752951	-1.98475651265268	-1.70754767863973	-1.42897584304773
-1.68765598795339	-1.9812355381713	-1.69951556804691	-1.42087373586237
-1.68131438837727	-1.96965145147573	-1.69414858264203	-1.41352406665342
-1.67497278880115	-1.96804787115269	-1.68852590053731	-1.40931905592269
-1.66863118922503	-1.96256347718053	-1.68196603848908	-1.39795451764803
-1.66228958964891	-1.95422654604937	-1.6742490325133	-1.39808499208843
-1.65594799007279	-1.94224341051433	-1.66756448298759	-1.38398364171993
-1.64960639049667	-1.94457427914441	-1.66399792119956	-1.38363200436933
-1.64326479092055	-1.93604827300215	-1.65574577679424	-1.3764546615553
-1.63692319134443	-1.92823747805942	-1.64959768451565	-1.37067940166115
-1.63058159176831	-1.92864701932147	-1.64342838935313	-1.36019742447626
-1.62423999219219	-1.91621380046396	-1.63688268349037	-1.35439614441271
-1.61789839261607	-1.90689131302367	-1.63029087739206	-1.35233139024498
-1.61155679303995	-1.89987439991688	-1.62490829857812	-1.3440968003552
-1.60521519346383	-1.89582479405456	-1.61955280200875	-1.33981473237026
-1.59887359388771	-1.89256915994953	-1.61012678767818	-1.33411345310535
-1.59253199431159	-1.87992475765645	-1.60582656721158	-1.3274325428946
-1.58619039473547	-1.87637861909251	-1.59945032950574	-1.32095866001138
-1.57984879515935	-1.87085053976517	-1.59545127881328	-1.31790949544051
-1.57350719558323	-1.86693648560372	-1.58822744600017	-1.30925400760364
-1.56716559600711	-1.86028072352319	-1.58019302591461	-1.30427239119386
-1.560823996431	-1.8483741105968	-1.5758779285112	-1.29779662649874
-1.55448239685488	-1.84672593180731	-1.56829901087454	-1.29282289397256
-1.54814079727876	-1.83865540154218	-1.56400569173233	-1.28852675376661
-1.54179919770264	-1.83919948396955	-1.55719947395212	-1.27672858324457
-1.53545759812652	-1.82950110029494	-1.55015577879697	-1.27087670269496
-1.5291159985504	-1.82126858876687	-1.5423930737208	-1.26725690957296
-1.52277439897428	-1.81930836606831	-1.53804885264857	-1.25925693585546
-1.51643279939816	-1.80789197930029	-1.5299938458568	-1.25415111891396
-1.51009119982204	-1.80192312144726	-1.52385710833451	-1.24784442297371
-1.50374960024592	-1.7947088725349	-1.5193537953167	-1.2408003621838
-1.4974080006698	-1.78931571997738	-1.51282101010029	-1.2382923090652
-1.49106640109368	-1.7831642940368	-1.50767258714705	-1.23025003436358
-1.48472480151756	-1.77319831914477	-1.49794554529125	-1.22155494248241
-1.47838320194144	-1.76770083118947	-1.49201043799173	-1.21553940045017
-1.47204160236532	-1.76139984234496	-1.4868675573179	-1.21136275104374
-1.4657000027892	-1.76089832970158	-1.48019392266244	-1.20444980148986
-1.45935840321308	-1.75571511652461	-1.47783002050877	-1.196932084353
-1.45301680363696	-1.74303133675354	-1.46905849302579	-1.19577826690189
-1.44667520406084	-1.74134408894282	-1.46438562473124	-1.18887829833872
-1.44033360448472	-1.7352509931597	-1.45614424946727	-1.1795086961227
-1.43399200490861	-1.72766354297433	-1.45143699980573	-1.17566350692586
-1.42765040533249	-1.71937731772783	-1.44298402595099	-1.16878130713664
-1.42130880575637	-1.7086305687106	-1.43676089704643	-1.15742697232358
-1.41496720618025	-1.70711832170766	-1.43151247946585	-1.15664985609839
-1.40862560660413	-1.6989370144752	-1.42511869070185	-1.15030035949783
-1.40228400702801	-1.69116561384049	-1.41944857914846	-1.14384314748456
-1.39594240745189	-1.68734615259053	-1.41372451846479	-1.13868506842872
-1.38960080787577	-1.68618258513519	-1.40540509109477	-1.12880086953449
-1.38325920829965	-1.67824943066939	-1.40291898265489	-1.13160053493335
-1.37691760872353	-1.66718016541107	-1.39253096438843	-1.11682038987464
-1.37057600914741	-1.66237179262621	-1.38534360467536	-1.11222013644336
-1.36423440957129	-1.65702546881935	-1.38137798363248	-1.1071047539469
-1.35789280999517	-1.64855995721824	-1.37556024401982	-1.10000909695534
-1.35155121041905	-1.64346485616521	-1.37101436038377	-1.10003264126954
-1.34520961084293	-1.63154880980763	-1.36136130899104	-1.08695261234915
-1.33886801126681	-1.62943909198557	-1.35591346304531	-1.08267505228753
-1.33252641169069	-1.62102690160582	-1.3516983013315	-1.07540595147725
-1.32618481211457	-1.61502170377586	-1.34318816326776	-1.07126250552959
-1.31984321253845	-1.6109826802531	-1.33642390912761	-1.06384366289167
-1.31350161296233	-1.60240091752632	-1.33367158637119	-1.06106194850278
-1.30716001338621	-1.59934497290381	-1.32260350752686	-1.0512176155146
-1.3008184138101	-1.59162659933439	-1.31754583988898	-1.04327285659147
-1.29447681423398	-1.58990384451412	-1.31342697484679	-1.03576132535052
-1.28813521465786	-1.58006937674059	-1.3041612408391	-1.03453541430962
-1.28179361508174	-1.57432072926672	-1.29953914882881	-1.02742342939888
-1.27545201550562	-1.56812511154242	-1.29428606521298	-1.01981821417605
-1.2691104159295	-1.56133738655917	-1.28626125080164	-1.01238145430091
-1.26276881635338	-1.55261816508033	-1.28154336157071	-1.01291781205113
-1.25642721677726	-1.54644269493843	-1.27403314277744	-1.00249725966144
-1.25008561720114	-1.53916884306515	-1.26802756905004	-0.999395919396496
-1.24374401762502	-1.53467844877177	-1.26287292911632	-0.988674950238885
-1.2374024180489	-1.52587228101524	-1.25599398816822	-0.981940935775067
-1.23106081847278	-1.51947219410965	-1.25042423134124	-0.975119222410016
-1.22471921889666	-1.51426819417908	-1.24528594478787	-0.973980403347887
-1.21837761932054	-1.51245729608043	-1.23920277956262	-0.966396497915744
-1.21203601974442	-1.50332158983787	-1.2321297112655	-0.962168043551626
-1.2056944201683	-1.49961022527837	-1.22555091615299	-0.952574105160945
-1.19935282059218	-1.4921338390381	-1.21894530314824	-0.947384100127925
-1.19301122101606	-1.48711708620623	-1.21195123127415	-0.943325779512062
-1.18666962143994	-1.47463869326653	-1.20767125035385	-0.935175820998251
-1.18032802186382	-1.4700609741545	-1.19862900851119	-0.934130845012364
-1.17398642228771	-1.46352781381357	-1.19564213098549	-0.920716190025642
-1.16764482271159	-1.45825205338619	-1.1886495206138	-0.91754314641313
-1.16130322313547	-1.45179775892328	-1.18250119089477	-0.912349398071407
-1.15496162355935	-1.44636568053519	-1.17584757964072	-0.904498789932293
-1.14862002398323	-1.44244256451651	-1.1674367466506	-0.898101164842387
-1.14227842440711	-1.43077739687076	-1.16353864244142	-0.892655004289291
-1.13593682483099	-1.42440633880651	-1.1575778575224	-0.885160611945179
-1.12959522525487	-1.41803981392743	-1.14970193664154	-0.881883640101016
-1.12325362567875	-1.41083971138756	-1.14506227718802	-0.875486258024961
-1.11691202610263	-1.40980686111772	-1.13546127782124	-0.868845870293878
-1.11057042652651	-1.40166413709982	-1.13060471726367	-0.860124663614126
-1.10422882695039	-1.39483048895797	-1.12572638724412	-0.855971598926141
-1.09788722737427	-1.39153848368191	-1.11781878714875	-0.851718414058286
-1.09154562779815	-1.37584575417845	-1.11293713541184	-0.846379539622291
-1.08520402822203	-1.37265148265262	-1.10727230429906	-0.835000053581171
-1.07886242864591	-1.37465102071328	-1.10021650112016	-0.827446181536994
-1.07252082906979	-1.36389749987843	-1.09208629610052	-0.825122372571683
-1.06617922949367	-1.358435931252	-1.08778965198855	-0.821203360470646
-1.05983762991755	-1.35289433732451	-1.08293262765761	-0.813266840306077
-1.05349603034143	-1.34665795553078	-1.07423927811192	-0.805525327630934
-1.04715443076531	-1.3390073956266	-1.06929344471088	-0.798926864966488
-1.0408128311892	-1.33412719270421	-1.06235983068022	-0.795450629405412
-1.03447123161308	-1.32696993523513	-1.05652915161447	-0.786364128297322
-1.02812963203696	-1.31664086723465	-1.05016754015778	-0.783778199150645
-1.02178803246084	-1.31650140836844	-1.04165932964755	-0.772724599016281
-1.01544643288472	-1.30530529408799	-1.03653076612983	-0.768075941813561
-1.0091048333086	-1.30223547005286	-1.03170892295509	-0.763448714459838
-1.00276323373248	-1.29159381509034	-1.02419708565565	-0.757569944318835
-0.996421634156359	-1.28652905612831	-1.01922511811872	-0.751097927750326
-0.990080034580239	-1.27974938677668	-1.01350450375928	-0.746699355510468
-0.98373843500412	-1.27430530980845	-1.00660717452909	-0.740239741802683
-0.977396835428	-1.26593395956309	-0.999547909353655	-0.726816076081752
-0.971055235851881	-1.26081612038375	-0.994129179000077	-0.72258670319005
-0.964713636275761	-1.25858624959827	-0.988064282590023	-0.719788438889501
-0.958372036699642	-1.24683353002031	-0.981554673024829	-0.714693831904756
-0.952030437123522	-1.24367286424988	-0.975609493973539	-0.704621985098308
-0.945688837547403	-1.23964532612675	-0.968698846473608	-0.70275005540635
-0.939347237971283	-1.23251728078247	-0.963349464373553	-0.694760299257204
-0.933005638395163	-1.22448418139686	-0.955625466344281	-0.690009024394059
-0.926664038819044	-1.22013273718054	-0.949393216975558	-0.684609689576518
-0.920322439242925	-1.21269178895263	-0.944245075604088	-0.681176673177017
-0.913980839666805	-1.20511447464193	-0.939275984308004	-0.668460821097872
-0.907639240090686	-1.19590208292669	-0.932994143261141	-0.665669893258429
-0.901297640514566	-1.18923805810989	-0.924957252984385	-0.661583757782428
-0.894956040938446	-1.18636544736318	-0.918033176917415	-0.652417846941079
-0.888614441362327	-1.17728440633301	-0.913221619038109	-0.641272526376726
-0.882272841786207	-1.17679493205881	-0.908582872828059	-0.641165570232428
-0.875931242210088	-1.16663634465735	-0.898291191348681	-0.628069248434214
-0.869589642633968	-1.15882844369022	-0.891713205626327	-0.624931554594478
-0.863248043057849	-1.15600545837483	-0.888307215911033	-0.617959926703879
-0.856906443481729	-1.14345206833291	-0.883007476539939	-0.615962677447194
-0.85056484390561	-1.14023195931962	-0.875310889516928	-0.60910362915144
-0.84422324432949	-1.13691731338269	-0.869531978892401	-0.602691019987469
-0.837881644753371	-1.1342106715349	-0.862843067159434	-0.599141957621492
-0.831540045177251	-1.12047063011101	-0.85619096684263	-0.592189251663505
-0.825198445601132	-1.11126845375847	-0.848983278738927	-0.581381503515698
-0.818856846025012	-1.11304494037942	-0.844723282857518	-0.578239272866923
-0.812515246448893	-1.10321676447245	-0.837927191150509	-0.572072099064188
-0.806173646872773	-1.0986431473359	-0.833783209025546	-0.566456078921416
-0.799832047296654	-1.08966140335032	-0.823881014315909	-0.562236209476467
-0.793490447720534	-1.08539785303639	-0.817991070950413	-0.554201963402543
-0.787148848144415	-1.07534994080523	-0.812133478236226	-0.54783835895179
-0.780807248568295	-1.07425039563136	-0.806702352343032	-0.540444908264096
-0.774465648992176	-1.06831688726984	-0.799341349590677	-0.535363292205079
-0.768124049416056	-1.05630626939927	-0.792750236164259	-0.532934044132158
-0.761782449839937	-1.05584808735993	-0.785882730262378	-0.524863967217447
-0.755440850263817	-1.04385954591812	-0.782594296193615	-0.511765067689473
-0.749099250687698	-1.04468770598966	-0.773906660572963	-0.510652614352543
-0.742757651111578	-1.03381269565783	-0.771249332111224	-0.501522000011405
-0.736416051535459	-1.03192719649741	-0.764791664174882	-0.503577765575638
-0.730074451959339	-1.0244282538882	-0.75618020840258	-0.49244744737798
-0.72373285238322	-1.0126014141219	-0.749672342280251	-0.48193654817092
-0.7173912528071	-1.0039403525475	-0.742846152665774	-0.479486926364077
-0.711049653230981	-1.00595408180624	-0.738422301535415	-0.469635535456867
-0.704708053654861	-0.993689548059806	-0.732266465456062	-0.465117572574075
-0.698366454078742	-0.989406438665554	-0.72524614656902	-0.461237214430057
-0.692024854502622	-0.9788064425752	-0.719729866319886	-0.454653547237074
-0.685683254926503	-0.973751002336464	-0.712327044763295	-0.444212864435559
-0.679341655350383	-0.966738829407201	-0.705434758702533	-0.442185111097606
-0.673000055774263	-0.967613883913099	-0.700035267466628	-0.437508036236074
-0.666658456198144	-0.957774356025181	-0.694518338068951	-0.427425100438893
-0.660316856622025	-0.953461854754168	-0.690304514027141	-0.426374475638605
-0.653975257045905	-0.942304823391415	-0.680768183673221	-0.412025083463003
-0.647633657469785	-0.940333552869078	-0.674809561057292	-0.412182180554401
-0.641292057893666	-0.931396304206744	-0.667902727869656	-0.402114332215147
-0.634950458317546	-0.926163606010103	-0.661183936856638	-0.398839582504484
-0.628608858741427	-0.920298483785525	-0.657257152673514	-0.391162497290732
-0.622267259165307	-0.916374223819947	-0.651901026542052	-0.389243427982942
-0.615925659589188	-0.910538096239297	-0.642923412716823	-0.380243145373302
-0.609584060013068	-0.902580824716649	-0.638082222813475	-0.373895829299671
-0.603242460436949	-0.898879152509612	-0.631113158310733	-0.371388324225291
-0.596900860860829	-0.89170576303925	-0.625634393501546	-0.363679939750984
-0.59055926128471	-0.880473318749118	-0.621195831248167	-0.35787871780805
-0.58421766170859	-0.873774869813835	-0.612944550274711	-0.349088371250124
-0.577876062132471	-0.87046309538376	-0.607283288567321	-0.347183522661801
-0.571534462556351	-0.861039848586605	-0.601330725921935	-0.336690173522849
-0.565192862980232	-0.857796925826802	-0.593293635007664	-0.32793070368354
-0.558851263404112	-0.85055347883843	-0.588250002033695	-0.325227039145967
-0.552509663827993	-0.84289932864791	-0.580967490248697	-0.321130303230746
-0.546168064251873	-0.839230250750892	-0.574938776596159	-0.315344976760265
-0.539826464675754	-0.832441981161276	-0.568410333405634	-0.310054220572952
-0.533484865099634	-0.827410970521112	-0.56326835721528	-0.303428579405916
-0.527143265523515	-0.818362073972928	-0.553559247508837	-0.295644718981604
-0.520801665947395	-0.81452305541761	-0.551405580599145	-0.290257989512994
-0.514460066371276	-0.800967629468209	-0.543575332190218	-0.282899431786582
-0.508118466795156	-0.797137379876874	-0.539155928739981	-0.27812034399888
-0.501776867219037	-0.792028570918083	-0.529354733423487	-0.271309057261589
-0.495435267642917	-0.790612439018537	-0.525382606253432	-0.262051708972295
-0.489093668066798	-0.781162921534662	-0.518273684544934	-0.257695500820667
-0.482752068490678	-0.776312856719535	-0.512878953966795	-0.252288857737669
-0.476410468914559	-0.767451845850004	-0.507092015755194	-0.240000443148119
-0.470068869338439	-0.757885224000636	-0.498596075815915	-0.239096550693265
-0.46372726976232	-0.754138371904206	-0.496622761692398	-0.231895176288923
-0.4573856701862	-0.750659199244979	-0.485858075722244	-0.226458016565584
-0.451044070610081	-0.741291898637327	-0.482528167876377	-0.218909557064555
-0.444702471033961	-0.738012481406107	-0.475911816381966	-0.211690994695611
-0.438360871457842	-0.731115659583232	-0.469041258687113	-0.207774087488435
-0.432019271881722	-0.71931546394019	-0.463326559757622	-0.19921373993295
-0.425677672305603	-0.716171506359436	-0.456007662246875	-0.196483048289622
-0.419336072729483	-0.70962768327402	-0.44893630265048	-0.192093462797243
-0.412994473153363	-0.705342085875477	-0.445051923946542	-0.181075384166783
-0.406652873577244	-0.703284039545231	-0.436600429075107	-0.174276652735245
-0.400311274001125	-0.694286087827736	-0.431443815382437	-0.168700621709237
-0.393969674425005	-0.682401314129623	-0.426182960467857	-0.161939280879234
-0.387628074848885	-0.679984695107708	-0.42019619837893	-0.157589668619456
-0.381286475272766	-0.676855422295388	-0.411895298052056	-0.159423765417766
-0.374944875696646	-0.667621642244603	-0.408335960023431	-0.151441432598791
-0.368603276120527	-0.663491363390624	-0.401683528438942	-0.136996284132432
-0.362261676544407	-0.657212078969208	-0.395918015229052	-0.136680854217712
-0.355920076968288	-0.644119390453954	-0.387650908630841	-0.129827269715457
-0.349578477392168	-0.646778445852648	-0.385612699403936	-0.121646813005688
-0.343236877816049	-0.634044573170169	-0.375998022018305	-0.119063180285062
-0.336895278239929	-0.628693067790535	-0.370764071508493	-0.109428552254046
-0.33055367866381	-0.623713905040442	-0.362400700020051	-0.100831840566168
-0.32421207908769	-0.610585016915283	-0.35623528485373	-0.0954993547739366
-0.317870479511571	-0.612626841255849	-0.350182908692299	-0.0892409916403291
-0.311528879935451	-0.603282593722925	-0.342710340292148	-0.0841954629087172
-0.305187280359332	-0.602249084218535	-0.340110506501283	-0.075720535493469
-0.298845680783212	-0.591714593668819	-0.331699970560459	-0.0712052854482792
-0.292504081207093	-0.58248250165019	-0.324470280093443	-0.06302895252445
-0.286162481630973	-0.575794467127113	-0.319001793970443	-0.0613118538623976
-0.279820882054854	-0.574524482042652	-0.312602837307799	-0.0517319707716233
-0.273479282478734	-0.566130226486599	-0.307304952719792	-0.0456645766931456
-0.267137682902615	-0.559820769384913	-0.300460041822511	-0.0439617857652773
-0.260796083326495	-0.558390056804683	-0.293530709582351	-0.036729715130626
-0.254454483750376	-0.544208650580598	-0.286459280517308	-0.0293163544964501
-0.248112884174256	-0.541159019889233	-0.281121923549224	-0.0246464984424776
-0.241771284598137	-0.534158135088098	-0.277720007271845	-0.0183244313742346
-0.235429685022017	-0.525296312569768	-0.268339832486518	-0.00820389377758019
-0.229088085445898	-0.520314535595842	-0.263974136850426	-0.00303591438432689
-0.222746485869778	-0.519263199862288	-0.256199367186146	-0.00187695919325206
-0.216404886293659	-0.510030655839979	-0.250247701730904	0.00570381869322021
-0.210063286717539	-0.504765168028963	-0.246193672218535	0.0142374153430957
-0.20372168714142	-0.494790301648545	-0.238403357991815	0.0213620445936619
-0.1973800875653	-0.492159175984558	-0.229956003553631	0.0264532857166451
-0.191038487989181	-0.483047672445702	-0.225838703580454	0.0317671407359745
-0.184696888413061	-0.47945324249699	-0.220730361667145	0.0341073096287058
-0.178355288836942	-0.469391058836723	-0.213738389254601	0.0434895199699814
-0.172013689260822	-0.463649603625736	-0.206307882401566	0.0503300713202504
-0.165672089684703	-0.45872973292754	-0.200940117461066	0.0586004819363847
-0.159330490108583	-0.450636698130468	-0.195029728072591	0.0666704130640634
-0.152988890532463	-0.448521003778369	-0.189779385300183	0.0674177835981581
-0.146647290956344	-0.438845937276467	-0.180557805501364	0.0743999747214976
-0.140305691380225	-0.435388731165057	-0.175237897918978	0.081093284532891
-0.133964091804105	-0.425916843931595	-0.168456628465342	0.0886366773560693
-0.127622492227985	-0.427458930674476	-0.160847091031511	0.0954606440508871
-0.121280892651866	-0.412895140320436	-0.156916805163984	0.0980314963672389
-0.114939293075746	-0.402941531282086	-0.151286159851718	0.101008574914993
-0.108597693499627	-0.399114426265307	-0.144357953309687	0.113879111337729
-0.102256093923508	-0.394291833734438	-0.138165504632588	0.122193417798009
-0.095914494347388	-0.39383185204362	-0.130476375146671	0.125122084062307
-0.0895728947712684	-0.38526636232272	-0.125063151549891	0.131558521336417
-0.0832312951951488	-0.37271355049299	-0.118584793944111	0.137554480496259
-0.0768896956190295	-0.372158645968403	-0.113096830255701	0.14552679339166
-0.0705480960429099	-0.364153420852903	-0.107161695273862	0.153052910107277
-0.0642064964667903	-0.360031471480852	-0.1022685804001	0.15310138683957
-0.0578648968906708	-0.353995114504527	-0.0932881603459699	0.165480882688248
-0.0515232973145514	-0.345108995010054	-0.0877886577258079	0.174472237743405
-0.0451816977384318	-0.335901956425195	-0.0816031913609675	0.175781445869113
-0.0388400981623123	-0.331468163216825	-0.0774560316022762	0.18020295008818
-0.0324984985861929	-0.329112177281682	-0.0670843536577485	0.186628884190529
-0.0261568990100733	-0.318348020381654	-0.0621911176433478	0.194244408116112
-0.0198152994339538	-0.309748599277663	-0.0562770827893925	0.19786349849308
-0.0134736998578342	-0.310323863216773	-0.0502810632395611	0.20247805446889
-0.00713210028171485	-0.305908936910612	-0.0453124203146466	0.212314405367618
-0.000790500705595276	-0.293126134307155	-0.0380017202843925	0.21481205048019
0.0055510988705243	-0.290899298340541	-0.0333332395836803	0.223677722370158
0.0118926984466439	-0.286145936557953	-0.0253605850796073	0.231539573886137
0.0182342980227632	-0.277499150753889	-0.0185748738769251	0.240264805110873
0.0245758975988828	-0.267074108796645	-0.0130788147495753	0.246931830061275
0.0309174971750024	-0.262833603002334	-0.00712315949834157	0.249665046588229
0.0372590967511219	-0.258434742165094	0.000500629935331766	0.256817239238108
0.0436006963272413	-0.252425421200866	0.00538562778228409	0.263335422996609
0.0499422959033609	-0.241349165084935	0.011975562763181	0.266230927631445
0.0562838954794804	-0.236868307784514	0.01794537753182	0.275673281758409
0.0626254950555998	-0.233391872157285	0.0252610325347747	0.279059419005569
0.0689670946317194	-0.230112054158155	0.0314985045559078	0.284112798795558
0.0753086942078389	-0.22547068868523	0.0367954066347789	0.293143151816261
0.0816502937839585	-0.212928849861813	0.042571966599049	0.29766230585556
0.0879918933600778	-0.207780341940276	0.0505144348067752	0.302730910870669
0.0943334929361974	-0.194791429377505	0.0554643884352609	0.313254671359369
0.100675092512317	-0.192791032974792	0.0623462634905465	0.318631300565714
0.107016692088437	-0.184200742545609	0.0683993178442011	0.318302499984155
0.113358291664556	-0.181349240072203	0.0765418081061394	0.331396820951428
0.119699891240676	-0.178873965838181	0.0813217672178246	0.337900626334983
0.126041490816795	-0.168321284297255	0.0870330229630138	0.344311676318387
0.132383090392914	-0.163813908440557	0.0919907004122911	0.345448425593887
0.138724689969034	-0.157702214109059	0.0994725228290317	0.355749209711355
0.145066289545154	-0.153051071708267	0.105213651186327	0.358887136175148
0.151407889121273	-0.145062941179067	0.111274778791406	0.366562773206098
0.157749488697393	-0.138637033878091	0.1170374297869	0.375288936246331
0.164091088273512	-0.133579792666975	0.124105268734841	0.378951375683977
0.170432687849631	-0.119473326071761	0.130676725404472	0.383117629859865
0.176774287425751	-0.120032671343502	0.136341618826098	0.393356919589273
0.183115887001871	-0.109785896196885	0.143585251449426	0.398502350794313
0.18945748657799	-0.102935723318281	0.15062843315977	0.405959065855936
0.19579908615411	-0.099452777017691	0.156372967238288	0.41044099719207
0.202140685730229	-0.097860908091208	0.161925809488762	0.41472889637942
0.208482285306349	-0.0920443215552077	0.165313866619725	0.416872797951358
0.214823884882468	-0.0774033435088499	0.173753061260053	0.427470713180315
0.221165484458588	-0.0774663604294614	0.179547699244235	0.43542172728179
0.227507084034707	-0.0691878733381843	0.186555949988663	0.444156162839795
0.233848683610827	-0.063564131789659	0.190551416671991	0.447437410989074
0.240190283186946	-0.0541282545273114	0.200518005451869	0.452881367900355
0.246531882763066	-0.0485959893399606	0.205709056374615	0.457077300572745
0.252873482339185	-0.0438547112502792	0.211484595222554	0.465386910957366
0.259215081915305	-0.0352596009857109	0.215946174824918	0.472957056972241
0.265556681491424	-0.0346656374546861	0.224197410761803	0.480116343243616
0.271898281067544	-0.0236058132647286	0.229232499040234	0.480103659743249
0.278239880643663	-0.022135319284733	0.235066877255959	0.492683879383668
0.284581480219783	-0.0137556017204635	0.244375215903451	0.505428240963203
0.290923079795902	-0.007326063822726	0.248306483896213	0.501993125736973
0.297264679372022	0.00125470575206749	0.255314594775647	0.511198770167072
0.303606278948141	0.00702507993395711	0.260493715493337	0.512980333317511
0.309947878524261	0.011903755418038	0.269769255146827	0.523211105654233
0.31628947810038	0.0197939932043643	0.275327227670752	0.527499460286656
0.3226310776765	0.0260782535978439	0.280688180191038	0.534792279130804
0.32897267725262	0.0309942483607621	0.284881741549599	0.540673275996978
0.335314276828739	0.0386125953054885	0.294034161475987	0.54729243482873
0.341655876404858	0.0438014922691612	0.29971504601574	0.551557099628528
0.347997475980978	0.0498381365265671	0.303816720559847	0.559672066062708
0.354339075557097	0.0588917263296619	0.313734284442955	0.565614458411387
0.360680675133217	0.0650676556745804	0.317177439087409	0.574491999623836
0.367022274709337	0.0654656458048159	0.325026674036917	0.578002075092777
0.373363874285456	0.0755547444858668	0.330928916824957	0.584306470385714
0.379705473861575	0.083725746916939	0.337778355000738	0.590282770056844
0.386047073437695	0.0907902772413742	0.34248599815892	0.599771811919712
0.392388673013814	0.0955740942478371	0.349806090793565	0.600292841943824
0.398730272589934	0.103076848423213	0.351573422932982	0.60997332744337
0.405071872166054	0.106545856553449	0.36092734025843	0.616208181771328
0.411413471742173	0.10902674292005	0.365488574350501	0.622877388014195
0.417755071318293	0.120717532061074	0.372465109353438	0.625921909670446
0.424096670894412	0.129222437431935	0.381844280195941	0.630009133632918
0.430438270470531	0.133888944428262	0.388808818733637	0.639437138252598
0.436779870046651	0.137016295171085	0.392833246058518	0.642245611897187
0.443121469622771	0.148590198659978	0.40000199675938	0.653791568979627
0.44946306919889	0.155212901144659	0.404740419747168	0.659688709044916
0.45580466877501	0.15468001246967	0.413610665299369	0.666746921215812
0.462146268351129	0.16178448599363	0.417815221005253	0.671864426710581
0.468487867927249	0.173465863613645	0.425236605365948	0.679176817820409
0.474829467503368	0.177763545884546	0.430912543979347	0.679716222121275
0.481171067079488	0.182681704818421	0.437111486484707	0.690127428777983
0.487512666655607	0.18793866167036	0.443196810930497	0.698586137763011
0.493854266231727	0.193124044826093	0.447589555191109	0.701691465683258
0.500195865807846	0.197434230791581	0.454192276637308	0.710863097255474
0.506537465383966	0.211158444471884	0.460101998410556	0.717880691302005
0.512879064960085	0.213382118223824	0.467030908651494	0.719473436105635
0.519220664536205	0.218611538985942	0.475379892856211	0.72740800249965
0.525562264112324	0.225904735031566	0.481356808045743	0.730208993725753
0.531903863688444	0.234758636198943	0.486515094469795	0.738036667871865
0.538245463264563	0.243477977934722	0.494453885271433	0.747066912646748
0.544587062840683	0.245860726468354	0.498804463080565	0.751240880943381
0.550928662416802	0.254616022216654	0.504923048776849	0.758741121102835
0.557270261992922	0.252621121978392	0.509401010594123	0.762695129227484
0.563611861569041	0.263151542490823	0.517161265244885	0.767709818148151
0.569953461145161	0.275185650957186	0.5241928838671	0.778637619084542
0.57629506072128	0.281883324346909	0.53004917356586	0.782789199377718
0.5826366602974	0.283133140803856	0.536504232216901	0.790470728335692
0.58897825987352	0.286947704838742	0.542160340922054	0.792455906519482
0.595319859449639	0.296211049922134	0.546611064650059	0.801257244548816
0.601661459025758	0.301129396884817	0.55235980927296	0.81090214893058
0.608003058601878	0.31039161513289	0.561174073070333	0.81905941005684
0.614344658177997	0.313692890504008	0.566440335261256	0.82204369920569
0.620686257754117	0.32533799493125	0.573877096039516	0.830384153112322
0.627027857330237	0.326908461150076	0.577236213869598	0.830349849089091
0.633369456906356	0.334105188942071	0.585057217443054	0.84394839629493
0.639711056482475	0.336930955735646	0.592105690277264	0.842957788831022
0.646052656058595	0.345671501201492	0.597771975750641	0.853483179307482
0.652394255634714	0.351645108271453	0.604501882772922	0.855358474264409
0.658735855210834	0.361007156319151	0.612194929993126	0.864855045886675
0.665077454786954	0.368212727789135	0.617159245835691	0.869899149976717
0.671419054363073	0.367600698529531	0.623366761091582	0.878612966104926
0.677760653939193	0.375381526827416	0.630008101514567	0.8841937626168
0.684102253515312	0.387405433570594	0.636744905983633	0.890549638398068
0.690443853091431	0.394232617125507	0.643666732155707	0.896447763475832
0.696785452667551	0.395526478461651	0.646607718199805	0.898029008288485
0.703127052243671	0.406065887555968	0.654528452196788	0.910197251993334
0.70946865181979	0.411347061809756	0.66337344398215	0.913668648060447
0.71581025139591	0.412622854759775	0.666956510084997	0.919628177259551
0.722151850972029	0.416106054856917	0.67572552618413	0.928709670718639
0.728493450548149	0.424640112706946	0.679575835600514	0.933818931882615
0.734835050124268	0.43300764849532	0.688390000894248	0.943752230002286
0.741176649700388	0.443181381479487	0.692224669886047	0.945745512588024
0.747518249276507	0.44576028688935	0.699150621372388	0.951097969923754
0.753859848852627	0.452237036501044	0.704420005947396	0.959056909715429
0.760201448428746	0.459178221411072	0.711952319578636	0.963809395184194
0.766543048004866	0.461364006677045	0.720646531295555	0.968437334885199
0.772884647580985	0.471889668471551	0.725855389613871	0.975907155585858
0.779226247157105	0.472749616273774	0.729725759771467	0.986139190526137
0.785567846733224	0.483419543999981	0.737166501260882	0.992368853924806
0.791909446309344	0.486427345119457	0.74208166204717	0.999717909772328
0.798251045885463	0.494258424770677	0.747591562171988	0.998078108678682
0.804592645461583	0.502686454550725	0.757319297057482	1.0116606806084
0.810934245037702	0.510817973810333	0.759913640097118	1.01675328634945
0.817275844613822	0.515779864208803	0.767053208361916	1.01844280179276
0.823617444189941	0.518661792610747	0.773407663148791	1.025498121107
0.829959043766061	0.528215945511518	0.77949291003834	1.02993765562007
0.83630064334218	0.531633231196057	0.785280823026008	1.03695656645949
0.8426422429183	0.539626547022497	0.793652951579056	1.04545258855101
0.84898384249442	0.550741507155366	0.79886065506227	1.0494109480369
0.855325442070539	0.551359085409278	0.804906715014776	1.05552066786345
0.861667041646658	0.55707235762981	0.810064508403604	1.06696411461572
0.868008641222778	0.566552047216181	0.81633958631994	1.06919207833268
0.874350240798897	0.572014337209211	0.822196847982644	1.08273527362947
0.880691840375017	0.577794028082491	0.829971092567234	1.0823558831397
0.887033439951137	0.583393191649024	0.83493851649778	1.08740670810156
0.893375039527256	0.589452644310728	0.841123440680901	1.09827679544715
0.899716639103375	0.599817730225621	0.848771802426581	1.10139218512874
0.906058238679495	0.598431354320758	0.851343444053808	1.10605942183188
0.912399838255614	0.608117747608562	0.862165853838232	1.11568959438619
0.918741437831734	0.614183098627449	0.86838646281492	1.12124898854062
0.925083037407854	0.623620783545567	0.875489683807622	1.12792856019271
0.931424636983973	0.62708837025019	0.880123504145059	1.13024894358151
0.937766236560093	0.633295015623039	0.887931291705051	1.1403730261344
0.944107836136212	0.640251798398556	0.893520818630054	1.14355833071983
0.950449435712331	0.646151279728548	0.899759810413442	1.15135073613543
0.956791035288451	0.656346955409287	0.905865118950433	1.15501646700556
0.963132634864571	0.657010938684857	0.911475910945598	1.17122571640271
0.96947423444069	0.667400944634715	0.915994031565819	1.16610626035975
0.97581583401681	0.670062803393489	0.924208053040628	1.1754251233487
0.982157433592929	0.681230474575137	0.930276501594189	1.18482142635454
0.988499033169049	0.684384809025971	0.935697666915571	1.19397461363992
0.994840632745168	0.690983740180119	0.943024885008057	1.195909616326
1.00118223232129	0.69742590880978	0.948313411864247	1.20218038399858
1.00752383189741	0.700475913410917	0.954926789014874	1.20751590732212
1.01386543147353	0.707668566424511	0.962350874261828	1.21563095348866
1.02020703104965	0.716343569294107	0.96750096972214	1.21709985469895
1.02654863062577	0.720470096583304	0.973791217018969	1.22862541057461
1.03289023020189	0.72548612699243	0.980957641957078	1.23111242718233
1.039231829778	0.731348913259749	0.986611162516476	1.23652837685696
1.04557342935412	0.738653539661973	0.993221843689952	1.24797882603057
1.05191502893024	0.744695052044745	1.00015078531667	1.24985669037635
1.05825662850636	0.753864466494089	1.00473819595487	1.26085562398176
1.06459822808248	0.762690220141439	1.01096047002201	1.27089963758285
1.0709398276586	0.765564706467526	1.0184121698541	1.2728495674171
1.07728142723472	0.76963316556547	1.02543919372878	1.2744628368597
1.08362302681084	0.779090573847289	1.03171311586942	1.28390723614692
1.08996462638696	0.780757034046677	1.03782793370929	1.28986694818986
1.09630622596308	0.789963232215598	1.04144529437893	1.29002459955479
1.1026478255392	0.793554146280373	1.04858780822936	1.30113791366553
1.10898942511532	0.801260625965625	1.05610116128842	1.30812507272372
1.11533102469144	0.806451517193993	1.06236422390114	1.31315453057615
1.12167262426756	0.815157833148744	1.0667890474612	1.3197008529233
1.12801422384368	0.822120430613261	1.07440634058991	1.3243804802818
1.1343558234198	0.830868084949709	1.08085444107873	1.33105111363989
1.14069742299592	0.837067730088629	1.08670429246513	1.34160057224206
1.14703902257204	0.841231800978245	1.09224220588069	1.34824500159616
1.15338062214816	0.846795396275381	1.0973227326521	1.35246425291049
1.15972222172428	0.85286050741053	1.1061451291465	1.3564682116208
1.1660638213004	0.859185083724843	1.1125672967874	1.36241467954185
1.17240542087651	0.861975351923996	1.11773019142093	1.36918819204709
1.17874702045263	0.871473134614044	1.12511860851125	1.38449940946825
1.18508862002875	0.874187561346469	1.1305730413424	1.38684398691887
1.19143021960487	0.880771294843434	1.13513830370197	1.38916328203262
1.19777181918099	0.887742074907961	1.14332176831395	1.39762942712171
1.20411341875711	0.898531094543904	1.15000272317008	1.40280957661146
1.21045501833323	0.900511773113042	1.15310696555159	1.40654155296442
1.21679661790935	0.904881304542296	1.16247734000405	1.41299798986195
1.22313821748547	0.915601887665252	1.16687313294076	1.41725102838025
1.22947981706159	0.918231141183607	1.17379444487693	1.42664913676944
1.23582141663771	0.928047750964355	1.17859042893716	1.43016469089893
1.24216301621383	0.93740062331184	1.18756649576947	1.43902639416156
1.24850461578995	0.936337558606863	1.1923681748621	1.44508522374104
1.25484621536607	0.94680365262888	1.19985706380132	1.452399305414
1.26118781494219	0.951118450767018	1.20373083084185	1.45842710911709
1.26752941451831	0.960361280304186	1.21040559586777	1.46274339568655
1.27387101409443	0.964725447203557	1.21606573098145	1.46404127340817
1.28021261367055	0.972276706576245	1.22369950222669	1.4738609943951
1.28655421324667	0.980048406245233	1.22931853331316	1.47886936451386
1.29289581282279	0.981246023468871	1.23700019248612	1.48919087695068
1.2992374123989	0.99317440552827	1.24524779893081	1.49504071401887
1.30557901197502	0.991740644067544	1.2474351801106	1.49809796889838
1.31192061155114	0.999427358368648	1.25322420149285	1.50243596275931
1.31826221112726	1.01139802737872	1.26157182196939	1.51434234404165
1.32460381070338	1.01590708463944	1.26796765097128	1.51603761871349
1.3309454102795	1.02351419359543	1.27395800673189	1.52804136483159
1.33728700985562	1.02665107154003	1.27967796579515	1.52836230140335
1.34362860943174	1.03339220389149	1.28348162581809	1.53899779794506
1.34997020900786	1.04204455688703	1.2939146065644	1.54704673463218
1.35631180858398	1.04360519783879	1.29779466549396	1.54912589531861
1.3626534081601	1.04965366946849	1.3051616736934	1.55583028097583
1.36899500773622	1.05767030305316	1.31037878084606	1.56419888479163
1.37533660731234	1.06395730248683	1.31821701822586	1.57095669212124
1.38167820688846	1.0716943986948	1.3250421345849	1.57447331533869
1.38801980646458	1.07663613361096	1.32955696380346	1.57933007038761
1.3943614060407	1.07974466033725	1.33579784282834	1.59170612431183
1.40070300561682	1.09277783361742	1.34410145201755	1.59606608865212
1.40704460519294	1.09483575328596	1.34901696305796	1.59759414144336
1.41338620476906	1.10300255131834	1.35546288206462	1.60699051390733
1.41972780434518	1.10779989588291	1.3596594031438	1.61424733073922
1.4260694039213	1.11562215038684	1.36693879935674	1.62184207758019
1.43241100349741	1.12209415144174	1.37491435745805	1.6235070903536
1.43875260307353	1.12696130932253	1.37931800386631	1.63554801502529
1.44509420264965	1.1347031702075	1.38671292205479	1.6425371138864
1.45143580222577	1.13870218181606	1.393017094646	1.64365740655447
1.45777740180189	1.14627070578008	1.39903437796522	1.65506863495794
1.46411900137801	1.15383000304185	1.40548253177496	1.65724275677105
1.47046060095413	1.1551362128044	1.41095128090504	1.66460049518589
1.47680220053025	1.16500897178261	1.41902969273509	1.6722953502982
1.48314380010637	1.17110129041076	1.42513948944456	1.68000825248343
1.48948539968249	1.17724050167376	1.42930520322973	1.67989198130849
1.49582699925861	1.18293014702527	1.43692715286194	1.69238136489082
1.50216859883473	1.18896437104762	1.44304034057446	1.69090294748882
1.50851019841085	1.19587383768943	1.44774267337562	1.69768670974905
1.51485179798697	1.20601441736113	1.4553642846074	1.70806401821313
1.52119339756309	1.20796604837186	1.46247750929833	1.71527822777673
1.52753499713921	1.21775150417219	1.46659227132062	1.72316364748113
1.53387659671533	1.22183311070023	1.47246117912045	1.72554151014312
1.54021819629145	1.22966472818382	1.48117239949397	1.73011858458795
1.54655979586757	1.23221531441362	1.48811492262145	1.74274855194915
1.55290139544369	1.24153166013566	1.49097975241875	1.74784636246366
1.5592429950198	1.24689853523534	1.49871460226553	1.74890265386072
1.56558459459592	1.24507448855596	1.50365109775884	1.76113050053689
1.57192619417204	1.25684234466779	1.51169664913358	1.76412033576761
1.57826779374816	1.26366005687429	1.51607999286968	1.76821071042281
1.58460939332428	1.27162783653075	1.52268407186749	1.77888140307476
1.5909509929004	1.27932037064395	1.52896877504424	1.78611764411728
1.59729259247652	1.28338730379654	1.53454871021381	1.79123781843582
1.60363419205264	1.28896863063985	1.54265006708211	1.79419457874702
1.60997579162876	1.29698411759337	1.54761720129236	1.80183921545029
1.61631739120488	1.29811185169918	1.55532722083866	1.81029880842892
1.622658990781	1.30505916760397	1.56002613970499	1.81283973728231
1.62900059035712	1.3162619549351	1.56688183839134	1.82406791367636
1.63534218993324	1.32099010465356	1.57180908309952	1.82610409267232
1.64168378950936	1.32552340415566	1.58018727446611	1.82978162209939
1.64802538908548	1.33410756487284	1.58675346483935	1.84272504509902
1.6543669886616	1.33385786291287	1.59219538496898	1.84773380913303
1.66070858823772	1.34749033366832	1.60017215979918	1.85534119140188
1.66705018781384	1.35197993289533	1.60406664778055	1.86185724650553
1.67339178738996	1.35310361172165	1.61036190622275	1.8628420560925
1.67973338696608	1.36163832793234	1.61461948787302	1.87018837151308
1.6860749865422	1.36860219133871	1.62590994160963	1.87825487818269
1.69241658611831	1.37830035905933	1.6307485790276	1.88545961084699
1.69875818569443	1.37940849363668	1.63540408341763	1.88962944555877
1.70509978527055	1.38949811416352	1.64179116467643	1.89425562180862
1.71144138484667	1.39290483897237	1.64779155948819	1.89997730320794
1.71778298442279	1.39675274699286	1.65646987795716	1.91068631941975
1.72412458399891	1.40351997034465	1.66368737207171	1.92126042150347
1.73046618357503	1.41096624224207	1.66659346096995	1.91895957793308
1.73680778315115	1.41348483784836	1.67421404142002	1.93106662137738
1.74314938272727	1.41945610738886	1.68126197277954	1.9333741212116
1.74949098230339	1.4297407657302	1.68290005673832	1.93758313207153
1.75583258187951	1.43774716574763	1.68967744547751	1.9444206235062
1.76217418145563	1.44378891181292	1.69776479878479	1.95317824611023
1.76851578103175	1.44870292071033	1.7038349304874	1.96033538487223
1.77485738060787	1.45968496022879	1.71122804587331	1.96607127245927
1.78119898018399	1.46671571971571	1.71777053771293	1.97418634839271
1.78754057976011	1.47287682315232	1.72340925365922	1.97844865698814
1.79388217933623	1.47150804600211	1.7292331153663	1.98276672932854
1.80022377891235	1.4795713430259	1.73449170678938	1.99040655175578
1.80656537848847	1.48619224119309	1.74189141423252	1.99919982568142
1.81290697806459	1.49175117877588	1.74931750710287	2.00421329397463
1.8192485776407	1.50296406411056	1.75351899070737	2.00874717288749
1.82559017721682	1.50828367739981	1.75873357962211	2.01245064306496
1.83193177679294	1.51609232583953	1.76847495255113	2.02301393188615
1.83827337636906	1.5181797410109	1.77393842856447	2.03121119879689
1.84461497594518	1.52179275646797	1.77899399304504	2.03277930525036
1.8509565755213	1.52787630194251	1.78689453978138	2.04205228464649
1.85729817509742	1.53813777121741	1.79249186361637	2.04975281863338
1.86363977467354	1.54493380337626	1.7985642944104	2.05611284719366
1.86998137424966	1.54695690377647	1.80428498223984	2.05949845850305
1.87632297382578	1.55036819782418	1.81203421331811	2.06512308710935
1.8826645734019	1.56323156932617	1.81908374469343	2.07075208110322
1.88900617297802	1.56506212963821	1.82338596885814	2.07955702609315
1.89534777255414	1.57508898104315	1.82990078101817	2.08841670543189
1.90168937213026	1.58462891807981	1.83601709260799	2.08929369996699
1.90803097170638	1.58827328464685	1.83990884021874	2.09549444590235
1.9143725712825	1.58835208472285	1.84698426030038	2.10347673673069
1.92071417085862	1.60300107974595	1.85267325139582	2.10559858465862
1.92705577043474	1.60569838387694	1.86066775295561	2.11788642336516
1.93339737001086	1.61384041626078	1.8673597670214	2.12211545618937
1.93973896958698	1.6184268468951	1.87245328675283	2.12775109617043
1.9460805691631	1.62378600411675	1.88035192051411	2.13387197220851
1.95242216873921	1.63318122375372	1.8868863622839	2.14349474406462
1.95876376831533	1.64041981004842	1.89345758258922	2.1522491197148
1.96510536789145	1.64701513570324	1.8982579660607	2.15266262542522
1.97144696746757	1.65093645577217	1.9036981837055	2.15751650682707
1.97778856704369	1.6546109775919	1.9098350981674	2.16546288059103
1.98413016661981	1.65946417039423	1.91682709552406	2.17569513632267
1.99047176619593	1.66440765455839	1.92336909240279	2.17958604543421
1.99681336577205	1.66920206303349	1.93046922068372	2.18255699076386
2.00315496534817	1.68094500993994	1.93666547156982	2.18947934505397
2.00949656492429	1.68345110607428	1.94219236603097	2.19562843920015
2.01583816450041	1.69901130403201	1.94831704568124	2.20429700754754
2.02217976407653	1.69856993054562	1.95485478091011	2.21189296553562
2.02852136365265	1.70845844591817	1.96211543029774	2.21562104191837
2.03486296322877	1.71232755398472	1.9683483149565	2.22149318861558
2.04120456280489	1.71198088623414	1.97073152737631	2.22581593314359
2.04754616238101	1.7270709105439	1.97849501281017	2.23826357161747
2.05388776195713	1.72325744476989	1.98587468905257	2.23850196664267
2.06022936153325	1.73952678026473	1.99090328690997	2.2427400997304
2.06657096110937	1.74183506397532	1.99617943654381	2.25398344309993
2.07291256068549	1.74181632547186	2.00424501379822	2.26210911175965
2.0792541602616	1.75805890404578	2.01240578098456	2.26523341572279
2.08559575983772	1.7569487453425	2.01682974293445	2.27284896553663
2.09193735941384	1.76815843397562	2.022576900511	2.279038525941
2.09827895898996	1.77528627944112	2.02901901054134	2.29101152870345
2.10462055856608	1.77974578734495	2.03526061808861	2.28941497227345
2.1109621581422	1.78286937777187	2.04153735005761	2.29500435794429
2.11730375771832	1.79182729041014	2.05027186915568	2.3014540078005
2.12364535729444	1.79918977011854	2.05428697177308	2.30891609643054
2.12998695687056	1.80369335650044	2.06173632973103	2.31777062389708
2.13632855644668	1.81175581975697	2.06765828284854	2.32369248869877
2.1426701560228	1.81641975054072	2.07336843630745	2.33055779765907
2.14901175559892	1.82385935224564	2.08014410002943	2.33393369490444
2.15535335517504	1.83108771794477	2.08624934027196	2.34011299960413
2.16169495475116	1.8379951814658	2.09218596945433	2.3501929813996
2.16803655432728	1.84204138934175	2.10034274612071	2.35600411474574
2.1743781539034	1.84450171299531	2.10710840236847	2.36269779348193
2.18071975347952	1.85088211679369	2.1107487367596	2.36965794729168
2.18706135305564	1.86090868491766	2.11476512445848	2.37549128870079
2.19340295263176	1.86400587889636	2.12219359939129	2.37957895592864
2.19974455220788	1.8680693695297	2.12886559550794	2.38447440277045
2.20608615178399	1.88068491186609	2.13641248763545	2.39152123214292
2.21242775136011	1.88531761574585	2.13979502872892	2.40178493188727
2.21876935093623	1.89360093522091	2.14933386848173	2.4041525061969
2.22511095051235	1.89667122506908	2.15459352195077	2.41087280150665
2.23145255008847	1.90565424823464	2.1601203454273	2.41774061957199
2.23779414966459	1.91190961609107	2.16617734303532	2.42363013575174
2.24413574924071	1.9134879646571	2.17265961593422	2.43488234688557
2.25047734881683	1.92293240372333	2.17607547921926	2.4398119217916
2.25681894839295	1.92366807504153	2.18622283746366	2.44734050961938
2.26316054796907	1.93465920800127	2.18932589244527	2.4510826837469
2.26950214754519	1.94108845416149	2.19699621836873	2.45642670325033
2.27584374712131	1.94566634709946	2.206159350724	2.45910893395238
2.28218534669743	1.95281368027512	2.21088667101339	2.46799344829643
2.28852694627355	1.95824829697869	2.21665817967368	2.47151728181326
2.29486854584967	1.96291331484295	2.22451220337741	2.48109644466124
2.30121014542579	1.97005113626801	2.2287126546048	2.48750875569723
2.30755174500191	1.9735383982127	2.23670375091881	2.49375349428959
2.31389334457803	1.98515867205829	2.24175080879868	2.49976198036134
2.32023494415415	1.98643596588329	2.24744046539314	2.50795945580827
2.32657654373027	1.9936043095776	2.25634959885374	2.51379038027996
2.33291814330639	2.00326213990934	2.26204139753328	2.51760192460642
2.3392597428825	2.00907752431308	2.26710154241203	2.52902638796066
2.34560134245862	2.01808289376299	2.27457969549654	2.53339287063572
2.35194294203474	2.02497505776538	2.27793116353804	2.53525464523958
2.35828454161086	2.02525978404694	2.28287224607383	2.54232233209352
2.36462614118698	2.03740315429981	2.29212647076515	2.55206951460731
2.3709677407631	2.04404373181353	2.29842683928719	2.55731002253711
2.37730934033922	2.04567372410749	2.30527358960554	2.56816265609658
2.38365093991534	2.05005716058634	2.31009133902456	2.5736706506328
2.38999253949146	2.05919260667547	2.31519205110433	2.57154245906195
2.39633413906758	2.06442068908261	2.32276273822173	2.58258182135968
2.4026757386437	2.07100423885564	2.33130083423412	2.59044880396195
2.40901733821982	2.07630454065812	2.33588861772979	2.59407479712625
2.41535893779594	2.07838024025748	2.34110743280603	2.59969743680776
2.42170053737206	2.08781757278995	2.34793631792113	2.60408542334109
2.42804213694818	2.09392534226302	2.35304377868048	2.61418757481121
2.4343837365243	2.10211466249915	2.36201964063708	2.6213541875488
2.44072533610042	2.10788453855872	2.3662508443234	2.62595723854233
2.44706693567654	2.11222731527406	2.37230755068058	2.62910745209058
2.45340853525266	2.11604652148825	2.37748883914791	2.63845996677664
2.45975013482878	2.12372244435029	2.38540118903845	2.6430510990174
2.4660917344049	2.1356724872498	2.39245240033967	2.64963467882393
2.47243333398101	2.13335427162723	2.39741424049883	2.65759089698292
2.47877493355713	2.14273289172103	2.40351763023458	2.66480839337683
2.48511653313325	2.14745648644308	2.40958530868342	2.66793101051321
2.49145813270937	2.15768178230244	2.41457334198329	2.6750321877033
2.49779973228549	2.16145336401624	2.42199295132211	2.68515008016814
2.50414133186161	2.16531617347072	2.43074272730574	2.6849202294354
2.51048293143773	2.17735924468977	2.43543648892688	2.69054329575955
2.51682453101385	2.18420196161467	2.44253005810013	2.6988809566868
2.52316613058997	2.18805595210412	2.4493525844199	2.70598759265975
2.52950773016609	2.19308004496959	2.45520283092428	2.71184363362202
2.53584932974221	2.20262004177807	2.46110753657355	2.72389647617724
2.54219092931833	2.20707105809293	2.46656636428555	2.72601029827622
2.54853252889445	2.20910831661908	2.47204823350205	2.73438261262949
2.55487412847057	2.21931694905924	2.48050893544009	2.73998170813907
2.56121572804669	2.22681705828189	2.48578180470902	2.74443318046878
2.56755732762281	2.23178876301805	2.49261153952736	2.75153161800598
2.57389892719893	2.23587856511444	2.50029107375833	2.76198805474867
2.58024052677505	2.24268609515666	2.50312910024941	2.76435322594065
2.58658212635117	2.24846719736189	2.51070896317692	2.77262418629542
2.59292372592728	2.25572931352162	2.51518930484071	2.7742534387669
2.59926532550341	2.26155498536526	2.52346569218811	2.78455243372852
2.60560692507952	2.2694741576787	2.52970924605453	2.79242623745255
2.61194852465564	2.27676206265661	2.53726735617834	2.79542347730804
2.61829012423176	2.28328855026488	2.54259211683876	2.80426771393579
2.62463172380788	2.28616781167398	2.54642172434981	2.80671027102629
2.630973323384	2.29602649235122	2.55565204559017	2.8158052855831
2.63731492296012	2.29817799174776	2.56178203302352	2.82093639105212
2.64365652253624	2.29850177872756	2.56640093076369	2.82850979541916
2.64999812211236	2.31079152341509	2.57406894290357	2.83589337371757
2.65633972168848	2.31653955651685	2.58045041459184	2.84148983752969
2.6626813212646	2.32068798887972	2.58528596265838	2.84538701279624
2.66902292084072	2.33444687323501	2.5949082259624	2.85813324026834
2.67536452041684	2.33429635587907	2.59938872721079	2.86251554802489
2.68170611999296	2.33601086620264	2.60506762523497	2.86584045162558
2.68804771956908	2.34964674641824	2.61079582404716	2.87162247893912
2.6943893191452	2.35651958632003	2.61637317525008	2.88117207554456
2.70073091872132	2.35787094928481	2.62322859194442	2.88743485820358
2.70707251829744	2.36759680251947	2.63047782876763	2.88787979813706
2.71341411787356	2.373158824771	2.63609894657796	2.89916062892093
2.71975571744968	2.37600066463919	2.63975809976917	2.90405160199043
2.72609731702579	2.38496504390673	2.64896359888785	2.90801040857873
2.73243891660191	2.39103678586909	2.65340560178112	2.91596566722276
2.73878051617803	2.39864622098431	2.66176934994568	2.92310477031733
2.74512211575415	2.404655466794	2.66794533122285	2.93097266520359
2.75146371533027	2.41161464501786	2.6742165447031	2.93530151752035
2.75780531490639	2.4147624281403	2.67903441517175	2.93976633206025
2.76414691448251	2.41858265818457	2.68728721961528	2.94892080302179
2.77048851405863	2.42608882031603	2.69197380154678	2.95447424145607
2.77683011363475	2.43422376181113	2.69757471127957	2.95995848938361
2.78317171321087	2.44027634146113	2.70225541266392	2.96707324098703
2.78951331278699	2.45355220837804	2.70923318886454	2.97243804061386
2.79585491236311	2.45946335885867	2.71742221156929	2.98311495996352
2.80219651193923	2.45210148414471	2.72187255228816	2.98170470849163
2.80853811151535	2.4674192732345	2.72927879677539	2.9928215543496
2.81487971109147	2.47142927347541	2.73546192826775	2.99689762122334
2.82122131066759	2.47660148494827	2.74277507174421	3.00318159066804
2.82756291024371	2.48073522494478	2.74706671672096	3.01263491131349
2.83390450981983	2.4893981078374	2.75457955087256	3.01843566393011
2.84024610939595	2.49736952972062	2.76086653467586	3.02705117559165
2.84658770897207	2.50395036509824	2.76472954365587	3.03760264906581
2.85292930854819	2.50537305200421	2.77262347840535	3.0329831694
2.8592709081243	2.51661915265753	2.77858729999277	3.04192675377626
2.86561250770042	2.51960589582217	2.78514732317079	3.04825224803002
2.87195410727654	2.52911501832908	2.79184209257572	3.05388174145303
2.87829570685266	2.53298468863715	2.79862021843892	3.06658056557004
2.88463730642878	2.5393095815881	2.80269230537015	3.06739800632582
2.8909789060049	2.54534861551372	2.80968627066452	3.07273129232876
2.89732050558102	2.55376579591299	2.81895274855501	3.08069173943967
2.90366210515714	2.56088299469296	2.82292790419047	3.08407463546883
2.91000370473326	2.56343604539218	2.82989874229317	3.09467518336063
2.91634530430938	2.56846869756738	2.83504688883278	3.10045173079963
2.9226869038855	2.57431010465693	2.84092371895391	3.10248193659793
2.92902850346162	2.58196155865006	2.849905107734	3.11015286932939
2.93537010303774	2.58962595960276	2.85503937002938	3.11865674347705
2.94171170261386	2.59301520448321	2.8591985719088	3.12480757191975
2.94805330218998	2.59924851895853	2.86618474353486	3.13339415720963
2.9543949017661	2.60782120715884	2.87264980410659	3.138873392409
2.96073650134222	2.61402386193584	2.87918278688201	3.14880765300304
2.96707810091834	2.62322432037923	2.88659243558196	3.14711800758253
2.97341970049446	2.62436265724296	2.89356127868	3.16403773069411
2.97976130007058	2.6283177714383	2.89835003590145	3.16687092251997
2.9861028996467	2.63824267331386	2.90501216559043	3.1723147943924
2.99244449922281	2.64054551683556	2.91043909626901	3.17838585008021
2.99878609879893	2.64819647703527	2.91584439826163	3.18599458129595
3.00512769837505	2.65674560540823	2.92289389104294	3.19232400519017
3.01146929795117	2.66060218192302	2.92958653016002	3.19470926482386
3.01781089752729	2.67088876098338	2.93473956458482	3.20305493594597
3.02415249710341	2.67792777759475	2.94240577951973	3.2056087428649
3.03049409667953	2.67516240524438	2.94741087205753	3.21411082053988
3.03683569625565	2.68557253894049	2.95446238132415	3.21687853208603
3.04317729583177	2.69199349413298	2.95834412989955	3.22321989463898
3.04951889540789	2.69921649271793	2.96606074792053	3.23309884586976
3.05586049498401	2.71032646700121	2.97367654836275	3.23961299854282
3.06220209456013	2.71063516574417	2.9819385422958	3.24429483545187
3.06854369413625	2.71726142117027	2.98497817603308	3.25153679119961
3.07488529371237	2.72318573168947	2.99199923590451	3.25903281890901
3.08122689328849	2.72655353517594	2.99685135267126	3.26473297965942
3.08756849286461	2.73309575521865	3.00201891891007	3.27476656716926
3.09391009244073	2.74433659820924	3.01017017501864	3.27806526667228
3.10025169201685	2.75081546940854	3.01836382612306	3.28605267813028
3.10659329159297	2.75532299811992	3.02325916256506	3.28825856814019
3.11293489116908	2.7595885056915	3.02935717755316	3.29290511979143
3.11927649074521	2.76604470419568	3.03509883423941	3.30210791417566
3.12561809032132	2.77493250773189	3.04212681672651	3.31068088641714
3.13195968989744	2.78326764552506	3.04818577290473	3.31718370488018
3.13830128947356	2.78897382734048	3.05484970756375	3.32526480491297
3.14464288904968	2.79038931084618	3.061884326722	3.32943614662382
3.1509844886258	2.79742526582033	3.06628907203643	3.33621013116884
3.15732608820192	2.80361032921505	3.07284251109498	3.34304056748794
3.16366768777804	2.81088646649115	3.07901552436529	3.35079527065327
3.17000928735416	2.81112464547738	3.08439388949974	3.35256570796898
3.17635088693028	2.82247469314557	3.09303386643023	3.36281605112844
3.1826924865064	2.82953520166665	3.09748766864664	3.36573595456833
3.18903408608252	2.84023988276996	3.10376219301579	3.37176914615497
3.19537568565864	2.84349215143417	3.1116982027173	3.38335198460742
3.20171728523476	2.8454891783698	3.11719748371299	3.38545428653514
3.20805888481088	2.85260112406455	3.12205362718941	3.39097179622112
3.214400484387	2.85840524585019	3.12988322670138	3.39541484029125
3.22074208396312	2.86255251480178	3.13512322238103	3.40157503697371
3.22708368353924	2.87514674327902	3.14187514606899	3.41153294846472
3.23342528311536	2.8792285850046	3.1464247865551	3.41729556566885
3.23976688269148	2.8860002510467	3.15320519702513	3.42183800019862
3.24610848226759	2.88817357402015	3.15945347793867	3.43168057305138
3.25245008184371	2.89304379737239	3.16700592935284	3.43730870522946
3.25879168141983	2.90199117575131	3.17233331966618	3.44118509858619
3.26513328099595	2.90749247716395	3.17846645830269	3.44842846815335
3.27147488057207	2.91227903537515	3.1859413524603	3.45973209371625
3.27781648014819	2.92369741828343	3.19134407764182	3.46158395139311
3.28415807972431	2.9276051339052	3.19744132707437	3.47074079026738
3.29049967930043	2.93030511913137	3.20435383442983	3.47002210536604
3.29684127887655	2.94433365260299	3.21120341961532	3.47733344862111
3.30318287845267	2.94401031362939	3.21480426762735	3.48687105328492
3.30952447802879	2.94904308075251	3.22224392287864	3.49568077480956
3.31586607760491	2.9577279538649	3.22966929825787	3.49876286740339
3.32220767718103	2.9648151855052	3.23389846105049	3.50668462444689
3.32854927675715	2.97053888227531	3.2432328173026	3.51376207867126
3.33489087633327	2.97032856062248	3.24721920089438	3.51447787884111
3.34123247590939	2.98084806604037	3.25503582796763	3.52668272187877
3.34757407548551	2.98891212233643	3.26174505381803	3.53073630647484
3.35391567506163	2.9930110988456	3.26600601903199	3.53634390571559
3.36025727463775	3.00498249712046	3.27098305721452	3.5432200132775
3.36659887421387	3.00243346245324	3.27995499864352	3.55202521299656
3.37294047378999	3.01639371045431	3.28712586573908	3.55657784019906
3.3792820733661	3.01879622370486	3.29322046355543	3.56082138372028
3.38562367294222	3.02598991920647	3.29695345686295	3.57086332857196
3.39196527251834	3.03425845345431	3.30319992555126	3.5748823339794
3.39830687209446	3.03942553608709	3.3098959001851	3.57900322623271
3.40464847167058	3.0408656864098	3.31528397835732	3.58838446188561
3.4109900712467	3.04727866763674	3.32365510264927	3.59707732718585
3.41733167082282	3.05573453153027	3.32771092149127	3.60201090560387
3.42367327039894	3.05551666403029	3.33285123956071	3.60902079403162
3.43001486997506	3.06560817163968	3.33980800966973	3.61497983406192
3.43635646955118	3.07780139579193	3.34683462939243	3.62148275391895
3.4426980691273	3.0800770704626	3.35350333133529	3.62596434049424
3.44903966870342	3.08443873592247	3.36020153979344	3.63250297816359
3.45538126827954	3.09123650020123	3.36460124583314	3.63970280128936
3.46172286785566	3.09955022382133	3.3724037499954	3.64679129941341
3.46806446743178	3.10816322860613	3.3769965247444	3.6551769156216
3.4744060670079	3.11212120264097	3.38345874845162	3.65754592006465
3.48074766658402	3.11818049662323	3.39212889481584	3.66410488978298
3.48708926616014	3.12390312761327	3.39895857582525	3.67246171283026
3.49343086573626	3.13332435243019	3.4021261016308	3.67887004070332
3.49977246531238	3.13896642805754	3.41128734215297	3.68189930888027
3.5061140648885	3.14367636889647	3.4175318546233	3.68618364653057
3.51245566446461	3.14568073043669	3.42228930456703	3.69654706501018
3.51879726404073	3.14786217835567	3.42701949225879	3.70530076572629
3.52513886361685	3.1630576601087	3.4358232416315	3.70859269058719
3.53148046319297	3.16813079102215	3.44268832912321	3.71483552754089
3.53782206276909	3.1763740460979	3.44927643940819	3.72027768441278
3.54416366234521	3.17655905109995	3.45360286208135	3.72906686804603
3.55050526192133	3.18405380892116	3.45925496360398	3.73117342411862
3.55684686149745	3.1872292971351	3.46626793838408	3.74054229487881
3.56318846107357	3.20035993073436	3.47327647099585	3.74536393564341
3.56953006064969	3.20333146498005	3.4791204184754	3.75307160428964
3.57587166022581	3.21105218688027	3.48506233631855	3.75986272874842
3.58221325980193	3.21846039185004	3.49081957649114	3.76662164124924
3.58855485937805	3.22371570453635	3.49796674094815	3.77139800754896
3.59489645895417	3.22571386045137	3.5034513089614	3.77543663976556
3.60123805853029	3.23035498155905	3.51093131293184	3.77925993241612
3.60757965810641	3.23586124417117	3.51843345912207	3.7906996268048
3.61392125768253	3.25038396619814	3.52133749403906	3.79951700214836
3.62026285725865	3.25332637877563	3.52949036890089	3.80197497636478
3.62660445683477	3.25589236969561	3.53434009162685	3.80718405139884
3.63294605641088	3.2695545127625	3.54216152878869	3.81375655847321
3.63928765598701	3.27337979248083	3.54935919560288	3.82468206342796
3.64562925556312	3.27924337348718	3.55408095826038	3.83120369547381
3.65197085513924	3.28661944012737	3.56065285750575	3.83791519665972
3.65831245471536	3.28967696946535	3.56775067285457	3.84140298429469
3.66465405429148	3.2953510346201	3.57294033873122	3.84901521051352
3.6709956538676	3.30038307832821	3.58174676789995	3.85490595668084
3.67733725344372	3.30149369800069	3.58586383817217	3.86251480466447
3.68367885301984	3.31559846576941	3.59247033435958	3.87097324563616
3.69002045259596	3.31810911240787	3.59589322240972	3.87846603285274
3.69636205217208	3.32294493086665	3.6046813650995	3.88044204946099
3.7027036517482	3.33229805019999	3.60895844462107	3.88515685588085
3.70904525132432	3.33839602305677	3.61658230989835	3.89521773384565
3.71538685090044	3.34121567503699	3.62134889020745	3.90138734158565
3.72172845047656	3.34852901283559	3.62784774702452	3.90948251474721
3.72807005005268	3.35594245942975	3.6353379489499	3.91396081299318
3.7344116496288	3.35931282252719	3.63939219741723	3.91782840039958
3.74075324920492	3.37101709206551	3.64685827381966	3.92429565022798
3.74709484878104	3.37703721688984	3.65361276405861	3.92805737299674
3.75343644835716	3.38078499489899	3.65970789914568	3.93893873464213
3.75977804793328	3.38580310890942	3.66444197810695	3.94689821417262
3.76611964750939	3.39554429727909	3.67221456224548	3.95086525270364
3.77246124708551	3.40094973761391	3.67997512607808	3.95828662669246
3.77880284666163	3.40112151636571	3.68570225608326	3.96305219422118
3.78514444623775	3.41291657223608	3.69065617020673	3.97265821050597
3.79148604581387	3.41408121952951	3.69797567667882	3.97565514767613
3.79782764538999	3.42378997435539	3.7052859672626	3.98178952383183
3.80416924496611	3.43065532570172	3.70990768997747	3.98565413882464
3.81051084454223	3.43216454191508	3.71603185221535	3.99895836344145
3.81685244411835	3.44612163334812	3.72195380309141	4.00018731524199
3.82319404369447	3.45300230374557	3.72887276732468	4.00828113541653
3.82953564327059	3.45455661406945	3.73538475229343	4.01271722926449
3.83587724284671	3.45812701144651	3.74194045239285	4.02237163592444
3.84221884242283	3.46552876936077	3.74897661850338	4.03194789102334
3.84856044199895	3.47265715939047	3.7542469725036	4.03709689347851
3.85490204157507	3.47983040313444	3.76268701229776	4.04137447529136
3.86124364115119	3.48566050492681	3.76662778652372	4.04774548321826
3.86758524072731	3.4932300378002	3.77269988682509	4.05373007159772
3.87392684030343	3.49464581899192	3.77778184504453	4.05708816440135
3.88026843987955	3.5037859440366	3.78526916097931	4.06071360994289
3.88661003945567	3.50618798904795	3.79178738324393	4.07592510817639
3.89295163903179	3.51854589689697	3.80002857362785	4.08056376060118
3.8992932386079	3.5229415074393	3.8046525265916	4.08618757071658
3.90563483818402	3.52547681377362	3.81141169056757	4.09125386034593
3.91197643776014	3.53661545901085	3.81732288847028	4.0963810431658
3.91831803733626	3.5399065268625	3.82325653601997	4.10246877458906
3.92465963691238	3.54573590274156	3.82873548991454	4.10712495406845
3.9310012364885	3.55059882394985	3.83359251299986	4.12025454589746
3.93734283606462	3.55881547359901	3.83864418173495	4.12135964770597
3.94368443564074	3.56157757903097	3.84602831487297	4.12525899625842
3.95002603521686	3.57036903101165	3.85192862856588	4.13189428176698
3.95636763479298	3.57633183960071	3.85892620334333	4.14112726508925
3.9627092343691	3.58521701248678	3.86578538119364	4.14953528566864
3.96905083394522	3.59195188765517	3.871716849665	4.15430810483964
3.97539243352134	3.59289668450636	3.87976054410813	4.15912837917668
3.98173403309746	3.60150232560018	3.88774167743803	4.1696279231744
3.98807563267358	3.60564916141176	3.89012629386982	4.17634014757573
3.9944172322497	3.61650679873242	3.89664021515642	4.17628482637878
4.00075883182582	3.62142282979902	3.90509782243597	4.18849422564309
4.00710043140194	3.62594245063047	3.90851886942252	4.19174449773714
4.01344203097806	3.63612772164511	3.91555374825179	4.19495019453832
4.01978363055418	3.63791897980456	3.91994432976226	4.20494375001714
4.0261252301303	3.64668702120153	3.92709831143406	4.2076687736929
4.03246682970642	3.65131541254577	3.93495826904782	4.220690379822
4.03880842928253	3.65403582685453	3.94252512207976	4.22339429182894
4.04515002885865	3.66257640263143	3.94609756800801	4.23379636875988
4.05149162843477	3.66770922111348	3.95312894316243	4.23540369839234
4.05783322801089	3.67446818244269	3.9598285000578	4.24207647666492
4.06417482758701	3.68040844633755	3.96876212742572	4.24948803116422
4.07051642716313	3.68568789251486	3.96966738680778	4.25465191023426
4.07685802673925	3.69468053509644	3.97885524701883	4.26680670049432
4.08319962631537	3.70133537622641	3.98543412500685	4.26510420340262
4.08954122589149	3.70261946041257	3.98960611889013	4.27407086438627
4.09588282546761	3.7119099118526	3.99427789785912	4.28849025242752
4.10222442504373	3.72234800126111	4.00512794453704	4.28376795590653
4.10856602461985	3.72457071166307	4.00939589209137	4.29179366067503
4.11490762419597	3.72718213102432	4.01572673339286	4.30504668254269
4.12124922377209	3.73893465427984	4.02284399376451	4.31200556154715
4.12759082334821	3.74390950797849	4.03017706505707	4.31428630604276
4.13393242292433	3.74718256321666	4.03343278158174	4.32036988619765
4.14027402250045	3.75062635418342	4.04204553650231	4.32971723568624
4.14661562207657	3.7590970322732	4.04552982530963	4.33283322988259
4.15295722165268	3.76842536269441	4.05405452708779	4.34024161142556
4.15929882122881	3.7695687077858	4.06041579338341	4.34858061318687
4.16564042080492	3.77982635324939	4.06413540185054	4.35689427856364
4.17198202038104	3.78891873191244	4.07237361913423	4.36049321677566
4.17832361995716	3.79204341510795	4.07673292755027	4.36667028051067
4.18466521953328	3.79860606042795	4.08481934937939	4.36936673374172
4.1910068191094	3.80276469097696	4.09060498573879	4.37700170480388
4.19734841868552	3.81378755681196	4.09996188406614	4.38752154968035
4.20369001826164	3.81825793611375	4.10410588810248	4.39415323656182
4.21003161783776	3.82227047066891	4.10858304444427	4.39707575184932
4.21637321741388	3.82751800518905	4.11666915386009	4.40087952385755
4.22271481699	3.8360659110493	4.12332430078681	4.40808364689449
4.22905641656612	3.83524837027542	4.13006955759532	4.4145818496477
4.23539801614224	3.84112152951854	4.1326508568213	4.42366963004289
4.24173961571836	3.84620491893387	4.13890418557148	4.43260197529031
4.24808121529448	3.86370799799266	4.14927426872731	4.43297478408826
4.2544228148706	3.86548020527926	4.15330020748318	4.44443664759539
4.26076441444672	3.87332267187095	4.16167994753569	4.44924326942163
4.26710601402284	3.87900135142865	4.16476996708832	4.45520724033482
4.27344761359896	3.88339575382504	4.17358869550814	4.46504402709399
4.27978921317507	3.88577812270846	4.17889434774881	4.46612600978527
4.28613081275119	3.89882163272343	4.18297854865537	4.47774149900897
4.29247241232731	3.90217569767633	4.19198810163346	4.47597999205004
4.29881401190343	3.90375840645083	4.19794822838002	4.48672292111537
4.30515561147955	3.91358399755356	4.20507831907141	4.49244018610347
4.31149721105567	3.92567372280024	4.20993219839348	4.50180266897811
4.31783881063179	3.92716202039917	4.21643121218242	4.50906442769728
4.32418041020791	3.93109233689775	4.22174078253574	4.51133589981533
4.33052200978403	3.94106139566922	4.22645736113382	4.51602349996504
4.33686360936015	3.94646832392296	4.2349535639208	4.52225122712135
4.34320520893627	3.94682212369375	4.24127337944529	4.5291991334904
4.34954680851239	3.95886030101289	4.2478540607356	4.53680234865423
4.35588840808851	3.95967520942137	4.25446817648685	4.54530441455267
4.36223000766463	3.96941984897231	4.26291815490614	4.54670186178665
4.36857160724075	3.97622593645442	4.26341975355441	4.56048179888174
4.37491320681687	3.98374634439724	4.27398187749902	4.56408398828305
4.38125480639299	3.98451709791879	4.27979870042874	4.56685117386702
4.38759640596911	3.99416323206851	4.28711050922553	4.57928580955138
4.39393800554523	3.99644690791355	4.28890518602673	4.58605579796816
4.40027960512135	4.00494639387788	4.29811631170636	4.58423680816159
4.40662120469747	4.00947104515059	4.30280922413644	4.59483563735906
4.41296280427358	4.01562007019415	4.30995927329238	4.60262164400977
4.4193044038497	4.02070446803487	4.31797724374276	4.60429824171763
4.42564600342582	4.0315611753132	4.3237468866981	4.61181465377397
4.43198760300194	4.03595742657509	4.32910937587817	4.61917314004327
