"mitochan"	"lwrNorm"	"medNorm"	"uprNorm"
-1.90327037354145	-3.45810938303933	-2.33778431995821	-1.21446000650095
-1.8966507915407	-3.45251691427852	-2.32976140003645	-1.19806704115376
-1.89003120953995	-3.43956835349054	-2.32232871999053	-1.19163861021442
-1.88341162753921	-3.42863071431188	-2.31262780887329	-1.18951120738106
-1.87679204553846	-3.41750621993938	-2.30551644564192	-1.17734149955717
-1.87017246353771	-3.41684653460115	-2.30021619677488	-1.17815351841844
-1.86355288153697	-3.4033805662285	-2.29250123533659	-1.177969365713
-1.85693329953622	-3.38638266918501	-2.28219889179894	-1.15474204851161
-1.85031371753547	-3.38168840872412	-2.27639096933019	-1.1667791335768
-1.84369413553472	-3.37022416970592	-2.26595273404738	-1.15824791325515
-1.83707455353398	-3.36147747268002	-2.2610344604414	-1.15034534273665
-1.83045497153323	-3.34746591191376	-2.24919675842141	-1.15205079410131
-1.82383538953248	-3.33593283632025	-2.24276630651994	-1.13684255463628
-1.81721580753174	-3.33349027574094	-2.23553247302067	-1.1337466424122
-1.81059622553099	-3.31257932131977	-2.22751549603427	-1.14230625750511
-1.80397664353024	-3.30271536018096	-2.22392829670216	-1.12664281786837
-1.7973570615295	-3.29255686537634	-2.2138177043486	-1.12108005108029
-1.79073747952875	-3.28224376985391	-2.20716843170092	-1.12616881188966
-1.784117897528	-3.27100144603811	-2.19435822451565	-1.10579370842608
-1.77749831552725	-3.26055165081616	-2.18934384215224	-1.1023333922271
-1.77087873352651	-3.25883741032341	-2.18203387207606	-1.1064413857482
-1.76425915152576	-3.25034868961016	-2.17208635898833	-1.10217080859815
-1.75763956952501	-3.23737873721507	-2.16554655728693	-1.09398251253781
-1.75101998752427	-3.2283229655289	-2.15229665416347	-1.08980897166117
-1.74440040552352	-3.20452359737555	-2.14869257727295	-1.08662704061641
-1.73778082352277	-3.19498404125779	-2.14094866905572	-1.07010884654662
-1.73116124152202	-3.18303465859869	-2.1312244463549	-1.080183971696
-1.72454165952128	-3.17798227870355	-2.12798811195981	-1.07425911305728
-1.71792207752053	-3.15520784780116	-2.1170809636303	-1.05906274001117
-1.71130249551978	-3.15792219322287	-2.10946299674586	-1.05554111539652
-1.70468291351904	-3.14945019900972	-2.10159498702151	-1.05162322149755
-1.69806333151829	-3.12613930620233	-2.09475766925158	-1.0419024623813
-1.69144374951754	-3.12378959508934	-2.08513367892281	-1.03749986179827
-1.68482416751679	-3.12048792057303	-2.07737077784836	-1.03622788903653
-1.67820458551605	-3.1056172569168	-2.07290052665418	-1.0211460420929
-1.6715850035153	-3.09452160718923	-2.06203007365935	-1.0318701184682
-1.66496542151455	-3.08638999859715	-2.05426539676742	-1.01902612164902
-1.65834583951381	-3.07334913221804	-2.04706318681118	-1.00682670835876
-1.65172625751306	-3.0652402237002	-2.03740473643445	-1.00574420030975
-1.64510667551231	-3.049150428712	-2.03116259168219	-1.00731152138643
-1.63848709351156	-3.03997689178564	-2.02718665382779	-1.00408570646434
-1.63186751151082	-3.03469869707399	-2.017123631441	-0.998244928422481
-1.62524792951007	-3.01842684752942	-2.00516203675783	-0.99299586413545
-1.61862834750932	-3.01595459026792	-1.99755958046758	-0.993199589338567
-1.61200876550858	-2.99144371013391	-1.99415316782676	-0.981594513258813
-1.60538918350783	-2.99135260059728	-1.98470835345004	-0.974547487249639
-1.59876960150708	-2.97769069206922	-1.97452874299807	-0.961895000931693
-1.59215001950634	-2.98767083165698	-1.97262961332296	-0.954510027746289
-1.58553043750559	-2.95154490804755	-1.96002632791515	-0.958079794356545
-1.57891085550484	-2.94451066089063	-1.94845733900288	-0.95387919559784
-1.57229127350409	-2.9368744966992	-1.94279279066079	-0.947174859834316
-1.56567169150335	-2.92637042134437	-1.93610426769195	-0.942553593585408
-1.5590521095026	-2.9149555180367	-1.9261091821735	-0.928700212853079
-1.55243252750185	-2.90316196339531	-1.91800145822062	-0.924730559829529
-1.54581294550111	-2.89327661395981	-1.91141925742866	-0.929469386343073
-1.53919336350036	-2.89356588494959	-1.90299112628513	-0.922710305360987
-1.53257378149961	-2.87603510697473	-1.89733599954971	-0.91469588188498
-1.52595419949886	-2.8558733338931	-1.88810773616271	-0.900762989455478
-1.51933461749812	-2.85698682393778	-1.88046933996508	-0.892180265060478
-1.51271503549737	-2.84071800514947	-1.87316544704018	-0.904398779527281
-1.50609545349662	-2.83136128568171	-1.86235579317206	-0.893520059258633
-1.49947587149588	-2.82276686754762	-1.85458534489804	-0.884761161882931
-1.49285628949513	-2.81131386958207	-1.84904363110498	-0.883048797658891
-1.48623670749438	-2.80481676217742	-1.84197255532997	-0.874773291546252
-1.47961712549363	-2.79272927916003	-1.83478263544485	-0.86751068974035
-1.47299754349289	-2.77186543340707	-1.82604795206456	-0.864252427897426
-1.46637796149214	-2.76778209712836	-1.81606318131627	-0.861642975786651
-1.45975837949139	-2.75849734644572	-1.80701745658442	-0.852407603241348
-1.45313879749065	-2.7485164323433	-1.80227316552341	-0.84442169229637
-1.4465192154899	-2.7372391977922	-1.79280421414437	-0.841446852733831
-1.43989963348915	-2.72209596151702	-1.78355143570609	-0.829233375951782
-1.4332800514884	-2.71403879213086	-1.77971409707926	-0.832724052774083
-1.42666046948766	-2.71063491939378	-1.76807783442479	-0.824542390438307
-1.42004088748691	-2.69779299806016	-1.76052701401473	-0.812191606746145
-1.41342130548616	-2.69112801967796	-1.75443864428092	-0.81771090159051
-1.40680172348542	-2.67731730535507	-1.74994129177093	-0.81119035228186
-1.40018214148467	-2.66578498500381	-1.73578692035833	-0.794706475681604
-1.39356255948392	-2.65117069428992	-1.72766139758889	-0.797695834187969
-1.38694297748317	-2.65057119249611	-1.71941337122226	-0.781838266782632
-1.38032339548243	-2.63483735474617	-1.71340578253484	-0.785447300034496
-1.37370381348168	-2.62248898066182	-1.70691495044881	-0.784274272439
-1.36708423148093	-2.61068827016148	-1.70081627179883	-0.775704490425369
-1.36046464948019	-2.59089370289735	-1.69175069149638	-0.764266978100413
-1.35384506747944	-2.58666176195638	-1.68118159588699	-0.763436453437797
-1.34722548547869	-2.57509241702177	-1.67737192028569	-0.755229604692208
-1.34060590347795	-2.5711708125399	-1.66798208319905	-0.752530969589679
-1.3339863214772	-2.55864516641517	-1.65522645044312	-0.747612101030808
-1.32736673947645	-2.55297585176492	-1.6539921856057	-0.749487155989758
-1.3207471574757	-2.53134511959561	-1.63961197193054	-0.747646336030648
-1.31412757547496	-2.53243824348471	-1.63823737608108	-0.741285904064766
-1.30750799347421	-2.53036214031292	-1.63047774010238	-0.730242274861875
-1.30088841147346	-2.5119622028228	-1.61794300742542	-0.727882824546318
-1.29426882947272	-2.49927169306332	-1.60833540868158	-0.709949104196389
-1.28764924747197	-2.48885858979598	-1.60064272123246	-0.718754443046302
-1.28102966547122	-2.48296591341106	-1.59299268799962	-0.706875656039579
-1.27441008347047	-2.47010746073164	-1.58748906718211	-0.69426714512407
-1.26779050146973	-2.45465154776851	-1.58169674897411	-0.689175065147581
-1.26117091946898	-2.44723391303403	-1.57422722621353	-0.690761178308027
-1.25455133746823	-2.43463440949809	-1.56368379851983	-0.679324620131962
-1.24793175546749	-2.43236708607953	-1.55355170210954	-0.682707330144822
-1.24131217346674	-2.41039221795986	-1.54360325661509	-0.670222197961768
-1.23469259146599	-2.40586517986385	-1.54034619518467	-0.665886784825561
-1.22807300946524	-2.39104822866985	-1.52961906485647	-0.660805529815298
-1.2214534274645	-2.37948186674072	-1.52412603789821	-0.659309909745758
-1.21483384546375	-2.36674673047373	-1.51572033930962	-0.651464970395564
-1.208214263463	-2.36542515780792	-1.50542049479302	-0.6413505266504
-1.20159468146226	-2.3607871836895	-1.49692752926101	-0.626644942094749
-1.19497509946151	-2.35150882214301	-1.49469800811674	-0.630039016049119
-1.18835551746076	-2.33096264575603	-1.48404540986927	-0.625804612472008
-1.18173593546001	-2.32217173841967	-1.47747527050306	-0.618960985574133
-1.17511635345927	-2.3128024096341	-1.46523780905832	-0.613292519902823
-1.16849677145852	-2.31520255416289	-1.45923780864595	-0.612451928329096
-1.16187718945777	-2.29334710213538	-1.4526901825463	-0.595262482363822
-1.15525760745703	-2.28556616378304	-1.44531113648418	-0.600345266012714
-1.14863802545628	-2.26896667752493	-1.43561264778584	-0.581202048979727
-1.14201844345553	-2.26299683774577	-1.42566584924513	-0.588608885055072
-1.13539886145479	-2.24629249441436	-1.42140276108175	-0.579799178425799
-1.12877927945404	-2.23890364724057	-1.41139427946342	-0.581704687091009
-1.12215969745329	-2.23006112294347	-1.40359759851061	-0.57074515021008
-1.11554011545254	-2.2199815424996	-1.39545351244264	-0.567366725697986
-1.1089205334518	-2.21379279955069	-1.38986675422925	-0.553602021029813
-1.10230095145105	-2.2065893892447	-1.38010376377334	-0.548014106357434
-1.0956813694503	-2.19741224236125	-1.37417721750005	-0.550860873780197
-1.08906178744956	-2.18316203316536	-1.36235142478826	-0.542181816123749
-1.08244220544881	-2.16909316311239	-1.35708505687776	-0.547167013974645
-1.07582262344806	-2.16409613395451	-1.34633755205761	-0.532664760044401
-1.06920304144731	-2.15434487892352	-1.34075639694239	-0.52132674757369
-1.06258345944657	-2.13972918664355	-1.33529910100127	-0.518552579448865
-1.05596387744582	-2.13775893856894	-1.32382532253329	-0.523092051568074
-1.04934429544507	-2.11829022042125	-1.31822403387994	-0.50212991996736
-1.04272471344433	-2.11420463521836	-1.31153628510101	-0.507560999592005
-1.03610513144358	-2.09498437505709	-1.3027313384751	-0.491979039632711
-1.02948554944283	-2.08972192650326	-1.2963883544896	-0.49309826063711
-1.02286596744208	-2.07658809030434	-1.28465139854379	-0.491279079709488
-1.01624638544134	-2.0634378585833	-1.27699631526216	-0.477497454397323
-1.00962680344059	-2.05674597322702	-1.27030436888595	-0.46984398470268
-1.00300722143984	-2.05201623374803	-1.26062344396664	-0.45641971134495
-0.996387639439096	-2.03682750854714	-1.25799785825762	-0.445096974895127
-0.989768057438349	-2.03050056391188	-1.24601942002045	-0.453520949965304
-0.983148475437602	-2.02355226634533	-1.23651335381085	-0.450182850052181
-0.976528893436855	-2.00133473154183	-1.23009856438035	-0.44648965291319
-0.969909311436108	-2.00416286823312	-1.21937633707549	-0.434920800374763
-0.96328972943536	-1.99797295495054	-1.21178640371886	-0.430507186314967
-0.956670147434613	-1.99111309895145	-1.20937842776981	-0.428389679775579
-0.950050565433866	-1.96916651902102	-1.19643750905717	-0.416288650855637
-0.943430983433119	-1.96040132230228	-1.18886754274872	-0.40669306782289
-0.936811401432372	-1.95294149766702	-1.18648795012176	-0.412677846224483
-0.930191819431625	-1.94269899848327	-1.17004091174169	-0.40307255021912
-0.923572237430878	-1.92790984307504	-1.16423880073601	-0.390338383841732
-0.916952655430131	-1.9294731062231	-1.15818901014913	-0.377834530308879
-0.910333073429384	-1.90422059880288	-1.14857266302116	-0.380806926413697
-0.903713491428637	-1.90046404366152	-1.14317839966808	-0.371407760714383
-0.897093909427889	-1.88839686848994	-1.13541886851656	-0.37297535580909
-0.890474327427142	-1.87380331088967	-1.12932692080927	-0.364226422539666
-0.883854745426395	-1.88043713665482	-1.12201066595511	-0.3533237020258
-0.877235163425648	-1.86289561943828	-1.11243201536089	-0.348361595410397
-0.870615581424901	-1.85798936190011	-1.10364742851418	-0.345539026825552
-0.863995999424154	-1.84397234878708	-1.09475176128216	-0.338690372109173
-0.857376417423407	-1.83071299967452	-1.08573857347467	-0.333978602309744
-0.85075683542266	-1.82244937272677	-1.08255567929045	-0.323707052762091
-0.844137253421913	-1.81722144084551	-1.07208481422557	-0.311204061614613
-0.837517671421166	-1.80866389618184	-1.06480858526026	-0.317402966963362
-0.830898089420418	-1.79553080705831	-1.05023644838566	-0.304992915214914
-0.824278507419671	-1.79208271644775	-1.05069398945131	-0.29913841286223
-0.817658925418924	-1.77917833719465	-1.03790799724364	-0.296600398532588
-0.811039343418177	-1.77256592833527	-1.03337070112271	-0.295259059673381
-0.80441976141743	-1.75264383199512	-1.02477534101743	-0.289539323885668
-0.797800179416683	-1.74635958490389	-1.01615505028347	-0.278701968948409
-0.791180597415936	-1.73060286194074	-1.00628776556434	-0.277490261942185
-0.784561015415189	-1.7267447109214	-1.00080144344415	-0.269743585175835
-0.777941433414442	-1.72272534149164	-0.991623766281978	-0.273148592505301
-0.771321851413695	-1.70681139607448	-0.982444222698924	-0.250571855978549
-0.764702269412947	-1.69270622466221	-0.977160683616045	-0.25394627828632
-0.7580826874122	-1.68548682800287	-0.96567154891304	-0.249440480694782
-0.751463105411453	-1.68150201531432	-0.961628625850179	-0.238471981114556
-0.744843523410706	-1.68295970412923	-0.954084190626552	-0.226326903819314
-0.738223941409959	-1.66475710593041	-0.945038527960824	-0.223607776318567
-0.731604359409212	-1.64948056466741	-0.935254773149881	-0.223856734508255
-0.724984777408465	-1.64299034589692	-0.931486279475757	-0.21205659494956
-0.718365195407718	-1.62297251671982	-0.918188539536919	-0.206232449231303
-0.711745613406971	-1.61954896358993	-0.912802774429594	-0.197896091743214
-0.705126031406224	-1.61688042843998	-0.904891649462938	-0.186556697627975
-0.698506449405476	-1.59416345471155	-0.898468930375727	-0.196147507885317
-0.691886867404729	-1.5933094597774	-0.891985534872125	-0.193748883170827
-0.685267285403982	-1.58184598049033	-0.879852827346122	-0.185397113891799
-0.678647703403235	-1.57216532682735	-0.872837380396732	-0.173728388915844
-0.672028121402488	-1.56371323755524	-0.865319303972961	-0.169813958067438
-0.665408539401741	-1.5559250795913	-0.856337528584297	-0.156106899881785
-0.658788957400994	-1.54680684745079	-0.850720958384765	-0.148427726582749
-0.652169375400247	-1.53863240606816	-0.839762045031684	-0.141825765058767
-0.6455497933995	-1.52241202345339	-0.834053030154578	-0.134646411498677
-0.638930211398753	-1.51785672890831	-0.825023444951823	-0.130024135092025
-0.632310629398005	-1.49362548905891	-0.817797920067432	-0.130855999541822
-0.625691047397258	-1.49959891417017	-0.810489145754635	-0.120700568864298
-0.619071465396511	-1.48452628845639	-0.802002010423538	-0.112309474495384
-0.612451883395764	-1.47589960505283	-0.79443133735036	-0.113707514852423
-0.605832301395017	-1.46273810929699	-0.786559119756793	-0.10415322351324
-0.59921271939427	-1.46045000200179	-0.780013704777834	-0.0878778902046916
-0.592593137393523	-1.45227123217357	-0.768571159761941	-0.0804787625482949
-0.585973555392776	-1.43877766127262	-0.764400985452113	-0.0769521013825546
-0.579353973392029	-1.42510136342234	-0.752999368775898	-0.0736665913936863
-0.572734391391281	-1.41994991487952	-0.748430590885407	-0.0616383493474461
-0.566114809390534	-1.40926406420942	-0.737140155573435	-0.0571707592528313
-0.559495227389787	-1.39855810661849	-0.729154379168479	-0.0490422332912046
-0.55287564538904	-1.39279459597833	-0.723355481423336	-0.0435288000400239
-0.546256063388293	-1.38372447053123	-0.716923623204992	-0.0327238402956655
-0.539636481387546	-1.37011659789055	-0.709589166060266	-0.0295835463155215
-0.533016899386799	-1.36556514952043	-0.699050511605724	-0.0279515838068608
-0.526397317386052	-1.35745838450087	-0.689221886177201	-0.023474455709361
-0.519777735385305	-1.35563858233666	-0.680857981974335	-0.00819899885244283
-0.513158153384558	-1.33771173479322	-0.674102856358676	-0.0127440803353929
-0.50653857138381	-1.33053475708796	-0.666619179401665	0.00985533771048495
-0.499918989383063	-1.32513410394654	-0.663364024905746	0.011798670311779
-0.493299407382316	-1.31461453596086	-0.650600781257294	0.0191683436007887
-0.486679825381569	-1.30033291918591	-0.645507508021311	0.0206990276540735
-0.480060243380822	-1.29561474422047	-0.636101943820783	0.0263490990814283
-0.473440661380075	-1.28586289895954	-0.628504201856979	0.042839732894392
-0.466821079379328	-1.27382960117855	-0.619407927679984	0.0392849211490082
-0.460201497378581	-1.26455208500083	-0.614637005558367	0.0517012451299795
-0.453581915377834	-1.25748784864052	-0.603187874230889	0.0576450850171498
-0.446962333377086	-1.24866590497438	-0.595978801059317	0.0566581322615741
-0.440342751376339	-1.23667563066132	-0.586264144275705	0.0740137441385178
-0.433723169375592	-1.23510751189699	-0.583101751050518	0.0700716579509347
-0.427103587374845	-1.22304824075302	-0.574641548770061	0.0732096491716028
-0.420484005374098	-1.20800329826517	-0.563574299515571	0.0918066689396262
-0.413864423373351	-1.20103609297631	-0.55277420162456	0.095553243942457
-0.407244841372604	-1.19862421394881	-0.549354320541487	0.102785387491009
-0.400625259371857	-1.18249980858045	-0.542425616627163	0.102826505387781
-0.39400567737111	-1.17683323257225	-0.53371287161843	0.110683012255782
-0.387386095370363	-1.16475568003196	-0.526625373681759	0.127067192235579
-0.380766513369615	-1.15386037935009	-0.515226236075837	0.122776282353726
-0.374146931368868	-1.15528080218589	-0.511350578672474	0.132675611024774
-0.367527349368121	-1.14253757674388	-0.4997341624599	0.13794274777226
-0.360907767367374	-1.13390478978222	-0.491280595164552	0.146764304044601
-0.354288185366627	-1.11522663357681	-0.484521520931664	0.154270750819791
-0.34766860336588	-1.11487492723908	-0.475601168550103	0.173659558611531
-0.341049021365133	-1.10470469665185	-0.471723638010991	0.175357168077538
-0.334429439364386	-1.08988618966117	-0.460447955070784	0.181376463235736
-0.327809857363639	-1.09362933675779	-0.453242975027728	0.182617530171306
-0.321190275362892	-1.07865757037965	-0.445527807855493	0.197116648294912
-0.314570693362144	-1.0647328617075	-0.440415010060712	0.190746331089953
-0.307951111361397	-1.05749374774715	-0.427864025984009	0.207081985353717
-0.30133152936065	-1.0516928653136	-0.422199628785599	0.211506835037021
-0.294711947359903	-1.04565552685928	-0.412936270253552	0.220325085690778
-0.288092365359156	-1.03707324925471	-0.40620326043811	0.226485327696364
-0.281472783358409	-1.02598689018456	-0.395545144461147	0.236129735046714
-0.274853201357662	-1.02289365880889	-0.391569639734818	0.244012226495416
-0.268233619356915	-1.01367630969672	-0.383473823943663	0.256198518766437
-0.261614037356168	-0.992233594063294	-0.375412834909888	0.255437025263732
-0.254994455355421	-0.990656962386819	-0.366890503724047	0.25609409749509
-0.248374873354674	-0.97538660696343	-0.35640470882857	0.270795897550601
-0.241755291353926	-0.974816775608446	-0.349454238565539	0.278722716537496
-0.235135709353179	-0.96207316535122	-0.341620321508882	0.293742895514011
-0.228516127352432	-0.948033856382399	-0.334368055866642	0.29043142095448
-0.221896545351685	-0.946356449812421	-0.327552575345273	0.298939450405126
-0.215276963350938	-0.936404007382223	-0.32064714820684	0.307125609467873
-0.208657381350191	-0.923568677287158	-0.310535295513719	0.31299539115541
-0.202037799349444	-0.913927776643446	-0.300744947196189	0.320239002506614
-0.195418217348697	-0.911338808579382	-0.293573664871065	0.322623211862857
-0.18879863534795	-0.901959240301799	-0.28566591822866	0.336324726412122
-0.182179053347203	-0.893689099061237	-0.277461690202284	0.339466965355047
-0.175559471346455	-0.887796386328736	-0.270181574576751	0.354931701808868
-0.168939889345708	-0.879526851345856	-0.263289689439254	0.357484296759729
-0.162320307344961	-0.868442050848635	-0.256328496330384	0.374214757951481
-0.155700725344214	-0.866244503586902	-0.245891368743116	0.369514580768208
-0.149081143343467	-0.853286162385178	-0.24063544259745	0.385306366180302
-0.14246156134272	-0.843714374385684	-0.229939743273931	0.389516072824464
-0.135841979341973	-0.840181497098658	-0.22600212440651	0.39339560895126
-0.129222397341226	-0.828632334849372	-0.213488705366276	0.405699000753065
-0.122602815340479	-0.820637874121858	-0.205139059677476	0.407032692687139
-0.115983233339731	-0.8167444360292	-0.202352884099717	0.416686364801095
-0.109363651338984	-0.806364477246387	-0.190960722735713	0.421617690905029
-0.102744069338237	-0.789015749844032	-0.184834698883523	0.429340354904394
-0.09612448733749	-0.790719216649388	-0.177084602182088	0.437919705432004
-0.0895049053367429	-0.77928397809312	-0.165964893011277	0.450751749285031
-0.0828853233359959	-0.771617290768882	-0.158873469476683	0.456938751883146
-0.0762657413352488	-0.766673552046794	-0.152535013656186	0.464491999729392
-0.0696461593345017	-0.756613610729665	-0.144451359311043	0.468251243248724
-0.0630265773337546	-0.735067500364679	-0.137955283810282	0.484409247557336
-0.0564069953330075	-0.73609802783332	-0.129097664979242	0.488773556604295
-0.0497874133322604	-0.73917936396251	-0.118842616609979	0.489162171768373
-0.0431678313315134	-0.713249825909616	-0.110555202854395	0.504719254263202
-0.0365482493307663	-0.712067775953932	-0.101616803585961	0.519860500421491
-0.0299286673300192	-0.707105486733999	-0.0975952041486342	0.522329060249469
-0.0233090853292719	-0.703548343582063	-0.0863662100455672	0.527503736586994
-0.0166895033285248	-0.694294054871506	-0.0807952900699144	0.533082216409754
-0.0100699213277777	-0.683825600381729	-0.0713854243946926	0.542585396861219
-0.00345033932703065	-0.679899938803256	-0.0644274124757946	0.549659266237191
0.00316924267371643	-0.669076818395712	-0.0572921509331939	0.567347138329336
0.00978882467446351	-0.663114265332939	-0.0507328380079359	0.560707136846722
0.0164084066752106	-0.643215288812878	-0.0393355631054059	0.567406536527812
0.0230279886759577	-0.636367889972768	-0.0300737178069042	0.588850742335907
0.0296475706767048	-0.637591949536762	-0.0217595898284623	0.596020641708718
0.0362671526774518	-0.629735206875553	-0.017785247468967	0.596956001533047
0.0428867346781989	-0.618485168096317	-0.0103884799376019	0.597216621396935
0.0495063166789462	-0.614868215802229	-0.00282125034460726	0.61215453340646
0.0561258986796933	-0.608655382375709	0.00794838211933738	0.611947148905004
0.0627454806804404	-0.600735972595481	0.0143172681853226	0.628932609032284
0.0693650626811875	-0.586817966988969	0.0218529431871822	0.633681300657974
0.0759846446819346	-0.586212584085915	0.0309733461331178	0.647917959504962
0.0826042266826816	-0.579974341164098	0.0377830268744017	0.651603963533009
0.0892238086834287	-0.567446232882837	0.0471136944419806	0.667499069496702
0.0958433906841758	-0.556131128687446	0.054939212123637	0.667621543043521
0.102462972684923	-0.545372460265634	0.0634488089847636	0.680134148401057
0.10908255468567	-0.540685624851934	0.0684593719939429	0.687717709907302
0.115702136686417	-0.5318854776014	0.0779619783681105	0.690427431030543
0.122321718687164	-0.530708351995682	0.0856323180043354	0.699686214896121
0.128941300687911	-0.514484387340026	0.0936303159920408	0.717465892914885
0.135560882688659	-0.512088748229727	0.103633262767233	0.72037078330397
0.142180464689405	-0.503539431021817	0.111558640448379	0.727090158915886
0.148800046690153	-0.498182867325872	0.120242985717694	0.736989873981725
0.1554196286909	-0.497824659809302	0.122485463836776	0.744563313523855
0.162039210691647	-0.484993562299102	0.135065039017033	0.757148901119049
0.168658792692394	-0.473595595430544	0.142497256074285	0.764112155467222
0.175278374693141	-0.469573871024946	0.151027041828797	0.767956550214243
0.181897956693888	-0.456693356760089	0.156283515373096	0.777721846936055
0.188517538694635	-0.451636407135424	0.163436293691	0.785437201324189
0.195137120695382	-0.435673433409313	0.172354315318349	0.79451642901119
0.201756702696129	-0.444445369507932	0.181511570905889	0.80473548193096
0.208376284696877	-0.428558909424129	0.189156352850593	0.814552289955717
0.214995866697623	-0.412663969103517	0.195772144441571	0.811944245844934
0.221615448698371	-0.416315339144738	0.205454297273902	0.835858849322153
0.228235030699118	-0.403465233078814	0.212580912563419	0.830844636757525
0.234854612699865	-0.40342756364031	0.220365808992162	0.837587860672274
0.241474194700612	-0.391486365456729	0.230900489298423	0.848447723568133
0.248093776701359	-0.380002234414549	0.23599189821586	0.859229477582362
0.254713358702106	-0.378088979211676	0.243168093381761	0.871295480452329
0.261332940702853	-0.365015815860451	0.254229358455326	0.873509955383704
0.267952522703601	-0.367686500091059	0.259279064733703	0.881834572776728
0.274572104704347	-0.36086355073202	0.270367721308418	0.903747944299881
0.281191686705095	-0.351599661392224	0.276654061108862	0.908138173834371
0.287811268705842	-0.344450064867488	0.284796819613781	0.918993553553117
0.294430850706589	-0.327381050568371	0.29148165283891	0.916341975379107
0.301050432707336	-0.326520857547325	0.29958056985161	0.932769017108613
0.307670014708083	-0.316665089526198	0.309867021142528	0.936260948578315
0.31428959670883	-0.307855786314997	0.318362577900837	0.940660302010223
0.320909178709577	-0.305167354527408	0.325686555789304	0.964198993797215
0.327528760710325	-0.298242616961852	0.334694905189479	0.95823819864089
0.334148342711071	-0.296589538506304	0.345426360816732	0.977313851679828
0.340767924711819	-0.286950100384335	0.347322542826299	0.982958813862546
0.347387506712566	-0.275657725530506	0.35693842741682	0.989583063670612
0.354007088713313	-0.274997754848966	0.364016768232278	0.995549462972395
0.36062667071406	-0.265490541111621	0.37422698378171	1.00149954250038
0.367246252714807	-0.255216828263182	0.380689311145672	1.01912772031837
0.373865834715554	-0.252275285899394	0.388904390812236	1.02605048901718
0.380485416716301	-0.241427572256117	0.398127219267092	1.03593740063795
0.387104998717049	-0.232531266664673	0.402664014226032	1.0468784980795
0.393724580717795	-0.229712518369129	0.411454075668649	1.05120584160574
0.400344162718543	-0.2218345660392	0.418545047738557	1.06568816160739
0.40696374471929	-0.21272025495483	0.425640373543511	1.07226536305392
0.413583326720037	-0.201676677848407	0.435210252716323	1.0751229044305
0.420202908720784	-0.195394572192087	0.441629569479698	1.08321446163938
0.426822490721531	-0.188314141005664	0.450403808599966	1.09689680180887
0.433442072722278	-0.193011940736052	0.456620618186447	1.10697645393476
0.440061654723025	-0.176522839248848	0.467632905803291	1.1161402423131
0.446681236723772	-0.173704267819897	0.476333381157553	1.1284031387451
0.453300818724519	-0.165108246339602	0.484414143715325	1.12994100992656
0.459920400725267	-0.153775548523435	0.494358368664827	1.13926823317464
0.466539982726013	-0.144057515298845	0.5000277899851	1.14912465179139
0.473159564726761	-0.143932786068179	0.508181322729039	1.16617485217983
0.479779146727508	-0.143518838696963	0.514888294397635	1.16496331143841
0.486398728728255	-0.124097108746581	0.521844762348312	1.17414957834729
0.493018310729002	-0.130107497294353	0.530740048610706	1.19187119707239
0.499637892729749	-0.123401229610393	0.538530678613721	1.19526116707611
0.506257474730496	-0.110566609752713	0.544984828817186	1.20557940922541
0.512877056731243	-0.107996280088065	0.55328079845342	1.21517292857054
0.51949663873199	-0.101136367330197	0.562860570524743	1.2279706175129
0.526116220732737	-0.0903166831005757	0.572074908143072	1.23423754500083
0.532735802733485	-0.0900518525947604	0.578021455186875	1.23992096838765
0.539355384734232	-0.0741827555794531	0.587353302255106	1.25611889223893
0.545974966734979	-0.0711234203329687	0.594936674273652	1.2629572096555
0.552594548735726	-0.0616729616673051	0.599669127931212	1.26952404641876
0.559214130736473	-0.0599855980542195	0.610305229760314	1.27097070596049
0.56583371273722	-0.0520983627639484	0.620499731752982	1.28509415667864
0.572453294737967	-0.0459302896981709	0.626760745375845	1.29653840059301
0.579072876738714	-0.0342724832931704	0.6329813462224	1.30194369259827
0.585692458739461	-0.026820042836782	0.642162525234362	1.30938332833498
0.592312040740208	-0.0255277264856811	0.649878356417506	1.32996290441404
0.598931622740956	-0.0208690377893283	0.660212190372189	1.33351521131825
0.605551204741703	-0.00901780701029674	0.664829054798007	1.34098042014611
0.61217078674245	-0.0102877560247639	0.672085961357018	1.36170047452098
0.618790368743197	-0.00412359342927857	0.680998973889548	1.36343467490992
0.625409950743944	-0.00281109891150095	0.691308818848285	1.36709223389855
0.632029532744691	0.0149402243826458	0.695418807543936	1.38914667433903
0.638649114745438	0.0218743567500753	0.704925058480866	1.38996528390044
0.645268696746185	0.0255034087721829	0.71494392858919	1.41222255174614
0.651888278746932	0.0292154673242424	0.721134457650293	1.41768342712129
0.65850786074768	0.0341499353261696	0.730071746802574	1.41978414259302
0.665127442748426	0.0402597809458665	0.738341168186852	1.43105758427957
0.671747024749174	0.045770831356007	0.745562282144024	1.44482931525176
0.678366606749921	0.0559595253772968	0.749247378837491	1.4410343604184
0.684986188750668	0.0588376001758626	0.759838542034763	1.45796645607823
0.691605770751415	0.0731377903925467	0.769485243773391	1.45729515898696
0.698225352752162	0.0703647509456461	0.776443690185174	1.48471940359221
0.704844934752909	0.0792289446017518	0.784519032859205	1.48232617453446
0.711464516753656	0.0911714754553981	0.793582151031455	1.49628748093167
0.718084098754403	0.0962286499262775	0.800576206593036	1.49759475829121
0.72470368075515	0.103591432547341	0.810383662917365	1.5173226202173
0.731323262755898	0.106950511519876	0.819124211609706	1.52760432685226
0.737942844756645	0.112006325242444	0.823914191574133	1.53623484281332
0.744562426757392	0.123565187386137	0.831670681853789	1.54069914499649
0.751182008758139	0.121736093319197	0.838495032557056	1.54568459965949
0.757801590758886	0.132312400913024	0.846385097303854	1.55908048475523
0.764421172759633	0.14432134864928	0.858522755093726	1.57946680350003
0.77104075476038	0.140635082683024	0.86212365869353	1.57980096786023
0.777660336761127	0.150767149009971	0.870301446765281	1.59279008158082
0.784279918761874	0.161551770289272	0.878557447628963	1.60592628817576
0.790899500762622	0.163957879666646	0.886649175696838	1.61355232587967
0.797519082763368	0.164422834294454	0.896015268107294	1.6196899195357
0.804138664764116	0.178948273160509	0.903368343353947	1.63002167814252
0.810758246764863	0.182427593328596	0.908772043594807	1.63952227490214
0.81737782876561	0.188896151452103	0.921404117964719	1.64586078901914
0.823997410766357	0.199599658778588	0.930998566658702	1.65703456326338
0.830616992767104	0.200024321509362	0.936622307158438	1.67050148747952
0.837236574767851	0.198697545877308	0.943715475272804	1.68565298837739
0.843856156768598	0.207873778719466	0.951353313846649	1.69363504625118
0.850475738769346	0.221756771675954	0.957901955676303	1.69872583484294
0.857095320770092	0.211454591741272	0.970630265900923	1.70834656634016
0.86371490277084	0.221450572587539	0.976261276950553	1.71311721360624
0.870334484771587	0.232820558698625	0.98584901757972	1.73177088232934
0.876954066772334	0.244363827173965	0.991288192819409	1.74572067522687
0.883573648773081	0.249608867002467	0.996721135127945	1.7454575307629
0.890193230773828	0.252006516861368	1.0091114905673	1.76410301765945
0.896812812774575	0.26025088350446	1.01726313314759	1.76324958941349
0.903432394775322	0.264391473105113	1.02410198493239	1.7764503710762
0.91005197677607	0.275319678797349	1.02880815974779	1.78695579894521
0.916671558776816	0.283679999539716	1.03788329174001	1.79271981825347
0.923291140777564	0.288855043552322	1.04323760648688	1.81310248569101
0.929910722778311	0.29328759147534	1.05488407525688	1.82041290866654
0.936530304779058	0.302025320883302	1.06269488298377	1.8209064708
0.943149886779805	0.300735948743995	1.07132235022286	1.82460564318715
0.949769468780552	0.315885853976363	1.07769341718717	1.84454604496501
0.956389050781299	0.31329087728549	1.08796108870417	1.85745250139528
0.963008632782046	0.315398112620486	1.09629344971543	1.86600996494936
0.969628214782793	0.32466074297121	1.0999580880663	1.87130870760648
0.97624779678354	0.328852446741224	1.10968475698782	1.880098273503
0.982867378784288	0.348214638593069	1.11554234881081	1.89489625657414
0.989486960785035	0.338846202595112	1.12342306295242	1.90639162069973
0.996106542785782	0.337630793302935	1.13337552600959	1.92906571590002
1.00272612478653	0.359678528533598	1.14063364420876	1.92748024712253
1.00934570678728	0.358744755675038	1.14996469238133	1.93042347582168
1.01596528878802	0.363853175252548	1.15720881640566	1.95642952562145
1.02258487078877	0.366097857839318	1.16462458034636	1.95983074672243
1.02920445278952	0.38037200312168	1.17630254915559	1.96441501836401
1.03582403479026	0.384481518747914	1.18276185923354	1.98185740375985
1.04244361679101	0.388665486477908	1.18877457431804	1.98108450581111
1.04906319879176	0.408726610825418	1.19923972177796	1.99693864127652
1.05568278079251	0.396050650385921	1.20226186818153	2.00657663149234
1.06230236279325	0.415642328701307	1.21532032605188	2.01444640652715
1.068921944794	0.410955139018169	1.2219290130321	2.02935137497404
1.07554152679475	0.430793177066962	1.22733463418006	2.03518328002159
1.08216110879549	0.431665405968171	1.23642327824522	2.04985787200022
1.08878069079624	0.438680296426431	1.24582870637474	2.05367889669411
1.09540027279699	0.440833907291458	1.25026530078034	2.06293050029524
1.10201985479774	0.44815531473279	1.26063156083617	2.09014809458369
1.10863943679848	0.454113936598196	1.26748269539105	2.08161561773424
1.11525901879923	0.452441148154322	1.27380552024888	2.09724413999078
1.12187860079998	0.467416956915787	1.28435649699326	2.10762623441996
1.12849818280072	0.465811064454857	1.29469946407422	2.12308342967648
1.13511776480147	0.476771671345374	1.30041169208051	2.12603570236025
1.14173734680222	0.478604084774037	1.30527338758706	2.13740557170593
1.14835692880296	0.477751119497944	1.31404992488651	2.14784529201955
1.15497651080371	0.493775739812682	1.32867254762786	2.15138278287858
1.16159609280446	0.492851113157532	1.32717548080181	2.16468033765945
1.16821567480521	0.504206724223198	1.34091491827798	2.17345453295638
1.17483525680595	0.508672374976117	1.34671925089437	2.19773643621579
1.1814548388067	0.51799733815177	1.35762790970717	2.19624589238228
1.18807442080745	0.519463692870517	1.36281748459884	2.20420109560605
1.19469400280819	0.518297110673979	1.37098210091401	2.22077583112919
1.20131358480894	0.531147791524152	1.37693735883305	2.22790992138059
1.20793316680969	0.543688388905638	1.3852761501753	2.23675363394037
1.21455274881044	0.538491347331473	1.39132723638821	2.24512980803261
1.22117233081118	0.547439325639476	1.40105114055299	2.26123577995361
1.22779191281193	0.547619422960327	1.41013547095646	2.26408329282545
1.23441149481268	0.550463762515978	1.41991031382356	2.28900717217021
1.24103107681342	0.560619805952584	1.4285876478766	2.2866445417926
1.24765065881417	0.56703150433006	1.43444803650712	2.29606128341403
1.25427024081492	0.574244989593463	1.44306901949068	2.30272218938806
1.26088982281567	0.583258257990101	1.45165560769296	2.32467858137339
1.26750940481641	0.586852632421033	1.4597984739687	2.33888986220348
1.27412898681716	0.580645176329378	1.46736330372223	2.33313875563398
1.28074856881791	0.597627280075162	1.472047390621	2.34602567592155
1.28736815081865	0.603175001022759	1.48016625912555	2.37089864392335
1.2939877328194	0.603541887027397	1.4902042675383	2.37654135266612
1.30060731482015	0.608306977611188	1.50089397500811	2.38948780981624
1.3072268968209	0.623571925475577	1.50858296666175	2.40317139596806
1.31384647882164	0.625024360366325	1.5129604623734	2.40229086694527
1.32046606082239	0.632579945768868	1.52549010823712	2.41137267501058
1.32708564282314	0.634753674875022	1.52716538196831	2.42564430448568
1.33370522482388	0.648116237161843	1.5409643288284	2.43317874979087
1.34032480682463	0.644897011295559	1.54154408285468	2.43872500269541
1.34694438882538	0.660512763525249	1.55698971809514	2.45786134717193
1.35356397082613	0.653593027025318	1.56225963855231	2.47225045621375
1.36018355282687	0.662925782817303	1.57146754889676	2.47258920152331
1.36680313482762	0.674113645808136	1.57376255450007	2.4960568997867
1.37342271682837	0.673805103862783	1.58418642260237	2.48810651754476
1.38004229882911	0.674029688952259	1.59454541325369	2.51166718037025
1.38666188082986	0.686525167148629	1.60383441797242	2.50713279380236
1.39328146283061	0.687269391335173	1.61145703740423	2.53153109769967
1.39990104483135	0.696462589188989	1.6156917711655	2.53360458793945
1.4065206268321	0.70473671391438	1.62994724346186	2.55215053066059
1.41314020883285	0.708243294768571	1.63194234822266	2.55718094874508
1.4197597908336	0.712369377124059	1.64178311474008	2.57548491818347
1.42637937283434	0.721963920595332	1.64852605559025	2.58021814086499
1.43299895483509	0.721360605368365	1.6544676325695	2.59248058160281
1.43961853683584	0.731171129285431	1.66560364864249	2.60638073070437
1.44623811883658	0.732683358463165	1.67840811388947	2.61602476177838
1.45285770083733	0.74611979689178	1.67950925517375	2.63194187449397
1.45947728283808	0.749556871671312	1.68765235850458	2.63141007355827
1.46609686483883	0.753477828892278	1.69488222423876	2.63794704265142
1.47271644683957	0.747242165918598	1.70161809226316	2.65696534199324
1.47933602884032	0.754188559200541	1.70995359627443	2.6738880266116
1.48595561084107	0.76253591800129	1.72131935677882	2.67778086108075
1.49257519284181	0.768902035445719	1.7286903188407	2.6785420144646
1.49919477484256	0.786634529685727	1.73503334659939	2.70407792318597
1.50581435684331	0.773423130136218	1.74337849994267	2.70383385788186
1.51243393884406	0.787556295080522	1.7526709053826	2.71683070079564
1.5190535208448	0.794833204083925	1.75983738938747	2.72668162174798
1.52567310284555	0.809104213215072	1.76564520872244	2.74069318096224
1.5322926848463	0.803024381081371	1.77720993837925	2.73865810568776
1.53891226684704	0.81737632325095	1.78639752938832	2.75075783940746
1.54553184884779	0.808938664179636	1.78917089292097	2.76697865186261
1.55215143084854	0.824735966331901	1.79602960309171	2.77212444557087
1.55877101284929	0.828633743163287	1.80654527510492	2.79677605287667
1.56539059485003	0.8384231048818	1.81815158424791	2.79363416903134
1.57201017685078	0.841254314431205	1.82466840925172	2.80425631821877
1.57862975885153	0.838290503897506	1.83141105059107	2.82768417903139
1.58524934085227	0.840594194074068	1.83888385512407	2.82599410063775
1.59186892285302	0.862401633400315	1.85022101956536	2.83706830053558
1.59848850485377	0.855266167898448	1.85491038165418	2.85598591718689
1.60510808685452	0.854419547499001	1.8657803324054	2.8623153154382
1.61172766885526	0.861966866903644	1.87178761364137	2.87024075262664
1.61834725085601	0.872984912060247	1.88203731656234	2.88371970953096
1.62496683285676	0.883037533024389	1.88627430685649	2.90404043578247
1.6315864148575	0.885541425033197	1.89536279265024	2.9045867472752
1.63820599685825	0.884467719301303	1.90281188017862	2.91366794921466
1.644825578859	0.892183403975425	1.9113637085803	2.92576450229536
1.65144516085974	0.893306928210825	1.92004551117024	2.93296569023852
1.65806474286049	0.911674127171572	1.92805426847702	2.94461423782944
1.66468432486124	0.914985432104808	1.93527966334869	2.9661930450764
1.67130390686199	0.914930620930736	1.94377586357	2.96674552093506
1.67792348886273	0.919027421480984	1.94883452332898	2.98161009770013
1.68454307086348	0.940836105114137	1.96108659947237	2.98356442828246
1.69116265286423	0.943735933180237	1.96439216651035	3.00512210638155
1.69778223486497	0.937465819389208	1.9754868785492	3.0135650433251
1.70440181686572	0.940339002248815	1.98049999137468	3.01645531950806
1.71102139886647	0.955868101695122	1.98980431956088	3.0247032289662
1.71764098086722	0.94977691610868	1.9980983061654	3.04231523214371
1.72426056286796	0.962430167481286	2.00787623338836	3.04687855453681
1.73088014486871	0.964424905649618	2.0121165911477	3.06266176406117
1.73749972686946	0.965016835820284	2.01571501252306	3.07789785861994
1.7441193088702	0.982467741958893	2.03238446700017	3.08645689134165
1.75073889087095	0.983846894326579	2.03979803465722	3.09656638622995
1.7573584728717	0.986027513226952	2.04928371034361	3.1055941096757
1.76397805487245	0.988676400459387	2.05190766245501	3.12187478000234
1.77059763687319	0.991396257867493	2.06474517857635	3.122085122088
1.77721721887394	1.00363098022043	2.06500298608481	3.14192528831071
1.78383680087469	1.01083691969025	2.07456272713877	3.13483440477706
1.79045638287543	1.0272701210092	2.08818852793832	3.15239061897028
1.79707596487618	1.01141545492091	2.09373084486597	3.18430174529021
1.80369554687693	1.01558545609285	2.09774801819732	3.17800275337916
1.81031512887768	1.02794028758992	2.10698210094443	3.18839207066795
1.81693471087842	1.03912009534647	2.11847614770138	3.20741446593412
1.82355429287917	1.03987412313185	2.12470324112778	3.20933121385932
1.83017387487992	1.04829125692233	2.12972361402981	3.22799660929359
1.83679345688066	1.04620657595547	2.13716756127055	3.23245798054785
1.84341303888141	1.05086621525319	2.14754299357721	3.23510326547177
1.85003262088216	1.05651093182097	2.15637248052764	3.2598921339841
1.85665220288291	1.05449117414405	2.16551907541786	3.2747503768703
1.86327178488365	1.07543941804477	2.16916058334121	3.27230561585515
1.8698913668844	1.07523109359529	2.17900115617054	3.29509772706163
1.87651094888515	1.08220421697297	2.1869277252155	3.29515593882443
1.88313053088589	1.08418832322445	2.19601354503973	3.31119856865124
1.88975011288664	1.08932594209287	2.20269617244535	3.30714919223794
1.89636969488739	1.09951657791903	2.21493721296424	3.33088665505519
1.90298927688813	1.10414137841496	2.2222363755996	3.34239146498452
1.90960885888888	1.10741812523639	2.22852866821655	3.34883211291046
1.91622844088963	1.11322664819757	2.23247748432258	3.36217761092345
1.92284802289038	1.11147454831966	2.24377963806355	3.37178941583394
1.92946760489112	1.1229911710326	2.25342554930441	3.37869315864327
1.93608718689187	1.13230703537313	2.25883852916227	3.37958296910781
1.94270676889262	1.13285263258048	2.26697952509352	3.40335221035376
1.94932635089336	1.14623963476692	2.27488810206715	3.41193383944562
1.95594593289411	1.14803400588719	2.28448476746603	3.42239498530071
1.96256551489486	1.14990870078842	2.29636366588231	3.43407163687642
1.96918509689561	1.15572901342229	2.29986908512332	3.44906375504732
1.97580467889635	1.16227014521969	2.30816566648454	3.44899492803731
1.9824242608971	1.17532745433096	2.31243791029374	3.47658012392546
1.98904384289785	1.16944327914532	2.32377052385799	3.48718229594552
1.99566342489859	1.16799071369894	2.3290090109035	3.49311606637761
2.00228300689934	1.1963168800206	2.34217509278315	3.49666615842089
2.00890258890009	1.1760507636618	2.34706585613166	3.51288918901209
2.01552217090084	1.17756544230789	2.35150145467287	3.52662654992023
2.02214175290158	1.19347166405177	2.36113271362254	3.52998892488832
2.02876133490233	1.19982446199066	2.3725216855663	3.54291226311819
2.03538091690308	1.20081440711648	2.37685335198249	3.55066785870766
2.04200049890382	1.21991397391717	2.39042092963481	3.56632072644848
2.04862008090457	1.21379312104705	2.39340542084352	3.57718356468471
2.05523966290532	1.22132000354095	2.40413873460622	3.58211093991916
2.06185924490606	1.22737663944778	2.41315527237835	3.59747793534477
2.06847882690681	1.22645983470771	2.41483354843513	3.60937686424309
2.07509840890756	1.23663771825324	2.42612441110899	3.60896358829525
2.08171799090831	1.24423789660953	2.43195611102814	3.63686918148818
2.08833757290905	1.2452000812058	2.44550070516363	3.64528792526054
2.0949571549098	1.25666750430412	2.44968949922077	3.64579132857828
2.10157673691055	1.2566656754091	2.45828572529328	3.66626422080567
2.10819631891129	1.26562179120583	2.46867226698696	3.67413664428089
2.11481590091204	1.27272013242473	2.47477988107216	3.69753268362202
2.12143548291279	1.26552940313987	2.47862951561472	3.69911483062329
2.12805506491354	1.28075999419795	2.48901776538042	3.71366276630569
2.13467464691428	1.29318785316795	2.49517258356634	3.71874983939677
2.14129422891503	1.29208795740852	2.50920353772133	3.72541081155467
2.14791381091578	1.29095083370279	2.51463704893599	3.74874096217149
2.15453339291652	1.30773906336457	2.52049530569684	3.74246641758459
2.16115297491727	1.30266861429411	2.52847076462143	3.74859356153819
2.16777255691802	1.30834667219229	2.53546758269761	3.77243625573422
2.17439213891877	1.31372432941603	2.54547921332144	3.7865933066512
2.18101172091951	1.32688847352919	2.55349574697851	3.7952839721812
2.18763130292026	1.31667766389254	2.56258165764678	3.80687911562793
2.19425088492101	1.31327550735608	2.56965065848087	3.81137515576661
2.20087046692175	1.33893583300957	2.57778607757415	3.82234326713283
2.2074900489225	1.33474636435496	2.58578353003093	3.83444878118001
2.21410963092325	1.34928097657634	2.59749354684273	3.84589534047
2.220729212924	1.35491452488405	2.60190550952794	3.86426601624639
2.22734879492474	1.35404503971467	2.6040417152484	3.87018947341665
2.23396837692549	1.36714099769922	2.61477066793871	3.87890625887424
2.24058795892624	1.36552621425571	2.62246554578819	3.89558330866223
2.24720754092698	1.36995400833525	2.63216800195512	3.89326250191941
2.25382712292773	1.37136095988847	2.64149152691316	3.90561531448653
2.26044670492848	1.38231208420065	2.64610473006703	3.92593282851123
2.26706628692923	1.37472956816741	2.65283553467562	3.92663206273477
2.27368586892997	1.40274899381578	2.66341797775565	3.95005967702969
2.28030545093072	1.40328004370712	2.6722841376728	3.95029707684613
2.28692503293147	1.40616793274189	2.68088978928994	3.95855939755041
2.29354461493221	1.40594695792913	2.68636142239641	3.97976206843429
2.30016419693296	1.40868723071298	2.69673293953452	3.99436808208311
2.30678377893371	1.41803137698264	2.70365564507357	4.00689170592939
2.31340336093446	1.42176159266799	2.71271870070423	4.01105723510902
2.3200229429352	1.43622241528975	2.71878198067529	4.01744509018412
2.32664252493595	1.42747454234506	2.72900728747492	4.03137909228733
2.3332621069367	1.43236225305694	2.74156076737826	4.03894369955236
2.33988168893744	1.43492529743906	2.7445492608334	4.06081445148992
2.34650127093819	1.45730459366631	2.75202759586835	4.05801867839039
2.35312085293894	1.46237166749863	2.7567702855408	4.07717601441317
2.35974043493968	1.45957948615291	2.77117661467605	4.08855333756151
2.36636001694043	1.46827161347172	2.77614874650103	4.10028983038674
2.37297959894118	1.46847150201626	2.78459964882466	4.1042178087843
2.37959918094193	1.47986102332183	2.79008083691612	4.11269221957005
2.38621876294267	1.48117795092033	2.797946748018	4.12198329518723
2.39283834494342	1.47022191695096	2.80857391404435	4.13410697442754
2.39945792694417	1.49065631750249	2.81639581527208	4.15218581469226
2.40607750894491	1.49032410927802	2.82610824603954	4.15819649888739
2.41269709094566	1.50352683353221	2.83393140060198	4.1668073026201
2.41931667294641	1.50480526565955	2.8409968013194	4.17999874943069
2.42593625494716	1.51422870885351	2.84319650222933	4.18914836019622
2.4325558369479	1.52138209959189	2.85469636115447	4.20068107423055
2.43917541894865	1.50934165604585	2.86654000713325	4.21029721203972
2.4457950009494	1.51391888542094	2.87008994496372	4.23073728554044
2.45241458295014	1.52387708115644	2.87919652618255	4.22970775056954
2.45903416495089	1.53447339901349	2.89134639319606	4.24332653935776
2.46565374695164	1.54170597462009	2.89552046943647	4.25233956204051
2.47227332895239	1.54513296490614	2.89821840330674	4.26808409480364
2.47889291095313	1.55208740313872	2.90593343614813	4.27738011914682
2.48551249295388	1.55474420684863	2.91494038009925	4.29370542163864
2.49213207495463	1.55363845569288	2.92246510458727	4.29881214818059
2.49875165695537	1.56963599062652	2.93195388254268	4.31365292773841
2.50537123895612	1.56595296841498	2.94361489448827	4.32130432099628
2.51199082095687	1.56473819234773	2.94707236017204	4.33659021252378
2.51861040295762	1.57205630374953	2.96186274291052	4.34473171194563
2.52522998495836	1.58868087614425	2.96136404402842	4.3686352278082
2.53184956695911	1.58860088333045	2.97371084853388	4.36709780549437
2.53846914895986	1.5992736707559	2.98355477568638	4.37853025353904
2.5450887309606	1.59769473956768	2.99122920006385	4.38039503478946
2.55170831296135	1.60438544260841	2.99736667556133	4.4154700683652
2.5583278949621	1.61529047338626	3.01049430115314	4.41948301052245
2.56494747696284	1.6015312045974	3.00876814943876	4.42691968274091
2.57156705896359	1.62311925565591	3.0191874697664	4.44399915009183
2.57818664096434	1.62407330349432	3.02957963100514	4.44325484932002
2.58480622296509	1.62805014809685	3.04149535732436	4.45341376476113
2.59142580496583	1.63446414846199	3.04336691450326	4.45686997255576
2.59804538696658	1.64119561548427	3.04969331010317	4.47093482915896
2.60466496896733	1.64185428547192	3.06114028418934	4.48445005981353
2.61128455096807	1.64782976656001	3.0707539133309	4.50295871610853
2.61790413296882	1.65484790231221	3.0774958318009	4.5078271383819
2.62452371496957	1.66112192213172	3.07888995241693	4.52270656754479
2.63114329697032	1.65986053995658	3.09356975597047	4.54027369516279
2.63776287897106	1.6796269200177	3.10399380994325	4.53902435932569
2.64438246097181	1.66893505305946	3.11090002650095	4.54868500620392
2.65100204297256	1.67636012278434	3.11854783035731	4.56114896500863
2.6576216249733	1.68117302972218	3.12411372637056	4.56401737801741
2.66424120697405	1.69138670163574	3.13330059716501	4.56846408701986
2.6708607889748	1.69963118151876	3.14412088691134	4.59628356064458
2.67748037097555	1.687367298769	3.15027108031184	4.60729790150301
2.68409995297629	1.69750080032217	3.15607859237302	4.61940829081732
2.69071953497704	1.70185475649179	3.16878240669486	4.6249636337744
2.69733911697779	1.70455069208518	3.16860393217347	4.63115714083235
2.70395869897853	1.71167209458432	3.18146481366153	4.67439473321129
2.71057828097928	1.72590566565183	3.19099017973414	4.64944528865684
2.71719786298003	1.70930237386433	3.2001985695394	4.66104889960717
2.72381744498077	1.7232857503946	3.20080955343062	4.67596992288643
2.73043702698152	1.7460803165691	3.21385024278739	4.69685668927733
2.73705660898227	1.736524612606	3.21820093236509	4.69511981981443
2.74367619098302	1.75039958037384	3.22155239537319	4.71088925119464
2.75029577298376	1.74339943044728	3.23691393671446	4.71689501350825
2.75691535498451	1.76502747572502	3.24625056961646	4.72573930915433
2.76353493698526	1.75298891113057	3.24970376723388	4.74487278941949
2.770154518986	1.7796609136611	3.25765294075463	4.75568840003202
2.77677410098675	1.77348384855503	3.26916306626797	4.76437780575589
2.7833936829875	1.7847138715409	3.27144992980671	4.78264056474619
2.79001326498825	1.77746439670369	3.28410369892979	4.80064050571383
2.79663284698899	1.79208417352861	3.29353005042773	4.80804952418891
2.80325242898974	1.79786619652297	3.3016872606772	4.80965797948171
2.80987201099049	1.80244816108637	3.30762515517659	4.81930129610693
2.81649159299123	1.81200538246127	3.31833501341357	4.83520741435134
2.82311117499198	1.80142038219708	3.32184990306931	4.83641534691185
2.82973075699273	1.81309914168202	3.33188171873663	4.85792163278624
2.83635033899348	1.81229150049017	3.33955797845084	4.87039930704101
2.84296992099422	1.815828794601	3.34565323266884	4.88856491175718
2.84958950299497	1.83952096309246	3.35268028811023	4.88924826595366
2.85620908499572	1.8346175152191	3.36775948592813	4.89515963093779
2.86282866699646	1.83038944397492	3.37533389608413	4.91639538242135
2.86944824899721	1.84335306585299	3.37299126185536	4.92126775930669
2.87606783099796	1.83372279012762	3.39048854439031	4.93807766348707
2.88268741299871	1.86508887798588	3.39696445587879	4.94150669508856
2.88930699499945	1.85018789132852	3.40340707825276	4.95176744445513
2.8959265770002	1.84821989486306	3.40963958810925	4.97061405106324
2.90254615900095	1.8678743801652	3.41888151448437	4.97277307531705
2.90916574100169	1.86583475160323	3.42691569316824	4.99996399869412
2.91578532300244	1.87682259408672	3.43393083883005	4.99197514630716
2.92240490500319	1.87640764226481	3.44115370787783	5.00136760918291
2.92902448700394	1.8922790116531	3.44833806952681	5.01401295640773
2.93564406900468	1.88679257539829	3.45658653363314	5.03377254929237
2.94226365100543	1.89727167584147	3.46616917952928	5.04144071459409
2.94888323300618	1.89317848006721	3.47481083902771	5.05751866308568
2.95550281500692	1.89973783518521	3.48717987863834	5.06641834113377
2.96212239700767	1.90654660369009	3.49649547319895	5.07745378502418
2.96874197900842	1.91378338589134	3.49925326666849	5.08267869421376
2.97536156100917	1.91981249029955	3.50555626173847	5.09669129179624
2.98198114300991	1.9243332810996	3.51400768578772	5.11824312118305
2.98860072501066	1.92984212880847	3.51840993305933	5.12766644865252
2.99522030701141	1.94291340467313	3.53477797035627	5.12206900910576
3.00183988901215	1.95272152421945	3.53424169354331	5.1438306939091
3.0084594710129	1.93787441219039	3.54355352937704	5.16707183618099
3.01507905301365	1.9454565913572	3.55277744713323	5.16196527783856
3.0216986350144	1.95368461155378	3.56280967559889	5.18206872118803
3.02831821701514	1.96782786919044	3.57132285676362	5.18427737833568
3.03493779901589	1.9665159627068	3.57812248695569	5.18406049146709
3.04155738101664	1.97131005955048	3.58199252432389	5.20823545861608
3.04817696301738	1.97672774599642	3.59154515900065	5.22050447745781
3.05479654501813	1.97337304278548	3.60132042708479	5.22453674619457
3.06141612701888	1.9810863066341	3.60762597824264	5.23168479919674
3.06803570901962	1.9878034958793	3.61997511592275	5.25215044587617
3.07465529102037	1.99895512887601	3.62629964133465	5.26725606810652
3.08127487302112	2.00057451120593	3.62910754490333	5.27890767548647
3.08789445502187	1.99945317500476	3.63925498587964	5.28702890808496
3.09451403702261	2.00713165140789	3.64511350575063	5.29417453404116
3.10113361902336	2.00811963344088	3.65644556508647	5.29880681595409
3.10775320102411	2.01509000340515	3.66146405732545	5.31248040753893
3.11437278302485	2.01370816387273	3.67846442025091	5.31493743331723
3.1209923650256	2.0223119201315	3.67717975485479	5.32740339247819
3.12761194702635	2.02231304557874	3.68809437264604	5.34005632014335
3.1342315290271	2.05835433659534	3.69593654392574	5.36155609187952
3.14085111102784	2.02045924559896	3.70524804065885	5.37933369080439
3.14747069302859	2.0500167197881	3.71208025835136	5.3772398097363
3.15409027502934	2.06360440172396	3.72123767209015	5.37769203624051
3.16070985703008	2.05038775012689	3.72660393690376	5.39699576760133
3.16732943903083	2.04849548299808	3.73502965647002	5.40387032049399
3.17394902103158	2.0710225832462	3.74494569396414	5.41963805974064
3.18056860303233	2.07503195534998	3.75288122778369	5.442946313922
3.18718818503307	2.07066768892605	3.76246790987406	5.45478350952608
3.19380776703382	2.07296670248062	3.77032118764777	5.46287529022999
3.20042734903457	2.09255954291391	3.77311505140385	5.47314066324661
3.20704693103531	2.09235756799759	3.78015293590395	5.49266650332041
3.21366651303606	2.10999021362258	3.78985495228146	5.49519653217893
3.22028609503681	2.1055480638921	3.79724679080624	5.50649540999131
3.22690567703755	2.09353530035129	3.80760193181976	5.5226100029381
3.2335252590383	2.12209289258256	3.81900538645105	5.51735274652829
3.24014484103905	2.10732640064008	3.82497326571311	5.53593971809831
3.2467644230398	2.11661644107415	3.8294154400655	5.55509050063393
3.25338400504054	2.1229044266968	3.83923711539861	5.560400795682
3.26000358704129	2.12815646006925	3.84379472961664	5.55809809813446
3.26662316904204	2.12819918772701	3.85607498904171	5.57629924218457
3.27324275104278	2.14577577467605	3.86521924072845	5.58393112760847
3.27986233304353	2.13913664714507	3.87278514529107	5.60977370621561
3.28648191504428	2.16486366379432	3.88823452911729	5.61630809779038
3.29310149704503	2.15186757136028	3.88458601944053	5.62702842496471
3.29972107904577	2.16694648223204	3.89350365179067	5.63448464684929
3.30634066104652	2.16730259442428	3.90033588179997	5.63746628193184
3.31296024304727	2.16092078165281	3.90987267755714	5.64718098863389
3.31957982504801	2.17513259657466	3.91862017305791	5.66170412979594
3.32619940704876	2.18045989437625	3.92613226638784	5.68141968947134
3.33281898904951	2.1929372366339	3.93721585494413	5.68813207312321
3.33943857105026	2.19913693376974	3.9394672943226	5.70753424153035
3.346058153051	2.18420232720587	3.94690230911707	5.72208252867182
3.35267773505175	2.18897157741291	3.96196387523791	5.70918852306889
3.3592973170525	2.20466844726037	3.96463991533568	5.73294011177526
3.36591689905324	2.21256263437953	3.96668353667835	5.75011941780685
3.37253648105399	2.20602395464074	3.9809804722273	5.7612302305816
3.37915606305474	2.21847209118843	3.99076081232244	5.76353587534177
3.38577564505549	2.22118469802524	4.00081746071526	5.77605507871795
3.39239522705623	2.22743942962257	4.00482714152576	5.80115554230928
3.39901480905698	2.23098180123034	4.01463154916031	5.79483094163941
3.40563439105773	2.23403613765313	4.01765063446681	5.81122188280153
3.41225397305847	2.24577510755093	4.03408039841724	5.82243082762033
3.41887355505922	2.2416717845905	4.03977113307171	5.83313153861492
3.42549313705997	2.2600728502436	4.04334181493562	5.84415591687292
3.43211271906072	2.25660078643033	4.05134526540026	5.85719733934474
3.43873230106146	2.26625481677245	4.06450456052308	5.87347819845644
3.44535188306221	2.26748874365467	4.07075042217067	5.88169410758814
3.45197146506296	2.26411818129135	4.07777138245003	5.88389257410912
3.4585910470637	2.2814474780067	4.08726134217285	5.89664477619322
3.46521062906445	2.27758708457145	4.09377248120108	5.89331362619382
3.4718302110652	2.2910588877515	4.10448570358251	5.91847170047396
3.47844979306595	2.28193297858583	4.10502006971848	5.92618461003751
3.48506937506669	2.31511423757146	4.11960132391224	5.93422125486122
3.49168895706744	2.29311332394667	4.12630244976844	5.96688091263613
3.49830853906819	2.31496927077611	4.1340498443379	5.95630929782238
3.50492812106893	2.30833793307438	4.1399747453949	5.9803879360101
3.51154770306968	2.3248728750111	4.15069265708367	5.96955028618298
3.51816728507043	2.30738209555134	4.15786891854876	6.00002546613906
3.52478686707117	2.33376844816073	4.16512663396512	6.0085173377036
3.53140644907192	2.32483334067966	4.17520878366053	6.01118609956053
3.53802603107267	2.34051377357945	4.18227199434317	6.04589538021567
3.54464561307342	2.33377869533066	4.18741719263532	6.04601891591193
3.55126519507416	2.33615713571801	4.19476598265879	6.05666873658778
3.55788477707491	2.34744395512406	4.21120433107206	6.07477980383401
3.56450435907566	2.34450894297014	4.21237597296698	6.07562012511738
3.5711239410764	2.35520628828336	4.22000907766607	6.0916332569065
3.57774352307715	2.36491003619419	4.22901281119	6.09103798076258
3.5843631050779	2.37319967025073	4.23447403279769	6.10115731533089
3.59098268707865	2.36661123936798	4.23916770568538	6.12055979101206
3.59760226907939	2.36790362917771	4.25882705349715	6.13390706965545
3.60422185108014	2.38175113205938	4.25781549864081	6.1470101355079
3.61084143308089	2.40714784026223	4.26613727497668	6.1639403490726
3.61746101508163	2.39351761424903	4.27499154007192	6.16322067984274
3.62408059708238	2.38652369460937	4.28381616421803	6.18102844851373
3.63070017908313	2.39928196953211	4.29117049329501	6.17447008557174
3.63731976108388	2.4051876875559	4.29873843238989	6.20175172014165
3.64393934308462	2.41418922462807	4.30854206254883	6.21626761589726
3.65055892508537	2.42359062048281	4.31691174411722	6.2065611073832
3.65717850708612	2.43232217364432	4.32459813811771	6.22397435334816
3.66379808908686	2.42649726105009	4.33486266434386	6.2354932781134
3.67041767108761	2.43296074980477	4.3386401147598	6.2368960275279
3.67703725308836	2.44222417352932	4.34943710183024	6.26601744362595
3.68365683508911	2.44044665166785	4.34826053640567	6.29080375946106
3.69027641708985	2.43765987556189	4.36170130704041	6.27985803251641
3.6968959990906	2.45549340648291	4.37114086402906	6.29438884935017
3.70351558109135	2.46088161264803	4.37826935713654	6.30939237402828
3.71013516309209	2.45423794260098	4.38308494052823	6.3205029791307
3.71675474509284	2.47439313602233	4.39608786191628	6.3131058916959
3.72337432709359	2.4669632392057	4.40257016985462	6.34243039448225
3.72999390909433	2.4783094245767	4.4129904030708	6.34940961761268
3.73661349109508	2.47809570828268	4.41565823021624	6.37210960418609
3.74323307309583	2.49089310205485	4.42835934536168	6.39528479190572
3.74985265509658	2.49269064356304	4.43405472178039	6.38869541337789
3.75647223709732	2.49779821244664	4.44868350595915	6.40623814205452
3.76309181909807	2.50033726937244	4.44987402943898	6.41079509445763
3.76971140109882	2.50366587640378	4.45654180818149	6.42319615717542
3.77633098309956	2.50093685390592	4.46286902982022	6.43154097393696
3.78295056510031	2.51738239431483	4.4768215915663	6.4474018584499
3.78957014710106	2.52234126417581	4.47895414988261	6.45110292411894
3.79618972910181	2.51441990806995	4.49381073463177	6.4628553636733
3.80280931110255	2.52001291587796	4.50527007673071	6.47276196084141
3.8094288931033	2.51843708231092	4.50563083132285	6.48049805915452
3.81604847510405	2.5306299080317	4.50729907992483	6.49892663942325
3.82266805710479	2.53643932814029	4.52541625680291	6.50533009810211
3.82928763910554	2.55051033893377	4.52889843002086	6.51307333740176
3.83590722110629	2.53270958754938	4.53981044970507	6.53691943580121
3.84252680310703	2.56099779429092	4.54339615436496	6.52228421698101
3.84914638510778	2.56015155365131	4.55301709806804	6.55337676960851
3.85576596710853	2.56609216028865	4.56041117144813	6.57185772210755
3.86238554910928	2.57141527316418	4.57075880028579	6.5758590275907
3.86900513111002	2.57932664766303	4.57759561017293	6.58108576280002
3.87562471311077	2.58756096609177	4.58082347834957	6.58632822874605
3.88224429511152	2.57325375344743	4.59245213440273	6.61520833568833
3.88886387711226	2.59700338784269	4.60499393568465	6.62347834327937
3.89548345911301	2.57943504009041	4.60877172171596	6.62889763681142
3.90210304111376	2.60700959370376	4.61660819784983	6.6341516551266
3.90872262311451	2.60348950251001	4.62451229280175	6.63486417585229
3.91534220511525	2.60006707885499	4.63351359790369	6.66510577220991
3.921961787116	2.61308843011368	4.64469436231058	6.68045551989785
3.92858136911675	2.6108024866516	4.64541800606497	6.67747200618044
3.93520095111749	2.62501937664138	4.66109241240001	6.69453449361401
3.94182053311824	2.63001974505455	4.66637191068704	6.70684773192626
3.94844011511899	2.6292194698049	4.67531361307248	6.71938673436648
3.95505969711974	2.63243240274778	4.67901078293871	6.73347521075638
3.96167927912048	2.63100909629079	4.68352023499566	6.75408235885183
3.96829886112123	2.64365344722107	4.69397645645389	6.73344776568581
3.97491844312198	2.65415858182473	4.69950948250533	6.75781442233745
3.98153802512272	2.64838491345294	4.71073551677361	6.77396552802191
3.98815760712347	2.66980368019242	4.71913599675023	6.7881158107598
3.99477718912422	2.66906060596134	4.72757605923263	6.8014562925545
4.00139677112497	2.65019537624806	4.74202825067365	6.80397533659728
4.00801635312571	2.66715380756287	4.74564125439202	6.81231039767893
4.01463593512646	2.66507072031721	4.75196565608621	6.83258975176069
4.02125551712721	2.68080194556871	4.75994513585056	6.83002724025393
4.02787509912795	2.69053362927796	4.77092047429424	6.84728776274035
4.0344946811287	2.69130413203542	4.77807769267603	6.85748039907475
4.04111426312945	2.69865582181652	4.78625587470329	6.86634591911034
4.0477338451302	2.69573903977767	4.78739567682313	6.88867301373352
4.05435342713094	2.72021865917448	4.79585761264455	6.89497352912459
4.06097300913169	2.71487916921376	4.80972810974761	6.89132460699856
4.06759259113244	2.72180019589543	4.81385264509367	6.9067299634766
4.07421217313318	2.72807702505436	4.82565319152781	6.91644665962083
4.08083175513393	2.72960473601232	4.83332562052717	6.93163728408957
4.08745133713468	2.72986700468302	4.83766763191215	6.94636033395015
4.09407091913543	2.73917017573288	4.85240725597548	6.96394723274885
4.10069050113617	2.74912749469473	4.85624391804804	6.97152686168724
4.10731008313692	2.74530665766849	4.85809719155365	6.9865216612465
4.11392966513767	2.75781567224916	4.87189477285484	7.00063823002442
4.12054924713841	2.75656924262686	4.88339921407767	6.99487864744025
4.12716882913916	2.7589828626947	4.89424118100682	7.01802689795056
4.13378841113991	2.77664898676434	4.90067634959792	7.0207778970652
4.14040799314066	2.76977188946624	4.90280476387458	7.0343282619928
4.1470275751414	2.77326227935554	4.91323501574747	7.04267196662355
4.15364715714215	2.78535657978848	4.92087623998795	7.05918501459184
4.1602667391429	2.78654104434636	4.92239326694255	7.06390854795434
4.16688632114364	2.80013409377457	4.9316139842038	7.09696578720571
4.17350590314439	2.7702886226529	4.9468710722299	7.10266398954086
4.18012548514514	2.79849078229005	4.9426394157315	7.11617272846001
4.18674506714589	2.79759114965718	4.95811923378973	7.1059200660644
4.19336464914663	2.81308559747003	4.97122112588916	7.13165076613068
4.19998423114738	2.80749899695516	4.97131102041979	7.12961497489
4.20660381314813	2.80005724414295	4.98087040821093	7.14689619432302
4.21322339514887	2.82297134914409	4.99069870995309	7.16337368553805
4.21984297714962	2.84302725424662	4.99826392797923	7.16737853847043
4.22646255915037	2.83566389208512	5.00725304816674	7.1810779103127
4.23308214115112	2.8569464853396	5.01453712072146	7.19185752694506
4.23970172315186	2.83650919505216	5.02430286423266	7.19753728300599
4.24632130515261	2.8386364510594	5.0325137947509	7.21468755204581
4.25294088715336	2.85353968184772	5.04095547074977	7.22433243735864
4.2595604691541	2.85357893213245	5.04364422220017	7.23473863149224
4.26618005115485	2.85441877560593	5.05679806599992	7.24848419517045
4.2727996331556	2.86874623220644	5.0623802959134	7.24560643103423
4.27941921515634	2.86942244788115	5.06776266164466	7.26321616978227
4.28603879715709	2.87130995217594	5.08068720936728	7.28387929229975
4.29265837915784	2.87590885730651	5.08945840108207	7.28546401499568
4.29927796115859	2.8843772051457	5.09303402556321	7.30962059025092
4.30589754315933	2.88199570067054	5.10366819018311	7.30880735451733
4.31251712516008	2.89415339026586	5.10728204041478	7.31830852464541
4.31913670716083	2.90608719716029	5.11605869881647	7.34160289498539
4.32575628916157	2.91762373927695	5.12624240339369	7.34218414186973
4.33237587116232	2.9120769744982	5.13387715260433	7.35639006426628
4.33899545316307	2.91118152341286	5.13597506371868	7.38027383835597
4.34561503516382	2.91649943133137	5.15333356432557	7.38581945664592
4.35223461716456	2.9289561658144	5.16215700066923	7.38902977020365
4.35885419916531	2.93163031627869	5.17143068212462	7.40588996122904
4.36547378116606	2.92114087530451	5.17012989840725	7.41640104462881
4.3720933631668	2.93183427882525	5.18140171473226	7.42957038902147
4.37871294516755	2.93533251351527	5.18486437725145	7.4149976999028
4.3853325271683	2.95087925473817	5.2011157975802	7.45570814014619
4.39195210916905	2.95067443205472	5.2070549986811	7.45566215811137
4.39857169116979	2.96789389485621	5.21196520188994	7.46972862838212
4.40519127317054	2.96313825225487	5.22385605056885	7.4695743947492
4.41181085517129	2.95623587818715	5.23367918734963	7.49411631254307
4.41843043717203	2.97563595411104	5.24106040549983	7.50090018424739
4.42505001917278	2.98487919682821	5.24625043818673	7.51287766572572
4.43166960117353	2.9755622681804	5.25274995071846	7.51795512033473
4.43828918317428	2.98958368516546	5.26022323849018	7.53746642126003
4.44490876517502	2.99001350689019	5.26609948930683	7.54831017286672
4.45152834717577	3.01583812666229	5.27486194640229	7.56344369078618
4.45814792917652	2.99930110534343	5.28913180739896	7.56690744906181
4.46476751117726	3.01359410196085	5.29304439604923	7.5797740420135
4.47138709317801	3.0078746505612	5.29244368502985	7.5970065288019
4.47800667517876	3.02336749519947	5.30532585183547	7.6053316460882
4.4846262571795	3.00380851593752	5.31463086048964	7.60459153477969
4.49124583918025	3.02875638545427	5.32199883438576	7.61259725029248
4.497865421181	3.02072932470573	5.33075712568539	7.62861318746937
4.50448500318175	3.01581878531781	5.34139676405328	7.64243604566511
4.51110458518249	3.03491722367195	5.34594506586413	7.65420101581212
4.51772416718324	3.03010275754173	5.36013131948383	7.6751980937462
4.52434374918399	3.04066458146524	5.36634804226585	7.68176896775011
4.53096333118473	3.04213110282612	5.37574229732621	7.68208097976376
4.53758291318548	3.06873935304019	5.37615198175665	7.70144171456984
4.54420249518623	3.04973166418799	5.39128314261388	7.70269766596445
4.55082207718698	3.07713124541908	5.39806967189821	7.72472764980639
4.55744165918772	3.07836324733781	5.39413421296863	7.72387956535514
4.56406124118847	3.06938261527018	5.40856249993107	7.74340623507215
4.57068082318922	3.09115001057369	5.42346000813172	7.75184822031474
4.57730040518996	3.08828623510764	5.42592272541897	7.76397535632908
4.58391998719071	3.09069506270265	5.43280903880574	7.78168654644937
4.59053956919146	3.10760863835054	5.44617074765687	7.79291666439462
4.5971591511922	3.09418918408872	5.44826081293524	7.80513965196009
4.60377873319295	3.10496468230651	5.45905576910207	7.81664037271002
4.6103983151937	3.11724160684957	5.47143329124638	7.81363884428171
4.61701789719445	3.11782683463049	5.47817947491503	7.83246629376357
4.62363747919519	3.10910512788799	5.48772112642857	7.86313119019352
4.63025706119594	3.11493399261816	5.4918194940692	7.85497791887671
4.63687664319669	3.12457622615495	5.50953480257677	7.85412184135059
4.64349622519743	3.14855193519188	5.51076458113069	7.8818021080383
4.65011580719818	3.14700348826436	5.51706588204291	7.89775431348229
4.65673538919893	3.13663069035592	5.52521758718128	7.90488278479245
4.66335497119968	3.14193202969981	5.52649550808081	7.91981940629901
4.66997455320042	3.1348235111122	5.54134894060921	7.92623090300269
4.67659413520117	3.15409113760278	5.54849795617771	7.93793704151502
4.68321371720192	3.15894403294091	5.55442621779077	7.94028631815171
4.68983329920266	3.18083717352673	5.55986377450319	7.94734250758734
4.69645288120341	3.1747968875743	5.57155652117217	7.96115244777389
4.70307246320416	3.16664718762156	5.57245747262936	7.97602888478438
4.70969204520491	3.19354692398153	5.59076076864304	7.9866690763564
