"mitochan"	"lwrNorm"	"medNorm"	"uprNorm"
-1.90327037354145	-4.83781076180001	-3.68040937913581	-2.52078248114317
-1.89755293934577	-4.80586468384764	-3.66554628861497	-2.51353274836261
-1.8918355051501	-4.7929803006065	-3.65840486611637	-2.5010073480098
-1.88611807095443	-4.7944444208383	-3.6402791389442	-2.48018030117226
-1.88040063675875	-4.78235755084875	-3.62798382590007	-2.46824219873845
-1.87468320256308	-4.75704815927951	-3.62058726091239	-2.46066323619852
-1.8689657683674	-4.72949601565098	-3.60539589904056	-2.4640429229544
-1.86324833417173	-4.7282118148249	-3.59771973675812	-2.45151101810311
-1.85753089997605	-4.71943249527806	-3.59255271627472	-2.43531506819653
-1.85181346578038	-4.71319799805918	-3.57739791718115	-2.43552918555776
-1.8460960315847	-4.68692608892957	-3.56115420201191	-2.41867442180092
-1.84037859738903	-4.68005372269198	-3.55088371199868	-2.41518614013121
-1.83466116319335	-4.66800541672146	-3.53889348459615	-2.41846018488952
-1.82894372899768	-4.66555278282031	-3.52849658567393	-2.39662362487491
-1.82322629480201	-4.63984161840867	-3.51614587943623	-2.3917585405736
-1.81750886060633	-4.61026877799	-3.4993805046131	-2.38652341508069
-1.81179142641066	-4.62487146557033	-3.49448993331769	-2.38092346655154
-1.80607399221498	-4.60202783677831	-3.480394060278	-2.36369840583762
-1.80035655801931	-4.58466703706786	-3.46878901072392	-2.34653300139314
-1.79463912382363	-4.57799862139595	-3.46329477540807	-2.34058876584452
-1.78892168962796	-4.55307552419115	-3.4480965353089	-2.34051133063125
-1.78320425543228	-4.53760391996696	-3.43502066135594	-2.31867282245684
-1.77748682123661	-4.52575492226166	-3.42685592822393	-2.33328802476884
-1.77176938704093	-4.51911568527135	-3.40932051779854	-2.30589897788296
-1.76605195284526	-4.50786527754341	-3.40054096962757	-2.30444962152939
-1.76033451864959	-4.49152182379018	-3.39132450911921	-2.28725474542819
-1.75461708445391	-4.48102000206552	-3.38013842461046	-2.2740216451274
-1.74889965025824	-4.46225118805686	-3.36948834420447	-2.27239290574296
-1.74318221606256	-4.44435175788705	-3.35473901645373	-2.24778088297333
-1.73746478186689	-4.43970700145145	-3.34776821276161	-2.24859658920385
-1.73174734767121	-4.41810113026432	-3.33519639058806	-2.25091304103554
-1.72602991347554	-4.39847623157216	-3.31935826668403	-2.23138717242298
-1.72031247927986	-4.39006044529286	-3.31028917630994	-2.21752134252768
-1.71459504508419	-4.3871642479661	-3.29922579023439	-2.2216613628662
-1.70887761088851	-4.36153148428543	-3.28740000594994	-2.19506316404128
-1.70316017669284	-4.35055305600593	-3.27510904860356	-2.19968964851981
-1.69744274249717	-4.33347223805626	-3.26786237171386	-2.18748510507975
-1.69172530830149	-4.32376621864675	-3.24888289037914	-2.18100976872117
-1.68600787410582	-4.3072519337178	-3.23796599608306	-2.16801345377506
-1.68029043991014	-4.290009668111	-3.2291556479991	-2.15646247204946
-1.67457300571447	-4.27547880648976	-3.21956108471826	-2.14515949240709
-1.66885557151879	-4.26969521192251	-3.20568179620485	-2.14414823707827
-1.66313813732312	-4.25365644839196	-3.19542513239191	-2.1231311481138
-1.65742070312744	-4.25488555414446	-3.18633452163794	-2.12443102762927
-1.65170326893177	-4.24619758003309	-3.17423893293974	-2.11354386486201
-1.64598583473609	-4.2145689878127	-3.16117273153014	-2.10298778828956
-1.64026840054042	-4.20223706221918	-3.14589416247853	-2.09026901285408
-1.63455096634475	-4.19175850708411	-3.13803875606802	-2.09088373958467
-1.62883353214907	-4.1616207499901	-3.12367122767818	-2.0863280092603
-1.6231160979534	-4.15516968449787	-3.11138537892948	-2.07857275932174
-1.61739866375772	-4.13950398276688	-3.09972267279313	-2.05242795209948
-1.61168122956205	-4.13841668592414	-3.09421673833703	-2.0516456526674
-1.60596379536637	-4.12236616627007	-3.08069738985313	-2.03674657604238
-1.6002463611707	-4.09949891268865	-3.07150605343218	-2.03203801572743
-1.59452892697502	-4.09489580875551	-3.05590698182635	-2.01584413280545
-1.58881149277935	-4.06825937698822	-3.04808181748833	-2.00806857186467
-1.58309405858367	-4.05197402389663	-3.03178610480591	-1.99177656580162
-1.577376624388	-4.04677684361738	-3.02092868051628	-1.98563443306944
-1.57165919019233	-4.04073230115676	-3.01237985402931	-1.98474645668404
-1.56594175599665	-4.01911977762131	-2.99697370488787	-1.96620981514477
-1.56022432180098	-4.01201183859503	-2.99410253567215	-1.96862837758878
-1.5545068876053	-3.9986050502338	-2.97612068688918	-1.96248298045901
-1.54878945340963	-3.98725427967954	-2.96461417481701	-1.95053077900199
-1.54307201921395	-3.95711087927401	-2.95726635499284	-1.943850859313
-1.53735458501828	-3.96109191896307	-2.94465557865242	-1.92837359687346
-1.5316371508226	-3.93661883671341	-2.92981573680721	-1.92456787997727
-1.52591971662693	-3.92638155714778	-2.9220471743057	-1.90053090640428
-1.52020228243125	-3.91785996472013	-2.91101296970247	-1.89093288177478
-1.51448484823558	-3.89106154368554	-2.90085584945678	-1.89147048346676
-1.50876741403991	-3.90445632272706	-2.88756861372395	-1.87855824106635
-1.50304997984423	-3.86571477626445	-2.87601914521008	-1.86750566976308
-1.49733254564856	-3.85478399678829	-2.86012822043655	-1.86284280264858
-1.49161511145288	-3.84285426501485	-2.84683913611566	-1.84340480658905
-1.48589767725721	-3.82393979707216	-2.8422728870787	-1.84686162786529
-1.48018024306153	-3.81111650333664	-2.82644419975724	-1.84681545085561
-1.47446280886586	-3.80484903656787	-2.81742484047831	-1.81349456678828
-1.46874537467018	-3.79483615365543	-2.8027323214114	-1.81984437708147
-1.46302794047451	-3.78371120416429	-2.79199568594133	-1.79299040427455
-1.45731050627883	-3.77140334276344	-2.78508025297218	-1.78897948168272
-1.45159307208316	-3.75403597830078	-2.77613992082106	-1.78069113039722
-1.44587563788749	-3.7531242540241	-2.76370931868626	-1.78705054247567
-1.44015820369181	-3.71481719637257	-2.75263688718523	-1.77061978352732
-1.43444076949614	-3.70269882745255	-2.73618669085597	-1.75563063488306
-1.42872333530046	-3.69504737792787	-2.72549189887629	-1.76289404843153
-1.42300590110479	-3.67742517565032	-2.71132553886316	-1.73737918203797
-1.41728846690911	-3.66709204713047	-2.7033806999382	-1.72334994628578
-1.41157103271344	-3.65405051612317	-2.68933026637874	-1.72982206988373
-1.40585359851776	-3.64534777089375	-2.67871575258842	-1.71377542631038
-1.40013616432209	-3.6312777909066	-2.66308299237724	-1.70334912360482
-1.39441873012641	-3.61305849821719	-2.65659678791783	-1.69754825551709
-1.38870129593074	-3.59900126550709	-2.64283661471471	-1.69028211424684
-1.38298386173507	-3.57420718272776	-2.63715440438257	-1.67671731130416
-1.37726642753939	-3.5616632583177	-2.62365719692118	-1.66262402801261
-1.37154899334372	-3.55326417446679	-2.60948851013785	-1.66473580419656
-1.36583155914804	-3.55038411002306	-2.59870926568957	-1.65231901252686
-1.36011412495237	-3.53267444560366	-2.58549204149057	-1.62647642850081
-1.35439669075669	-3.5243409880431	-2.57616274058833	-1.62531749527382
-1.34867925656102	-3.51465492517948	-2.56396572512048	-1.62565494295393
-1.34296182236534	-3.49533134399851	-2.54970391634952	-1.60945580361123
-1.33724438816967	-3.47739063276907	-2.54449819075614	-1.59355451836241
-1.33152695397399	-3.46359708965675	-2.53103227532854	-1.58456330487693
-1.32580951977832	-3.44950303500377	-2.52094962640282	-1.58099543736369
-1.32009208558265	-3.43861797241577	-2.50644794663327	-1.56974773260228
-1.31437465138697	-3.41590814011634	-2.49823211028714	-1.57256312942291
-1.3086572171913	-3.41813543545157	-2.47903118518315	-1.54891585993201
-1.30293978299562	-3.40547843118402	-2.47193846606282	-1.54271168552957
-1.29722234879995	-3.38621121887881	-2.46358088571065	-1.52712333801885
-1.29150491460427	-3.3703804200776	-2.44916486715258	-1.51528626912798
-1.2857874804086	-3.35309737583407	-2.44096653001528	-1.51469328136787
-1.28007004621292	-3.33824227700945	-2.42816436864871	-1.50616354713214
-1.27435261201725	-3.33373103928618	-2.41708178391172	-1.48034645392149
-1.26863517782157	-3.32155153131362	-2.40681520611034	-1.48691678336986
-1.2629177436259	-3.30962880811387	-2.38871298792539	-1.46914333693254
-1.25720030943023	-3.29199822710686	-2.38250040563577	-1.45774589692881
-1.25148287523455	-3.27754664557087	-2.37350059421419	-1.45733342041274
-1.24576544103888	-3.25829658919699	-2.35793769629957	-1.43827320756588
-1.2400480068432	-3.24443649798979	-2.34564364070872	-1.42699378606495
-1.23433057264753	-3.23922430176595	-2.33809697905945	-1.42443260486298
-1.22861313845185	-3.22195337581489	-2.32177833121958	-1.42347461522653
-1.22289570425618	-3.20768765315715	-2.31104617974992	-1.39991276924755
-1.2171782700605	-3.1999395625966	-2.30132341944877	-1.39277324145346
-1.21146083586483	-3.18714514065552	-2.29155654113386	-1.39715417194014
-1.20574340166915	-3.15819350154723	-2.27661147535042	-1.38877202505208
-1.20002596747348	-3.15495095942839	-2.26970014199481	-1.37271632193702
-1.19430853327781	-3.14357756010634	-2.25431484131945	-1.35547914672749
-1.18859109908213	-3.12241794741934	-2.24361599584554	-1.3494400406188
-1.18287366488646	-3.11693619083161	-2.23004290639262	-1.33469288844799
-1.17715623069078	-3.10315474054494	-2.21967488367094	-1.33129433831196
-1.17143879649511	-3.08171150417096	-2.21095471343908	-1.32231942748985
-1.16572136229943	-3.06670001828999	-2.1979134291854	-1.31308041718422
-1.16000392810376	-3.06531974886598	-2.18325277690111	-1.29991326573666
-1.15428649390808	-3.0518716546675	-2.17566497894603	-1.29011893054917
-1.14856905971241	-3.04100920247161	-2.16267895794165	-1.28352092285651
-1.14285162551673	-3.0251304505991	-2.15006338071847	-1.26003916451637
-1.13713419132106	-3.01833335216998	-2.14448117982798	-1.25699074243741
-1.13141675712539	-2.9982725433561	-2.12901673997215	-1.25064831441984
-1.12569932292971	-2.99710848425961	-2.11438010035603	-1.24781643980922
-1.11998188873404	-2.96977406153211	-2.1054396860101	-1.23470174742689
-1.11426445453836	-2.95583849114735	-2.09299769027124	-1.22114583444423
-1.10854702034269	-2.93409406627222	-2.08191081204506	-1.22739918599251
-1.10282958614701	-2.92464018834829	-2.07064122605972	-1.20601690599328
-1.09711215195134	-2.92324783234698	-2.05866655644007	-1.19131541874802
-1.09139471775566	-2.89082225543451	-2.04971447630377	-1.1964094580399
-1.08567728355999	-2.88751560962913	-2.03700233418078	-1.17553354605329
-1.07995984936431	-2.87117975361137	-2.02677235635971	-1.1599899557363
-1.07424241516864	-2.86769707241211	-2.01398701439655	-1.15905641070867
-1.06852498097297	-2.85263441878803	-2.0028144706981	-1.14987152846126
-1.06280754677729	-2.83817774985737	-1.99111828199382	-1.13092318678975
-1.05709011258162	-2.82355165635173	-1.97722877946265	-1.12678044377834
-1.05137267838594	-2.81736831601344	-1.96552127278276	-1.11526615861803
-1.04565524419027	-2.79887671002522	-1.95518360391551	-1.11461079052265
-1.03993780999459	-2.78430213279993	-1.94537084064703	-1.09931105426484
-1.03422037579892	-2.76566258984568	-1.93196384044725	-1.0925091831537
-1.02850294160324	-2.76553383223064	-1.92377004914448	-1.07870043049228
-1.02278550740757	-2.74104189868964	-1.90542098618479	-1.07827809835008
-1.01706807321189	-2.7282843309089	-1.89952253728616	-1.05797547098954
-1.01135063901622	-2.72708219242148	-1.88765460691506	-1.05764796182192
-1.00563320482055	-2.69608713216802	-1.87528245894426	-1.03603401974086
-0.999915770624871	-2.69834821156856	-1.86551905288393	-1.03865447144619
-0.994198336429197	-2.67249700844111	-1.85560208416005	-1.02784928552659
-0.988480902233522	-2.6601021789094	-1.84025008929674	-1.01079735371649
-0.982763468037848	-2.65707800244928	-1.83230095976198	-1.00013040735697
-0.977046033842173	-2.64146167008537	-1.81629939226311	-0.985482141840246
-0.971328599646498	-2.62542867352854	-1.80610415597408	-0.978626554106451
-0.965611165450824	-2.61099080768675	-1.79506894629378	-0.97300942277668
-0.959893731255149	-2.6023470412597	-1.78461455913194	-0.968809653129514
-0.954176297059475	-2.57595710912541	-1.77128621706503	-0.946872900387221
-0.9484588628638	-2.57509177264176	-1.761792056466	-0.936040587308197
-0.942741428668126	-2.55906371049849	-1.75245986137368	-0.928156577486706
-0.937023994472451	-2.54618848360958	-1.73486772490462	-0.920783253540471
-0.931306560276777	-2.53194695979292	-1.72828750329497	-0.912926370453741
-0.925589126081102	-2.52282902321309	-1.71079408032798	-0.901033426249346
-0.919871691885428	-2.51799372917402	-1.70772678542093	-0.887736163179836
-0.914154257689753	-2.49981389798097	-1.69416840378893	-0.884476731015257
-0.908436823494078	-2.46865956142924	-1.68209280464171	-0.880790300290505
-0.902719389298404	-2.46406546145812	-1.66814243313993	-0.861886208700699
-0.897001955102729	-2.45761894026158	-1.65438795105077	-0.860720395700696
-0.891284520907055	-2.44505252669169	-1.64636070408299	-0.845809276505725
-0.88556708671138	-2.42583310180421	-1.63271227197096	-0.842530286585102
-0.879849652515706	-2.41345609246447	-1.62044712790363	-0.816588859235958
-0.874132218320031	-2.39660739684773	-1.60946134994596	-0.814392381871276
-0.868414784124357	-2.38750650935226	-1.60078743547451	-0.801483588756239
-0.862697349928682	-2.37475377474223	-1.58741485580491	-0.805270396487653
-0.856979915733008	-2.35938593835555	-1.57758717936899	-0.790676329218845
-0.851262481537333	-2.34579093220248	-1.56391328511026	-0.768059001575234
-0.845545047341658	-2.33817682231527	-1.5581070216508	-0.754676237465753
-0.839827613145984	-2.32019857216431	-1.54428058027058	-0.748191432177483
-0.834110178950309	-2.31419828397528	-1.5325261270852	-0.748128043039145
-0.828392744754635	-2.29452290092032	-1.52264124303263	-0.734575549335613
-0.82267531055896	-2.27747289047271	-1.50671310083605	-0.731568546004389
-0.816957876363286	-2.26996811332972	-1.49909699298074	-0.712012316027929
-0.811240442167611	-2.25908422003709	-1.48327030995317	-0.696644736266687
-0.805523007971937	-2.24469222328132	-1.47290878682404	-0.687520370373895
-0.799805573776262	-2.22806578612169	-1.46651572154115	-0.677332506281563
-0.794088139580588	-2.21796048725027	-1.4501762048229	-0.680651206883645
-0.788370705384913	-2.20131194669352	-1.43878285765876	-0.670184043797229
-0.782653271189238	-2.19118335196995	-1.42366849101991	-0.654798000462418
-0.776935836993564	-2.18204655797511	-1.41613199158454	-0.645336228947881
-0.771218402797889	-2.16315367492086	-1.40726814749567	-0.629644407531737
-0.765500968602215	-2.15386790634808	-1.39187141026631	-0.626424497988575
-0.75978353440654	-2.14905525048966	-1.37819674889172	-0.61492270132704
-0.754066100210866	-2.12251493364459	-1.37121885120839	-0.600688923889263
-0.748348666015191	-2.13303744008188	-1.35757769577515	-0.591544323808102
-0.742631231819517	-2.10168481286473	-1.34521021741431	-0.584159765930827
-0.736913797623842	-2.09192767963866	-1.3376019054689	-0.566805518335711
-0.731196363428168	-2.07385102857546	-1.32895064540836	-0.564271657216131
-0.725478929232493	-2.06402279956408	-1.31259194540259	-0.556233880381802
-0.719761495036819	-2.04805363160923	-1.30218924485411	-0.539534181877675
-0.714044060841144	-2.04548573922621	-1.29153702876787	-0.532578982988371
-0.70832662664547	-2.02404807735222	-1.2780005099032	-0.526488805516506
-0.702609192449795	-2.01980745534695	-1.2622479626717	-0.515775743485893
-0.69689175825412	-2.00865136216469	-1.25506036540737	-0.512421100436029
-0.691174324058446	-1.99261887165081	-1.24151513018555	-0.494994012232383
-0.685456889862771	-1.97849947751237	-1.23317952417681	-0.480937547781897
-0.679739455667097	-1.96065559630508	-1.22228221010042	-0.46893306515855
-0.674022021471422	-1.94671159248412	-1.20631553536262	-0.473673904316798
-0.668304587275748	-1.93261464867952	-1.19796007181892	-0.450208862001369
-0.662587153080073	-1.92445863249996	-1.1842357275643	-0.440699973065144
-0.656869718884399	-1.91063414902874	-1.1750860080565	-0.416004806370766
-0.651152284688724	-1.90207915141535	-1.16291415426319	-0.420997049296196
-0.645434850493049	-1.88017642732274	-1.15245141539304	-0.401872138495564
-0.639717416297375	-1.88129231307276	-1.14284458045272	-0.403940183826895
-0.6339999821017	-1.85495651732742	-1.12765002991282	-0.396384482884674
-0.628282547906026	-1.84708308241743	-1.11929460283398	-0.386315098987126
-0.622565113710351	-1.82970226310156	-1.1062180218969	-0.376973826087323
-0.616847679514677	-1.819805562978	-1.0917593890613	-0.357019668859164
-0.611130245319002	-1.8017746146928	-1.08431892555475	-0.349358236178507
-0.605412811123328	-1.78785516255963	-1.07033943424192	-0.337442607105373
-0.599695376927653	-1.78447678704811	-1.05973906511207	-0.329991119495384
-0.593977942731978	-1.77184354218964	-1.04831568944977	-0.317136460158591
-0.588260508536304	-1.75700826786666	-1.03804667774831	-0.300835474699409
-0.582543074340629	-1.73694369885278	-1.02742178508395	-0.298494788512865
-0.576825640144955	-1.73626097614994	-1.01833457452104	-0.294183921108018
-0.57110820594928	-1.72217644970176	-1.00401085261447	-0.281332210945215
-0.565390771753606	-1.69847391408977	-0.991803520128068	-0.266001007208374
-0.559673337557931	-1.70271618774288	-0.982807095533984	-0.260154246979421
-0.553955903362257	-1.68594507616322	-0.971080061624707	-0.249503218963536
-0.548238469166582	-1.67092407828318	-0.959721789753687	-0.24287288627828
-0.542521034970908	-1.65036356820955	-0.948106937067474	-0.228942711733334
-0.536803600775233	-1.65279553916334	-0.936002636719383	-0.21354528094645
-0.531086166579559	-1.6379937589958	-0.922643123235943	-0.205032575957881
-0.525368732383884	-1.61761568355406	-0.912816865360808	-0.190824758602077
-0.51965129818821	-1.6105679047438	-0.902408319873014	-0.18137998261452
-0.513933863992535	-1.60332714731184	-0.890333237681315	-0.173503571266871
-0.50821642979686	-1.58138612323619	-0.875702073656442	-0.170652279557781
-0.502498995601186	-1.5717969966991	-0.86600742528697	-0.143989539800638
-0.496781561405511	-1.5644062936318	-0.853470419766875	-0.137465054036968
-0.491064127209837	-1.54768008775775	-0.840888737405162	-0.135882143040346
-0.485346693014162	-1.53571875858235	-0.833452544378993	-0.120647917930551
-0.479629258818488	-1.53438400980304	-0.819613188569444	-0.115406732516845
-0.473911824622813	-1.50963810787554	-0.806527231398461	-0.099598617110051
-0.468194390427139	-1.49487340576784	-0.799087821586543	-0.0924597403569363
-0.462476956231464	-1.48015062344957	-0.783734638132142	-0.0785490540949062
-0.45675952203579	-1.46215154909255	-0.774460183345944	-0.0688850093492246
-0.451042087840115	-1.46561311652727	-0.761411916065542	-0.0566342346454256
-0.44532465364444	-1.45927844223172	-0.753054289260395	-0.0555102243656848
-0.439607219448766	-1.42674188485179	-0.739797158227139	-0.0335968038094875
-0.433889785253091	-1.4177892355237	-0.730795299645534	-0.037347615596713
-0.428172351057417	-1.40610451199308	-0.7151301459749	-0.0137409318416746
-0.422454916861742	-1.4052540362032	-0.704957556638372	0.000508606313764599
-0.416737482666068	-1.38872708824388	-0.695522010142031	0.00384699550535655
-0.411020048470393	-1.36396320149643	-0.681673007786145	0.0119169521843011
-0.405302614274719	-1.36182536786411	-0.67096779103812	0.0277144428145709
-0.399585180079044	-1.34080899383129	-0.657218020873823	0.0338266114841146
-0.393867745883369	-1.3424309009735	-0.645381923713097	0.0632175779810311
-0.388150311687695	-1.3215179764209	-0.636964840321972	0.0521129270836
-0.38243287749202	-1.31015439862995	-0.624148675843085	0.0624590673486101
-0.376715443296346	-1.30185981336028	-0.606080435166923	0.0860232100977677
-0.370998009100671	-1.2892487897375	-0.599179348294319	0.0920330926335734
-0.365280574904997	-1.2727790059857	-0.593891295045745	0.109190082782729
-0.359563140709322	-1.26968748091802	-0.576268628617633	0.108265362817887
-0.353845706513648	-1.24352630749959	-0.565400018232023	0.11912197336603
-0.348128272317973	-1.24566959467693	-0.553981795610251	0.134760804256941
-0.342410838122299	-1.23026128633557	-0.541820665443251	0.141340799641882
-0.336693403926624	-1.20919985580056	-0.530932278529677	0.153636369382889
-0.33097596973095	-1.19457170536687	-0.520971285598878	0.169157938846647
-0.325258535535275	-1.18350709578655	-0.50810078864174	0.180110950426172
-0.319541101339601	-1.17648641646056	-0.496197088894714	0.196219573735662
-0.313823667143926	-1.15689074137802	-0.487554323048269	0.202614001228629
-0.308106232948251	-1.15402701386386	-0.474966334331689	0.203431298577836
-0.302388798752577	-1.13429959248196	-0.464332292949724	0.220067762713251
-0.296671364556902	-1.12185865448646	-0.449732345136843	0.229148472405547
-0.290953930361228	-1.12491103100358	-0.441520728592254	0.230509961294091
-0.285236496165553	-1.1026330409453	-0.426919166946385	0.253897921059322
-0.279519061969879	-1.093025395589	-0.416277994888033	0.266083622588038
-0.273801627774204	-1.08998604326954	-0.405312561072884	0.275485724634295
-0.26808419357853	-1.06555103319817	-0.393733832293791	0.283330827024023
-0.262366759382855	-1.06163735225242	-0.384677429432229	0.296733186135484
-0.256649325187181	-1.04414827959651	-0.372133166706951	0.314425021173965
-0.250931890991506	-1.0271630114938	-0.358670463988898	0.320894072792574
-0.245214456795831	-1.01601928454358	-0.345347556041077	0.33363101043791
-0.239497022600157	-1.01231180221414	-0.332284261428201	0.349324927021324
-0.233779588404482	-0.989799707472155	-0.326000076573097	0.355215256341888
-0.228062154208808	-0.979888026145135	-0.314831509564559	0.360332102705883
-0.222344720013133	-0.97855894784072	-0.298059972065813	0.382342479016114
-0.216627285817459	-0.958581576225645	-0.289892153149815	0.385996202945358
-0.210909851621784	-0.949201870148717	-0.283756347666109	0.399043763068823
-0.20519241742611	-0.93427654143307	-0.265677453509615	0.407894784941058
-0.199474983230435	-0.927036979268519	-0.256351590167277	0.419028769770348
-0.193757549034761	-0.918002465428248	-0.244193202797322	0.42812295233915
-0.188040114839086	-0.897785419636732	-0.233598281682546	0.432189455120713
-0.182322680643412	-0.893770755906297	-0.223788924492826	0.447757955935089
-0.176605246447737	-0.879720009091483	-0.211052032476284	0.464983858639698
-0.170887812252062	-0.871451840976338	-0.199371463360773	0.477572567351267
-0.165170378056388	-0.857564009908194	-0.190163101651355	0.492727981646871
-0.159452943860713	-0.83809579533546	-0.17754173529367	0.495389080386471
-0.153735509665039	-0.824557454704609	-0.164282426963936	0.504753046714374
-0.148018075469364	-0.823650486895366	-0.152609609951241	0.516235036241672
-0.14230064127369	-0.80935565155852	-0.143064794474931	0.536427655200395
-0.136583207078015	-0.799990474698501	-0.129660844848996	0.539320225035477
-0.130865772882341	-0.779878767869604	-0.116175858334954	0.546989208469088
-0.125148338686666	-0.773108899860926	-0.105780499399824	0.564976317941756
-0.119430904490992	-0.755858800344855	-0.0950567634482655	0.56787270113953
-0.113713470295317	-0.750985620026466	-0.0842464960837846	0.582843772684544
-0.107996036099642	-0.744209596115407	-0.0704526305884712	0.592029578028509
-0.102278601903968	-0.71771365371272	-0.0649154951392202	0.601263361832378
-0.0965611677082934	-0.71319033072852	-0.0528719869372086	0.618823355563502
-0.0908437335126189	-0.69263515286422	-0.0409567556192058	0.637262279969594
-0.0851262993169442	-0.683415360902418	-0.0277120577383067	0.638041672998573
-0.0794088651212697	-0.67369191422171	-0.0151389681362854	0.644381056522097
-0.0736914309255952	-0.668880627120208	-0.00170061386297058	0.658590478919582
-0.0679739967299207	-0.654935544030869	0.00781007494680298	0.674392258817583
-0.0622565625342462	-0.630428236377409	0.0183932436696262	0.686080191681781
-0.0565391283385714	-0.635039410322185	0.0304568823539156	0.691511482931431
-0.0508216941428969	-0.61126051396824	0.0413243255572204	0.703269460819402
-0.0451042599472224	-0.609457273878401	0.0540109521439918	0.712942201013284
-0.0393868257515479	-0.594514628553751	0.0645443015648491	0.721953712872835
-0.0336693915558735	-0.5778160232872	0.0793528674666682	0.738729460456312
-0.0279519573601987	-0.574451045552405	0.091189382606798	0.755073533886841
-0.0222345231645242	-0.562168304466477	0.098357556325531	0.757593541303173
-0.0165170889688497	-0.550622281160167	0.111427817727418	0.77382705370951
-0.0107996547731752	-0.541120334595811	0.120029748950337	0.789854310743647
-0.00508222057750074	-0.52334671886868	0.13626477777298	0.798763463971061
0.00063521361817398	-0.514476449682526	0.142392860313044	0.806750701769519
0.00635264781384848	-0.508769249399001	0.155841018045871	0.815816287891071
0.012070082009523	-0.496313083276419	0.168716077638335	0.834450358880184
0.0177875162051975	-0.476348201978816	0.179881824826133	0.832044381699737
0.023504950400872	-0.46659049253613	0.191261813886343	0.856194866205813
0.0292223845965467	-0.448583688236074	0.204877287878266	0.870691486025092
0.0349398187922212	-0.45065324519344	0.213318339857487	0.885012110746359
0.0406572529878957	-0.428238711497919	0.22319017964647	0.888188490882246
0.0463746871835702	-0.425652913413747	0.237676832433011	0.901370551644927
0.0520921213792447	-0.412820187934383	0.252252177350265	0.915758791260206
0.0578095555749194	-0.402046043427686	0.258282457579491	0.926570204722657
0.0635269897705939	-0.386101251619734	0.269934882784845	0.94435813313284
0.0692444239662684	-0.383784906383305	0.283001896719005	0.954258367405587
0.0749618581619429	-0.359224718989086	0.295746550840654	0.958924726957037
0.0806792923576174	-0.358935966764429	0.307334775129996	0.959752742226786
0.0863967265532921	-0.339437434892501	0.319985945365831	0.972276961457586
0.0921141607489666	-0.339517881892711	0.331189521629901	0.996927441962641
0.0978315949446413	-0.316419753966133	0.34282243251016	1.00531898063453
0.103549029140316	-0.311262366969156	0.352397942717966	1.01650293039624
0.10926646333599	-0.297412157345116	0.36487947722939	1.0289724188297
0.114983897531665	-0.280918483340459	0.372125976923042	1.04637845009594
0.120701331727339	-0.288975334990432	0.389897658477129	1.05200804925982
0.126418765923014	-0.261514878136625	0.397307799439514	1.06896231962827
0.132136200118688	-0.254572066123834	0.408753532570243	1.07537631658831
0.137853634314363	-0.249498038556121	0.421154552055177	1.0868506432241
0.143571068510037	-0.235094203924292	0.432739739300865	1.10070944227517
0.149288502705712	-0.219318645150717	0.443164169624264	1.11198067640783
0.155005936901387	-0.208043152510673	0.45690663086558	1.12258637801387
0.160723371097061	-0.193013434351066	0.466926125844251	1.12963573631686
0.166440805292736	-0.191453547037663	0.478667309549947	1.14997582130921
0.17215823948841	-0.177424541348316	0.493037023078179	1.15616989673077
0.177875673684085	-0.168599117095274	0.501071955261895	1.17550116885712
0.183593107879759	-0.146611751271153	0.511048489506973	1.17946191994216
0.189310542075434	-0.140942718497273	0.525124024972603	1.1880116112842
0.195027976271108	-0.142201928203776	0.539572623073381	1.19754862110964
0.200745410466783	-0.11073631561685	0.549360765735366	1.21699361491787
0.206462844662457	-0.115448330503853	0.559932550736763	1.2244954904467
0.212180278858132	-0.1027083099717	0.570994192971333	1.24524199281667
0.217897713053806	-0.0842660193335385	0.580825980883719	1.25724909585982
0.223615147249481	-0.0696478297123949	0.594247199941217	1.26012418062167
0.229332581445155	-0.0706393226180126	0.605522438220427	1.28332350313919
0.23505001564083	-0.0589363609605696	0.614215033697455	1.28510621631801
0.240767449836505	-0.0332142416820153	0.627975562648404	1.29576399981854
0.246484884032179	-0.0462443346263284	0.641395858494477	1.31212723523824
0.252202318227854	-0.0283329578500526	0.652699749261671	1.31597263107954
0.257919752423528	-0.0103123581091299	0.663871552576141	1.33807989348234
0.263637186619203	-0.00298420279939959	0.669917769604722	1.35477666100478
0.269354620814878	0.0111794158122041	0.684062222416942	1.3596341646924
0.275072055010552	0.0264620321373052	0.700235073263362	1.37471271256986
0.280789489206227	0.0385038994768821	0.710205355861263	1.37960055006866
0.286506923401901	0.0454538509975365	0.721402630338027	1.39836773200448
0.292224357597576	0.0626403922739467	0.733973313298177	1.41217100342103
0.29794179179325	0.057027606688713	0.739872540526368	1.42077242772983
0.303659225988925	0.0782926539324237	0.75554576308565	1.43704950599648
0.309376660184599	0.087553979796088	0.761103949534937	1.44415410340841
0.315094094380274	0.0967470482286723	0.781117278561031	1.45073169336903
0.320811528575948	0.107487337042058	0.788859037846029	1.4692086207528
0.326528962771623	0.118465134319828	0.803721796316755	1.4820298331152
0.332246396967297	0.127644453751906	0.809712239871626	1.5104443083731
0.337963831162972	0.1410284443606	0.826039759142881	1.50603127115624
0.343681265358646	0.148782362782493	0.831799707702786	1.51439823824403
0.349398699554321	0.157608593799279	0.846726648642879	1.52303247616646
0.355116133749996	0.16812541364218	0.854580664405214	1.53816409062261
0.36083356794567	0.183046776421925	0.868078177700384	1.54555571295253
0.366551002141345	0.20285836178613	0.880419853474717	1.55556661506139
0.372268436337019	0.193079864218463	0.892952566199265	1.58784743557305
0.377985870532694	0.209035229936268	0.90695765410739	1.59209588836921
0.383703304728368	0.223990585157571	0.917093771153196	1.60416075125955
0.389420738924043	0.238701269691886	0.927150760237284	1.61719218302468
0.395138173119717	0.240820350332894	0.940339289562485	1.61542847677775
0.400855607315392	0.258863466761706	0.947532506307594	1.6256796268084
0.406573041511066	0.264668579514037	0.964388958478577	1.64315816846774
0.412290475706741	0.277019598282364	0.972727040202016	1.65807719212138
0.418007909902415	0.2896963240282	0.97910257919889	1.66425830815032
0.42372534409809	0.307341084214162	0.996719556789406	1.69339618305544
0.429442778293764	0.319362525266846	1.00603348752784	1.70210998346703
0.435160212489439	0.319163246545884	1.020190864055	1.71327806234935
0.440877646685114	0.328961844163497	1.03476040628799	1.72125727353548
0.446595080880788	0.350491048065664	1.0419720406074	1.73697730334577
0.452312515076463	0.359785036606226	1.05747601586733	1.74737110087326
0.458029949272137	0.372568161878543	1.06547064313608	1.76343206250443
0.463747383467812	0.384070483655553	1.07800163224196	1.77307058491458
0.469464817663487	0.379571094955657	1.08481026296551	1.79788769604623
0.475182251859161	0.391428795574573	1.09974758712483	1.80352603845286
0.480899686054836	0.410803158944913	1.11318139533643	1.79884078506968
0.48661712025051	0.4170450664605	1.12058551335415	1.82161111809139
0.492334554446185	0.426272246351675	1.13861154351512	1.83473787094807
0.498051988641859	0.447069942608811	1.14283425318115	1.84350244979947
0.503769422837534	0.449996305081061	1.15626603138301	1.85751136544339
0.509486857033208	0.466842984668984	1.17113535508582	1.87561612710484
0.515204291228883	0.467765145064419	1.18274199651019	1.88164402972537
0.520921725424557	0.475811247359075	1.19342555563261	1.89958830084169
0.526639159620232	0.490034546837637	1.20150204157012	1.91622444428651
0.532356593815906	0.486264001456986	1.21293018205437	1.92508698325938
0.538074028011581	0.508213560730249	1.22546681091986	1.93419755924544
0.543791462207255	0.524692371038834	1.23530396203118	1.95164764964954
0.54950889640293	0.535579717112186	1.24969431663353	1.95876224389559
0.555226330598605	0.54391686853912	1.25933291817102	1.97462405109932
0.560943764794279	0.557997844913588	1.27398923871727	1.99222009435343
0.566661198989954	0.56923358564869	1.28575944834147	2.00189103440816
0.572378633185628	0.576324940437701	1.29484630292583	2.00229941520257
0.578096067381303	0.587570546567479	1.30576086574015	2.02246460705824
0.583813501576977	0.599100728621074	1.31990199798581	2.03112843128628
0.589530935772652	0.600798329620505	1.33044847430145	2.04712496888245
0.595248369968326	0.618401997293579	1.34135082504784	2.05785307863002
0.600965804164001	0.637792715642668	1.35276634556512	2.07251649189515
0.606683238359675	0.631482130046073	1.3653835870708	2.08271989916158
0.61240067255535	0.645982134189391	1.37385491676822	2.10442552661529
0.618118106751024	0.655336659918003	1.38333304186902	2.11299323517026
0.623835540946699	0.664849567889585	1.40073992540056	2.12195149650944
0.629552975142373	0.669089734232269	1.41023011798394	2.13447372253898
0.635270409338048	0.705065012824523	1.41963376764095	2.13914901993368
0.640987843533723	0.700862037788759	1.43275255710604	2.17251153714325
0.646705277729397	0.703297623598997	1.4444601570683	2.16744821077994
0.652422711925072	0.724229185344397	1.45918689058759	2.18803712523793
0.658140146120747	0.727549256883889	1.46614442982633	2.20704546690517
0.663857580316421	0.73069362157274	1.48222402901703	2.21070451262196
0.669575014512096	0.750974155923113	1.48866863048283	2.21894907378656
0.67529244870777	0.760299502585128	1.50681081714725	2.24091246478926
0.681009882903445	0.762049797560855	1.5139218604763	2.24618954723582
0.686727317099119	0.782841545511899	1.52229591204821	2.25753185862842
0.692444751294794	0.790882316212225	1.53784517637516	2.27590729271507
0.698162185490468	0.808577020032452	1.54645861740478	2.28882309517422
0.703879619686143	0.80986978169132	1.55926298938445	2.2962678676435
0.709597053881817	0.822624327370655	1.56934024993476	2.31055584967508
0.715314488077492	0.831548519547989	1.58075414173846	2.32881996847707
0.721031922273166	0.843616802329909	1.59677536101413	2.33848572746539
0.726749356468841	0.844407800840527	1.60733603523541	2.3555495469759
0.732466790664515	0.865482328226336	1.62105538807779	2.360623781924
0.73818422486019	0.865218165438812	1.62730921828754	2.38154116526286
0.743901659055865	0.885561143357718	1.63983837018209	2.39637080080197
0.749619093251539	0.894379077859078	1.64839979343619	2.39130080795188
0.755336527447214	0.897479650336606	1.66209844328822	2.42119874356418
0.761053961642888	0.908244435324885	1.67654525438977	2.42369695124149
0.766771395838563	0.92191168795912	1.68793870818302	2.43022740808489
0.772488830034237	0.929133609438031	1.69281466731215	2.45420224393064
0.778206264229912	0.93567327398883	1.70864007552323	2.47871824710375
0.783923698425586	0.949050578539795	1.72353468888429	2.47542180183649
0.789641132621261	0.949297873759078	1.73560624048536	2.48804855086757
0.795358566816935	0.969263244907113	1.74489687736589	2.50799793878334
0.80107600101261	0.979580854428922	1.75705613332821	2.51253959189661
0.806793435208284	0.98699806907597	1.77028763752801	2.53773126150779
0.812510869403959	0.996027028687912	1.77626347368912	2.54658021267085
0.818228303599633	1.01607832825579	1.78522342119056	2.55072666171997
0.823945737795308	1.02196397749542	1.79809051422012	2.56404718572755
0.829663171990983	1.03294811338253	1.81201761288831	2.58196111775157
0.835380606186657	1.03838874383886	1.82248239245815	2.59306289401658
0.841098040382332	1.04894605028214	1.83196982822958	2.61361967124935
0.846815474578006	1.06269101240786	1.84622507947295	2.62012422247806
0.852532908773681	1.06739042761956	1.85756282743782	2.6361665776572
0.858250342969356	1.08695488208768	1.87466091187696	2.64671755543652
0.86396777716503	1.08319418689932	1.88383956889819	2.65683098904585
0.869685211360705	1.07934121824497	1.8898161019596	2.68009683237183
0.875402645556379	1.11920713252257	1.90445128047738	2.70221198743234
0.881120079752054	1.121579483339	1.91333765626121	2.70818675870579
0.886837513947728	1.13047166289882	1.92994123160662	2.71349062537189
0.892554948143403	1.1426848090222	1.94104203606066	2.73085360207413
0.898272382339077	1.15123361230227	1.9508427008704	2.73320695806955
0.903989816534752	1.16394891102798	1.96068280811939	2.75212083681936
0.909707250730426	1.17488257280421	1.97030753721699	2.7592235132788
0.915424684926101	1.17142927511934	1.98432111796606	2.77096573609557
0.921142119121775	1.19354614656286	1.99639667471409	2.8022189147062
0.92685955331745	1.20574754635921	2.00772665011001	2.80911230516392
0.932576987513124	1.20641726999417	2.02138665581854	2.81603316786332
0.938294421708799	1.22248044407902	2.0301877026506	2.82872136145964
0.944011855904474	1.23152974957437	2.04034594972237	2.84327643014393
0.949729290100148	1.24783405033952	2.05492409253162	2.85560356872716
0.955446724295823	1.25054823076717	2.06168371575631	2.86973343819262
0.961164158491497	1.25943610353226	2.0719717443792	2.88880401705722
0.966881592687172	1.2579531484854	2.08890312609979	2.90689971500215
0.972599026882846	1.27605016633109	2.09853101597683	2.91699088325949
0.978316461078521	1.28800105769058	2.11002203141511	2.92357079169172
0.984033895274195	1.30470571537328	2.1199750678494	2.93587397397255
0.98975132946987	1.31254216021512	2.13231934314046	2.94113861061345
0.995468763665544	1.31573360992855	2.1463042186544	2.95765856584559
1.00118619786122	1.32546754079685	2.15826151181767	2.970656483045
1.00690363205689	1.3297452761255	2.16843325013505	2.97999673430308
1.01262106625257	1.3388901735167	2.17753348394061	3.00182228681674
1.01833850044824	1.3614668074456	2.1861853735436	3.01258347652248
1.02405593464392	1.36654256111907	2.20067149342439	3.01988772698205
1.02977336883959	1.37540640084411	2.21053423828096	3.03715446665966
1.03549080303527	1.39397405885284	2.23035417964783	3.06301455777071
1.04120823723094	1.39386467616666	2.23802994975852	3.06373638919495
1.04692567142662	1.41027685881005	2.24820526149764	3.09014166187213
1.05264310562229	1.41606333201505	2.26147028061438	3.08777606098086
1.05836053981796	1.42642566979439	2.26475223450892	3.10841673985035
1.06407797401364	1.44458738429253	2.28490025471154	3.1395145848155
1.06979540820931	1.45111237871822	2.29810103345273	3.12975768081619
1.07551284240499	1.46897783176906	2.307195064968	3.15296424084791
1.08123027660066	1.46003308354842	2.31664084043414	3.15600534505322
1.08694771079634	1.48009168123138	2.3317551445115	3.17117359138694
1.09266514499201	1.47573569032006	2.3395612110929	3.19256449485862
1.09838257918769	1.49418116682519	2.3515144704137	3.20731665992807
1.10410001338336	1.49903835975074	2.36569359077235	3.21759803846494
1.10981744757904	1.49319186156711	2.37414174519935	3.22804376533618
1.11553488177471	1.53060425288596	2.38838268952716	3.24156405401864
1.12125231597038	1.53294350396266	2.39700706921816	3.24710778804364
1.12696975016606	1.54906529501906	2.40586372689215	3.25679873526088
1.13268718436173	1.54277342943755	2.41975747614251	3.27730892822461
1.13840461855741	1.55957491643103	2.43217761235817	3.2906855585078
1.14412205275308	1.57285822428913	2.44282624403918	3.30420496677805
1.14983948694876	1.5830412252631	2.45208447696363	3.31768126415171
1.15555692114443	1.5913494795282	2.46741265367875	3.333112859701
1.16127435534011	1.59800925136416	2.47710289106356	3.35009324425719
1.16699178953578	1.61311280098836	2.48732203126496	3.35630893132926
1.17270922373146	1.62459333724562	2.49742034425999	3.36928716727202
1.17842665792713	1.640407012459	2.50870578992518	3.37139154319464
1.1841440921228	1.63783901906979	2.52643786804061	3.39954134200453
1.18986152631848	1.6463879910592	2.53370657495491	3.40566872126462
1.19557896051415	1.66112174075621	2.54858736721268	3.42308172035766
1.20129639470983	1.66712696589539	2.55739439389203	3.43154172649763
1.2070138289055	1.68182063067095	2.56797654474731	3.44577426813344
1.21273126310118	1.67240670563326	2.58104411501018	3.46487059889231
1.21844869729685	1.68781823431982	2.59236379328332	3.47396974270681
1.22416613149253	1.70039166486136	2.60408002351039	3.49060477949281
1.2298835656882	1.72017842937812	2.61756029586353	3.50209222114051
1.23560099988388	1.73039245376432	2.62911962239222	3.52031754585201
1.24131843407955	1.73866861602737	2.64305267537907	3.53323483612761
1.24703586827522	1.75217440534975	2.6506028031666	3.54086347185822
1.2527533024709	1.75554086645185	2.66068069645759	3.55208709710703
1.25847073666657	1.7607407813257	2.66944111591997	3.5678165647577
1.26418817086225	1.77922195111249	2.683741703034	3.58652407375651
1.26990560505792	1.78510691421245	2.70071264436815	3.60405057039461
1.2756230392536	1.79748479318941	2.7088335209331	3.618377140759
1.28134047344927	1.8035382031564	2.71828072761697	3.62104309352146
1.28705790764495	1.81315796497154	2.72805139212859	3.62645752070159
1.29277534184062	1.82219806752119	2.74046310370088	3.65518381987727
1.2984927760363	1.82487832781752	2.75213603738929	3.65649652821596
1.30421021023197	1.83877450237337	2.76533330973959	3.670300688995
1.30992764442764	1.84942783176589	2.78205750393131	3.6822259673553
1.31564507862332	1.86398367401405	2.78598419300804	3.70525601607531
1.32136251281899	1.8717499142371	2.79468471802311	3.71374322647207
1.32707994701467	1.87690941359983	2.80934335120832	3.73370838696365
1.33279738121034	1.88472324201896	2.8255622351635	3.74988616189968
1.33851481540602	1.89915749241616	2.8346488983979	3.76065767970142
1.34423224960169	1.90949087699629	2.84761688466726	3.76640916852847
1.34994968379737	1.93064295591647	2.85714847036728	3.79133450128424
1.35566711799304	1.93493077834352	2.86677380023007	3.80357463524569
1.36138455218871	1.93107880608517	2.88048868338939	3.81679921044835
1.36710198638439	1.94486115359052	2.88825317482968	3.82965440843721
1.37281942058006	1.95593230137995	2.90514604177438	3.83945593099277
1.37853685477574	1.95612750536983	2.91357226030269	3.85613204800439
1.38425428897141	1.9772596738169	2.9223912437047	3.87503388416756
1.38997172316709	1.977750625737	2.93562738886638	3.88596624414619
1.39568915736276	2.00137138042533	2.94881275678443	3.87688518529058
1.40140659155844	1.99951879609908	2.95872709499876	3.91643235200481
1.40712402575411	2.01982091301934	2.97155233271583	3.91823009228091
1.41284145994979	2.02883426714467	2.98337620483851	3.9325127804304
1.41855889414546	2.02466881606369	2.99382610492887	3.94165629130463
1.42427632834114	2.04711050356722	3.00900137782981	3.96151661713992
1.42999376253681	2.05255845045687	3.01790135890289	3.96646606011107
1.43571119673248	2.07256453150384	3.03130486564077	3.98550445256656
1.44142863092816	2.05661610342962	3.03856498733205	4.01435128542746
1.44714606512383	2.08063190448936	3.05290123203393	4.01946643383414
1.45286349931951	2.09732415111317	3.06016833380514	4.03860770031887
1.45858093351518	2.09538048175279	3.07544766854597	4.04430971299494
1.46429836771086	2.10268765702108	3.08651099120631	4.06373049225893
1.47001580190653	2.13351429791201	3.09623106936435	4.0748541286274
1.47573323610221	2.13285512926037	3.10829749240335	4.07720571578376
1.48145067029788	2.1426725177607	3.11821385474327	4.09453050242348
1.48716810449356	2.15813252761264	3.13235879062841	4.11264903178742
1.49288553868923	2.14674820101838	3.14415657868016	4.11998082349566
1.4986029728849	2.16107654805079	3.1543910513141	4.13600567678783
1.50432040708058	2.17073902198952	3.16991008196386	4.14669209430298
1.51003784127625	2.17737719233581	3.18189770382162	4.16034184176008
1.51575527547193	2.18531606945457	3.18953866314166	4.17780959333896
1.5214727096676	2.20731566349671	3.19983461631665	4.19214302999711
1.52719014386328	2.21616098132708	3.21027405344187	4.20210357930754
1.53290757805895	2.22804194941749	3.22189714182936	4.22415570343079
1.53862501225463	2.22627796438196	3.23143423256313	4.2392100130063
1.5443424464503	2.22365401076545	3.24608878047306	4.24796276423859
1.55005988064597	2.24058423824223	3.2550754841414	4.26509691845268
1.55577731484165	2.25411537961192	3.26944248364395	4.27023951433203
1.56149474903732	2.25382190876429	3.28252678632228	4.27957975070562
1.567212183233	2.2803917153974	3.29390863529554	4.29089807909859
1.57292961742867	2.27690387056169	3.30809850278445	4.31379683548544
1.57864705162435	2.29793748080262	3.31545127190343	4.342062340802
1.58436448582002	2.30833083451335	3.32634084229253	4.34353855947232
1.5900819200157	2.31184995032597	3.33839822575217	4.35928801307502
1.59579935421137	2.30870105418378	3.35074272695266	4.36711121064393
1.60151678840705	2.33079934397188	3.36686524181158	4.38960854810335
1.60723422260272	2.35082143311961	3.37620671996359	4.39065662138506
1.6129516567984	2.35097863859225	3.38659298785321	4.39992336079056
1.61866909099407	2.36247156726836	3.39801040651905	4.41958759878517
1.62438652518974	2.38798568064936	3.40653805111887	4.43734381162387
1.63010395938542	2.37158897735263	3.41636172562751	4.44544304235718
1.63582139358109	2.39370894728957	3.42847042190828	4.4641359205743
1.64153882777677	2.40327779072853	3.44088411450063	4.47548631241793
1.64725626197244	2.40752063090937	3.44738122502889	4.48172276881594
1.65297369616812	2.41141947142707	3.46414434498494	4.49780639067893
1.65869113036379	2.4363461229065	3.47501170071114	4.52399399570524
1.66440856455947	2.43739350134664	3.4840422901354	4.53522877450064
1.67012599875514	2.43453707704542	3.50054333179567	4.54417358285236
1.67584343295082	2.43918369047983	3.51142846314419	4.55487046034368
1.68156086714649	2.4553384958373	3.52418944766888	4.56405127260828
1.68727830134216	2.46805767925518	3.52683410363943	4.58016277712746
1.69299573553784	2.49053816238051	3.54425795906844	4.59917627192138
1.69871316973351	2.49855793252611	3.54907498893857	4.60846554913773
1.70443060392919	2.50057524334252	3.5681351776557	4.61496114236718
1.71014803812486	2.50293155925847	3.58039692959331	4.63939034910495
1.71586547232054	2.525499419653	3.59080854006363	4.65239000212268
1.72158290651621	2.51741657179628	3.6010164422776	4.66763440132551
1.72730034071189	2.54267790639751	3.61778037443527	4.68687776661531
1.73301777490756	2.54958002956888	3.62861628016098	4.69022532242116
1.73873520910323	2.54127812749923	3.63290407832171	4.70390597064094
1.74445264329891	2.56908067018895	3.65071351150486	4.72643108336003
1.75017007749458	2.57193350450058	3.65663820458621	4.7290067952481
1.75588751169026	2.5854001722971	3.67036710842103	4.75000033482082
1.76160494588593	2.59121597450607	3.68509226350842	4.75462072723657
1.76732238008161	2.59735881784686	3.69680606556867	4.76618908238833
1.77303981427728	2.61347584495519	3.70309351515286	4.78529988306683
1.77875724847296	2.61738050267818	3.71450420304006	4.80006145358073
1.78447468266863	2.63800831788484	3.72943454913028	4.81571327820379
1.79019211686431	2.64580646512602	3.74308388284058	4.82635556409631
1.79590955105998	2.64700963633421	3.75732755901758	4.82791709422852
1.80162698525566	2.65916805521973	3.76291508166132	4.85903158875938
1.80734441945133	2.66160951469169	3.77079654634459	4.87542690843159
1.813061853647	2.67774787865595	3.78644711926038	4.89479032998
1.81877928784268	2.69616180192273	3.79592058892276	4.89990075250316
1.82449672203835	2.69762592785146	3.80843892420365	4.91308629363358
1.83021415623403	2.704971470066	3.81646845662076	4.93206477662728
1.8359315904297	2.70033549870292	3.83899815227657	4.95622109537663
1.84164902462538	2.73055807064914	3.84197618253674	4.94972403241557
1.84736645882105	2.72256236923372	3.85329364648389	4.96329802850197
1.85308389301673	2.74776065201329	3.86842900722794	4.98769587523304
1.8588013272124	2.73620912667316	3.87852955043486	4.99542046708911
1.86451876140807	2.76610558036141	3.8904800085769	4.99634158138914
1.87023619560375	2.76875503943585	3.90148496517224	5.02272387523413
1.87595362979942	2.77956371668691	3.91771876345672	5.02713831126941
1.8816710639951	2.79372958436519	3.9203621988594	5.03687658105793
1.88738849819077	2.79696983386643	3.93694214380759	5.06532636104211
1.89310593238645	2.79284575230363	3.94323402044355	5.07590440517468
1.89882336658212	2.81666138441219	3.96259432066029	5.09485495346119
1.9045408007778	2.83029445095459	3.96715834517648	5.10709920464349
1.91025823497347	2.83620945961869	3.98299500268081	5.12684860752354
1.91597566916915	2.8380861488478	3.99636961667206	5.13174230748876
1.92169310336482	2.84061871959574	4.00252579956777	5.15564391474039
1.92741053756049	2.8545535561519	4.00984561487359	5.15133130885904
1.93312797175617	2.87798977163639	4.02935531190182	5.17980826933278
1.93884540595184	2.86268341660118	4.03857462212155	5.17952748185407
1.94456284014752	2.8929602353008	4.04514030151879	5.19268739258445
1.95028027434319	2.89370959854961	4.06459279030136	5.22586380262582
1.95599770853887	2.89838479940076	4.07578029313423	5.22339789850842
1.96171514273454	2.92955633303346	4.08446871326933	5.23579198014575
1.96743257693022	2.92733387744158	4.09573413781452	5.24201155490821
1.97315001112589	2.9274673214545	4.10952031882293	5.26564951126656
1.97886744532157	2.94055543795356	4.11789211243539	5.28413595890681
1.98458487951724	2.9429979189672	4.13194858888756	5.28637291907173
1.99030231371291	2.94949185503518	4.14090474211188	5.31253935267716
1.99601974790859	2.98218628966611	4.14880657942219	5.32685939092592
2.00173718210426	2.98609305020711	4.16427960285906	5.34532157735893
2.00745461629994	2.99149990170952	4.17980250585648	5.35497661273363
2.01317205049561	2.98749225533467	4.18742300414718	5.3661473289413
2.01888948469129	3.01065705629894	4.19925162073156	5.37357001081325
2.02460691888696	3.01718266039655	4.20540109287416	5.38596811960894
2.03032435308264	3.02938092513133	4.22259015162522	5.41126105808139
2.03604178727831	3.02817976612103	4.23225060133625	5.42537479375534
2.04175922147399	3.04141321026345	4.24329176089117	5.43589563262979
2.04747665566966	3.04946285109743	4.260551628188	5.44275993611508
2.05319408986533	3.06486176685278	4.27076899410524	5.45428222261888
2.05891152406101	3.0667632495419	4.27690326878042	5.47579062218493
2.06462895825668	3.08630778763761	4.29479262011816	5.4988787352699
2.07034639245236	3.08820265853852	4.30344037583815	5.50664549538487
2.07606382664803	3.09403758055297	4.31395277398425	5.51510387301897
2.08178126084371	3.10635218513213	4.33104653303422	5.537356622511
2.08749869503938	3.11422066328127	4.33936496630058	5.55296771377762
2.09321612923506	3.11654994347788	4.34411773718705	5.5616098321436
2.09893356343073	3.13985916719538	4.35710685518791	5.57480298946273
2.10465099762641	3.13255694518032	4.37545687266866	5.58750082184679
2.11036843182208	3.15774786382241	4.38255446041352	5.60110702172675
2.11608586601775	3.16162736950117	4.39646931221785	5.62244969151522
2.12180330021343	3.17143996194605	4.40920722733632	5.62502794860892
2.1275207344091	3.18481775820898	4.41471342820692	5.64711134005783
2.13323816860478	3.17369356838287	4.42533277428589	5.64625363113768
2.13895560280045	3.2066417859245	4.44047730238853	5.66580435829668
2.14467303699613	3.20557236440959	4.45282872571174	5.69376306676426
2.1503904711918	3.21653416074107	4.46322653488041	5.69898292531894
2.15610790538748	3.22127144391344	4.47985599947172	5.71576132929195
2.16182533958315	3.2340956000373	4.48845248465519	5.7277989058132
2.16754277377883	3.23533432922481	4.49670968900444	5.73692474832267
2.1732602079745	3.23680098260075	4.51013970929689	5.76107328909248
2.17897764217017	3.26265332348763	4.5174845866217	5.76866109995695
2.18469507636585	3.26916569204934	4.53231126271808	5.78641218267394
2.19041251056152	3.29175079430794	4.54238336113419	5.80289942407208
2.1961299447572	3.2880560084287	4.55359600225831	5.80298808895307
2.20184737895287	3.29149080419714	4.56291492238049	5.83157655110483
2.20756481314855	3.30792840688965	4.57856404485072	5.85242888431876
2.21328224734422	3.31415905192696	4.59492648803049	5.85865438276254
2.2189996815399	3.32879147005094	4.60080590183497	5.87443633635963
2.22471711573557	3.32628943774066	4.61123284745593	5.87511207904883
2.23043454993125	3.33848626678939	4.6253054770385	5.90134752773942
2.23615198412692	3.34891195668707	4.63704756433954	5.91526176435414
2.2418694183226	3.36310557447256	4.64815123476823	5.92420330637824
2.24758685251827	3.37806366335699	4.66232087051714	5.93234174381394
2.25330428671394	3.38118867715673	4.67063196932993	5.93486541016395
2.25902172090962	3.4008369599358	4.67842560866461	5.96896501796944
2.26473915510529	3.41703274733452	4.69150993359823	5.97922081069094
2.27045658930097	3.40791620936879	4.70736098853543	5.98958156736926
2.27617402349664	3.41657302183456	4.71662650731771	5.99736827422403
2.28189145769232	3.43595628757888	4.7286095490154	6.02631163680252
2.28760889188799	3.43289099214133	4.73989191369807	6.03030924954197
2.29332632608367	3.4363176148046	4.75205183572757	6.04599280324909
2.29904376027934	3.46056198336879	4.7615667396664	6.07176594141008
2.30476119447501	3.46102159153218	4.77268740098499	6.07858002557208
2.31047862867069	3.48130672008685	4.78321572367423	6.08878454044777
2.31619606286636	3.48163909113577	4.7970013714039	6.10922414296759
2.32191349706204	3.48465355788621	4.80831578493992	6.11981435460083
2.32763093125771	3.4964967793255	4.82369400799107	6.12630810860403
2.33334836545339	3.48560761481935	4.82979504766667	6.14009948401775
2.33906579964906	3.52777143435519	4.84409911032716	6.15538097363001
2.34478323384474	3.52720378510617	4.85346834859935	6.19041937984139
2.35050066804041	3.52552806247085	4.86644031003679	6.19031056984346
2.35621810223609	3.5388375680881	4.87734667473101	6.18569095913483
2.36193553643176	3.56544379484822	4.88904692320193	6.22130592501492
2.36765297062743	3.55668269385838	4.89554165979364	6.24256879288015
2.37337040482311	3.57988794205525	4.9073963323962	6.24113856578092
2.37908783901878	3.5670697271655	4.92118144175816	6.24721045693333
2.38480527321446	3.5861137451407	4.93314235062102	6.25629475099913
2.39052270741013	3.59311333419274	4.9445173278758	6.28256184726022
2.39624014160581	3.59778259321399	4.96169208818129	6.29735176763332
2.40195757580148	3.60635049293112	4.97057429975124	6.30401725210166
2.40767500999716	3.63363703226391	4.98256123446366	6.31693361651393
2.41339244419283	3.63599570312417	4.98524929137576	6.34378320903889
2.41910987838851	3.64636481090379	5.00708836746374	6.33601554254854
2.42482731258418	3.65965125465488	5.01245970564499	6.35550087540025
2.43054474677985	3.640418154285	5.02213379107521	6.38084144793702
2.43626218097553	3.67855257906709	5.03516537249077	6.40076579240795
2.4419796151712	3.66936542222042	5.04878745832877	6.40675204064618
2.44769704936688	3.68262709546796	5.06077612513414	6.41880037189541
2.45341448356255	3.69803357252837	5.07080681734285	6.43375218202372
2.45913191775823	3.69643011253055	5.08096086319968	6.45719870698226
2.4648493519539	3.70550282380922	5.09808188254731	6.47665852076236
2.47056678614958	3.72762137804136	5.11304883230386	6.50008897577807
2.47628422034525	3.72818619337613	5.11652266582965	6.50259738770528
2.48200165454093	3.73735190889728	5.13027896372304	6.5134976063664
2.4877190887366	3.75451659882643	5.14129869281936	6.52843588621531
2.49343652293227	3.75761626685217	5.15141329089831	6.54240755964119
2.49915395712795	3.77325358381774	5.16465595766311	6.55548856200291
2.50487139132362	3.78029757093798	5.16777462835388	6.55461014946265
2.5105888255193	3.77890357519909	5.19110535979926	6.58885637764134
2.51630625971497	3.80139158241704	5.19860201431724	6.59266991991923
2.52202369391065	3.8015683155234	5.21295230705933	6.59677452892033
2.52774112810632	3.80617137638119	5.2249340179055	6.61871571285306
2.533458562302	3.82981737912971	5.23198844056388	6.6286758358898
2.53917599649767	3.83091284265708	5.24461698500131	6.64572481406292
2.54489343069335	3.82559598903173	5.25488226305824	6.64494393924126
2.55061086488902	3.8390746916518	5.26836551422469	6.67832259101267
2.55632829908469	3.86745989774814	5.28053176696895	6.67906432275254
2.56204573328037	3.86377343034267	5.2866207153934	6.69099998236936
2.56776316747604	3.87603504295273	5.29916560175811	6.72637312057631
2.57348060167172	3.88204581533584	5.31393615013748	6.73475179009012
2.57919803586739	3.89636215012984	5.32110690603788	6.74078197857046
2.58491547006307	3.90123976345889	5.33071195871583	6.75889705920939
2.59063290425874	3.90834149648504	5.34392131069633	6.77391583642519
2.59635033845442	3.91777134042244	5.3548260717808	6.77796105654978
2.60206777265009	3.92695952097176	5.36630829613544	6.79615083019323
2.60778520684577	3.92083294372746	5.38058082438026	6.81554006251777
2.61350264104144	3.95068492690131	5.38950234054348	6.80876099079323
2.61922007523711	3.9606388893832	5.40990648449764	6.83618248588396
2.62493750943279	3.9578775303304	5.41554168381178	6.87059495223206
2.63065494362846	3.97373722927981	5.42305981367023	6.87396751015488
2.63637237782414	3.98556447711526	5.43177947947916	6.87641366602243
2.64208981201981	3.99327462879763	5.44936356057516	6.90161393509751
2.64780724621549	4.00321427110319	5.46338481448056	6.91126093985675
2.65352468041116	4.02257396889772	5.47335299333933	6.93751126751456
2.65924211460684	4.02144620615956	5.48157948720184	6.93990126508835
2.66495954880251	4.03137675723478	5.49312264492744	6.95269806461055
2.67067698299819	4.03794814163855	5.50754762020359	6.96905039112319
2.67639441719386	4.0595412103699	5.51844225535374	6.9857758774083
2.68211185138953	4.05749896084152	5.53094358473055	7.00591097168174
2.68782928558521	4.07505035741089	5.54386643254364	7.01150579800783
2.69354671978088	4.07599510437793	5.556800217762	7.03026934680415
2.69926415397656	4.08808824789493	5.55876597653259	7.03511413015957
2.70498158817223	4.08506168622704	5.58055063125037	7.04943209304751
2.71069902236791	4.10442123232987	5.58790277609491	7.06242792834243
2.71641645656358	4.12068895758385	5.59959154291069	7.07435539645489
2.72213389075926	4.11715635223857	5.61244328063708	7.08764837457153
2.72785132495493	4.12192456001384	5.62306300356051	7.11018435566706
2.73356875915061	4.13046721066802	5.6331498877902	7.12065230366978
2.73928619334628	4.14377510127903	5.64656209655694	7.14757441232213
2.74500362754195	4.14284011782662	5.65908616117365	7.16063656542439
2.75072106173763	4.16863002441955	5.66988786468479	7.17905350582548
2.7564384959333	4.17353641075315	5.68288263532317	7.18064007541097
2.76215593012898	4.18951584314087	5.69877937704551	7.20093801655119
2.76787336432465	4.19560348535701	5.7043136934126	7.193185168472
2.77359079852033	4.20817671176851	5.71362763836203	7.21801303444836
2.779308232716	4.20623181219589	5.72787137259093	7.2332396631237
2.78502566691168	4.21973855326982	5.73985666301573	7.23167049585454
2.79074310110735	4.22383793318936	5.74895506020511	7.26132929099878
2.79646053530303	4.24794094508356	5.76016658156664	7.28670594424534
2.8021779694987	4.23375545459542	5.77208632435494	7.29336384465135
2.80789540369437	4.25404358440216	5.79261252990451	7.30587273600011
2.81361283789005	4.26707064426867	5.79557672641253	7.32932101365111
2.81933027208572	4.27277241953752	5.80331115103233	7.3142552062203
2.8250477062814	4.2785901502387	5.82000190126841	7.34403268213371
2.83076514047707	4.29385774999757	5.83240461584443	7.35405890955366
2.83648257467275	4.30316445163278	5.84276792034525	7.3816753099994
2.84220000886842	4.31299626005961	5.85516905999948	7.39256156919758
2.8479174430641	4.30558600618365	5.86395779716983	7.40357404407271
2.85363487725977	4.32773694802781	5.87937050901035	7.41636771137458
2.85935231145545	4.33484670317789	5.88952518015678	7.42429297536883
2.86506974565112	4.35088286660317	5.89878758314872	7.43706515250805
2.87078717984679	4.3527010491432	5.90960804404755	7.46913568514623
2.87650461404247	4.35415053058229	5.92412078653461	7.4710261557021
2.88222204823814	4.36306235712687	5.93774200600132	7.48178489364295
2.88793948243382	4.38386634720345	5.94582122085292	7.49530159869792
2.89365691662949	4.38642664510638	5.9562143525211	7.51854481584397
2.89937435082517	4.39965799168139	5.96662057189271	7.52637925472688
2.90509178502084	4.41036153952454	5.97505019067274	7.53970689876154
2.91080921921652	4.41791395115787	5.99660738681097	7.55151564072595
2.91652665341219	4.41462123967984	6.00316990220925	7.58644016025891
2.92224408760787	4.4309390346832	6.01670365831775	7.58617958846042
2.92796152180354	4.42198948874319	6.02275021240896	7.61213606424938
2.93367895599921	4.45746190369045	6.03526182984175	7.60569983489857
2.93939639019489	4.4440069019639	6.04998887541186	7.61869295589874
2.94511382439056	4.46103543558995	6.0534050696256	7.64179780843074
2.95083125858624	4.48299876623932	6.07116714797536	7.66201176896323
2.95654869278191	4.48178459335173	6.07707224232245	7.6743007642493
2.96226612697759	4.50968170296614	6.09161816690131	7.6832821740811
2.96798356117326	4.52563957914048	6.10447287860641	7.69591272739209
2.97370099536894	4.52206432485259	6.12017147272686	7.71205871240158
2.97941842956461	4.5105741324176	6.12736181229709	7.72994485619769
2.98513586376029	4.52743168072834	6.14068403694339	7.76036759863409
2.99085329795596	4.55828118253088	6.15805792937582	7.75129051390972
2.99657073215163	4.5474820991438	6.16378594465076	7.76881597325043
3.00228816634731	4.55544186418132	6.17655114794517	7.7826378069498
3.00800560054298	4.56078723899651	6.18670971864452	7.80841906188372
3.01372303473866	4.57155397691365	6.19498864198165	7.8124798389526
3.01944046893433	4.57415522576991	6.20562070503463	7.85104860797729
3.02515790313001	4.5905135509517	6.21883603125644	7.84227140068714
3.03087533732568	4.60899218516661	6.22684100769126	7.86589700937814
3.03659277152136	4.6184379343422	6.24310453679052	7.87771154012982
3.04231020571703	4.6127561246088	6.25752733844529	7.87705514722428
3.0480276399127	4.6222201714395	6.26458676306493	7.88126211665606
3.05374507410838	4.64178181747532	6.27032853448096	7.90585815424477
3.05946250830405	4.64830748232767	6.29105343933542	7.9283384275944
3.06517994249973	4.65054301540109	6.30346523748312	7.93994865541995
3.0708973766954	4.66764764361381	6.31229900876643	7.95407330270006
3.07661481089108	4.67204969528576	6.3280739098899	7.96151370052466
3.08233224508675	4.69607095215153	6.33533029261362	7.98659507490705
3.08804967928243	4.6802646156162	6.3463138470905	7.99132231203626
3.0937671134781	4.70099078981097	6.35522341915907	8.01732449320549
3.09948454767378	4.69697549474892	6.37391771624033	8.03731298752645
3.10520198186945	4.71870027923949	6.37734153139541	8.0293198822927
3.11091941606513	4.71810959323124	6.38811126190503	8.03950988011378
3.1166368502608	4.74054185742738	6.39594363551842	8.06721945145437
3.12235428445647	4.73675073223183	6.41754769357704	8.07547046982868
3.12807171865215	4.75860197950966	6.42952255767274	8.09098801716607
3.13378915284782	4.76284522847805	6.43554931734091	8.12118307078571
3.1395065870435	4.78087813555468	6.44667277351731	8.1122766196492
3.14522402123917	4.76956870031946	6.46127860652028	8.14964495865135
3.15094145543485	4.79626684070082	6.47570876258911	8.14046476301975
3.15665888963052	4.81481372312915	6.48071616087584	8.1569692119589
3.1623763238262	4.80094066440773	6.48602841722235	8.19055263433324
3.16809375802187	4.8197247269962	6.50403914621224	8.18911964543084
3.17381119221755	4.81744299197095	6.51720205715732	8.20990288798421
3.17952862641322	4.83019734098989	6.53281895773187	8.22305756472634
3.18524606060889	4.83448635605159	6.54524731736041	8.22900680663085
3.19096349480457	4.86104845891195	6.55397640921084	8.24504829607333
3.19668092900024	4.85600111336948	6.55668444026387	8.26660583486739
3.20239836319592	4.86869827130486	6.5765715944705	8.28376354506028
3.20811579739159	4.89152159924944	6.58848129632788	8.29986472162054
3.21383323158727	4.88305824287413	6.59826910176225	8.30521773633602
3.21955066578294	4.89039394220426	6.60385284571633	8.30694827947701
3.22526809997862	4.91601211578356	6.628032722716	8.33219539806326
3.23098553417429	4.90142576996885	6.62736631175488	8.35475786895139
3.23670296836997	4.92420073961766	6.64561257924656	8.35584771848501
3.24242040256564	4.9358262314234	6.6600288575704	8.38754763670327
3.24813783676131	4.93739480751994	6.66922487109313	8.38812588944442
3.25385527095699	4.94390562824728	6.67677371676926	8.41062581739476
3.25957270515266	4.94684537657926	6.69801726780605	8.42027688592392
3.26529013934834	4.96436846038566	6.70304255141067	8.43570432412707
3.27100757354401	4.97289032288281	6.71181336008661	8.43231087640495
3.27672500773969	4.98757002593514	6.72867838695504	8.44501636610933
3.28244244193536	4.99936259109762	6.73946624822193	8.47704871223044
3.28815987613104	5.00094241292283	6.74695353254187	8.49888462052047
3.29387731032671	5.00207545082044	6.75792341984952	8.51782208559428
3.29959474452239	5.0209543246847	6.77430293122148	8.50839553114209
3.30531217871806	5.02550810354529	6.77849343813096	8.53155460915778
3.31102961291373	5.0326678982427	6.79125497344613	8.55685135758592
3.31674704710941	5.05897402919419	6.8056819722859	8.5590938220616
3.32246448130508	5.04639543061015	6.81561754109484	8.57407444621199
3.32818191550076	5.0715879562287	6.82813530782771	8.57890145315147
3.33389934969643	5.06387911810169	6.84037336661232	8.59692153470281
3.33961678389211	5.0871006279778	6.85150166719788	8.62203090030296
3.34533421808778	5.08811316971229	6.86433188909988	8.61465142547975
3.35105165228346	5.0904346469082	6.87683079438518	8.63140666662956
3.35676908647913	5.11281253621958	6.8857416286961	8.65345749993745
3.36248652067481	5.10602206206367	6.90064858547288	8.67551548855937
3.36820395487048	5.11493518766094	6.90544241931171	8.6848547721515
3.37392138906615	5.13114813052989	6.91979748267208	8.68797978677524
3.37963882326183	5.15300275568466	6.93429783108228	8.71384536711135
3.3853562574575	5.15150446300417	6.94015564771184	8.71532676127313
3.39107369165318	5.17253582150428	6.95878485817057	8.74356886185742
3.39679112584885	5.17315400867453	6.96564133231867	8.75135860589773
3.40250856004453	5.16828000698517	6.97413649819238	8.77995345771449
3.4082259942402	5.19081997688532	6.98914946011136	8.78871023868297
3.41394342843588	5.18763812429619	7.00034294571296	8.79458997047773
3.41966086263155	5.2091456646789	7.01457272640993	8.81892982542348
3.42537829682722	5.22167818966504	7.01849994640335	8.83359398048063
3.4310957310229	5.22576411242378	7.03229815891007	8.84160660786458
3.43681316521857	5.24039676141452	7.04486947321697	8.84543604872571
3.44253059941425	5.2240641875985	7.05984184026064	8.86579772799587
3.44824803360992	5.23913026581722	7.06415173620254	8.89598745476326
3.4539654678056	5.25452206852447	7.07919120250761	8.88101357621833
3.45968290200127	5.27264581766532	7.0852207167815	8.89986243745105
3.46540033619695	5.26913199822603	7.10835646084021	8.92590522901008
3.47111777039262	5.27643898391845	7.11322165054566	8.94259327684728
3.4768352045883	5.29578594500563	7.12679409639169	8.94843859677798
3.48255263878397	5.29783743045117	7.13562081978765	8.96698385289082
3.48827007297964	5.30926972675932	7.14815988934831	8.9807939701474
3.49398750717532	5.31490530565472	7.16305957968589	8.99816365955934
3.49970494137099	5.30160361104611	7.17464882525058	9.00651106053983
3.50542237556667	5.34157499423199	7.18504004458389	9.01283881017257
3.51113980976234	5.34237588534469	7.19309892634597	9.03966035789712
3.51685724395802	5.35756803943945	7.20857183487026	9.05005278985709
3.52257467815369	5.36738739228811	7.2153602085406	9.05929984085179
3.52829211234937	5.37237298740597	7.2286023964307	9.0672538291553
3.53400954654504	5.38442458049354	7.24281516646027	9.09824701683182
3.53972698074072	5.38763171529802	7.26252367447331	9.09386861868707
3.54544441493639	5.40392109659424	7.26738545969905	9.13906089466815
3.55116184913207	5.4053236082322	7.27363414948081	9.1383412275151
3.55687928332774	5.42533569771575	7.28973264929405	9.14298787931289
3.56259671752341	5.41485504297534	7.29382399272698	9.14863187947893
3.56831415171909	5.42517916265359	7.30866390568467	9.17327100785459
3.57403158591476	5.43295410939759	7.32208507421791	9.19654701774229
3.57974902011044	5.43069979922926	7.33360377182002	9.19783447431737
3.58546645430611	5.44969525676497	7.34570635460726	9.24151650686418
3.59118388850179	5.47994216921465	7.35603849971734	9.2444459291041
3.59690132269746	5.46480497345587	7.36696172233716	9.24733091671424
3.60261875689314	5.50382014827407	7.37608183535975	9.27250126695397
3.60833619108881	5.50534513230165	7.39583522780779	9.28917251377473
3.61405362528449	5.51093021380942	7.40631612753082	9.29894637070903
3.61977105948016	5.51800213085466	7.41910468526001	9.31289389681201
3.62548849367583	5.53516658596994	7.42714582097171	9.32130509308342
3.63120592787151	5.52535725976962	7.43534397813375	9.34214959287914
3.63692336206718	5.53717504793664	7.44531438838785	9.35224310497708
3.64264079626286	5.54778399310911	7.46370226057703	9.36460923572153
3.64835823045853	5.54221285060559	7.4755343014607	9.3634505429039
3.65407566465421	5.56060863190299	7.48098906557042	9.38377674890055
3.65979309884988	5.582392520022	7.49374336392295	9.40910433452724
3.66551053304556	5.5771656851973	7.50496873863135	9.42413981820049
3.67122796724123	5.56042114670988	7.52599585398923	9.43348153468271
3.67694540143691	5.59309313560001	7.52759023697534	9.44654915031723
3.68266283563258	5.60657403327911	7.53855213305323	9.47138791289452
3.68838026982825	5.6080731250293	7.54952707658961	9.45808684735188
3.69409770402393	5.63086950895302	7.56502189277812	9.50072919563681
3.6998151382196	5.6397180260173	7.57874031466383	9.5003393160818
3.70553257241528	5.64202476914217	7.58445292772963	9.49570198561551
3.71125000661095	5.65373423631658	7.60750292712182	9.53589195710792
3.71696744080663	5.65918785385235	7.60779995126743	9.53789969949906
3.7226848750023	5.65590646031432	7.62612409045371	9.54138386814009
3.72840230919798	5.68897241503271	7.63377856681773	9.57565168226796
3.73411974339365	5.69520987899763	7.64754958387938	9.60114330103679
3.73983717758932	5.71039322284568	7.6544001666572	9.61586654116062
3.745554611785	5.69985722563963	7.66903397026797	9.61684567238112
3.75127204598067	5.7091591479929	7.67307410631596	9.62864866442293
3.75698948017635	5.72591978330138	7.68431431251902	9.64372088255355
3.76270691437202	5.75224256908611	7.69849839382899	9.66489160143963
3.7684243485677	5.75053920527874	7.71408656510654	9.67226074776483
3.77414178276337	5.76615393200657	7.72035447565161	9.69300035158346
3.77985921695905	5.76173441775052	7.73587864630695	9.69704406618235
3.78557665115472	5.76401902453392	7.74484853177891	9.71017506309592
3.7912940853504	5.75559494850495	7.75320988364983	9.73433594385854
3.79701151954607	5.78452413760043	7.76162807005128	9.74993355947634
3.80272895374174	5.79756217700254	7.77883614437006	9.75757152814822
3.80844638793742	5.80503667769616	7.78816173438943	9.78079142012202
