"mitochan"	"lwrNorm"	"medNorm"	"uprNorm"
-1.90327037354145	-2.80548062567239	-2.3816404077999	-1.95548258603124
-1.89685869040176	-2.79248339978076	-2.3703957230635	-1.94885157153585
-1.89044700726207	-2.7818637649584	-2.36400638206425	-1.94328641152327
-1.88403532412239	-2.7709684678248	-2.35215033262799	-1.9294801872256
-1.8776236409827	-2.75545552147978	-2.34149831100716	-1.92623909004179
-1.87121195784301	-2.75311662323424	-2.33566808115269	-1.91514631536414
-1.86480027470333	-2.74544527676122	-2.32653081028178	-1.90690239395869
-1.85838859156364	-2.73520166796509	-2.32052576604839	-1.89839025960387
-1.85197690842395	-2.72470894567675	-2.3099352414248	-1.88795691001759
-1.84556522528426	-2.71818390563945	-2.3001572261179	-1.88728417085117
-1.83915354214458	-2.70441085766739	-2.28928452671003	-1.87653458708703
-1.83274185900489	-2.69764034486821	-2.2800042134339	-1.85730653623924
-1.8263301758652	-2.68572801568954	-2.27734483002775	-1.86276689956719
-1.81991849272552	-2.68476037327481	-2.26454321849365	-1.8421869781967
-1.81350680958583	-2.67576962211412	-2.25464018192828	-1.83116081067441
-1.80709512644614	-2.66669140875877	-2.24819660956434	-1.82822268440698
-1.80068344330645	-2.66022355395813	-2.23954045076481	-1.82837541866947
-1.79427176016677	-2.64232163320312	-2.2291905460271	-1.81249220923331
-1.78786007702708	-2.63291127370787	-2.21896131777413	-1.80522207561757
-1.78144839388739	-2.6316510767342	-2.21126415490924	-1.79294793162858
-1.7750367107477	-2.62010036560143	-2.20192797180232	-1.79280978051007
-1.76862502760802	-2.60573626551323	-2.19247572034744	-1.77800478838724
-1.76221334446833	-2.59861633427506	-2.18331358217022	-1.76701846945753
-1.75580166132864	-2.5922461861493	-2.17549788667864	-1.76109303992697
-1.74938997818896	-2.57834425891061	-2.16531387565288	-1.75161346599484
-1.74297829504927	-2.57097183211065	-2.15561572364589	-1.74177463714915
-1.73656661190958	-2.56295790330252	-2.14723904393441	-1.73766496894564
-1.73015492876989	-2.55577596916626	-2.13790945348357	-1.72352332014511
-1.72374324563021	-2.55342113638894	-2.12985457084954	-1.71232418357582
-1.71733156249052	-2.53407780814959	-2.12267174228583	-1.71068361611242
-1.71091987935083	-2.52603083847163	-2.11279171548234	-1.69478414452533
-1.70450819621115	-2.52114737325092	-2.10459480383692	-1.69231108894734
-1.69809651307146	-2.49559074629481	-2.09191417167841	-1.67983207543514
-1.69168482993177	-2.50152539461854	-2.08678401373312	-1.66989947317589
-1.68527314679208	-2.48844138793682	-2.07729445844408	-1.66656378791204
-1.6788614636524	-2.48094304992755	-2.07031754618066	-1.65647968327414
-1.67244978051271	-2.4748989770732	-2.06443467671931	-1.6493937307099
-1.66603809737302	-2.47138521074324	-2.05419298356478	-1.64217090259827
-1.65962641423334	-2.45204292625497	-2.04125881627868	-1.62939927419279
-1.65321473109365	-2.44724893947939	-2.03253366778954	-1.61574143829765
-1.64680304795396	-2.44146768487856	-2.02336886731072	-1.61120388876601
-1.64039136481427	-2.43305731158813	-2.01759511176251	-1.60525396067081
-1.63397968167459	-2.42009661218106	-2.00485546306221	-1.5931746210768
-1.6275679985349	-2.40976315249615	-1.99690245655915	-1.58515277699716
-1.62115631539521	-2.39985926748558	-1.98583822384855	-1.57994280855355
-1.61474463225553	-2.3918672647725	-1.97788118770451	-1.57076658050565
-1.60833294911584	-2.38688589420168	-1.97138339322146	-1.56453751695769
-1.60192126597615	-2.37714846769801	-1.96426977299463	-1.5560055568579
-1.59550958283646	-2.36503774038251	-1.95576392248803	-1.54441924903699
-1.58909789969678	-2.35469350479308	-1.94530833619696	-1.53714128658852
-1.58268621655709	-2.35193740266867	-1.9374336225697	-1.52580035521554
-1.5762745334174	-2.33480650837793	-1.92708753917277	-1.51782235413094
-1.56986285027771	-2.32994875539125	-1.92124017455016	-1.51226172681316
-1.56345116713803	-2.31675212656046	-1.909783958877	-1.49682940542974
-1.55703948399834	-2.30840225468217	-1.90078788035259	-1.49134058489477
-1.55062780085865	-2.29591075471979	-1.88958178776171	-1.47509194505944
-1.54421611771897	-2.29393994678896	-1.88414454009513	-1.47706890736664
-1.53780443457928	-2.28720628013123	-1.87193539317477	-1.46606271546275
-1.53139275143959	-2.27574911390617	-1.8663905969813	-1.4543178514525
-1.5249810682999	-2.26518342297021	-1.85753452993653	-1.45224781049683
-1.51856938516022	-2.25279780956442	-1.848375181655	-1.43701234598839
-1.51215770202053	-2.24185541483271	-1.83543778086961	-1.42404015614254
-1.50574601888084	-2.24308259922092	-1.82899229814422	-1.4210013018261
-1.49933433574116	-2.22710327519053	-1.82084859610003	-1.41352062120652
-1.49292265260147	-2.22292886387511	-1.80896270039001	-1.40314117127283
-1.48651096946178	-2.21591098190698	-1.80198113713752	-1.38944552613337
-1.48009928632209	-2.20284071635135	-1.79476323325424	-1.39115784979449
-1.47368760318241	-2.19141040035653	-1.78588956711183	-1.38410822360547
-1.46727592004272	-2.18353155041332	-1.77697952820781	-1.37419744277979
-1.46086423690303	-2.1682587949283	-1.76465511619249	-1.36903894054788
-1.45445255376335	-2.16167947153585	-1.75721471651332	-1.35171129823875
-1.44804087062366	-2.15863576447184	-1.74835871578877	-1.33944628798237
-1.44162918748397	-2.1424598251724	-1.74052443794095	-1.33019149740052
-1.43521750434428	-2.14046234726427	-1.73166797715775	-1.32081585512028
-1.4288058212046	-2.1356335470357	-1.72213342340613	-1.31089877753063
-1.42239413806491	-2.11310949064388	-1.71285318538742	-1.30568487844626
-1.41598245492522	-2.11299346178406	-1.7028565387655	-1.29018791271215
-1.40957077178554	-2.09847806631575	-1.69850192471682	-1.28864376309252
-1.40315908864585	-2.09417781948393	-1.68997021940276	-1.28567541366901
-1.39674740550616	-2.08641204737016	-1.6789780625987	-1.26836185310134
-1.39033572236647	-2.07950162013565	-1.66866233616664	-1.25781632655251
-1.38392403922679	-2.06212058998057	-1.65550490964398	-1.24546380734761
-1.3775123560871	-2.05770136457576	-1.65202913797761	-1.24916247625479
-1.37110067294741	-2.04854336820092	-1.64134831401046	-1.23664010920556
-1.36468898980772	-2.03216454584592	-1.63665660516884	-1.23314360601958
-1.35827730666804	-2.02946726952966	-1.62304966305219	-1.21996012684303
-1.35186562352835	-2.02323305459936	-1.61603510255993	-1.2059483424212
-1.34545394038866	-2.00906174250465	-1.60785543370226	-1.20528105590589
-1.33904225724898	-2.00229276862727	-1.60000739067898	-1.19069451848505
-1.33263057410929	-1.99600386766145	-1.59018408167091	-1.18799802369883
-1.3262188909696	-1.98723730100275	-1.57923195339179	-1.17615676659774
-1.31980720782991	-1.97411111464292	-1.56865689495138	-1.16583819121946
-1.31339552469023	-1.9703013684437	-1.56194100367208	-1.16044245212767
-1.30698384155054	-1.9529189820577	-1.55296295161588	-1.1508240394741
-1.30057215841085	-1.94332386185331	-1.54542297531233	-1.13688708229648
-1.29416047527117	-1.9344969753008	-1.53474851839617	-1.12876229348851
-1.28774879213148	-1.92831323184358	-1.52791631536245	-1.12473826338757
-1.28133710899179	-1.9184225706928	-1.51579638526387	-1.11744419840021
-1.2749254258521	-1.91810120211758	-1.51079344511682	-1.10673128926826
-1.26851374271242	-1.89761328584174	-1.49732610109078	-1.09426729673904
-1.26210205957273	-1.89788388805612	-1.49032742975868	-1.09160633352136
-1.25569037643304	-1.8892152288903	-1.48490253036939	-1.08212121809617
-1.24927869329336	-1.87447328293844	-1.47496534506657	-1.07477627627909
-1.24286701015367	-1.86977702424158	-1.46377968570811	-1.06078510995674
-1.23645532701398	-1.86122062058099	-1.45677285256918	-1.04964198786948
-1.23004364387429	-1.85527976661743	-1.44500635519765	-1.04824751711525
-1.22363196073461	-1.84029274740672	-1.43743975854825	-1.03751733211169
-1.21722027759492	-1.82487704197774	-1.43082333050624	-1.02383193403085
-1.21080859445523	-1.82107759335666	-1.41924460848615	-1.02543491710582
-1.20439691131554	-1.81090733107408	-1.41062596050584	-1.00837832046133
-1.19798522817586	-1.80769513063504	-1.40158461013075	-1.00564752649812
-1.19157354503617	-1.79057264867964	-1.39467564069523	-1.00013514113146
-1.18516186189648	-1.77921823159915	-1.38364350041197	-0.985877250390539
-1.1787501787568	-1.77923606363311	-1.37596799708045	-0.970224751953261
-1.17233849561711	-1.77041167149285	-1.36700551189998	-0.961012390665734
-1.16592681247742	-1.76185187921403	-1.35913626942011	-0.957552361745275
-1.15951512933773	-1.74932787333126	-1.34722483776204	-0.951813137827332
-1.15310344619805	-1.74276208103662	-1.34081236855496	-0.941652371463602
-1.14669176305836	-1.72719854466975	-1.3317592833079	-0.937501650173212
-1.14028007991867	-1.71143925513889	-1.32083508688783	-0.925229461053775
-1.13386839677899	-1.7112395049455	-1.31286515738699	-0.91673676848743
-1.1274567136393	-1.6995947251351	-1.30594138739164	-0.904182254723708
-1.12104503049961	-1.69622153372233	-1.29732101505476	-0.898043717411494
-1.11463334735992	-1.68673213930379	-1.28866876495411	-0.892442625559295
-1.10822166422024	-1.67523544735267	-1.27700600347323	-0.88392801380735
-1.10180998108055	-1.66532248409788	-1.26584135885643	-0.872496353067365
-1.09539829794086	-1.664654605457	-1.2608508662481	-0.859785355448106
-1.08898661480118	-1.65080832661708	-1.2506353557138	-0.856104186440365
-1.08257493166149	-1.64526040697409	-1.24455932801248	-0.847735600911392
-1.0761632485218	-1.62308589541824	-1.23313345437904	-0.827208623750166
-1.06975156538211	-1.62238513814887	-1.2254924603361	-0.823067720582721
-1.06333988224243	-1.61490491824307	-1.21648990199298	-0.807038574780409
-1.05692819910274	-1.60388901080897	-1.20854231979221	-0.814906284852617
-1.05051651596305	-1.59180264750982	-1.19692569162314	-0.796631117308081
-1.04410483282336	-1.58646500074603	-1.18776742662866	-0.791223892773869
-1.03769314968368	-1.58097362613319	-1.18082904293178	-0.789853489387354
-1.03128146654399	-1.56160371922165	-1.17036071729357	-0.771507298654038
-1.0248697834043	-1.56126264713013	-1.16217396379781	-0.766098822468166
-1.01845810026462	-1.54904581183053	-1.15366296544696	-0.759057843461419
-1.01204641712493	-1.5411182897897	-1.14347953241185	-0.747795024276305
-1.00563473398524	-1.53481561107636	-1.13955494388515	-0.736652716425305
-0.999223050845555	-1.52571017044052	-1.12814647160216	-0.736536474800604
-0.992811367705867	-1.52413540894363	-1.11923504931919	-0.719900517572603
-0.98639968456618	-1.50392206579427	-1.11103260543349	-0.70923173961442
-0.979988001426493	-1.50154319930751	-1.10046227173842	-0.702880200883105
-0.973576318286806	-1.48400126387742	-1.08951351260343	-0.701073051847038
-0.967164635147119	-1.46802487084227	-1.08027758757224	-0.689908769932306
-0.960752952007431	-1.46588111640221	-1.07383096439326	-0.678901683808533
-0.954341268867744	-1.45984230245575	-1.06842806534753	-0.675688582246036
-0.947929585728057	-1.4555440835105	-1.0564013570878	-0.656849659334931
-0.94151790258837	-1.44130414293117	-1.04825500180081	-0.643225048638062
-0.935106219448683	-1.43184144787203	-1.03821846504268	-0.643634977050892
-0.928694536308995	-1.42743706645917	-1.02923711892974	-0.630574563887581
-0.922282853169308	-1.41443798071548	-1.02088403996474	-0.62426358193567
-0.915871170029621	-1.41548899337711	-1.01410514901799	-0.615436821462108
-0.909459486889934	-1.40021731670077	-1.00390748725656	-0.60944891724601
-0.903047803750247	-1.38906669967773	-0.994086131279939	-0.595697684356482
-0.89663612061056	-1.38588647439196	-0.987629802217243	-0.590582949615673
-0.890224437470872	-1.36887764212497	-0.977379304000108	-0.584197789067514
-0.883812754331185	-1.37055221591446	-0.964813454077679	-0.577065361801591
-0.877401071191498	-1.3457562844755	-0.960101903519909	-0.563870213459646
-0.870989388051811	-1.34084692882407	-0.948180917645523	-0.558007588966951
-0.864577704912123	-1.33225032916447	-0.938477392314398	-0.543967452308821
-0.858166021772436	-1.32432555784076	-0.931940451460576	-0.542927035401788
-0.851754338632749	-1.30955801857574	-0.922601545069299	-0.531406427305567
-0.845342655493062	-1.3060414890855	-0.912056576539793	-0.523451090136906
-0.838930972353375	-1.29131380112415	-0.907051929638771	-0.512951818517264
-0.832519289213687	-1.28500542967514	-0.895862498943802	-0.507078609205999
-0.826107606074	-1.28395876115781	-0.88646239614647	-0.49344178334716
-0.819695922934313	-1.2599263384913	-0.878820156643634	-0.487439615353329
-0.813284239794626	-1.25617929004168	-0.869365885729207	-0.472226895377782
-0.806872556654939	-1.25648408921127	-0.865315441442454	-0.466610745436787
-0.800460873515252	-1.24032345906706	-0.850035651318272	-0.460552167412788
-0.794049190375564	-1.23555993038296	-0.841756983008376	-0.454002472047415
-0.787637507235877	-1.22989760812437	-0.83355571517011	-0.437010323336491
-0.78122582409619	-1.21652408360165	-0.822904719801794	-0.428583309675198
-0.774814140956503	-1.2053113139124	-0.816136381610714	-0.4296986683428
-0.768402457816816	-1.19823674831973	-0.808497190543423	-0.418564953021956
-0.761990774677128	-1.18802594342288	-0.799925753285873	-0.409712619659711
-0.755579091537441	-1.17838124613455	-0.789561934146436	-0.402524656854007
-0.749167408397754	-1.17569074676965	-0.781102957656551	-0.391979453016829
-0.742755725258067	-1.16484021657814	-0.772778301994447	-0.378639346699266
-0.73634404211838	-1.15459741545058	-0.760703830946376	-0.368690658418954
-0.729932358978692	-1.1428090641312	-0.754287304176573	-0.368825725365846
-0.723520675839005	-1.13670200168795	-0.744113884721886	-0.355068913812164
-0.717108992699318	-1.12829609401033	-0.737989007831807	-0.349016052857922
-0.710697309559631	-1.11839314370266	-0.729352251938856	-0.338436108120623
-0.704285626419944	-1.10769780137495	-0.71708527859969	-0.327606847651114
-0.697873943280257	-1.09553863100603	-0.709059430199299	-0.318870876235758
-0.691462260140569	-1.08552481260532	-0.698895921737991	-0.317550574451112
-0.685050577000882	-1.08200126943119	-0.690341106043944	-0.301838662427508
-0.678638893861195	-1.07450465075984	-0.683764192516736	-0.294570222806641
-0.672227210721508	-1.06785299821291	-0.677613748056259	-0.288558617547774
-0.66581552758182	-1.05984405604796	-0.668459722733855	-0.275940643152389
-0.659403844442133	-1.03948921421794	-0.656581201644053	-0.273087499345686
-0.652992161302446	-1.03798995531791	-0.650706606592985	-0.261930173927642
-0.646580478162759	-1.0270312455839	-0.638792394023998	-0.25653745863405
-0.640168795023072	-1.02004238283293	-0.63228262195687	-0.239743958901349
-0.633757111883384	-1.01096477472775	-0.621592738944785	-0.234977096264835
-0.627345428743697	-1.00379490882713	-0.614258602992507	-0.227686958356597
-0.62093374560401	-0.995021181225211	-0.601555109422585	-0.210632536792148
-0.614522062464323	-0.982256039589741	-0.594393990651175	-0.204514665056355
-0.608110379324636	-0.978657209099271	-0.58748956970702	-0.19975041251175
-0.601698696184949	-0.956021948149027	-0.576306297615472	-0.195649367982081
-0.595287013045261	-0.953440618878424	-0.567201296828469	-0.177297870534524
-0.588875329905574	-0.945242858155947	-0.558204690532322	-0.171764192800591
-0.582463646765887	-0.944152961609675	-0.545875211162149	-0.168278829472852
-0.5760519636262	-0.925630513962616	-0.538059936371064	-0.153280071482944
-0.569640280486513	-0.917533112066889	-0.531918904647876	-0.147792573463688
-0.563228597346825	-0.910418376553771	-0.523933171828241	-0.135244325401803
-0.556816914207138	-0.89561049409544	-0.514061744895519	-0.132111185750945
-0.550405231067451	-0.890828318310139	-0.507673589812801	-0.121618522542617
-0.543993547927764	-0.87966687707391	-0.494686596101047	-0.111015771186716
-0.537581864788077	-0.873825677683022	-0.486220656856503	-0.102816679793187
-0.531170181648389	-0.865162794737101	-0.480000348802598	-0.09163349590873
-0.524758498508702	-0.857688160176358	-0.467058458723668	-0.0968165662170826
-0.518346815369015	-0.841900580501141	-0.461649211150205	-0.0740075044233368
-0.511935132229328	-0.832498600604473	-0.454925374828593	-0.0684392715510988
-0.505523449089641	-0.82686907952074	-0.442463693174268	-0.0559623236387045
-0.499111765949954	-0.821343545701171	-0.435378470496406	-0.0584037146997658
-0.492700082810266	-0.812405235046631	-0.427689243346174	-0.0420353714794479
-0.486288399670579	-0.802868400608941	-0.417240003485395	-0.0331062187548961
-0.479876716530892	-0.78586209959486	-0.408170117667929	-0.0204110788480359
-0.473465033391205	-0.786863265800803	-0.39920671992802	-0.0155832002485296
-0.467053350251518	-0.776775879413341	-0.392072720679702	-0.00584906562547487
-0.46064166711183	-0.762384359044627	-0.379520886318444	0.00392811016201
-0.454229983972143	-0.756759829677298	-0.372670759985029	0.0135181191322192
-0.447818300832456	-0.748458599237687	-0.364105302089188	0.0223860115576573
-0.441406617692769	-0.733965002415568	-0.352760270730524	0.0300497288170118
-0.434994934553081	-0.731401426781683	-0.347782852301873	0.0405982706275765
-0.428583251413394	-0.724165640264012	-0.334841442270959	0.054882204312581
-0.422171568273707	-0.709121142101051	-0.330043724740025	0.0588893274851714
-0.41575988513402	-0.696956654903236	-0.318056190030425	0.0665245527802943
-0.409348201994333	-0.696145251002414	-0.311082197685709	0.0730313626275265
-0.402936518854646	-0.68530658876646	-0.301075957587785	0.0838120652970272
-0.396524835714958	-0.678446779290556	-0.292870282635531	0.0890133893334348
-0.390113152575271	-0.664545209871701	-0.281435853829712	0.107282187288671
-0.383701469435584	-0.657842564773255	-0.274424356396495	0.108808554266082
-0.377289786295897	-0.654894721647594	-0.263709886209237	0.118135787299755
-0.37087810315621	-0.640997514604912	-0.254445702561918	0.124276291008914
-0.364466420016522	-0.634207380841006	-0.247114495889903	0.130412510602207
-0.358054736876835	-0.625292315636599	-0.23885842021509	0.142841808668698
-0.351643053737148	-0.613419481906953	-0.229085185371714	0.149904031098603
-0.345231370597461	-0.603502841809397	-0.222962996856411	0.154325967976039
-0.338819687457774	-0.591655037565129	-0.211154913162614	0.164822598562558
-0.332408004318086	-0.589139319326321	-0.204288985493839	0.177553662039421
-0.325996321178399	-0.574229447269158	-0.19609835342034	0.190920688730536
-0.319584638038712	-0.572494363850087	-0.186494707858955	0.19707453846008
-0.313172954899025	-0.560536423245155	-0.177466066167929	0.200810051531929
-0.306761271759338	-0.550319146025621	-0.169441147391399	0.211747068769663
-0.300349588619651	-0.542854548523457	-0.156610065928863	0.224054176476385
-0.293937905479963	-0.532109683957165	-0.15141307615457	0.232090308602473
-0.287526222340276	-0.519170151890107	-0.139970339601612	0.239842875555397
-0.281114539200589	-0.511059988051279	-0.130154885644549	0.252568923688312
-0.274702856060902	-0.50884316490541	-0.124523182654858	0.260894216233591
-0.268291172921215	-0.496579668303461	-0.113550198880364	0.270239514254024
-0.261879489781527	-0.486538816865869	-0.105998831192158	0.272060457530067
-0.25546780664184	-0.476777792709952	-0.0976244995522761	0.282595880124576
-0.249056123502153	-0.466535491637374	-0.0878260256030041	0.295383334321277
-0.242644440362466	-0.454022909583362	-0.0788875860305138	0.298486326681773
-0.236232757222778	-0.450102472798979	-0.0692099857031677	0.312439822393703
-0.229821074083091	-0.441663222126225	-0.0613780637337673	0.321802642373472
-0.223409390943404	-0.431387775646605	-0.0509905456505444	0.336092925059973
-0.216997707803717	-0.422121478096866	-0.0453669706452109	0.33550085312509
-0.21058602466403	-0.410097795890075	-0.0324191815623215	0.345666217664053
-0.204174341524343	-0.408985857180995	-0.0257688148303083	0.3507908944696
-0.197762658384655	-0.400822190954922	-0.017793592339065	0.359699056185936
-0.191350975244968	-0.391325036398529	-0.010194318974289	0.369131676952207
-0.184939292105281	-0.379821867222179	0.00212295182918645	0.376871292645905
-0.178527608965594	-0.374619240714765	0.0101668909832045	0.389129461494196
-0.172115925825907	-0.363541713981796	0.0156276707136839	0.394072139017567
-0.165704242686219	-0.353934370851108	0.024663330664933	0.407727516361625
-0.159292559546532	-0.345577628926146	0.0347505669923688	0.413790004911892
-0.152880876406845	-0.338049745480733	0.0439336775917078	0.420299937229098
-0.146469193267158	-0.328082508936651	0.0538986338230914	0.431605645618997
-0.140057510127471	-0.316012188868351	0.0634245090326926	0.438943515849936
-0.133645826987783	-0.308220948537604	0.0719708270285728	0.448802932324864
-0.127234143848096	-0.296347192073098	0.0790496748382978	0.451725851520326
-0.120822460708409	-0.289679029153448	0.0899947829644919	0.46648398298855
-0.114410777568722	-0.283291545321696	0.0978242180571605	0.475697447018178
-0.107999094429035	-0.275407584526065	0.10680684215879	0.482120415551507
-0.101587411289348	-0.267544683285127	0.114548976203072	0.492566299753386
-0.0951757281496604	-0.252995316027397	0.124037990756635	0.508846362432443
-0.0887640450099731	-0.24295821100944	0.132786052541148	0.508184764724541
-0.0823523618702859	-0.237786643433368	0.141086346843195	0.517912693806834
-0.0759406787305987	-0.224062826838176	0.153696531007089	0.528586356870312
-0.0695289955909115	-0.218005647569589	0.161798614526716	0.539420776663683
-0.0631173124512243	-0.20614979603912	0.171730690135963	0.545773752820637
-0.0567056293115371	-0.195256746348491	0.178351549484745	0.551972356275002
-0.0502939461718499	-0.191036309915938	0.185849320345322	0.559264347929272
-0.0438822630321627	-0.177061045369365	0.198702950242299	0.574484963097583
-0.0374705798924755	-0.16771675865093	0.205105235363915	0.58424225713023
-0.0310588967527883	-0.16532130963654	0.214155727381197	0.594226010988765
-0.0246472136131011	-0.15855431216398	0.22385630529425	0.59982352573925
-0.0182355304734139	-0.144239969645968	0.230764495769881	0.611143833072845
-0.0118238473337267	-0.133385406849105	0.243268657553339	0.616210082088033
-0.00541216419403945	-0.126973885406036	0.251678772700133	0.63241166410592
0.000999518945647537	-0.120127202653857	0.256569490737576	0.630324429970751
0.00741120208533474	-0.115368543654277	0.266183183146556	0.642863528389951
0.013822885225022	-0.104867186579384	0.273989551212546	0.65646286498899
0.0202345683647092	-0.088944417088495	0.282693268587613	0.659914023464069
0.0266462515043964	-0.0804850450180647	0.291546546801813	0.664643721258552
0.0330579346440836	-0.0686835328676004	0.304057876000208	0.676436235326591
0.0394696177837708	-0.0674508561696251	0.311262676964382	0.684989575042192
0.045881300923458	-0.0570362245793949	0.322885033332868	0.701331157500217
0.0522929840631452	-0.0416657229322468	0.325531586597385	0.704929823017994
0.0587046672028324	-0.038130335542422	0.336069159746469	0.715182482787394
0.0651163503425196	-0.0272119407164988	0.347215325112979	0.722313654764132
0.0715280334822068	-0.0191558070531455	0.354734085682303	0.728365723277426
0.077939716621894	-0.0060088052074818	0.365084978105763	0.738397028132985
0.0843513997615812	-0.00324060042582646	0.372381139135262	0.748328811959809
0.0907630829012684	0.00648445910248286	0.381693664133262	0.753235410906814
0.0971747660409554	0.0115465159545585	0.391791139886376	0.774066104407186
0.103586449180643	0.0274839359523439	0.402105735834675	0.7718469362659
0.10999813232033	0.0371131616786574	0.40941015456937	0.781581643385098
0.116409815460017	0.0430514312264954	0.418372924966048	0.795453381078952
0.122821498599704	0.0587494329349972	0.429327111583269	0.801302422629243
0.129233181739392	0.0617599541837273	0.436223724720792	0.808119508227609
0.135644864879079	0.070394782000133	0.444106143013498	0.81726212790759
0.142056548018766	0.0785369395234829	0.455283631172789	0.830537850250927
0.148468231158453	0.088263673388305	0.461022629029721	0.836285604579551
0.15487991429814	0.09680213105764	0.47119787020506	0.853556035062039
0.161291597437828	0.107223935053741	0.4812523401884	0.855940853106492
0.167703280577514	0.117786210153303	0.488853753273336	0.865405110467738
0.174114963717202	0.12220009700194	0.495442702773338	0.870424043604659
0.180526646856889	0.129142803965547	0.506602542966042	0.875726069978671
0.186938329996576	0.136203197765174	0.513000109732759	0.88340250327794
0.193350013136263	0.1532750691359	0.525415066340802	0.902125965649711
0.199761696275951	0.160255433423615	0.533662297554769	0.905682359556653
0.206173379415638	0.164929834904471	0.540307077859032	0.916339381438983
0.212585062555325	0.176165922826516	0.551998230702006	0.925971236191515
0.218996745695012	0.187316972313577	0.562056105891668	0.93838806361974
0.2254084288347	0.194195726675623	0.571369578222284	0.937994459862937
0.231820111974387	0.206217096522186	0.579252201614437	0.949557711026336
0.238231795114074	0.217617124876679	0.58570176763775	0.954640718724532
0.244643478253761	0.22432327905645	0.598629512916815	0.969744636889228
0.251055161393448	0.229565459566516	0.603851278289107	0.981124652035818
0.257466844533135	0.240151109957697	0.611922734431416	0.983972066586337
0.263878527672822	0.24568393728702	0.619748595266314	0.9943602723383
0.27029021081251	0.25756758752089	0.630362489711051	0.998144218852634
0.276701893952197	0.27547460311592	0.64312730693941	1.00987160100282
0.283113577091884	0.278800004802534	0.651901322704642	1.02542231205779
0.289525260231571	0.281664655226417	0.658311473142216	1.03395852366503
0.295936943371259	0.299453839689737	0.668381087252577	1.04409694369175
0.302348626510946	0.305278036302504	0.675892777337092	1.04982904653081
0.308760309650633	0.303577649318878	0.683055330374921	1.060351869875
0.31517199279032	0.318324736538038	0.692393683191552	1.0626450960902
0.321583675930007	0.327448057386918	0.704560150690973	1.07929047153133
0.327995359069694	0.335407094999517	0.709200524147866	1.08630915436169
0.334407042209382	0.34403937114396	0.720195568054919	1.08570077646173
0.340818725349069	0.358340296030201	0.731475775409933	1.09870098787496
0.347230408488756	0.368733537566674	0.737239935241908	1.10984375026784
0.353642091628443	0.37005584876691	0.744531544996297	1.12054791640773
0.36005377476813	0.383411948302403	0.753336509430972	1.12476589675671
0.366465457907818	0.392239511839884	0.765924633061361	1.13612223286792
0.372877141047505	0.406122933246641	0.773424312856884	1.14425263062962
0.379288824187192	0.411128845746856	0.77967262659334	1.15468246116582
0.385700507326879	0.414382071867935	0.789164999882658	1.15783549366016
0.392112190466567	0.430468800553964	0.800778851973253	1.17066711084099
0.398523873606254	0.436421786713272	0.809781366233848	1.18564962615143
0.404935556745941	0.445172777996201	0.819594029374857	1.18948766539624
0.411347239885628	0.454876809637229	0.82415650192251	1.19372142990086
0.417758923025315	0.4662208522339	0.830326151059525	1.2063251085923
0.424170606165002	0.473248723536278	0.842817433976916	1.21337935754767
0.43058228930469	0.477165748520716	0.852661355912688	1.22540386072772
0.436993972444377	0.487668320492823	0.861654770456821	1.23695447417706
0.443405655584064	0.503242087061653	0.867708958537737	1.24220702583567
0.449817338723751	0.502121623149287	0.881996474528273	1.25398166533054
0.456229021863438	0.518324279656429	0.889060281183374	1.25676037788225
0.462640705003126	0.522554867117171	0.895668334064237	1.26550049363541
0.469052388142813	0.531874208837598	0.907066291712993	1.28270539783499
0.4754640712825	0.545044724337983	0.916417429482914	1.28892927799377
0.481875754422187	0.559072478670024	0.925637306331796	1.29243010269221
0.488287437561874	0.556700206768415	0.930780374762901	1.30644186812594
0.494699120701561	0.56812611709528	0.940658159722402	1.30899827036905
0.501110803841249	0.583667846369289	0.953786464335808	1.31599613115461
0.507522486980936	0.591457677217567	0.962162672729958	1.33522733872034
0.513934170120623	0.598631801225944	0.963052969212466	1.33457848540127
0.52034585326031	0.608158934577376	0.977965489884392	1.3462139119258
0.526757536399998	0.611149020253129	0.986176046569249	1.35805280791418
0.533169219539685	0.630179603950295	0.993709692230905	1.36037607815274
0.539580902679372	0.636116393570634	1.00515483275645	1.37826921623584
0.545992585819059	0.641850704975449	1.01147585673392	1.37693585541396
0.552404268958747	0.655951946513289	1.02076510915268	1.39500907607281
0.558815952098433	0.663152472589966	1.03216568442269	1.4008768224497
0.56522763523812	0.664457632369204	1.04128068088117	1.40737925084872
0.571639318377808	0.684013707844963	1.05096949474512	1.42297141702528
0.578051001517495	0.683377474336036	1.05641057213239	1.42384124929812
0.584462684657182	0.695195286853677	1.06504334287872	1.4345964123209
0.590874367796869	0.7128383741617	1.07635015073274	1.44363529414277
0.597286050936557	0.710970488587648	1.08171857722974	1.45628055634206
0.603697734076244	0.725163935671701	1.09251154117143	1.46604974124016
0.610109417215931	0.730936512461143	1.10487450315378	1.47446820873729
0.616521100355618	0.735213141367109	1.10796141109413	1.48196811394355
0.622932783495306	0.745091752668539	1.11998483363166	1.48903865035519
0.629344466634993	0.757196061730685	1.12793040853169	1.49356496149717
0.63575614977468	0.761775952577797	1.13554355687437	1.50423637793386
0.642167832914367	0.775048046606989	1.14488120995105	1.51225467639688
0.648579516054054	0.788807411337178	1.15602649107343	1.52238250041635
0.654991199193741	0.79899501682628	1.16134693637621	1.53284492042439
0.661402882333429	0.799074492404976	1.17233774240748	1.54351491742387
0.667814565473116	0.811479298236516	1.18215247481436	1.54860636858936
0.674226248612803	0.824825445688921	1.19202254962687	1.55516651489539
0.68063793175249	0.831404364517575	1.2002187008065	1.56384680723095
0.687049614892177	0.841393849382631	1.20994267949264	1.57170373705093
0.693461298031865	0.851895661772782	1.21898675157588	1.57925478446562
0.699872981171552	0.866094253134131	1.2251441861277	1.60019925143746
0.706284664311239	0.867354350445853	1.23748363030883	1.60216754006709
0.712696347450926	0.87334739232288	1.2444648833574	1.60686897598522
0.719108030590613	0.885675523949051	1.25292115846788	1.62090581420945
0.7255197137303	0.893341035587458	1.26023473773248	1.63869753570099
0.731931396869988	0.904385455758874	1.27184799900075	1.63508527504661
0.738343080009675	0.912333866373867	1.2815942100143	1.65179405949699
0.744754763149362	0.92569828173445	1.29182534179728	1.65161608373767
0.751166446289049	0.930256461034757	1.29680071135314	1.66992850332926
0.757578129428737	0.937897690720903	1.30881571391151	1.67978075279532
0.763989812568424	0.948597010505955	1.31554320603142	1.68362776084635
0.770401495708111	0.950227631932307	1.32547724307487	1.69225075467184
0.776813178847798	0.96611862243314	1.33573028824802	1.69663723848846
0.783224861987485	0.976582883254767	1.3453831283446	1.70884938631019
0.789636545127173	0.980742808002452	1.35101297961687	1.71452671637279
0.79604822826686	0.995328614790138	1.35885205665948	1.72072094371181
0.802459911406547	0.999829748642788	1.36483010135322	1.73423535447908
0.808871594546234	1.00708334365894	1.37699966794633	1.74469192782509
0.815283277685921	1.01702931746051	1.38568563681377	1.75524503285464
0.821694960825608	1.0280551110396	1.39519792026314	1.76584964668735
0.828106643965296	1.03890264238478	1.40520239548623	1.77034799724522
0.834518327104983	1.04571828355713	1.41189740445315	1.77918350205899
0.84093001024467	1.05426690038023	1.42138364042031	1.79373245045626
0.847341693384357	1.06283335084287	1.4316392605982	1.79462667745689
0.853753376524045	1.07415066630535	1.43943123842815	1.80457272321974
0.860165059663732	1.08081184472997	1.44787641922544	1.81788531656532
0.866576742803419	1.08980110404302	1.45626939846029	1.81888940222918
0.872988425943106	1.09696958337993	1.46546722597452	1.83361135122321
0.879400109082793	1.10617022540142	1.47470987175132	1.84187011232179
0.88581179222248	1.11994676696899	1.48203936973438	1.85125626873946
0.892223475362167	1.12677544432832	1.49160251326207	1.85778150333002
0.898635158501855	1.13842008157278	1.50063500687483	1.86578312578849
0.905046841641542	1.14454866150722	1.50921981142249	1.87830350045878
0.911458524781229	1.15285141787222	1.51890219437243	1.88595040523541
0.917870207920916	1.15758393442259	1.52830581847422	1.89343089581462
0.924281891060604	1.17171166900114	1.5357850274417	1.9033335830551
0.930693574200291	1.17132630767862	1.54624217216454	1.91041782063165
0.937105257339978	1.18874444586058	1.55379316683943	1.9242925629308
0.943516940479665	1.20012675928527	1.56206180405857	1.92498313183408
0.949928623619352	1.21185789517416	1.57074080400214	1.9361576612351
0.956340306759039	1.21593099461012	1.58023156833737	1.943385641689
0.962751989898727	1.22117254509121	1.59066994982725	1.95706608722134
0.969163673038414	1.22886882640445	1.59710290020394	1.96010810470354
0.975575356178101	1.24416322037914	1.60668644718885	1.97175299276466
0.981987039317788	1.24988600737879	1.61814684765032	1.98189630420931
0.988398722457475	1.2547700465587	1.62422259046662	1.99192443884513
0.994810405597163	1.27007304266439	1.63502626068877	2.00726447056918
1.00122208873685	1.2839135504106	1.64767352133712	2.01367666073589
1.00763377187654	1.2849388672184	1.65183411961344	2.02120399271008
1.01404545501622	1.29540582102951	1.66118330917327	2.0279293788569
1.02045713815591	1.30517286542989	1.66972604273223	2.03469240671797
1.0268688212956	1.31491078972114	1.67855516472562	2.04304676936102
1.03328050443529	1.32415914279798	1.68964083932315	2.05792271064178
1.03969218757497	1.33630483955728	1.6966857025724	2.05995566716435
1.04610387071466	1.34213215736546	1.70688173725937	2.06926216242045
1.05251555385435	1.35141920343442	1.71509091485491	2.08072281739301
1.05892723699403	1.36341523614025	1.72267508069313	2.07707890321067
1.06533892013372	1.36386666750512	1.7324413351844	2.09615351780836
1.07175060327341	1.37742472892833	1.74139646972371	2.10780762547236
1.0781622864131	1.39130151690679	1.75151230457823	2.12286204842085
1.08457396955278	1.39299802736564	1.76009869611244	2.12597109030605
1.09098565269247	1.40209127674072	1.76857747465572	2.13514641406542
1.09739733583216	1.41141356358831	1.78022553351546	2.14115690331731
1.10380901897185	1.42257823275242	1.78699471851454	2.15082130914888
1.11022070211153	1.42462450500662	1.79359772663373	2.15999982163203
1.11663238525122	1.43587144924065	1.80167626299789	2.16637666962984
1.12304406839091	1.45103285690867	1.81157132128677	2.17833710905723
1.12945575153059	1.45111841370248	1.8211468087729	2.19120614354285
1.13586743467028	1.46277247998237	1.82887099915149	2.19763907978506
1.14227911780997	1.47527659624983	1.83736844980271	2.19683604862618
1.14869080094966	1.48312988176663	1.84363169861911	2.21004178896265
1.15510248408934	1.49284395336598	1.85696841154039	2.21835177433456
1.16151416722903	1.50273095751632	1.86729837830353	2.22797315728823
1.16792585036872	1.50642798616966	1.87478163503312	2.24481592977116
1.1743375335084	1.51910833554885	1.88383899158729	2.25052508241666
1.18074921664809	1.5229220124584	1.89159550123247	2.25408513318621
1.18716089978778	1.53684213510197	1.90065082161997	2.256415174391
1.19357258292747	1.55103246338574	1.9117775169258	2.26764017118765
1.19998426606715	1.55411011835221	1.91985138860417	2.28249561106996
1.20639594920684	1.563693471513	1.92980862329862	2.29089102978829
1.21280763234653	1.56848799094415	1.93204269931649	2.30246741966877
1.21921931548621	1.58018605527019	1.9446907840714	2.31074804067108
1.2256309986259	1.58751301339607	1.95367147450657	2.32217603327114
1.23204268176559	1.6057977054902	1.96384393650713	2.32769493632344
1.23845436490528	1.61056381607915	1.97225662461724	2.34490015666127
1.24486604804496	1.61622045041738	1.97691805864215	2.34422775732916
1.25127773118465	1.6323712241872	1.99254145517828	2.35815523127298
1.25768941432434	1.63829225625172	2.00104882477585	2.36206260802064
1.26410109746402	1.64312889378308	2.00743748968885	2.37003364700146
1.27051278060371	1.65311148418979	2.01802444996798	2.38363480230809
1.2769244637434	1.65743797088882	2.02504712222275	2.39119170620928
1.28333614688309	1.67186835619353	2.03620526913747	2.40137615446071
1.28974783002277	1.67465141169356	2.04492116315476	2.40544952154073
1.29615951316246	1.68896017016498	2.05065048151833	2.42077485670271
1.30257119630215	1.70303704963655	2.06166916409588	2.4212580744316
1.30898287944184	1.71110939775955	2.06984951221479	2.43496472171253
1.31539456258152	1.71622628516748	2.07867606932714	2.44314322550855
1.32180624572121	1.722292233764	2.08704903421415	2.45225999975272
1.3282179288609	1.7385025684068	2.09775707756486	2.46136497209232
1.33462961200058	1.74331544184945	2.10564140056078	2.46775834639946
1.34104129514027	1.74651976161877	2.11528149132677	2.47665854012632
1.34745297827996	1.75637813449662	2.12111147650149	2.48526172917452
1.35386466141965	1.76995586730824	2.13210366615772	2.49941526605244
1.36027634455933	1.78098614441803	2.14323725403137	2.50411921799
1.36668802769902	1.78438087900443	2.14964129476607	2.51911972796394
1.37309971083871	1.78997749166727	2.15859279793147	2.51907703196492
1.37951139397839	1.79703333538565	2.16749097619338	2.53236748474061
1.38592307711808	1.80589811672571	2.17659482676839	2.54357174388074
1.39233476025777	1.81986977548884	2.18392643670597	2.54629142102329
1.39874644339746	1.83779983410415	2.1950204184543	2.55064351971389
1.40515812653714	1.84414918047756	2.20195215744022	2.56521304282015
1.41156980967683	1.84711174952229	2.20988972191044	2.57302165305133
1.41798149281652	1.8552836353016	2.22074690256908	2.57973263297279
1.4243931759562	1.86930775898066	2.22961792487615	2.59383404173256
1.43080485909589	1.88135139395145	2.23662220367559	2.59651836227264
1.43721654223558	1.88705145576766	2.24716291845273	2.60914952776502
1.44362822537527	1.8850939183295	2.25551530811167	2.61192464777246
1.45003990851495	1.89868412520065	2.26474569550742	2.6251160215727
1.45645159165464	1.91322764411873	2.27452796786505	2.63281071560361
1.46286327479433	1.92161028872838	2.28268406854433	2.6432560373968
1.46927495793402	1.92783069774839	2.28986930914149	2.65813814747635
1.4756866410737	1.926827264925	2.29669506932049	2.65759838480866
1.48209832421339	1.94379869685975	2.307927833619	2.66436111286045
1.48851000735308	1.95390405045147	2.31737212138874	2.67617596464402
1.49492169049276	1.96627955468503	2.3241254560185	2.689835589976
1.50133337363245	1.97832969465666	2.33600694639839	2.69838210409753
1.50774505677214	1.97688234076819	2.34620754919448	2.71056509869797
1.51415673991183	1.99503946041629	2.35223725288374	2.71556889948512
1.52056842305151	2.00136269432686	2.36340552146788	2.73024850740948
1.5269801061912	2.01728780713	2.37176785952501	2.73692595822866
1.53339178933089	2.01730018176839	2.38201627201843	2.74665189667807
1.53980347247057	2.02676303308029	2.38772518491127	2.74918101921311
1.54621515561026	2.02732559361951	2.39850873954437	2.76397374253415
1.55262683874995	2.04423818215312	2.40775596598154	2.7685692801325
1.55903852188964	2.04883539333782	2.41455275008949	2.78200448058244
1.56545020502932	2.05772780476478	2.42413386774251	2.79009256497923
1.57186188816901	2.06430799708302	2.4323423391923	2.79062603077943
1.5782735713087	2.07568118469851	2.44257099336816	2.80525179224354
1.58468525444838	2.08842616874651	2.45371117979481	2.81690932637405
1.59109693758807	2.09698931440129	2.46146554984862	2.82332520366043
1.59750862072776	2.10577730451109	2.47042061968306	2.8270635770753
1.60392030386745	2.11784643489932	2.47677762160187	2.83794481303344
1.61033198700713	2.12630806179325	2.48737910695764	2.84773929458728
1.61674367014682	2.12877746778064	2.49838535932047	2.85715121540924
1.62315535328651	2.13993911053169	2.50645595821754	2.86403710517717
1.62956703642619	2.14445670592411	2.51408185423012	2.87956440112411
1.63597871956588	2.16041751932678	2.52242642072724	2.88679142893477
1.64239040270557	2.16005500497719	2.53006208415677	2.89228136218915
1.64880208584526	2.17958077209436	2.54058584804131	2.90165690751033
1.65521376898494	2.18684256164396	2.55163344220187	2.90942906193962
1.66162545212463	2.19289547889807	2.55884575521175	2.92092124031005
1.66803713526432	2.20368305082307	2.56409150418464	2.93177214710761
1.67444881840401	2.20427572068343	2.57584838918718	2.94481150335878
1.68086050154369	2.22542746793007	2.58439063971305	2.94646677511824
1.68727218468338	2.23708861513188	2.59532902781605	2.95947325493618
1.69368386782307	2.24453052661253	2.60471963960447	2.96747579361188
1.70009555096275	2.25308688791331	2.61283795898278	2.97838403460112
1.70650723410244	2.26197813576936	2.62036112712279	2.9886045128533
1.71291891724213	2.26626831302712	2.63023571990594	2.98980657821101
1.71933060038182	2.27648289958536	2.63530119487433	3.00299727639871
1.7257422835215	2.28701840180882	2.64564487716521	3.00605832500925
1.73215396666119	2.29337644542767	2.65560636928656	3.02593726788714
1.73856564980088	2.29773478245884	2.66560621693197	3.02318015167637
1.74497733294056	2.31399138213413	2.67263699337625	3.03491171634185
1.75138901608025	2.32162006500592	2.68177426804332	3.04212794970897
1.75780069921994	2.32950590197528	2.68960490459319	3.04756271874314
1.76421238235963	2.33385819160475	2.69949037947811	3.05810741938236
1.77062406549931	2.35135643573892	2.70964106600037	3.07141088918405
1.777035748639	2.35536793505686	2.71552908922939	3.08058043389065
1.78344743177869	2.36655736447327	2.73021635663351	3.09456835183543
1.78985911491837	2.37529630159509	2.73502937567022	3.09874713844548
1.79627079805806	2.37928988258063	2.74591722893491	3.11009753501534
1.80268248119775	2.38980812902896	2.75154547205181	3.11995785553959
1.80909416433744	2.39163651205346	2.76512899171147	3.12721368611638
1.81550584747712	2.41107130943216	2.76944054897341	3.12846972011441
1.82191753061681	2.41428033530371	2.7785634745748	3.14191248419831
1.8283292137565	2.42535060428857	2.78768564105967	3.1526512641639
1.83474089689618	2.43451023993464	2.79734433203068	3.16461277076934
1.84115258003587	2.44098644365507	2.80667785842599	3.16290852723975
1.84756426317556	2.45277760568441	2.81282265801681	3.17715706661872
1.85397594631525	2.4611805519339	2.8229914716071	3.1840810764417
1.86038762945493	2.46750155928239	2.83179230086221	3.19900769429078
1.86679931259462	2.47805368291487	2.84232648213735	3.20415290100585
1.87321099573431	2.48248818909339	2.8522280300558	3.21347258122048
1.879622678874	2.49399934888587	2.85928409141501	3.22502153283361
1.88603436201368	2.50106810454862	2.86834258546867	3.23154311275649
1.89244604515337	2.5113992952491	2.87820085422168	3.2433682371287
1.89885772829306	2.52316525670158	2.88912084162084	3.25176611790739
1.90526941143274	2.53562028925543	2.89685608983772	3.26522329737917
1.91168109457243	2.53987712677304	2.90673451236714	3.26865973925796
1.91809277771212	2.55171060422372	2.91177378302527	3.27460728249108
1.92450446085181	2.55150988728718	2.91888569408863	3.27858026701799
1.93091614399149	2.56707751905685	2.9313090865806	3.29916822831529
1.93732782713118	2.57368813620151	2.93786919428855	3.30139108838417
1.94373951027087	2.58105394622684	2.95026214282596	3.31348460696052
1.95015119341055	2.59486900508218	2.9548580028797	3.31473663167604
1.95656287655024	2.60452665112041	2.97057416713587	3.32805930733618
1.96297455968993	2.61430398831391	2.97535804151974	3.33823314737735
1.96938624282962	2.61752211800369	2.98389929952687	3.35122047929948
1.9757979259693	2.63225672148803	2.99329588960614	3.35748666149617
1.98220960910899	2.63018761266249	3.0025940105479	3.36763944970416
1.98862129224868	2.64584591563525	3.01153514484567	3.37279950593281
1.99503297538836	2.6570432479114	3.02088262605203	3.38775204155917
2.00144465852805	2.66848919185637	3.03364375516865	3.39714216614026
2.00785634166774	2.67062488617116	3.03796055959181	3.40563447564745
2.01426802480743	2.68217123391081	3.04442166265147	3.41453228870163
2.02067970794711	2.68775872387719	3.05378149199959	3.41737575946265
2.0270913910868	2.70301937266074	3.06588208877426	3.42629870076183
2.03350307422649	2.71244073979643	3.07076827118484	3.43371404912973
2.03991475736618	2.71667820653162	3.0827856267468	3.44393343892311
2.04632644050586	2.72821779417381	3.09109319654554	3.45875043738794
2.05273812364555	2.73803419938262	3.09956250577122	3.46221916127919
2.05914980678524	2.74254486536895	3.109931379727	3.47369825861021
2.06556148992492	2.75661620667869	3.11589347446674	3.4860036471831
2.07197317306461	2.75919534899622	3.12720876667018	3.48908391395759
2.0783848562043	2.77088378758505	3.13543335420217	3.49836253467759
2.08479653934399	2.78437018682448	3.14458240430778	3.5099689946297
2.09120822248367	2.79153781314704	3.15260953790248	3.51535544351872
2.09761990562336	2.79557740164456	3.15830137885543	3.5166495972207
2.10403158876305	2.80829338492933	3.17083494534524	3.53890558695294
2.11044327190273	2.81606855514431	3.17963688501645	3.54113156953037
2.11685495504242	2.82354105714886	3.18716543393592	3.55103297521512
2.12326663818211	2.83074440048463	3.19529689664966	3.56289331235538
2.1296783213218	2.83964355428914	3.20253736192151	3.56863228066412
2.13609000446148	2.85567684044461	3.2177519659287	3.57018109819654
2.14250168760117	2.85799317245536	3.22376462913516	3.58765271231755
2.14891337074086	2.87193831647636	3.23381557586652	3.59802386205132
2.15532505388054	2.87628687904499	3.24452684685038	3.60579034177952
2.16173673702023	2.89353316456822	3.25102886175466	3.60510737891919
2.16814842015992	2.8943387908015	3.25759845861714	3.62620584934689
2.17456010329961	2.90417433450872	3.26802122244006	3.63308433660804
2.18097178643929	2.91499219386498	3.27825261642652	3.64426356601434
2.18738346957898	2.91899684640678	3.28433804184555	3.65186012321848
2.19379515271867	2.93284421840502	3.29431915846567	3.65660215478815
2.20020683585836	2.94071963139345	3.30445793124117	3.66802683019342
2.20661851899804	2.9412176863641	3.30985793433604	3.6827182239112
2.21303020213773	2.95741513296464	3.3209161628706	3.68796352246482
2.21944188527742	2.96754976457058	3.33356890389125	3.69305156994778
2.2258535684171	2.97741990578735	3.33907454000225	3.70293559466051
2.23226525155679	2.98159796249221	3.34960175275883	3.71447330252334
2.23867693469648	2.99449504511819	3.35575123289565	3.71549827330664
2.24508861783617	2.99874136461792	3.36658020824336	3.73313386574431
2.25150030097585	3.01130018016251	3.37554710847037	3.7395402208776
2.25791198411554	3.01889513377736	3.38191935111699	3.74375274496748
2.26432366725523	3.03080988839544	3.3944614444112	3.75636748456082
2.27073535039491	3.03727594554483	3.40168357269174	3.76024252744348
2.2771470335346	3.0483525705682	3.4116150287449	3.78314112435523
2.28355871667429	3.05157459846132	3.41713554136932	3.78294201988852
2.28997039981398	3.06685399699739	3.42538440128974	3.794860321777
2.29638208295366	3.07090901760631	3.43806481753997	3.79912430939326
2.30279376609335	3.08577360902739	3.44527370792952	3.8144027671941
2.30920544923304	3.08972119136152	3.45541790131955	3.82042475633615
2.31561713237272	3.09713305634555	3.46945990277921	3.83213661564543
2.32202881551241	3.10615892637111	3.47468782920172	3.83390194459974
2.3284404986521	3.12264646441795	3.48431720837384	3.85298708954034
2.33485218179179	3.12395451579366	3.49231832169813	3.86119765756922
2.34126386493147	3.13425318089951	3.50214964274351	3.86052944097755
2.34767554807116	3.13334946533054	3.50746280413592	3.87329218025668
2.35408723121085	3.15108610881163	3.5153149160923	3.88242977762922
2.36049891435054	3.15603088629627	3.52464150631942	3.89192483390755
2.36691059749022	3.16968917598747	3.53566880977323	3.89679743477472
2.37332228062991	3.18003858623473	3.54296824199886	3.90642768945399
2.3797339637696	3.1867848200606	3.5540190133233	3.91723038442927
2.38614564690928	3.19698675919802	3.55923410867024	3.92084261891291
2.39255733004897	3.20543434948703	3.57229763940978	3.93740483920453
2.39896901318866	3.21082888501843	3.57809248837327	3.94336281549152
2.40538069632835	3.22468784700084	3.59101686940361	3.95537959705829
2.41179237946803	3.22620212506112	3.59798986379065	3.96199632336639
2.41820406260772	3.23921496261167	3.60154328259486	3.9656254474022
2.42461574574741	3.2477537417844	3.61621465289432	3.98670726516122
2.43102742888709	3.25545522692829	3.62451052836755	3.99498685284436
2.43743911202678	3.26909625030495	3.63429292378901	3.99410047496976
2.44385079516647	3.27678150525599	3.64394553944576	4.01209219828672
2.45026247830616	3.28705747309603	3.65071430134075	4.01578099673672
2.45667416144584	3.29769424951985	3.66097664840483	4.02970635619997
2.46308584458553	3.30310189605542	3.66921604054909	4.03117607207623
2.46949752772522	3.3080677329158	3.67695833327645	4.04754500066548
2.4759092108649	3.32094888468451	3.6867790387184	4.05383163999199
2.48232089400459	3.32756527794344	3.6926686819117	4.06249415167274
2.48873257714428	3.34223544016184	3.70364329023781	4.07102361412228
2.49514426028397	3.34548541833301	3.71102096020195	4.07821422654519
2.50155594342365	3.34776032719247	3.72048686106771	4.08984695937283
2.50796762656334	3.3725183227756	3.73068606792842	4.09603376793453
2.51437930970303	3.37976070273501	3.73786224199046	4.1054965192362
2.52079099284272	3.37498817809739	3.74653789409534	4.11827929531799
2.5272026759824	3.39068019534885	3.75528660333856	4.11904284492537
2.53361435912209	3.4012505841695	3.7664084779845	4.13099438291274
2.54002604226178	3.41277761316386	3.77556640565178	4.14230711423744
2.54643772540146	3.41571548297404	3.78431230412788	4.15917081180942
2.55284940854115	3.4252811899617	3.79285781422807	4.15563785143127
2.55926109168084	3.43067946364944	3.80530412172481	4.16718581450372
2.56567277482052	3.44142891785258	3.80877763891822	4.1743164104844
2.57208445796021	3.44712101255789	3.82009868139762	4.18566034087131
2.5784961410999	3.45673302200713	3.82604355720794	4.19540530831425
2.58490782423959	3.4685424070961	3.83533333224279	4.20429320538895
2.59131950737927	3.47718981555668	3.8454006699364	4.21446061541935
2.59773119051896	3.49253929627546	3.85546329178679	4.22028312436306
2.60414287365865	3.49181629833538	3.86507996713064	4.23200796545789
2.61055455679834	3.50468804439833	3.87350915214946	4.23480782157542
2.61696623993802	3.51679244086014	3.87961349611368	4.25113867586009
2.62337792307771	3.52416538908585	3.8899405048228	4.25415585542695
2.6297896062174	3.52497907871821	3.90091688332637	4.2635372098264
2.63620128935708	3.54545730307744	3.90874696773995	4.26991666561619
2.64261297249677	3.5532222133719	3.91402759975619	4.28976764137331
2.64902465563646	3.55174488268025	3.92832225094838	4.2963236480864
2.65543633877615	3.5666498452147	3.93636626565996	4.30665118159752
2.66184802191583	3.5772785894826	3.94274804480819	4.31155837691626
2.66825970505552	3.58677067071036	3.95256999624344	4.31475903643357
2.67467138819521	3.58461923848127	3.96068646612192	4.3305159798198
2.68108307133489	3.6008810472634	3.96929989710165	4.33794827172062
2.68749475447458	3.61173450434079	3.97799015137247	4.35141565331657
2.69390643761427	3.6185374989708	3.98669321296165	4.35691537853246
2.70031812075396	3.62423295120647	3.99756155950839	4.36705196766753
2.70672980389364	3.64707686775819	4.00498586899589	4.3760810318514
2.71314148703333	3.64606490422774	4.01627627220558	4.37959967631183
2.71955317017302	3.65431091407373	4.0206872371524	4.39029542328344
2.7259648533127	3.6673410562261	4.03352442732277	4.40391085511273
2.73237653645239	3.67249896570474	4.04140495614412	4.40824008544418
2.73878821959208	3.67932619313225	4.05005247981681	4.42101403885523
2.74519990273177	3.69316943485524	4.05962954307847	4.43187025863838
2.75161158587145	3.70034896128507	4.07017935615789	4.44152533768415
2.75802326901114	3.7130752282915	4.07361976422785	4.44296522555362
2.76443495215083	3.71693319499713	4.0892384800964	4.45508804185983
2.77084663529052	3.72516085299453	4.09511750567194	4.46554219753447
2.7772583184302	3.73207843579871	4.10274400856454	4.47628278550019
2.78367000156989	3.75000403593662	4.11373054948373	4.47909230758347
2.79008168470958	3.75232691908169	4.12136374009712	4.49272003925168
2.79649336784926	3.76136632347361	4.12814936753561	4.49590336436533
2.80290505098895	3.77204677995895	4.13717425876335	4.50843421339407
2.80931673412864	3.7776024820744	4.14628389879777	4.51865372868438
2.81572841726833	3.78886122785541	4.15711256544736	4.52706552120724
2.82214010040801	3.79716031673679	4.16572554184049	4.53249780061574
2.8285517835477	3.80409774425859	4.17255793762434	4.54608819631376
2.83496346668739	3.81718693538676	4.18449203183249	4.55658247068439
2.84137514982707	3.820541919336	4.19217762752393	4.56055818402983
2.84778683296676	3.83467906001548	4.20045128639733	4.57512563670864
2.85419851610645	3.83935507018561	4.20984564612209	4.58492402401902
2.86061019924614	3.85252810870864	4.21757969794075	4.59145914752084
2.86702188238582	3.85946056340336	4.22919085370527	4.59682693933632
2.87343356552551	3.86804212930812	4.2367950378432	4.60812093697214
2.8798452486652	3.87939786702617	4.24759391203214	4.61634276568071
2.88625693180488	3.88727340511607	4.25063116871952	4.62488927886959
2.89266861494457	3.89625643813746	4.26407949246008	4.63715543388606
2.89908029808426	3.90303628975216	4.27494770563667	4.63823874701079
2.90549198122395	3.9096547648885	4.28125937152814	4.6505511417002
2.91190366436363	3.92335693348753	4.28975576631057	4.66610348209298
2.91831534750332	3.92409089509986	4.29876420535811	4.66737526570521
2.92472703064301	3.93857197394217	4.30628538903337	4.6820630331605
2.9311387137827	3.94585120135344	4.31704176835975	4.68143859247602
2.93755039692238	3.95486231554544	4.32489225593512	4.69929869381994
2.94396208006207	3.96140610783382	4.33701548454568	4.70761353087777
2.95037376320176	3.96848094370019	4.34093621108529	4.71192227672691
2.95678544634144	3.98223148468505	4.34924416380555	4.71817737312443
2.96319712948113	3.98145965976668	4.35862592468243	4.72553838608714
2.96960881262082	3.99852911490206	4.36985212161909	4.74197702475436
2.97602049576051	4.00084842294102	4.37763907833651	4.74396258662575
2.98243217890019	4.01987850183896	4.38867389478676	4.75621385263139
2.98884386203988	4.02038133328623	4.39662095337069	4.76912080479971
2.99525554517957	4.02631872841247	4.40466755578364	4.77253402190919
3.00166722831925	4.0385640921698	4.41499367606392	4.78394081897556
3.00807891145894	4.05349944135432	4.42241109127992	4.79637690136153
3.01449059459863	4.06644698501023	4.43316197824225	4.80899114659562
3.02090227773832	4.0698118541163	4.44053680495867	4.81265982766822
3.027313960878	4.08393147018921	4.44974582716591	4.82281990302919
3.03372564401769	4.08054826000064	4.459574872291	4.8276998174116
3.04013732715738	4.09458666698343	4.46559372547497	4.83986220210801
3.04654901029706	4.10023987007678	4.47426670297028	4.84304707862799
3.05296069343675	4.1114842762129	4.48384101061373	4.85762996946788
3.05937237657644	4.12401598212207	4.49201503004035	4.86363966523711
3.06578405971613	4.13665486771879	4.50418440299181	4.87477655787192
3.07219574285581	4.14180184240003	4.51462009729286	4.88427446041148
3.0786074259955	4.14045501207924	4.51764340582584	4.89117257628988
3.08501910913519	4.15700536528326	4.52877456421631	4.8958858349235
3.09143079227488	4.16562325424979	4.53892650654626	4.90789914602451
3.09784247541456	4.17663155087113	4.54669830144517	4.91951743542431
3.10425415855425	4.18813350797101	4.55663584110085	4.92858542457849
3.11066584169394	4.18966078906479	4.56361213335197	4.93688091825218
3.11707752483362	4.20110044962851	4.57453381402408	4.95060811234078
3.12348920797331	4.20899406713554	4.58219120743722	4.9534620257261
3.129900891113	4.2143423880164	4.59165835027518	4.96655186576392
3.13631257425269	4.23105044058685	4.60408016279494	4.97487079085234
3.14272425739237	4.23900155193602	4.60831964282997	4.98328556549259
3.14913594053206	4.24502855665233	4.61729269666793	4.98690854546079
3.15554762367175	4.2561184025077	4.63006213806346	5.00383604361081
3.16195930681143	4.25944051409528	4.63776572899698	5.0134790262474
3.16837098995112	4.27219971529569	4.64724859863504	5.01488169362434
3.17478267309081	4.28580073578717	4.65361601565749	5.02617171849657
3.1811943562305	4.29429509720488	4.66572553723267	5.03760947042409
3.18760603937018	4.29625367166243	4.67262212058418	5.04806615319541
3.19401772250987	4.30946758550731	4.67854112539466	5.05293214412013
3.20042940564956	4.31660936703665	4.68739019775067	5.06330847769452
3.20684108878924	4.32594033110235	4.69779881583561	5.06993946772963
3.21325277192893	4.33310820843623	4.70623227103037	5.07982209948725
3.21966445506862	4.34313787239755	4.71279269104823	5.09287864503874
3.22607613820831	4.34994660466206	4.72202129089221	5.09697274876528
3.23248782134799	4.36017714336565	4.73342597694276	5.10442497452927
3.23889950448768	4.36135304719105	4.74420972023711	5.11654948568555
3.24531118762737	4.37771841287853	4.75205222193237	5.12368248344614
3.25172287076705	4.39066439525192	4.76160627471707	5.13196971372056
3.25813455390674	4.39107006424457	4.76759843569064	5.15083378081949
3.26454623704643	4.40639314100356	4.77787133148443	5.15255531965698
3.27095792018612	4.41070571709359	4.78722568119876	5.16580546805183
3.2773696033258	4.42447696381713	4.79582739188808	5.17330487188423
3.28378128646549	4.43576053088958	4.8079761777632	5.17811533978386
3.29019296960518	4.43990317051747	4.81171423124896	5.18884832487082
3.29660465274487	4.44444114567586	4.82233033633061	5.20041378667286
3.30301633588455	4.45381222958495	4.8321137977144	5.20054992853948
3.30942801902424	4.46165134008165	4.84146791141884	5.21283299374818
3.31583970216393	4.46884156656409	4.84949377881162	5.22647268597577
3.32225138530361	4.4839994416277	4.86056156063308	5.23527855415906
3.3286630684433	4.49312881949099	4.87058545322356	5.24537231672492
3.33507475158299	4.49587183443084	4.87525816567541	5.25300820828056
3.34148643472268	4.50745035734071	4.88614454562305	5.26180603702768
3.34789811786236	4.51878318906681	4.89486733328483	5.26935124129534
3.35430980100205	4.52834692096635	4.90333968797814	5.27634675376804
3.36072148414174	4.53512117334008	4.91042275228923	5.28929107144331
3.36713316728142	4.54662168229712	4.92198800772211	5.30030470930032
3.37354485042111	4.55196563720888	4.92704742933971	5.30714359805773
3.3799565335608	4.55866887773978	4.94000148911558	5.31936563936457
3.38636821670049	4.56571537003695	4.94711945326234	5.32188018642562
3.39277989984017	4.58152597246918	4.95706833228093	5.33146466903953
3.39919158297986	4.58434136296517	4.96505704067043	5.34641763406148
3.40560326611955	4.59694121882735	4.9711184762092	5.34366957750144
3.41201494925923	4.60104347023109	4.98430485964356	5.35854063108309
3.41842663239892	4.61294578608822	4.99263031624116	5.37409082131535
3.42483831553861	4.62564507430609	5.00235014767418	5.37749899765635
3.4312499986783	4.63611846863206	5.01297404721552	5.38681232725901
3.43766168181798	4.64211201109966	5.017248089278	5.39571738485991
3.44407336495767	4.64684945141	5.02630455661856	5.40726189102595
3.45048504809736	4.65416771518136	5.03638210929749	5.40904880832531
3.45689673123705	4.67269067779989	5.04476277701556	5.42116261829961
3.46330841437673	4.67263554184288	5.05259564651757	5.43060444558633
3.46972009751642	4.68703649641898	5.06361253967386	5.43809217978923
3.47613178065611	4.68992144766136	5.06689505507986	5.45049387578907
3.48254346379579	4.69853743076834	5.08034010233788	5.46103948989086
3.48895514693548	4.71058171168486	5.09149704628514	5.46952361886929
3.49536683007517	4.72240758693952	5.09954284717006	5.47528818911933
3.50177851321486	4.73427770714368	5.10771417189456	5.48185991698124
3.50819019635454	4.73901561358778	5.1156770881142	5.49212228274617
3.51460187949423	4.74689819871213	5.12542419172288	5.50175758702875
3.52101356263392	4.75841500551737	5.13309935667816	5.51417956632826
3.5274252457736	4.76242963687458	5.14584875836719	5.52401131168672
3.53383692891329	4.76633983131914	5.14964785457094	5.52824883689449
3.54024861205298	4.78161454041651	5.15592595224011	5.53287778068945
3.54666029519267	4.79332225470879	5.16882825538455	5.54591557474876
3.55307197833235	4.79746915426092	5.17813522755946	5.55308485212692
3.55948366147204	4.80622345936702	5.18769724078052	5.56717710396904
3.56589534461173	4.81535671254068	5.19542403214133	5.57798501867685
3.57230702775141	4.82293878663158	5.2059095547744	5.57916297644236
3.5787187108911	4.83703056174868	5.21137725200191	5.59520298749058
3.58513039403079	4.84178951217812	5.21917163267002	5.5979368753947
3.59154207717048	4.84957763741892	5.23104672728562	5.60868484645872
3.59795376031016	4.86326891622798	5.23865962526088	5.62167632746763
3.60436544344985	4.87011320969188	5.24731044762714	5.62538646610866
3.61077712658954	4.87587403334257	5.25817457827818	5.63466424229629
3.61718880972923	4.88921550842878	5.26651405458252	5.64736253550636
3.62360049286891	4.89544797458128	5.27392462674907	5.65547885609743
3.6300121760086	4.90386162507328	5.28546523409252	5.65751420456821
3.63642385914829	4.91432470313658	5.29239717071163	5.67500037763764
3.64283554228797	4.92590377876965	5.30351918634192	5.68133027233522
3.64924722542766	4.92676301426667	5.3120724004678	5.69313875562188
3.65565890856735	4.94314312480977	5.31913995133276	5.70063907816729
3.66207059170703	4.95030084512713	5.32930682231794	5.7146107231542
3.66848227484672	4.9591430047279	5.33852700786038	5.71594403102341
3.67489395798641	4.96382827597723	5.34691072779824	5.72322406581468
3.6813056411261	4.97933423607326	5.3586230502017	5.74204712321995
3.68771732426578	4.98364192776785	5.36583696230948	5.74969788710889
3.69412900740547	4.99161757457949	5.37217267019211	5.7525574299068
3.70054069054516	5.00462364411291	5.38477802321163	5.76077993878139
3.70695237368485	5.00834013573578	5.39150072259287	5.77788261195048
3.71336405682453	5.02112751075989	5.39842716423839	5.77853993040913
3.71977573996422	5.03339568790102	5.41037162306768	5.78598995040566
3.72618742310391	5.03383212626392	5.41535232983803	5.79739610964862
3.73259910624359	5.04730984357953	5.42773049926386	5.8105131585487
3.73901078938328	5.05489424547175	5.43556624792032	5.81941945834016
3.74542247252297	5.06183494973121	5.44337414515066	5.83670371690275
3.75183415566266	5.06562305423772	5.45379555116552	5.83567089106823
3.75824583880234	5.08057197031687	5.46266213488805	5.84967117923601
3.76465752194203	5.09168063289619	5.47599119715426	5.85400895079406
3.77106920508172	5.10255519060912	5.48218389246111	5.86020249493316
3.77748088822141	5.10757974283529	5.48754156230086	5.86752340493671
3.78389257136109	5.11285400080131	5.49458640616156	5.874671791914
3.79030425450078	5.12964329731091	5.50442357158619	5.88695834023554
3.79671593764047	5.13301414329201	5.51783787219854	5.90127409246776
3.80312762078015	5.13342615993197	5.52462404420447	5.91481761645722
3.80953930391984	5.1440431764319	5.53302372795311	5.92434672410106
3.81595098705953	5.15992753427369	5.54260095186599	5.93078972157249
3.82236267019921	5.16175848828337	5.54951278334197	5.93144545127734
3.8287743533389	5.17381669973814	5.56087090416316	5.94375128914742
3.83518603647859	5.18703672416756	5.56688782185721	5.94771991497659
3.84159771961828	5.19112661289861	5.57731350702987	5.96522073258008
3.84800940275796	5.20113711536887	5.58670223170049	5.97307671818198
3.85442108589765	5.21211342121129	5.59364171005059	5.97918076818937
3.86083276903734	5.21838025130196	5.60298356450162	5.98983135245104
3.86724445217703	5.22577027335577	5.61295977990087	5.99378866064417
3.87365613531671	5.2311546492875	5.62173430737734	6.00835114731531
3.8800678184564	5.24544970700324	5.63126069662147	6.00908807457597
3.88647950159609	5.25611891456045	5.64210059492259	6.0291685634358
3.89289118473577	5.26041754359496	5.64643052582297	6.03413191920396
3.89930286787546	5.26968599048032	5.65606746974945	6.04489953752125
3.90571455101515	5.27837076431023	5.66455053429662	6.05158301449905
3.91212623415484	5.29315362224288	5.67343036223313	6.06028071042075
3.91853791729452	5.30131472938106	5.68330499558891	6.07179714684802
3.92494960043421	5.3030320555715	5.69355536081152	6.07654249284887
3.9313612835739	5.31609730515868	5.70418877619042	6.08125582539486
3.93777296671359	5.32191627250476	5.71243882101332	6.09348123091766
3.94418464985327	5.33448825746251	5.7181996391086	6.11175358052092
3.95059633299296	5.33681368551737	5.72600515587853	6.11059837361342
3.95700801613265	5.35281225150964	5.74035489903745	6.12870417707907
3.96341969927233	5.36176198801665	5.74489917456922	6.12737099132603
3.96983138241202	5.36666845604186	5.75705940062907	6.15173315519115
3.97624306555171	5.37647093074731	5.76335192211287	6.15126915207794
3.98265474869139	5.39053990035699	5.77251037539676	6.16672315909833
3.98906643183108	5.39770260334993	5.78033563476658	6.17177629692898
3.99547811497077	5.4079335627836	5.79371379132537	6.18411667701929
4.00188979811046	5.41426957380476	5.79963182755651	6.19335027547249
4.00830148125014	5.41662873628554	5.808645948525	6.19885840123927
4.01471316438983	5.42623520566197	5.81480371412654	6.20496245437018
4.02112484752952	5.44296762543857	5.82646641661639	6.21669638001972
4.02753653066921	5.44763756344966	5.83481216417943	6.2227285776468
4.03394821380889	5.45938530742267	5.84111521688458	6.23203310504859
4.04035989694858	5.46976580374634	5.85087159673473	6.24012813233389
4.04677158008827	5.47607633146358	5.86033337350688	6.25225516692238
4.05318326322795	5.48096385713017	5.86832998855075	6.25992955391218
4.05959494636764	5.49269382463168	5.87868977083708	6.26832068601593
4.06600662950733	5.50541751762103	5.88468871586671	6.27143205775419
4.07241831264701	5.50634081827629	5.89578265856827	6.28933712712922
4.0788299957867	5.51783510376372	5.90629433266172	6.29267733537958
4.08524167892639	5.52297751057535	5.91663070237714	6.30979207184807
4.09165336206608	5.53615380355846	5.92209335744905	6.31181055671755
4.09806504520576	5.54965939259121	5.93134660386309	6.32052503303201
4.10447672834545	5.54533162596663	5.939501304932	6.33408729179418
4.11088841148514	5.56396415306783	5.95075588881096	6.34281917730358
4.11730009462483	5.56909274239644	5.96165323631458	6.35181754157468
4.12371177776451	5.57680715104893	5.96718000148099	6.35443797006086
4.1301234609042	5.58551068381622	5.97627977205209	6.37102820853771
4.13653514404389	5.5935772985929	5.98658930024556	6.37625777562834
4.14294682718358	5.6057117319325	5.99356332245621	6.38507313608632
4.14935851032326	5.614350603214	6.00623424898265	6.39537077283196
4.15577019346295	5.62247882392348	6.01431838345368	6.40542104870699
4.16218187660264	5.63097899272264	6.02302038336588	6.41066945986182
4.16859355974232	5.63969820984488	6.02886241083588	6.42109379723628
4.17500524288201	5.64199842808736	6.0395795115887	6.4317259022989
4.1814169260217	5.65011596047658	6.04567667305476	6.43425923216696
4.18782860916139	5.66466053444707	6.05584433633565	6.44604233097751
4.19424029230107	5.67006269179762	6.06466227456408	6.46066195470776
4.20065197544076	5.68096231765915	6.07307662384899	6.47212936689809
4.20706365858045	5.68582442887611	6.0818291914817	6.47543529766639
4.21347534172013	5.69834796064883	6.09481965220273	6.48845641260118
4.21988702485982	5.70237775914797	6.09961690859619	6.49218181399435
4.22629870799951	5.71614487005194	6.11207465731624	6.50356317029221
4.23271039113919	5.72956052379058	6.11902085876549	6.50799583011906
4.23912207427888	5.73206250982542	6.12566639860979	6.51954571202985
4.24553375741857	5.74417840789113	6.14002765609585	6.5295938616753
4.25194544055826	5.75031016746048	6.14325207952873	6.54196135511425
4.25835712369794	5.76271681034737	6.15368718770882	6.55042115719863
4.26476880683763	5.77128707725053	6.1643863920168	6.55506391719107
4.27118048997732	5.77277424166664	6.17246744968107	6.56309048485516
4.27759217311701	5.79104922766426	6.17912892215778	6.57052944291354
4.28400385625669	5.7999574208577	6.19289374012519	6.57815674981381
4.29041553939638	5.80316631026661	6.19880700201438	6.59180616394313
4.29682722253607	5.81185993771052	6.20839794197895	6.61209583921514
4.30323890567576	5.82226030450021	6.21791831988122	6.61036523611322
4.30965058881544	5.83557233180295	6.22853252635674	6.61443018431102
4.31606227195513	5.83756822318235	6.23583672868292	6.62993557088235
4.32247395509482	5.8496342156296	6.24155263500068	6.63332496827771
4.3288856382345	5.85631622795793	6.25036596046293	6.65218151488692
4.33529732137419	5.87050947389899	6.2650789891399	6.6539991418356
4.34170900451388	5.87941864112465	6.27389948031727	6.65985049717796
4.34812068765357	5.88500515296035	6.28082121865986	6.67480616072053
4.35453237079325	5.89730528237005	6.28730498002277	6.67999018069809
4.36094405393294	5.90231813706969	6.2998327514551	6.6976000954471
4.36735573707263	5.90814334227478	6.30667924095687	6.70260117568566
4.37376742021231	5.91797468192994	6.31489873893053	6.71040219770151
4.380179103352	5.93068972637855	6.32413108103329	6.71492746408449
4.38659078649169	5.93572920712726	6.33190194314528	6.72437506219351
4.39300246963137	5.93900235698291	6.3413796445594	6.73421119599781
4.39941415277106	5.95560408898408	6.35226203214851	6.74818577804108
4.40582583591075	5.96994697207175	6.36050158555387	6.75772955460501
4.41223751905044	5.97160126674958	6.36640591634443	6.76063641385365
4.41864920219012	5.97620452337906	6.37557012591043	6.77117090855475
4.42506088532981	5.9840032608315	6.38345415359696	6.77336773381481
4.4314725684695	5.99938200235974	6.39418568001977	6.79024788902159
4.43788425160919	6.00630184458536	6.4017947150663	6.79703316595051
4.44429593474887	6.01163887297194	6.41240967737752	6.80322897211181
4.45070761788856	6.02296411151554	6.42016371119033	6.81421371881651
4.45711930102825	6.03033899785226	6.4275587768147	6.82223052027803
4.46353098416794	6.04410764118727	6.43864643140391	6.83510217208034
4.46994266730762	6.05256710378179	6.44989840315609	6.84695552204632
4.47635435044731	6.05316581832626	6.45535897581197	6.85559986767016
4.482766033587	6.07206284344671	6.46815934305542	6.86065779486627
4.48917771672668	6.07187524489255	6.47414180855663	6.87642430515782
4.49558939986637	6.08843329786964	6.48168443349006	6.88079062846135
4.50200108300606	6.10189024264497	6.48960589352278	6.88976197658801
