"mitochan"	"lwrNorm"	"medNorm"	"uprNorm"
-1.90327037354145	-4.82683072649545	-3.67735844792105	-2.52691030628858
-1.89675012620563	-4.81794177358167	-3.66350935506347	-2.52279242132831
-1.89022987886982	-4.80360253414885	-3.64659707082896	-2.50437735493995
-1.88370963153401	-4.79019900282555	-3.63641731211624	-2.4980403734138
-1.87718938419819	-4.77002128094504	-3.62449727525192	-2.47962398136797
-1.87066913686238	-4.75745971291604	-3.61134586286912	-2.47890744936384
-1.86414888952656	-4.74241853948075	-3.59626002715024	-2.46773205071634
-1.85762864219075	-4.72375750498468	-3.58365675890635	-2.45705576487486
-1.85110839485494	-4.70343009794761	-3.57472304210756	-2.44573392655644
-1.84458814751912	-4.67935063090807	-3.55829092289774	-2.43278506591806
-1.83806790018331	-4.68335751828706	-3.5431343826709	-2.42883212629973
-1.83154765284749	-4.6652075744852	-3.53152616053922	-2.41164462340583
-1.82502740551168	-4.64332008278748	-3.51498446092229	-2.40177349282291
-1.81850715817587	-4.63227065467197	-3.50990269373942	-2.39902127221356
-1.81198691084005	-4.6126708298821	-3.49106992052762	-2.39210392172928
-1.80546666350424	-4.60129096514336	-3.48104094390543	-2.38510348334356
-1.79894641616842	-4.57458902699313	-3.46732454431477	-2.3618090245942
-1.79242616883261	-4.56450675626446	-3.45355874686435	-2.33767113325848
-1.7859059214968	-4.54209702921344	-3.44216017419869	-2.35898037374208
-1.77938567416098	-4.5349091848014	-3.42720726359812	-2.34244910387571
-1.77286542682517	-4.49802212942281	-3.41693308478743	-2.31588660277728
-1.76634517948935	-4.50799033120188	-3.40280142749863	-2.30353028144773
-1.75982493215354	-4.48173438237272	-3.38260320527927	-2.30699510232151
-1.75330468481773	-4.4527272982874	-3.37592628112756	-2.2928379870825
-1.74678443748191	-4.45543761188768	-3.35910371840296	-2.28298649459474
-1.7402641901461	-4.43306622697771	-3.34589653288924	-2.28185773636925
-1.73374394281028	-4.42577971338506	-3.33766116292691	-2.25963277149253
-1.72722369547447	-4.40155301478917	-3.32429841181795	-2.24561584605534
-1.72070344813866	-4.39467898476646	-3.31049059075256	-2.23916377581792
-1.71418320080284	-4.37336417594138	-3.30526022992568	-2.23033624030443
-1.70766295346703	-4.3575495867007	-3.28951634048357	-2.22399917518272
-1.70114270613121	-4.34976696944638	-3.27057708417418	-2.20693481320793
-1.6946224587954	-4.33842949062238	-3.25821875712072	-2.20110382551513
-1.68810221145959	-4.30259145194222	-3.24794680572647	-2.19145543467121
-1.68158196412377	-4.2860148501626	-3.23166214074206	-2.17369819710876
-1.67506171678796	-4.27957403517606	-3.21792314681682	-2.16306497383634
-1.66854146945214	-4.25450361800392	-3.20601047134039	-2.15689932416019
-1.66202122211633	-4.24087164861153	-3.19035404732341	-2.14999200325802
-1.65550097478052	-4.23963254486345	-3.18028784353182	-2.12154758986985
-1.6489807274447	-4.22534856130766	-3.16048048478615	-2.1238796205978
-1.64246048010889	-4.20913378026381	-3.1528022119773	-2.10769054803488
-1.63594023277307	-4.18637133313891	-3.14119205605625	-2.10779699865233
-1.62941998543726	-4.17631170191241	-3.12590242027332	-2.08557532147353
-1.62289973810144	-4.15759394501943	-3.11187947468024	-2.07915607402338
-1.61637949076563	-4.12871373055563	-3.0959807999106	-2.07424635692412
-1.60985924342982	-4.12684904978479	-3.08610727709793	-2.0472713009263
-1.603338996094	-4.09850128080796	-3.07422299769833	-2.05764677978767
-1.59681874875819	-4.10656565663928	-3.0598159884245	-2.03999818189205
-1.59029850142237	-4.08660896150459	-3.04495137364982	-2.02847569065798
-1.58377825408656	-4.06554541795468	-3.03543815588879	-2.00815527492487
-1.57725800675075	-4.03359619072217	-3.01990777396346	-1.99871242790349
-1.57073775941493	-4.02424168710625	-3.01286725472425	-1.9896840937697
-1.56421751207912	-4.00355230600067	-2.99656016725323	-1.97559679578546
-1.5576972647433	-4.00441075693796	-2.9874114898359	-1.98412201731629
-1.55117701740749	-3.97989016775162	-2.97523307092	-1.96251853003021
-1.54465677007168	-3.97337262435481	-2.95467754753172	-1.95738442812719
-1.53813652273586	-3.9663083570075	-2.94075857397356	-1.94454836799456
-1.53161627540005	-3.9329577480808	-2.9276011168673	-1.93203793439416
-1.52509602806423	-3.92837917837749	-2.92155737591141	-1.90979940176037
-1.51857578072842	-3.91433534444297	-2.90518307740198	-1.90647266772756
-1.51205553339261	-3.89270316155716	-2.88937763516459	-1.897777739195
-1.50553528605679	-3.87939749543084	-2.87788342824488	-1.89584208279077
-1.49901503872098	-3.85353498388698	-2.86412095183979	-1.89225842120945
-1.49249479138516	-3.84130251929644	-2.85244720250674	-1.86901782829703
-1.48597454404935	-3.84384016865216	-2.83737279764397	-1.85043555011109
-1.47945429671354	-3.80702309981233	-2.82571058415039	-1.84832771910849
-1.47293404937772	-3.79944467416065	-2.81221231822911	-1.828015626101
-1.46641380204191	-3.77704654240435	-2.80286568171227	-1.82320586725932
-1.45989355470609	-3.77080583774454	-2.78261273469127	-1.82017527185538
-1.45337330737028	-3.7562585839351	-2.77331592928534	-1.79263599053691
-1.44685306003447	-3.71888526093921	-2.75806489962502	-1.79930698777591
-1.44033281269865	-3.73140287498325	-2.74626830456521	-1.7829505169456
-1.43381256536284	-3.70229560211374	-2.73494226718076	-1.77612738902263
-1.42729231802702	-3.69052615056158	-2.71914318602458	-1.74643204211456
-1.42077207069121	-3.6857531018677	-2.7091688285252	-1.73416991057079
-1.4142518233554	-3.65924368856946	-2.69462689965655	-1.73736150778545
-1.40773157601958	-3.64354432656806	-2.68304497042301	-1.73483085914367
-1.40121132868377	-3.62811292105878	-2.66864067231517	-1.71013356462141
-1.39469108134795	-3.61449611202875	-2.65443624601022	-1.7050928047539
-1.38817083401214	-3.59638286526339	-2.64043217579714	-1.6894175166727
-1.38165058667633	-3.58374044168829	-2.62947145996418	-1.68105891970337
-1.37513033934051	-3.56993949676442	-2.61570418129473	-1.67254958212374
-1.3686100920047	-3.55241554737966	-2.60363122952762	-1.66969394130798
-1.36208984466888	-3.54533238941401	-2.59385028134173	-1.64134498031866
-1.35556959733307	-3.52472934476117	-2.57887553341755	-1.64337167483911
-1.34904934999725	-3.50450267724641	-2.56407102281032	-1.62020203540651
-1.34252910266144	-3.48366383914185	-2.54752220118951	-1.61898032265066
-1.33600885532563	-3.47534249644346	-2.53841395319233	-1.60590109637873
-1.32948860798981	-3.45672817596692	-2.52662118213563	-1.60117716358889
-1.322968360654	-3.43793179078343	-2.51563602647213	-1.57912923023445
-1.31644811331818	-3.42698890545685	-2.49900767667238	-1.57297512754061
-1.30992786598237	-3.40852675384054	-2.48516037274232	-1.56407559125586
-1.30340761864656	-3.39774717662009	-2.47392730785813	-1.55923032621049
-1.29688737131074	-3.38893890176627	-2.46377986670801	-1.53677804759802
-1.29036712397493	-3.36082767617909	-2.44765733476281	-1.5477988811567
-1.28384687663911	-3.35498517299449	-2.43396812447869	-1.52160864940025
-1.2773266293033	-3.33912563486651	-2.41950348276054	-1.52243475495533
-1.27080638196749	-3.30848962312749	-2.40806184795472	-1.49414232028142
-1.26428613463167	-3.32098214576534	-2.39316960253316	-1.50242072248204
-1.25776588729586	-3.28650467956275	-2.38391294137339	-1.47750167701316
-1.25124563996004	-3.26463425359562	-2.36261364994592	-1.4632993432272
-1.24472539262423	-3.26525423883164	-2.35363513501189	-1.44859766333479
-1.23820514528842	-3.25116948320964	-2.34433576249308	-1.4571995455413
-1.2316848979526	-3.22805649106799	-2.328645567791	-1.43363327725835
-1.22516465061679	-3.21165959537334	-2.31617143812007	-1.42012759621348
-1.21864440328097	-3.1978553637252	-2.30032928481169	-1.41267746575068
-1.21212415594516	-3.18695381740732	-2.28864786466181	-1.39702342874688
-1.20560390860935	-3.17441128846218	-2.27806290916227	-1.39324170172989
-1.19908366127353	-3.15264119438234	-2.2677953025105	-1.38721779011507
-1.19256341393772	-3.13112762462093	-2.24817945814717	-1.38363326403794
-1.1860431666019	-3.12128266141612	-2.23814620680942	-1.3522533160571
-1.17952291926609	-3.10774529852638	-2.22146431985171	-1.34423485451236
-1.17300267193028	-3.08903600566942	-2.20960583947463	-1.3414137539673
-1.16648242459446	-3.08528490269256	-2.19521102552277	-1.32641962006804
-1.15996217725865	-3.0652573436544	-2.1859593694864	-1.31888445147821
-1.15344192992283	-3.05504709622457	-2.17039828325844	-1.29447651783335
-1.14692168258702	-3.02234509062054	-2.16483743067669	-1.29989236920394
-1.14040143525121	-3.02025566337486	-2.14711894853204	-1.28362664262188
-1.13388118791539	-3.00205378274004	-2.13357735557033	-1.27029453875792
-1.12736094057958	-2.98507877026691	-2.11884766080956	-1.25905656334149
-1.12084069324376	-2.98054936635611	-2.10564988881258	-1.24561261303242
-1.11432044590795	-2.95217273786044	-2.09398671556458	-1.23411141891905
-1.10780019857214	-2.94946378925713	-2.08186630152799	-1.22013907756034
-1.10127995123632	-2.92190480014021	-2.06178994611043	-1.21363748046462
-1.09475970390051	-2.9044626319183	-2.05223168745543	-1.19940047300108
-1.08823945656469	-2.90408723337148	-2.03823438552401	-1.18809059486656
-1.08171920922888	-2.878663299832	-2.02633923477715	-1.18746284756322
-1.07519896189307	-2.85543765742568	-2.01690403188079	-1.16841203532162
-1.06867871455725	-2.8508548141552	-2.0029171230675	-1.15955802918889
-1.06215846722144	-2.82477805539617	-1.98823710839661	-1.14515024957064
-1.05563821988562	-2.81717048044047	-1.97682389381559	-1.14289781834739
-1.04911797254981	-2.81808212400697	-1.9600542582185	-1.12430627744889
-1.04259772521399	-2.79474972894213	-1.94748383620482	-1.10587308551995
-1.03607747787818	-2.78720260213928	-1.93049533495189	-1.1008027271946
-1.02955723054237	-2.75707338625628	-1.92130115408361	-1.09247066815922
-1.02303698320655	-2.74172337488691	-1.91060846873848	-1.07342638476137
-1.01651673587074	-2.73442869645553	-1.89745431700348	-1.06409179151459
-1.00999648853492	-2.70476810316538	-1.88358130967753	-1.06105685110193
-1.00347624119911	-2.69259530523966	-1.87240749823731	-1.05091055157519
-0.996955993863296	-2.68870827077937	-1.85713533823001	-1.04004905709868
-0.990435746527482	-2.66631916200252	-1.84865108386438	-1.01730035563906
-0.983915499191668	-2.64712856020055	-1.82744541349021	-1.00935045355247
-0.977395251855854	-2.64654076591278	-1.81667167211909	-1.00215214381879
-0.97087500452004	-2.62199598253425	-1.80079003605344	-0.988913534750805
-0.964354757184226	-2.60168636486913	-1.79587113672528	-0.983251725180773
-0.957834509848412	-2.59806548510667	-1.78033291626879	-0.972491479086754
-0.951314262512598	-2.58426368733123	-1.76191145696011	-0.959468256075702
-0.944794015176784	-2.5539084977136	-1.75271612390468	-0.950852892106175
-0.93827376784097	-2.55049344573342	-1.74354732098119	-0.933566635821451
-0.931753520505156	-2.54000283383935	-1.7238205624634	-0.937277790784311
-0.925233273169342	-2.51268280935366	-1.71121912316302	-0.914787192868246
-0.918713025833528	-2.49969452249304	-1.70049979238144	-0.907595373085536
-0.912192778497714	-2.49322765849028	-1.68892184292662	-0.889763567708162
-0.9056725311619	-2.46925446255025	-1.6715963412401	-0.870348267550061
-0.899152283826086	-2.46285083582389	-1.65768442181376	-0.868779773856716
-0.892632036490272	-2.44445035732652	-1.647516717214	-0.847142509172675
-0.886111789154458	-2.43268352822049	-1.63355342097024	-0.839827159061086
-0.879591541818644	-2.41063113358589	-1.624246441208	-0.841126134790634
-0.87307129448283	-2.40315204316205	-1.60687681619628	-0.816682425942185
-0.866551047147015	-2.38209677693955	-1.59384398116895	-0.817144800956978
-0.860030799811201	-2.36661797261008	-1.58493451008463	-0.797345000851487
-0.853510552475387	-2.35285057586832	-1.57218385384201	-0.789997744084668
-0.846990305139573	-2.33034404305783	-1.5546803596639	-0.775530371590174
-0.840470057803759	-2.324510870787	-1.54397125608351	-0.775758026832749
-0.833949810467945	-2.31895335344894	-1.53060524960914	-0.748783188904549
-0.827429563132131	-2.30217082224993	-1.5200186516562	-0.743156141613196
-0.820909315796317	-2.27950765973793	-1.50004466021731	-0.733307954104033
-0.814389068460503	-2.27110220536358	-1.48906576258271	-0.72432075288367
-0.807868821124689	-2.2548781073946	-1.47459659556737	-0.704287438672028
-0.801348573788875	-2.24213577256806	-1.46601039570316	-0.69954764420101
-0.794828326453061	-2.23225941274701	-1.45221088883348	-0.674562390304379
-0.788308079117247	-2.20916440066904	-1.44072518161422	-0.682185848782871
-0.781787831781433	-2.19363700128096	-1.42384951339745	-0.662672709797006
-0.775267584445619	-2.17219746925452	-1.40912876088257	-0.650335306358224
-0.768747337109805	-2.17201973328229	-1.39677680809964	-0.638308115325159
-0.762227089773991	-2.15028902435822	-1.38806678517097	-0.629166848503035
-0.755706842438177	-2.13571806729753	-1.37236126905514	-0.612089784655015
-0.749186595102363	-2.12350622467966	-1.35982316086428	-0.597243704164251
-0.742666347766549	-2.10423134391375	-1.34464965318011	-0.59008071274903
-0.736146100430735	-2.0861240072352	-1.33191941552462	-0.577723594026346
-0.72962585309492	-2.07153305452445	-1.31815372170216	-0.569078040864747
-0.723105605759107	-2.05866667323562	-1.30879070391136	-0.555393310562603
-0.716585358423292	-2.04490352871795	-1.2920637240511	-0.542817465419944
-0.710065111087478	-2.03761882287032	-1.2796770385557	-0.539499217537013
-0.703544863751664	-2.02133635408202	-1.26232795436434	-0.524089032387056
-0.69702461641585	-2.01005615477435	-1.25542575186565	-0.511510013812062
-0.690504369080036	-1.99507608080528	-1.24130998016853	-0.497319280187472
-0.683984121744222	-1.97945926931689	-1.23009261700434	-0.481555929504821
-0.677463874408408	-1.95521520548792	-1.21463959644928	-0.468229895898947
-0.670943627072594	-1.94821748974272	-1.20381256135401	-0.461589021880119
-0.66442337973678	-1.92817498031339	-1.18958685759344	-0.453589835832101
-0.657903132400966	-1.91156080274879	-1.17928887068761	-0.435328564714091
-0.651382885065152	-1.90433150670928	-1.16466404323108	-0.430609992463336
-0.644862637729338	-1.89831210616737	-1.15214146114352	-0.41917980374696
-0.638342390393524	-1.87330052287855	-1.13687976636832	-0.401319775781602
-0.63182214305771	-1.85104253940003	-1.12327172674974	-0.402812042590221
-0.625301895721896	-1.84507484698015	-1.10914838564764	-0.384353097274663
-0.618781648386082	-1.83119179424183	-1.09911138555332	-0.372977394276394
-0.612261401050268	-1.81263588274782	-1.08743952341961	-0.360287732982466
-0.605741153714454	-1.79935349578565	-1.0720147399895	-0.349136106181863
-0.59922090637864	-1.78604774976546	-1.06687529661946	-0.329941887025614
-0.592700659042826	-1.77572287212087	-1.04456556016211	-0.331784171677653
-0.586180411707012	-1.76347118281448	-1.03441002246489	-0.321127268976249
-0.579660164371197	-1.74934031225445	-1.02184114246325	-0.305306233692278
-0.573139917035383	-1.72884279868582	-1.00607668761152	-0.294740252165505
-0.566619669699569	-1.71636356056372	-0.995521278266973	-0.287757605884694
-0.560099422363755	-1.70332538665643	-0.985688367998802	-0.261209318707591
-0.553579175027941	-1.67405579997652	-0.965704331451299	-0.248172045673267
-0.547058927692127	-1.67322078164143	-0.957381711809948	-0.243945795615501
-0.540538680356313	-1.65603752967758	-0.941634169554614	-0.229374930452798
-0.534018433020499	-1.6523866577258	-0.927893315345034	-0.208595540498208
-0.527498185684685	-1.63556117799079	-0.912972327828065	-0.215796849915806
-0.520977938348871	-1.6019200380789	-0.901782917198019	-0.196974151041895
-0.514457691013057	-1.59883844926401	-0.887638315718507	-0.177274766586135
-0.507937443677243	-1.58429366645286	-0.875789274279594	-0.163122895728768
-0.501417196341429	-1.57876128231133	-0.864974136595027	-0.163421111672854
-0.494896949005615	-1.5516281283221	-0.846710500456856	-0.1358867496798
-0.488376701669801	-1.53831644343733	-0.832089628628977	-0.127909389491984
-0.481856454333987	-1.53603594697936	-0.825824235096014	-0.131269878125149
-0.475336206998173	-1.5119542637789	-0.810448819007163	-0.100402138788896
-0.468815959662359	-1.49204674196585	-0.797667621824736	-0.0950374485976254
-0.462295712326545	-1.48749537115715	-0.782119432282138	-0.0778996053320413
-0.455775464990731	-1.47243930600578	-0.773688281655716	-0.0802599595259737
-0.449255217654916	-1.4521035791678	-0.760837833750157	-0.05428857623841
-0.442734970319103	-1.43998362778229	-0.746505870701067	-0.041773985481256
-0.436214722983288	-1.43541469514801	-0.731531495298345	-0.0456438796671038
-0.429694475647474	-1.4115431456913	-0.716643062850934	-0.0304846258225909
-0.42317422831166	-1.4046470239027	-0.709885400943941	-0.0167431354497412
-0.416653980975846	-1.38503693628035	-0.693242498317028	-0.00475990786206425
-0.410133733640032	-1.37942512147588	-0.682413960431514	0.0106278226557525
-0.403613486304218	-1.3548920389061	-0.663623469620323	0.0307190864618665
-0.397093238968404	-1.34852496145268	-0.653747675360651	0.0348715517855028
-0.39057299163259	-1.31998463079878	-0.639433767897401	0.0451403737741628
-0.384052744296776	-1.31606355231769	-0.624000745482637	0.0513702283446375
-0.377532496960962	-1.30132650347968	-0.615507960484492	0.0731261177667881
-0.371012249625148	-1.28824138976853	-0.596056737112785	0.0772902629429956
-0.364492002289334	-1.2863073830371	-0.58446187930963	0.0976415492479779
-0.35797175495352	-1.26810584877239	-0.575089908385084	0.106135709297928
-0.351451507617706	-1.24595075367728	-0.559356524295407	0.127754736847603
-0.344931260281892	-1.24167587108031	-0.552294451510241	0.132958087999125
-0.338411012946078	-1.22392011941474	-0.537898503622803	0.147365350853513
-0.331890765610264	-1.20774585748282	-0.524608744924342	0.15225419248254
-0.32537051827445	-1.19008383327463	-0.506071551294007	0.178183085908479
-0.318850270938636	-1.17931814099859	-0.496095655027033	0.177987719297577
-0.312330023602821	-1.15090046852814	-0.484284552051308	0.188426894813445
-0.305809776267008	-1.14996417860446	-0.473129409113339	0.211211131227372
-0.299289528931193	-1.14964040696572	-0.45667820760766	0.225084624340876
-0.292769281595379	-1.12127732680797	-0.443448824321047	0.228796079144608
-0.286249034259565	-1.11774979637262	-0.428880958497128	0.244163691415912
-0.279728786923751	-1.09394163570026	-0.421555148209928	0.259755007602439
-0.273208539587937	-1.08864398346933	-0.404807715673009	0.266343946527803
-0.266688292252123	-1.07568687609242	-0.389223871235882	0.28001464768098
-0.260168044916309	-1.05680633023781	-0.377445062720441	0.301395402211561
-0.253647797580495	-1.04405984972272	-0.366390097130971	0.30471946243328
-0.247127550244681	-1.03109108791781	-0.352292083014069	0.325113077103724
-0.240607302908867	-1.01903270734996	-0.334939637727863	0.334659572673775
-0.234087055573053	-0.993547699486986	-0.325689098484835	0.345746864863773
-0.227566808237239	-0.992081781252849	-0.311303706874708	0.36229464202817
-0.221046560901425	-0.97087206385703	-0.299006772088013	0.382910885259583
-0.214526313565611	-0.96354785842378	-0.285733435898628	0.382322619921208
-0.208006066229797	-0.953210355594044	-0.274289119965006	0.389392354110241
-0.201485818893983	-0.937242946120943	-0.261851319021782	0.400013178289415
-0.194965571558169	-0.921094323161778	-0.249392314927062	0.422008357092769
-0.188445324222355	-0.910171150483859	-0.233268921386947	0.442406665916263
-0.181925076886541	-0.898455875702955	-0.219573252793525	0.438985294907859
-0.175404829550727	-0.873624374845787	-0.207526148158607	0.449781901363973
-0.168884582214913	-0.86819457190049	-0.1938030656029	0.474477530173244
-0.162364334879098	-0.854761602564517	-0.181785388103988	0.485218634674867
-0.155844087543284	-0.844084245398114	-0.169144824954643	0.499988567818397
-0.14932384020747	-0.83138981299589	-0.157058698559061	0.51581507960234
-0.142803592871656	-0.805939626612569	-0.144029350218949	0.518123901952761
-0.136283345535842	-0.790676375867594	-0.131164286006957	0.534823245284174
-0.129763098200028	-0.796754110346319	-0.120735267412265	0.549789825511604
-0.123242850864214	-0.787308275023388	-0.102697927000721	0.56849099685935
-0.1167226035284	-0.7647734197796	-0.0920546516432519	0.574488051325575
-0.110202356192586	-0.739213591644981	-0.0771339945933173	0.579922732192763
-0.103682108856772	-0.73720968996679	-0.0674962868967846	0.598206962352586
-0.097161861520958	-0.711647801666442	-0.053602046007313	0.618356294902497
-0.090641614185144	-0.706227462071408	-0.0386171236582709	0.619535832152435
-0.0841213668493299	-0.694719698216154	-0.0241299804220443	0.641971303865945
-0.0776011195135158	-0.680220373569913	-0.0112124600736046	0.643854915112285
-0.0710808721777019	-0.658145021334222	0.00167244555236607	0.65674590545567
-0.0645606248418877	-0.658588490894627	0.0133685695547813	0.679471083743616
-0.0580403775060738	-0.634095121263378	0.0237436979045777	0.701201202826706
-0.0515201301702597	-0.620745776982421	0.040765312556631	0.704390750783402
-0.0449998828344456	-0.619444741729494	0.0535138831873925	0.717901695380466
-0.0384796354986316	-0.597268778936692	0.0648149055267041	0.727163364514444
-0.0319593881628175	-0.58295383600656	0.0806180568123144	0.743518956790317
-0.0254391408270034	-0.571745318030911	0.0900480304877828	0.748887617919164
-0.0189188934911895	-0.566338019972161	0.104647352105348	0.76862514735141
-0.0123986461553753	-0.551808477037638	0.120309020001986	0.789395439026098
-0.00587839881956143	-0.53576896227043	0.131830904555872	0.803633503659351
0.000641848516252708	-0.515787871054993	0.143869384781096	0.808829358878508
0.00716209585206684	-0.505192758436809	0.156414336483462	0.824473815255279
0.0136823431878808	-0.498595228987858	0.168145423675662	0.834651150328107
0.0202025905236949	-0.47570495288226	0.187059914070019	0.855850842630598
0.0267228378595088	-0.475389038268061	0.192942056317012	0.85238008776452
0.0332430851953229	-0.45641240391203	0.206052554826739	0.874266031349535
0.0397633325311371	-0.444541611877716	0.222788147811195	0.885801837030753
0.046283579866951	-0.428584284869933	0.236127817176133	0.905826157157164
0.0528038272027651	-0.407707203416109	0.250248145532126	0.913603291090794
0.059324074538579	-0.404272918612021	0.26162248424644	0.921769843207897
0.0658443218743932	-0.393317354753683	0.275342438543168	0.946020805858716
0.0723645692102073	-0.373292071505063	0.290098640773181	0.952894666511842
0.0788848165460212	-0.369403219694143	0.299197552751916	0.970015607315016
0.0854050638818353	-0.355562586251269	0.31582590861348	0.982228345607921
0.0919253112176492	-0.334325263574827	0.328395222728327	0.987959888217067
0.0984455585534634	-0.329795489655103	0.33560010498912	1.00023673539591
0.104965805889278	-0.31051594175373	0.351759383306392	1.00987901267311
0.111486053225092	-0.297824712368434	0.36301381298063	1.02828747078866
0.118006300560905	-0.290370291946284	0.380741304175376	1.04464257235491
0.124526547896719	-0.270842283404177	0.39533558039186	1.05922278576219
0.131046795232534	-0.264622185708404	0.406069948837235	1.06568156692403
0.137567042568348	-0.258013304671105	0.418823101337187	1.08951827003083
0.144087289904162	-0.238658144945854	0.432441152985012	1.10214759999088
0.150607537239976	-0.227898262061893	0.443216685215211	1.10815477167545
0.15712778457579	-0.210070290307449	0.457462960789424	1.12851635266634
0.163648031911604	-0.207081995383398	0.471189867779625	1.13878178663118
0.170168279247418	-0.189664494512254	0.485537753047887	1.15507733480667
0.176688526583232	-0.185807831685633	0.495829841905764	1.16027179891419
0.183208773919046	-0.165077528927086	0.507962339606737	1.1797712685993
0.18972902125486	-0.149090564533808	0.525165998202752	1.19225880653649
0.196249268590674	-0.136063065733968	0.539394487328107	1.21580390553019
0.202769515926488	-0.120565636393889	0.549932954220142	1.22277711019904
0.209289763262302	-0.10952545264835	0.564142475033016	1.23756139166989
0.215810010598116	-0.100383399936587	0.575298173622158	1.25441516036215
0.22233025793393	-0.0793114456163264	0.591284888338942	1.25884256755982
0.228850505269744	-0.0738651477154065	0.601526794018475	1.26962993910604
0.235370752605558	-0.0640996841639171	0.614928810333478	1.29261141336007
0.241890999941373	-0.0577246685856709	0.630956345111745	1.30251811071591
0.248411247277187	-0.0321364160878153	0.642179404856102	1.30997181047535
0.254931494613	-0.0263993452066979	0.657131277755544	1.33146008838198
0.261451741948814	-0.0129571520673413	0.668892624521662	1.35207572528469
0.267971989284629	-0.0114944544372547	0.679863832957504	1.36154374135807
0.274492236620443	0.0128610927448474	0.698477911522861	1.37842232778221
0.281012483956257	0.033254552449762	0.707637629068881	1.38224226054367
0.287532731292071	0.0337936222579364	0.719533507156582	1.40357264267786
0.294052978627885	0.0482986249847934	0.732390835075632	1.40855669747891
0.300573225963699	0.0659144397025645	0.746026101451961	1.42108359906459
0.307093473299513	0.0753622575908156	0.7624411695541	1.43073541315482
0.313613720635327	0.0862866343142829	0.773260835934908	1.45673580694458
0.320133967971141	0.0992903668093111	0.785723499236099	1.47041825224875
0.326654215306955	0.117555337472175	0.800671171047194	1.47366831130675
0.333174462642769	0.127975242489329	0.812123183636182	1.48150025184827
0.339694709978583	0.13784144230076	0.824161069733606	1.5101971721436
0.346214957314397	0.13130905821467	0.838441622627015	1.52757882492878
0.352735204650211	0.159680822391724	0.848684100652379	1.53673470803362
0.359255451986025	0.174609399565101	0.864659269085668	1.55247099163935
0.365775699321839	0.191619329579184	0.879206696117182	1.56869858289297
0.372295946657653	0.202017404225574	0.890629060394812	1.57918771197081
0.378816193993468	0.207700692923012	0.900362774581866	1.59843083178459
0.385336441329281	0.224299809690387	0.912684908637263	1.61511375689187
0.391856688665095	0.241898322738077	0.926942793974133	1.61199874532764
0.39837693600091	0.25287893239535	0.942763100325487	1.6438372414035
0.404897183336724	0.257658722534386	0.959175357364816	1.64306489613283
0.411417430672538	0.265296421412945	0.968382960517547	1.66588933603311
0.417937678008351	0.281281488150497	0.980628416085371	1.6857595319561
0.424457925344166	0.301741934276708	0.997938104650302	1.68559890705907
0.43097817267998	0.313718758003119	1.00917203971012	1.70331377841998
0.437498420015794	0.319288019315052	1.01949047217188	1.72385631949218
0.444018667351608	0.327982090311095	1.03108390879172	1.73158980177076
0.450538914687422	0.355832475600453	1.04403145808706	1.74148883744719
0.457059162023236	0.358194102929764	1.06129969753288	1.75725437914308
0.46357940935905	0.380836853395375	1.07128523786901	1.78011432129496
0.470099656694864	0.378842849693172	1.08508051204761	1.78747045138954
0.476619904030678	0.393832370438902	1.10048424210502	1.80338438522028
0.483140151366492	0.397913463342856	1.11251108716067	1.81646749630137
0.489660398702306	0.413973795782312	1.12627560850422	1.84225173768613
0.49618064603812	0.425719926638581	1.13651232216497	1.83665449837756
0.502700893373934	0.437658155708131	1.1536034668823	1.86153898890295
0.509221140709748	0.44655039294824	1.16581404584002	1.87428071961477
0.515741388045563	0.4555605700554	1.17520266970412	1.89147767513124
0.522261635381376	0.479470137231771	1.18952494835728	1.90308664165438
0.52878188271719	0.487119512118245	1.2007647954231	1.92735314465793
0.535302130053005	0.492103711789882	1.21922692547886	1.93834747364769
0.541822377388819	0.516074120373612	1.23338338905441	1.9502245564893
0.548342624724633	0.514372950920225	1.24342198931333	1.96385052011237
0.554862872060446	0.534993248831751	1.25671775205278	1.96955698316617
0.561383119396261	0.543049318603205	1.27169918371587	1.99346506263814
0.567903366732075	0.547582056328206	1.27583553243505	2.011444609653
0.574423614067889	0.570352386375166	1.2944516595594	2.01497131162088
0.580943861403703	0.575464506423303	1.30715688965731	2.03866726624412
0.587464108739517	0.593625719623989	1.32179068346816	2.04543020681174
0.593984356075331	0.597472535078868	1.33341317702472	2.06278174913812
0.600504603411145	0.617546098216484	1.34998757071635	2.07535138316295
0.607024850746959	0.621140023744344	1.35994410424349	2.08760343968006
0.613545098082773	0.626731182850582	1.37578591432658	2.10332501778678
0.620065345418587	0.646408212226962	1.38937538663654	2.12115673450329
0.626585592754401	0.666950286002134	1.39968503083003	2.13163293915504
0.633105840090215	0.677509099435856	1.41468245339116	2.15658536574256
0.639626087426029	0.68376131058013	1.42511296327247	2.17449741432979
0.646146334761843	0.702006183508984	1.43725686083183	2.17590747740205
0.652666582097657	0.705224921435352	1.45405010448464	2.19222030698323
0.659186829433471	0.717316806889811	1.46701984017484	2.20728698373581
0.665707076769285	0.73047059744886	1.48206715242259	2.21818685167525
0.6722273241051	0.740671583405824	1.49076095243333	2.22968074009642
0.678747571440914	0.746841279033083	1.50855746253066	2.24943759126802
0.685267818776727	0.765264632990689	1.51622991205661	2.26674445869337
0.691788066112542	0.769493765487729	1.53023793744376	2.28439382753002
0.698308313448356	0.794405681861144	1.54529845087048	2.29322893638248
0.70482856078417	0.798466542246152	1.55527034649854	2.3117365518602
0.711348808119984	0.813584302064308	1.56943890999075	2.32046715300275
0.717869055455798	0.819128337668191	1.58267767990559	2.33871491109248
0.724389302791612	0.833348448374614	1.59808536616683	2.36184234192342
0.730909550127426	0.852673227207895	1.61257652777376	2.3686019805776
0.73742979746324	0.853511651780936	1.62044079388962	2.38715985423499
0.743950044799054	0.870862368100745	1.63760138268464	2.40012112355693
0.750470292134868	0.882415209301427	1.64463700599427	2.41133303422741
0.756990539470682	0.880590481222136	1.66122035679896	2.42646400220871
0.763510786806496	0.909279187227976	1.67362774069392	2.45194197084212
0.77003103414231	0.913402546931434	1.68918570278049	2.46117640021777
0.776551281478124	0.935839733027044	1.70001111286264	2.47115864000551
0.783071528813938	0.940805418663009	1.70891437748166	2.49147459105247
0.789591776149752	0.953363383816498	1.72926067669399	2.49728480919781
0.796112023485566	0.974826299083951	1.74392583742785	2.52391572771892
0.80263227082138	0.970758051764219	1.75134677411222	2.53272601931155
0.809152518157195	0.985097685911409	1.76857091924675	2.55735434634183
0.815672765493009	0.988050255399286	1.78028068496254	2.55926202930337
0.822193012828822	1.01265962972483	1.79016165414121	2.58761323308966
0.828713260164637	1.01618816775799	1.8032635667329	2.59074742957667
0.835233507500451	1.02851707878669	1.81383467695186	2.59614443229614
0.841753754836265	1.04601565463371	1.83084289542531	2.6285667251387
0.848274002172079	1.05238388564043	1.84494476611222	2.63847343751658
0.854794249507893	1.05800740122146	1.85871389418388	2.64923109892388
0.861314496843707	1.06761586765855	1.87089367027217	2.66582425615828
0.867834744179521	1.08372741776828	1.88278577130388	2.67541406314008
0.874354991515335	1.09870726441116	1.89342396275011	2.69110638912585
0.880875238851149	1.12162344561488	1.911330333526	2.70570937471147
0.887395486186963	1.12259508408879	1.92426699040855	2.72274564779932
0.893915733522777	1.13978149405379	1.93826530644863	2.74113261801559
0.900435980858591	1.14365212844548	1.94762481393302	2.76012601751347
0.906956228194405	1.15338874476967	1.95999113661573	2.76771985472365
0.913476475530219	1.17233418700556	1.97824813594588	2.78392755363077
0.919996722866033	1.17704102727651	1.99003193434937	2.79125217534836
0.926516970201847	1.18979068632213	2.0055418889136	2.80974525908568
0.933037217537661	1.202086010613	2.01732095851307	2.82086277838661
0.939557464873475	1.21397140046063	2.03115067722583	2.83449269974236
0.94607771220929	1.21665187376054	2.04591114294851	2.8595277160973
0.952597959545103	1.22634082505228	2.0537997370438	2.87399551145372
0.959118206880917	1.24408960599708	2.06729545739216	2.87891168499901
0.965638454216732	1.25726503936061	2.080138565789	2.89742523624287
0.972158701552546	1.26243697934961	2.09652582977022	2.924801932291
0.97867894888836	1.28474787673874	2.10520942511222	2.92489567395551
0.985199196224174	1.28099255105257	2.12201421352419	2.95195158989794
0.991719443559988	1.29163705473621	2.13109910615719	2.95884862631067
0.998239690895802	1.31285667016318	2.14806213595682	2.97445952313844
1.00475993823162	1.32425292185808	2.15884239430165	2.9905951149302
1.01128018556743	1.33317865612068	2.17503411820926	3.01250067240554
1.01780043290324	1.34841183203525	2.18696231205976	3.02356700173098
1.02432068023906	1.33977256251774	2.20212618178654	3.04755476096397
1.03084092757487	1.37017165842726	2.21192740149949	3.05306771946266
1.03736117491069	1.38591094161762	2.22740735973488	3.06175773156799
1.0438814222465	1.39292220843628	2.23911632469395	3.08179796019396
1.05040166958231	1.4032717216096	2.25548138086079	3.10967765779409
1.05692191691813	1.41396784268093	2.26150747222577	3.1208051071255
1.06344216425394	1.42431360416632	2.27608700738664	3.13232857861582
1.06996241158976	1.44293578053092	2.28751223317855	3.14576201591255
1.07648265892557	1.44150644040549	2.3008757467007	3.15755866431904
1.08300290626138	1.44252699757003	2.31168609068945	3.180578598697
1.0895231535972	1.47147588026897	2.33000727882068	3.17952837013524
1.09604340093301	1.47415297087788	2.34516978620002	3.20945922138379
1.10256364826883	1.48467148942904	2.35597196413248	3.2213452819877
1.10908389560464	1.4990636448372	2.36323058152189	3.2446687367314
1.11560414294045	1.51664877382179	2.38363416224376	3.26184520052003
1.12212439027627	1.50992859687997	2.39782725062158	3.26692674072343
1.12864463761208	1.54034548854141	2.404747045735	3.28772525370247
1.1351648849479	1.53438990961846	2.41946405705291	3.29850593119655
1.14168513228371	1.55435770169277	2.43323780063636	3.32521892672778
1.14820537961953	1.57311478893021	2.44694848904869	3.32175976747369
1.15472562695534	1.58377943260464	2.45903719854832	3.35619652903764
1.16124587429115	1.58759145889932	2.46764655629883	3.35038217581086
1.16776612162697	1.5977429515075	2.48841050022705	3.37172548617122
1.17428636896278	1.6075831959465	2.49771721445079	3.39146184333119
1.1808066162986	1.61126158129957	2.51299248098202	3.4034332012764
1.18732686363441	1.62011761838428	2.53080059841073	3.43844493503879
1.19384711097022	1.64465210179017	2.53633482448277	3.43763239469182
1.20036735830604	1.65693389663825	2.55167417982404	3.44894641553005
1.20688760564185	1.66096849253291	2.56288395027565	3.45742256431956
1.21340785297767	1.67113268479493	2.57595292541137	3.48793808422833
1.21992810031348	1.68265145304813	2.59383487538293	3.49235951530141
1.22644834764929	1.68721796893416	2.60608260890593	3.50274128410829
1.23296859498511	1.70495869345825	2.61741040638998	3.52246730760771
1.23948884232092	1.72127937948394	2.62900458209243	3.54690294444156
1.24600908965674	1.73167663578546	2.64483019997039	3.56283750053839
1.25252933699255	1.75209247915323	2.65598399278536	3.57368960369423
1.25904958432836	1.74559579180205	2.66768782885592	3.58398678249212
1.26556983166418	1.75746392115464	2.67887414267755	3.60361226410051
1.27209007899999	1.77288855345409	2.69125639564001	3.62546623871403
1.27861032633581	1.78187751502079	2.71349964779339	3.63652127361869
1.28513057367162	1.79124261285617	2.72192708702459	3.64760258367585
1.29165082100743	1.80611605772193	2.73581132652195	3.66244613117673
1.29817106834325	1.8053538244872	2.74608878329588	3.68584469380679
1.30469131567906	1.82382526943137	2.76334975176815	3.69742833570446
1.31121156301488	1.83636600795708	2.77820533811032	3.71134957054257
1.31773181035069	1.85220339347727	2.7916940930336	3.72778939986065
1.3242520576865	1.84937864530549	2.80299762105015	3.74621850443011
1.33077230502232	1.85984748748704	2.81176435386876	3.75826447245003
1.33729255235813	1.86813105277658	2.82616990902947	3.77073323850657
1.34381279969395	1.89412279474369	2.83832756092925	3.79670387594066
1.35033304702976	1.9074433941036	2.85446054278414	3.79421582819818
1.35685329436557	1.91779513622911	2.86477530828811	3.82453116521844
1.36337354170139	1.91691273749814	2.87982824789608	3.83015189048509
1.3698937890372	1.93842603751945	2.89549012272151	3.86184278494276
1.37641403637302	1.95054709846398	2.90662005246615	3.8750691933681
1.38293428370883	1.95590707700305	2.92000655746359	3.87884775687315
1.38945453104464	1.96814050955611	2.92897644392182	3.89798346893341
1.39597477838046	1.98053486097232	2.94361769753062	3.90598974696414
1.40249502571627	1.98229894893556	2.95859930882805	3.93461886457454
1.40901527305209	2.00210999733602	2.97003760501075	3.93227854061982
1.4155355203879	1.99973895848216	2.983648685655	3.95920811082886
1.42205576772371	2.02144159653336	2.9986547853619	3.98607078413773
1.42857601505953	2.02385831251468	3.00841984759772	3.98228882370929
1.43509626239534	2.04867941163796	3.02329547716915	4.00010542851798
1.44161650973116	2.04260011235548	3.03783937766262	4.02435153555447
1.44813675706697	2.0576551975251	3.05142137542604	4.02834434708356
1.45465700440278	2.07137333760476	3.06203243028251	4.05910707090128
1.4611772517386	2.08853477920977	3.07814537614068	4.06564496966449
1.46769749907441	2.09218136156998	3.08781721899056	4.08852130860043
1.47421774641023	2.11187231810494	3.1069552250962	4.0949351768605
1.48073799374604	2.10494629963824	3.11524033462037	4.11156222569909
1.48725824108186	2.12058026411829	3.12768194481502	4.13429741562571
1.49377848841767	2.13311837269581	3.13968107586716	4.14814543777766
1.50029873575348	2.15093530449197	3.15379721708829	4.1570505090994
1.5068189830893	2.16204922142842	3.1645336089804	4.17788183792996
1.51333923042511	2.16855655805962	3.17894813683331	4.18441959395112
1.51985947776093	2.18755760505043	3.19137398142868	4.20844917407313
1.52637972509674	2.18984189384678	3.20485112932646	4.22111551220942
1.53289997243255	2.20877567552755	3.21676389791829	4.22567380212916
1.53942021976837	2.20786243003318	3.2291593940736	4.25400554774035
1.54594046710418	2.21409119270022	3.24488434874743	4.25969308959041
1.55246071444	2.22421497127106	3.25962500840415	4.28379183250009
1.55898096177581	2.22802211979135	3.26858946658529	4.28773279208791
1.56550120911162	2.26802401870817	3.28312948320121	4.31889006885044
1.57202145644744	2.25169461221212	3.29989594239555	4.33661150791655
1.57854170378325	2.27556896167568	3.30897901575082	4.35665310989355
1.58506195111907	2.28387159389491	3.32400625474902	4.36461685450233
1.59158219845488	2.30220967826087	3.33589210239397	4.37794469839216
1.59810244579069	2.29302292311013	3.34953532861835	4.3952215937404
1.60462269312651	2.31956646354744	3.36419745140854	4.40544790438945
1.61114294046232	2.32798810759207	3.37597822990945	4.42879348499475
1.61766318779814	2.33189374798791	3.38412257769397	4.43524934879334
1.62418343513395	2.34533053542971	3.40078824200681	4.45216568715404
1.63070368246976	2.35690808199274	3.41290234938948	4.46676337138658
1.63722392980558	2.3675816200287	3.43019342683954	4.49123068900811
1.64374417714139	2.37220168590816	3.43858484639559	4.49797725215093
1.65026442447721	2.38565283154527	3.45323637783676	4.51959674063713
1.65678467181302	2.39750230654125	3.47092903769853	4.52522337337451
1.66330491914883	2.40961052688431	3.4763458545949	4.53638492707185
1.66982516648465	2.42107317970935	3.49603267948361	4.56469846759496
1.67634541382046	2.42714211749136	3.50914438206187	4.58390309609144
1.68286566115628	2.44180029295908	3.52299363788345	4.60191646818569
1.68938590849209	2.44799003671789	3.53056988979593	4.61414227594396
1.6959061558279	2.46871203769675	3.54838880121566	4.63023562250573
1.70242640316372	2.47318405947971	3.5603875814903	4.64684510098357
1.70894665049953	2.48773655552407	3.56940698024962	4.66784131846104
1.71546689783535	2.49561059757851	3.58717971109346	4.67844275889007
1.72198714517116	2.49799773839827	3.59371200607279	4.68446334290821
1.72850739250697	2.50801724898976	3.61641649191247	4.69800292329941
1.73502763984279	2.52083960915504	3.6213068001946	4.7145603199194
1.7415478871786	2.53891413801186	3.63431306867518	4.73353281529248
1.74806813451442	2.55732088680782	3.65494798621088	4.7605707165235
1.75458838185023	2.54926528830591	3.66236546460162	4.7635749397559
1.76110862918605	2.56837320018152	3.67601356905245	4.79248928842788
1.76762887652186	2.577374987863	3.69142107082319	4.79901797210423
1.77414912385767	2.58540556621222	3.70409691087812	4.81014479613689
1.78066937119349	2.6053923006936	3.71323883443909	4.82591691530944
1.7871896185293	2.60192702226826	3.72933303479281	4.84941691370293
1.79370986586512	2.61810728656778	3.7409086805375	4.86925447069029
1.80023011320093	2.64112260461272	3.75435648483618	4.87294819295782
1.80675036053674	2.6420676055309	3.76468180542774	4.90115807366227
1.81327060787256	2.65785113123147	3.7810295828609	4.90352924303224
1.81979085520837	2.66094814545761	3.79405197315605	4.9290031054774
1.82631110254419	2.67230610642104	3.81426888258685	4.94052931170285
1.83283134988	2.68342375873134	3.82030602000311	4.95464094735033
1.83935159721581	2.69054406475779	3.830347795871	4.97989302619284
1.84587184455163	2.70584454475768	3.84918955304937	4.97760093985576
1.85239209188744	2.72532945810774	3.86046832737645	5.01120872662115
1.85891233922326	2.71450551196	3.87192196437325	5.02213190320119
1.86543258655907	2.73382178551432	3.88679132674508	5.04241944593792
1.87195283389488	2.73509673538047	3.8986301670107	5.05422602815926
1.8784730812307	2.7490354744205	3.91129116435404	5.08141375767243
1.88499332856651	2.78059319299569	3.92536028949977	5.08174311909721
1.89151357590233	2.77453809199935	3.93920726269054	5.10902115156085
1.89803382323814	2.78201439561829	3.94911487894309	5.10798036587686
1.90455407057395	2.8084377468693	3.96537811779841	5.12342476415966
1.91107431790977	2.80631306704687	3.98015233060329	5.15236698311757
1.91759456524558	2.80861788731623	3.9933636913123	5.17222512952003
1.9241148125814	2.82500029380422	4.00310210547196	5.17925840004849
1.93063505991721	2.84352874065028	4.01293620533552	5.19541025988807
1.93715530725302	2.84479934727656	4.0313554888031	5.20312086403491
1.94367555458884	2.85269100549894	4.04154271019677	5.23057438866576
1.95019580192465	2.87098583816422	4.05438399309803	5.23420511861868
1.95671604926047	2.87699473648683	4.06819114612731	5.25479228385194
1.96323629659628	2.88866160864267	4.07845177991602	5.26666514132466
1.96975654393209	2.89707291214507	4.09656027372366	5.30828691780305
1.97627679126791	2.90179881563522	4.10846798904416	5.30222453297164
1.98279703860372	2.9292852172635	4.12415749166281	5.32886296227117
1.98931728593954	2.94252790974915	4.12865615991351	5.33442935364735
1.99583753327535	2.95121599059613	4.14549832464168	5.35140689645458
2.00235778061116	2.94517220069055	4.16140278607966	5.37201133950289
2.00887802794698	2.96730450043932	4.17524158485039	5.38510430234639
2.01539827528279	2.97151648542479	4.1886720089979	5.38544049432096
2.02191852261861	2.97906882091041	4.19592806009717	5.41176505970553
2.02843876995442	2.99506504674738	4.21392571101046	5.42461051606724
2.03495901729024	3.0214433430448	4.22780665338892	5.44180055059057
2.04147926462605	3.00830331156768	4.24012897596213	5.46589332632039
2.04799951196186	3.0306384791458	4.25498408966999	5.4771796918963
2.05451975929768	3.02228580354731	4.26284256864116	5.48656152671763
2.06104000663349	3.06302221391319	4.27826802435815	5.51409025149521
2.06756025396931	3.05790234302656	4.28983090764275	5.5295186693495
2.07408050130512	3.07507250394016	4.30540719842601	5.55449314695826
2.08060074864093	3.07690031190042	4.31934333391783	5.54956268492201
2.08712099597675	3.08585235660872	4.32577609337925	5.57934154214124
2.09364124331256	3.10020631892108	4.33810864509455	5.58930544843485
2.10016149064838	3.11828832473333	4.3579195670063	5.59460438753482
2.10668173798419	3.11937942082927	4.37335317307866	5.63010710574784
2.11320198532	3.12939704589904	4.37990890917508	5.63797580721157
2.11972223265582	3.14368180321038	4.39983777185125	5.66805343232297
2.12624247999163	3.15499024021558	4.40708895180177	5.65535107762687
2.13276272732745	3.16291237931368	4.41901234136992	5.68590915135326
2.13928297466326	3.16282892727245	4.43332277703061	5.69226229422339
2.14580322199907	3.18142682555899	4.44814769919948	5.71048649503473
2.15232346933489	3.19771197201168	4.46324479903124	5.72443630584707
2.1588437166707	3.20472100158512	4.47470350467899	5.74983243650223
2.16536396400652	3.21834038615135	4.49073999183515	5.75575401359661
2.17188421134233	3.21816058704928	4.49559930649819	5.78143536517936
2.17840445867814	3.22677550048312	4.52152985972618	5.79145550192907
2.18492470601396	3.24547038413501	4.52739730679261	5.81511258176063
2.19144495334977	3.25688538991187	4.53895923489124	5.83248914153302
2.19796520068559	3.27090634433875	4.55310609735102	5.83481795400108
2.2044854480214	3.27172401601372	4.56820796032939	5.86995430796952
2.21100569535721	3.29545496637149	4.57799053569355	5.86461132518256
2.21752594269303	3.29067525424477	4.5948569033202	5.88950461424407
2.22404619002884	3.3031276176515	4.60636611636955	5.89582749203626
2.23056643736466	3.30682448733671	4.61591098742888	5.92373526232712
2.23708668470047	3.33765918516988	4.63132791146964	5.94253216621028
2.24360693203628	3.32016810522782	4.64343618897496	5.9426207944432
2.2501271793721	3.34897589070029	4.65732655156122	5.97033100621759
2.25664742670791	3.36594560185849	4.6647341803302	5.97628640208457
2.26316767404373	3.35809728560051	4.68164138882815	5.99716297595191
2.26968792137954	3.36499741153659	4.69943882269698	6.0330563721871
2.27620816871535	3.39660402250761	4.70948531995186	6.03001625255234
2.28272841605117	3.39184864158153	4.72149939208109	6.04096017822244
2.28924866338698	3.41918712151417	4.73525454632295	6.08148291697076
2.2957689107228	3.40250695671431	4.74859032293517	6.08523475303272
2.30228915805861	3.4226085684685	4.75823443495613	6.08352175546299
2.30880940539443	3.43322549349902	4.77624578093536	6.11648924077955
2.31532965273024	3.44526750608531	4.78370291704111	6.1313942209459
2.32184990006605	3.47269718488479	4.79882357027104	6.14085717916589
2.32837014740187	3.46536621633655	4.81238282989502	6.15746227610727
2.33489039473768	3.48201179248364	4.82373774593891	6.15593002850021
2.3414106420735	3.46470785863409	4.84258000644787	6.19635637861054
2.34793088940931	3.50407510228113	4.85067147235661	6.2061906295905
2.35445113674512	3.50414963740932	4.87268496384482	6.20852453695246
2.36097138408094	3.52224739458017	4.87916532889206	6.22994642894127
2.36749163141675	3.53675335933247	4.89006336773704	6.25873364925847
2.37401187875257	3.55078892719665	4.90351546057677	6.26212150377834
2.38053212608838	3.549491432796	4.92274925554137	6.28240198879723
2.38705237342419	3.55605495577593	4.93618832300445	6.29711876405934
2.39357262076001	3.57445157778387	4.94620420882494	6.31116905747876
2.40009286809582	3.57924960551473	4.96060219556265	6.34476333086381
2.40661311543164	3.5886370729192	4.97002158339469	6.33854644290388
2.41313336276745	3.60483278307702	4.9804392255872	6.35573514368827
2.41965361010326	3.60487381538325	5.00160390614279	6.37571933574939
2.42617385743908	3.61161378589814	5.0072492028584	6.39541586626564
2.43269410477489	3.63636369878009	5.02385555042909	6.41062463379242
2.43921435211071	3.64260310167946	5.03730654272919	6.43241526788248
2.44573459944652	3.65260041529266	5.04910781607524	6.46100023896017
2.45225484678233	3.66490866878497	5.06286033085147	6.46267799810139
2.45877509411815	3.68601824114076	5.07325051898823	6.482232689824
2.46529534145396	3.68822952493269	5.08867107685958	6.4899076345462
2.47181558878978	3.69089547244364	5.09772773411261	6.50857632694551
2.47833583612559	3.70562139043101	5.11669060314933	6.54164003572556
2.4848560834614	3.72852670871266	5.13062538872282	6.54654931606335
2.49137633079722	3.7313289731827	5.1414846450712	6.57029974994366
2.49789657813303	3.73027701445969	5.15207453356071	6.58706838991785
2.50441682546885	3.75037985880136	5.16754861860969	6.60276249356743
2.51093707280466	3.75128617391964	5.18055454005741	6.60430691630173
2.51745732014047	3.76098476471715	5.19771903058545	6.62122470626784
2.52397756747629	3.77782488822312	5.20494498121379	6.64347670852977
2.5304978148121	3.7837965796892	5.22124187876393	6.66060147796136
2.53701806214792	3.79566435572641	5.2339524690877	6.65556473291625
2.54353830948373	3.81121362564209	5.24535272554995	6.68655894500339
2.55005855681954	3.81479364631345	5.25465295334571	6.70620270873981
2.55657880415536	3.83572614092386	5.27711625834811	6.71408287713098
2.56309905149117	3.84950900071297	5.28725049933079	6.74716838098455
2.56961929882699	3.8471531137624	5.29431876185289	6.75982076618779
2.5761395461628	3.84713277161892	5.30976014333057	6.77632466568977
2.58265979349862	3.87385124684077	5.3206619327311	6.78900637194303
2.58918004083443	3.88776041922273	5.33727283350944	6.78654597698526
2.59570028817024	3.87236978442651	5.35023307237164	6.80236231297425
2.60222053550606	3.88577733688905	5.35996363841709	6.83123406328175
2.60874078284187	3.90893226407955	5.37012052647712	6.83762162154506
2.61526103017769	3.90861212454682	5.38815285157314	6.85999956257009
2.6217812775135	3.92829313691513	5.40593219893556	6.87291762233583
2.62830152484931	3.93968074062527	5.42017402457934	6.90183981279311
2.63482177218513	3.95691199866265	5.43052843849589	6.90319119435106
2.64134201952094	3.94896885157802	5.43847766043617	6.92626465955688
2.64786226685676	3.98479272843595	5.45428874910418	6.93745309300069
2.65438251419257	3.96596308340688	5.46666386863061	6.94991344992382
2.66090276152838	3.96855859378705	5.48453579714468	6.97679908053041
2.6674230088642	4.00692894667997	5.49248992376772	6.99721208921347
2.67394325620001	4.00507608969385	5.50764281745342	7.00943301853129
2.68046350353583	4.0014850643325	5.51965659976941	7.01106762284868
2.68698375087164	4.03752426562288	5.5374966689122	7.04987354061561
2.69350399820745	4.04982827683958	5.54685633915396	7.05439329946525
2.70002424554327	4.05429936671157	5.56501984292619	7.06128614904922
2.70654449287908	4.05790522630261	5.57458740809283	7.07999005222887
2.7130647402149	4.07371809334684	5.58235822419184	7.09819707110459
2.71958498755071	4.07392091194693	5.59864454666104	7.11792581260352
2.72610523488652	4.1033196537422	5.60880322942945	7.14492242101319
2.73262548222234	4.10005550767856	5.62346898603809	7.14397904762236
2.73914572955815	4.09109240937834	5.63008599163862	7.16713741824671
2.74566597689397	4.11609977838394	5.65246112977333	7.1758462366429
2.75218622422978	4.13833922402543	5.67143391481495	7.19727285433626
2.75870647156559	4.13834814141676	5.68016358826882	7.21033796036994
2.76522671890141	4.15504986398304	5.68902572643453	7.22984518162312
2.77174696623722	4.17383603319437	5.70551929185999	7.24562515767402
2.77826721357304	4.1784150507839	5.71862411927236	7.26608162136797
2.78478746090885	4.18108529964454	5.72779707426356	7.27922721913014
2.79130770824466	4.20724410283511	5.7433325140228	7.30196541760358
2.79782795558048	4.18921083365113	5.75764614496302	7.29266021712962
2.80434820291629	4.2031300676233	5.76729634193351	7.3090769413553
2.81086845025211	4.2290781630935	5.78889426000486	7.33241269967579
2.81738869758792	4.2377110744789	5.79380207643998	7.36307481141626
2.82390894492373	4.24773098448458	5.8069997800364	7.37945817691507
2.83042919225955	4.25317352718944	5.82070792519949	7.39616734437471
2.83694943959536	4.27272355225559	5.83296806824675	7.42270709631585
2.84346968693118	4.26511181504197	5.84717715731295	7.41944546342928
2.84998993426699	4.28487691585958	5.86345267333275	7.44742905432444
2.85651018160281	4.29925131077608	5.87442529022197	7.44814048570288
2.86303042893862	4.30580862303159	5.88527188062106	7.46122273984526
2.86955067627443	4.30613223197431	5.9004147841837	7.49637942830544
2.87607092361025	4.33391397014198	5.91482967513922	7.49600285928762
2.88259117094606	4.33314033312686	5.927415919589	7.50750978307701
2.88911141828188	4.35862596142461	5.93845339235623	7.53617409002982
2.89563166561769	4.36018155206173	5.9512948763813	7.55157632306457
2.9021519129535	4.36825827001813	5.96014711489129	7.56856812555148
2.90867216028932	4.37032533089275	5.97976990827664	7.5672294545234
2.91519240762513	4.39399016479081	5.99026950654707	7.59445412393779
2.92171265496095	4.38416184248533	6.00692697869322	7.61860617729832
2.92823290229676	4.41749750172729	6.01989537840611	7.63025571640677
2.93475314963257	4.42241509255731	6.02673296059582	7.66122736566696
2.94127339696839	4.43593190210177	6.04257740729117	7.66378537325833
2.9477936443042	4.43101238603316	6.05827875337976	7.67214238780388
2.95431389164002	4.44118473995006	6.07052743766345	7.70161267341419
2.96083413897583	4.45748611376375	6.08416683487093	7.72647296031451
2.96735438631164	4.46748917970216	6.09485950344673	7.73666419847928
2.97387463364746	4.47752786876608	6.10446013012594	7.73672737897717
2.98039488098327	4.50379465823883	6.12472950377023	7.74206874904032
2.98691512831909	4.50345171707683	6.13248884824633	7.7895296145822
2.9934353756549	4.49991880989384	6.14948420594713	7.78186034006912
2.99995562299071	4.52252958808598	6.16155082124509	7.80985495436963
3.00647587032653	4.5333048178694	6.17581844741244	7.82502199026978
3.01299611766234	4.52785828554493	6.18322756168916	7.84074521665025
3.01951636499816	4.55399620911458	6.19807534011251	7.86579446676186
3.02603661233397	4.54869276227089	6.21392145733916	7.87689432202769
3.03255685966978	4.56690398976182	6.2247918608743	7.90481469647206
3.0390771070056	4.57434178997576	6.23926649533647	7.90702883989835
3.04559735434141	4.59361476216546	6.24743392474064	7.91613674676587
3.05211760167723	4.59676762339905	6.26154330356038	7.93348389205237
3.05863784901304	4.60917019059486	6.28154023705122	7.94735323868823
3.06515809634885	4.61649937557522	6.29630290413709	7.95992655773274
3.07167834368467	4.63386494953552	6.30563665434478	7.97502193531356
3.07819859102048	4.62878182451043	6.3240292664406	7.99018249843246
3.0847188383563	4.64989346941661	6.33225993611745	8.04241820981626
3.09123908569211	4.65715835848947	6.34852692950639	8.04549423917706
3.09775933302792	4.66284336826238	6.35305547162844	8.06378071002098
3.10427958036374	4.67354236387025	6.37520410026365	8.0696466506794
3.11079982769955	4.68346655620828	6.38524680683585	8.07362890786189
3.11732007503537	4.69157984228324	6.39440311259959	8.11047447661666
3.12384032237118	4.71599782970136	6.40855105903422	8.1208309229353
3.130360569707	4.70970019652411	6.42150969477315	8.14372827811005
3.13688081704281	4.71201816789145	6.43515710889896	8.1389960251964
3.14340106437862	4.7438936370602	6.44748688160489	8.14959866362597
3.14992131171444	4.74085249232577	6.4632230694194	8.17226195853741
3.15644155905025	4.75709900870374	6.47480699082703	8.19142384094269
3.16296180638607	4.77690225365322	6.48622009161046	8.21777127152859
3.16948205372188	4.77656353679966	6.49986672423187	8.22886910217652
3.17600230105769	4.80483134946451	6.51225276479697	8.25429271359951
3.18252254839351	4.80614627042913	6.53061103034521	8.27554755680309
3.18904279572932	4.8144471722753	6.54461575912568	8.25938349452651
3.19556304306514	4.82308213001712	6.55315931332137	8.28408651353955
3.20208329040095	4.83938716870748	6.56615137794837	8.30593379139006
3.20860353773676	4.83302513329604	6.58327175663582	8.32318906243867
3.21512378507258	4.84699753489146	6.58996172683786	8.35441700729997
3.22164403240839	4.85902186868655	6.6071127268361	8.36664911423879
3.22816427974421	4.87124109642349	6.62176972860959	8.38374657200377
3.23468452708002	4.8785228259879	6.62641495250142	8.37934692683531
3.24120477441583	4.88428820426053	6.64458157551213	8.40345483791753
3.24772502175165	4.91283875737061	6.65695948038811	8.42216393099395
3.25424526908746	4.91949653765443	6.67583342775812	8.44582080766275
3.26076551642328	4.92215332818709	6.68554307776968	8.45978930495838
3.26728576375909	4.94641151284808	6.69938266890905	8.46680376379005
3.2738060110949	4.95436957137719	6.71123432995321	8.47456898536168
3.28032625843072	4.9675752519335	6.72373511513927	8.49459794654813
3.28684650576653	4.97202179205245	6.74441281397935	8.52486241858911
3.29336675310235	4.97327476463892	6.7482081549085	8.53345909430107
3.29988700043816	4.98543592564535	6.75965545611485	8.55732141003826
3.30640724777397	5.00387671162854	6.7730610232882	8.57689536245859
3.31292749510979	4.9924826139382	6.7923750999687	8.5821364468682
3.3194477424456	5.01857497827185	6.80459640618697	8.59597594367394
3.32596798978142	5.05091618042373	6.81820503341725	8.61118602650305
3.33248823711723	5.04203197066211	6.82713249187397	8.63184033677942
3.33900848445304	5.03171126160604	6.84212859152612	8.64314166888093
3.34552873178886	5.07489747456399	6.85794796858892	8.66082074205066
3.35204897912467	5.05966881141331	6.87104496866624	8.6724792378379
3.35856922646049	5.0793673857421	6.87905638331421	8.68256293189033
3.3650894737963	5.08429546526456	6.88971170043497	8.71969912346628
3.37160972113211	5.1046869008114	6.90252311283683	8.72864070012227
3.37812996846793	5.11458249838878	6.92061523763073	8.73993836211738
3.38465021580374	5.10954883894173	6.92822760554764	8.76272970185626
3.39117046313956	5.11596535499596	6.93769151290327	8.7656599059052
3.39769071047537	5.14329340981989	6.9605569328786	8.78788458356345
3.40421095781119	5.14968613836192	6.971613538204	8.79869251445071
3.410731205147	5.14446279314303	6.99000051342378	8.83944987756225
3.41725145248281	5.17565217075728	6.99431322059519	8.82217435479856
3.42377169981863	5.19805726208848	7.01038791951753	8.86740641884918
3.43029194715444	5.1771368973725	7.02595121723926	8.8797917678853
3.43681219449026	5.18159129801666	7.03965919911073	8.87509892884674
3.44333244182607	5.19775151631296	7.04956638135604	8.9092974746265
3.44985268916188	5.22750675804443	7.05972954488295	8.91164515089642
3.4563729364977	5.22652954514359	7.07516078190753	8.93210202421722
3.46289318383351	5.23083668112961	7.09376674476572	8.94843355321876
3.46941343116933	5.2508053315958	7.10596536793355	8.9634461394033
3.47593367850514	5.25748769104616	7.12156423393271	8.99604569540335
3.48245392584095	5.26151800152693	7.13177667858393	9.00238873416898
3.48897417317677	5.26866369637807	7.1425382795628	9.01118429201257
3.49549442051258	5.29234375440786	7.15300459598055	9.03156642219347
3.5020146678484	5.29264087277938	7.16848671735788	9.04164207465281
3.50853491518421	5.28825397410632	7.17800972876775	9.05456066084382
3.51505516252002	5.30225273595193	7.19639815570365	9.07221273659941
3.52157540985584	5.33795758304766	7.20470070186078	9.09678106960281
3.52809565719165	5.32894842049042	7.21966761452425	9.11252725752732
3.53461590452747	5.3558037173063	7.23417717177515	9.13091284588841
3.54113615186328	5.35858117942981	7.24474028353642	9.15017198116304
3.54765639919909	5.36934478447749	7.25882694892109	9.16621599653272
3.55417664653491	5.36571486326487	7.27441188175681	9.17530578876699
3.56069689387072	5.38402574255165	7.28383668195975	9.18944966088403
3.56721714120654	5.40722127883291	7.29414394363429	9.2172684355128
3.57373738854235	5.39902574563042	7.30320404986719	9.23982996785046
3.58025763587816	5.42089503680336	7.32938587025612	9.2443375132057
3.58677788321398	5.43439972509177	7.34217182906815	9.25896828815466
3.59329813054979	5.43144638237412	7.35752695376713	9.27712280279009
3.59981837788561	5.45358338947054	7.36724009239664	9.28108916845961
3.60633862522142	5.46548772262073	7.38412706176524	9.29840741004439
3.61285887255723	5.45313809129339	7.39552102979753	9.33634081568724
3.61937911989305	5.46891688599465	7.40097807917929	9.33546600137043
3.62589936722886	5.49578970205311	7.41875377034499	9.35781314180887
3.63241961456468	5.49257705523276	7.43575938776507	9.36431112749929
3.63893986190049	5.51735685051996	7.44048331841942	9.38628165093551
3.6454601092363	5.51858379300581	7.45881425554781	9.4218794516546
3.65198035657212	5.52988440001561	7.46607046675175	9.40508510660396
3.65850060390793	5.54365005099922	7.48097033545426	9.44372589528436
3.66502085124375	5.55817525673802	7.49374773537733	9.4506503096218
3.67154109857956	5.55612293927319	7.50251781617667	9.4673125674641
3.67806134591537	5.56206862121396	7.52465767975352	9.47962501173867
3.68458159325119	5.56651263081072	7.53401994350892	9.49020982730006
3.691101840587	5.61491711741632	7.55128252371653	9.50837255950031
3.69762208792282	5.60093075325142	7.55677521660134	9.53350884900605
3.70414233525863	5.61250788187647	7.57868301518899	9.54629512496479
3.71066258259445	5.65330525890935	7.58271621105064	9.5693519959876
3.71718282993026	5.63674140595069	7.60078000926708	9.598408608499
3.72370307726607	5.66173894560851	7.61250402302538	9.5987763434729
3.73022332460189	5.65965505201759	7.62493610329054	9.61442503077767
3.7367435719377	5.66088805198324	7.64343577182142	9.62965816825241
3.74326381927352	5.65751167305981	7.65635207788615	9.65084489414376
3.74978406660933	5.68481556459661	7.66922980965771	9.66773513847649
3.75630431394514	5.67914665143122	7.67821462306878	9.67124253471645
3.76282456128096	5.70623333150448	7.69254608642831	9.67589599650695
3.76934480861677	5.72188946024016	7.70675544286889	9.71375739260498
3.77586505595259	5.72878013605489	7.71699506389307	9.72719818001886
3.7823853032884	5.72013327479856	7.72885589898439	9.73878963127888
3.78890555062421	5.74951786748326	7.73566978459436	9.76892702821138
3.79542579796003	5.75019360763824	7.75314207765056	9.75566637512071
3.80194604529584	5.74861056361959	7.77288253547987	9.78585181843108
3.80846629263166	5.77919830813499	7.78562206499458	9.80249882017625
3.81498653996747	5.78405701197859	7.79182795402275	9.83733973295059
3.82150678730328	5.79827709059788	7.81205715989758	9.84886341154359
3.8280270346391	5.79424889822833	7.82233519143031	9.86439269989066
3.83454728197491	5.80234854254269	7.82840026673572	9.86375497766442
3.84106752931073	5.83132166558242	7.84733520886051	9.88773078406595
3.84758777664654	5.83059190949306	7.86258929892857	9.89367725219553
3.85410802398235	5.83925690224206	7.86598820660429	9.92438732476183
3.86062827131817	5.84125857854871	7.88875771308651	9.93776553941287
3.86714851865398	5.85970257222904	7.9072118691826	9.95003259062567
3.8736687659898	5.86069298166642	7.91155239949751	9.98067987771298
3.88018901332561	5.8737315352546	7.92629588238832	9.9832259148222
3.88670926066142	5.89904378741106	7.93450762734726	9.98606701733383
3.89322950799724	5.89366126252207	7.95016943653452	10.0088006660263
3.89974975533305	5.89055480882072	7.96999214009402	10.0145507653876
3.90627000266887	5.917682619618	7.97566673604992	10.0547253255582
3.91279025000468	5.93166658346521	7.98810862612182	10.0457467731631
3.91931049734049	5.95303071832462	8.00687869343334	10.0749054328617
3.92583074467631	5.94186076169632	8.02473898943757	10.1019921175283
3.93235099201212	5.94593362147038	8.03654894164907	10.1025336623378
3.93887123934794	5.9718049326828	8.03572713648473	10.1353005719292
3.94539148668375	5.9743677124762	8.06017777427966	10.1544997291779
3.95191173401956	5.98157984502997	8.07114200567387	10.1604432604903
3.95843198135538	6.00131169898081	8.08819089718997	10.1839192785186
3.96495222869119	6.00764459618463	8.10290216955567	10.1779501178355
3.97147247602701	6.01385870193236	8.1124009384022	10.2251909791774
3.97799272336282	6.0256936951851	8.12260156641752	10.222339704638
3.98451297069864	6.03846723368054	8.13250770246412	10.2450920310629
3.99103321803445	6.04232024919792	8.14414153233169	10.2594079430312
3.99755346537026	6.05136650471522	8.16410864745584	10.2612856529975
4.00407371270608	6.06546645669999	8.17295143071132	10.3042997417651
4.01059396004189	6.07606708159505	8.18578946760372	10.321996821899
4.01711420737771	6.08931922393017	8.19718955062179	10.3328284173463
4.02363445471352	6.1031075525129	8.21174682504771	10.3518401051277
4.03015470204933	6.11960981626329	8.22756410543885	10.3468630870316
4.03667494938515	6.13001241470663	8.23548595693457	10.3824864281898
4.04319519672096	6.14168371063992	8.25176922549307	10.3928475148487
4.04971544405678	6.14122189749194	8.27287056880015	10.4122276309039
4.05623569139259	6.15548902965507	8.27611742169859	10.4027505104794
4.0627559387284	6.16026269370903	8.29355574541677	10.4273556228831
4.06927618606422	6.16120134022046	8.30284507946794	10.4641914416997
4.07579643340003	6.1756633847045	8.3165282650793	10.461817142419
4.08231668073585	6.17774173372691	8.33339596348696	10.4963250381725
4.08883692807166	6.19850185267307	8.34285466271004	10.5103971651795
4.09535717540747	6.2114355318234	8.35927595363512	10.5339049489688
4.10187742274329	6.22685034819318	8.37564000025177	10.5336991060637
4.1083976700791	6.2416714406627	8.38052520475353	10.5598300351223
4.11491791741492	6.25076230736266	8.39559354257284	10.5790556794189
4.12143816475073	6.25796702049505	8.41407431746343	10.57809593613
4.12795841208654	6.27099833468779	8.42077404599648	10.6084042367757
4.13447865942236	6.25644482763531	8.43763994426866	10.624095365437
4.14099890675817	6.27645514466108	8.45376776785038	10.6267214536616
4.14751915409399	6.28050369608554	8.46622202371853	10.6535734592572
4.1540394014298	6.28555328326267	8.47804347651239	10.6781690909429
4.16055964876561	6.30526102409525	8.48871589345702	10.6755965277369
4.16707989610143	6.32595032628698	8.50404399612303	10.6997578703414
4.17360014343724	6.3096273546153	8.51464783470967	10.706965312103
4.18012039077306	6.3288144801597	8.52953068376529	10.7316733185663
4.18664063810887	6.35775625811856	8.53424357112855	10.7509374590002
4.19316088544469	6.36811609956341	8.55814920345388	10.7514686585112
4.1996811327805	6.37472295251331	8.5650434871018	10.7757211266232
4.20620138011631	6.38670275448844	8.58179344688109	10.8049754248053
4.21272162745213	6.37637486981244	8.59185143100372	10.8132529552632
4.21924187478794	6.41609277217247	8.60914516429737	10.8119956347284
4.22576212212375	6.42385033590667	8.61980829358485	10.8286208567782
4.23228236945957	6.42902587703384	8.6322589706046	10.8623915934459
4.23880261679538	6.44848039796504	8.64423084504931	10.8779129102429
4.2453228641312	6.43192373058389	8.65215404386363	10.8897091978128
4.25184311146701	6.44331261332969	8.67334675903668	10.9134279781066
4.25836335880282	6.47019934319489	8.68248047113064	10.9246924926947
4.26488360613864	6.47110669970285	8.69267946701476	10.9347987650416
4.27140385347445	6.49095054087707	8.70871866674842	10.9529010920245
4.27792410081027	6.48676595275173	8.72425513422417	10.9472238959736
4.28444434814608	6.48875239156892	8.73470825704959	10.9900089252333
4.2909645954819	6.51870295589323	8.75034913429801	11.0061487703861
4.29748484281771	6.5191384946176	8.75733506379716	11.0289845652554
4.30400509015352	6.51709985529472	8.78331606663679	11.0364595250461
4.31052533748934	6.54154600227946	8.78905801430164	11.0447499542745
4.31704558482515	6.54555260495826	8.8038499770278	11.0532078694023
4.32356583216097	6.56729868738043	8.81510783991542	11.1018899618082
4.33008607949678	6.57541381039744	8.82880972021725	11.1154995114466
4.33660632683259	6.58610458351675	8.84264090267157	11.1268851839403
4.34312657416841	6.59860319343014	8.8579313176825	11.1348108749968
4.34964682150422	6.58058879523152	8.87046072472792	11.1495888580834
4.35616706884004	6.62125503852639	8.87723984591531	11.1524018958674
4.36268731617585	6.62635358806996	8.89767220559756	11.1831159795608
4.36920756351166	6.62633159284466	8.90727296108999	11.1993245827445
4.37572781084748	6.63574959600752	8.92053494604304	11.2128649282674
4.38224805818329	6.6512050162083	8.92951391317565	11.2422746579609
4.38876830551911	6.66537169929121	8.9426523489406	11.2559684737109
4.39528855285492	6.67806427518835	8.96529441153956	11.2537018239128
4.40180880019073	6.67699558167225	8.96999797270288	11.2872809635482
4.40832904752655	6.69628823511773	8.98914234824119	11.276975064874
4.41484929486236	6.69582109982442	8.99996311322514	11.3275712282767
4.42136954219818	6.7130119440081	9.01166937459941	11.330840942844
4.42788978953399	6.71819477558856	9.01961219712656	11.3436584908189
4.4344100368698	6.72807652253163	9.03159645439757	11.3621786462321
4.44093028420562	6.73885736404985	9.04964908580541	11.370029833967
4.44745053154143	6.74961953462825	9.06466455127929	11.3837087102789
4.45397077887725	6.75648035667536	9.07266369110297	11.416362105897
4.46049102621306	6.77445868496145	9.09175273762099	11.4357842670622
4.46701127354888	6.77126250759475	9.10141539705123	11.428910522182
4.47353152088469	6.78299309043332	9.11721147504726	11.4582794990708
4.4800517682205	6.78365115455761	9.11902001794882	11.4782444868126
4.48657201555632	6.82103666129761	9.1445275343442	11.4951029310009
4.49309226289213	6.83066687520673	9.15001659461486	11.5108657902926
4.49961251022794	6.8245987412765	9.16642658351985	11.5157854366972
4.50613275756376	6.85489025436694	9.18660219407789	11.5531166268029
4.51265300489957	6.85547251319323	9.19519440980392	11.5589150312801
4.51917325223539	6.86054153810417	9.20748173514255	11.5748395731688
4.5256934995712	6.87469599799168	9.21978431698044	11.5917933727814
4.53221374690701	6.8648358372232	9.23615872915607	11.5978520313911
4.53873399424283	6.89965435764276	9.24783526443872	11.6122019244564
4.54525424157864	6.89082187313049	9.25842268388945	11.64408010362
4.55177448891446	6.91446069639243	9.271546077691	11.6496246865214
4.55829473625027	6.92482314479558	9.28287910879019	11.6631527378644
4.56481498358609	6.93377686931467	9.3026410560134	11.6819172756972
4.5713352309219	6.93237772119792	9.30943726762223	11.7165959062307
4.57785547825771	6.93202950880508	9.32735711686965	11.725269681322
4.58437572559353	6.94770891500817	9.33659592691182	11.7360616743279
4.59089597292934	6.98398422122483	9.35394602356763	11.7319266626105
4.59741622026516	6.97312319655217	9.36411144917435	11.7675420795226
4.60393646760097	6.98427220879565	9.37757581870626	11.788876008688
4.61045671493678	6.98406676665524	9.38518147936328	11.8084989471537
