"mitochan"	"lwrNorm"	"medNorm"	"uprNorm"
-1.90327037354145	-4.83143985090811	-3.67782183833499	-2.51440692455654
-1.89692877396533	-4.84193839967085	-3.66536926842259	-2.52033943198997
-1.89058717438921	-4.80897094740951	-3.65097500086953	-2.50538472789754
-1.88424557481309	-4.79915369640284	-3.63895108164736	-2.48798274103802
-1.87790397523697	-4.76940609806283	-3.62843290021468	-2.47186005602481
-1.87156237566085	-4.75647036955618	-3.61554394216235	-2.47885959162095
-1.86522077608473	-4.74017896496909	-3.59756257881789	-2.45474482550329
-1.85887917650861	-4.74833383847725	-3.58422063841937	-2.4406006121492
-1.85253757693249	-4.71609434029654	-3.57712284940627	-2.44014963365056
-1.84619597735637	-4.70561532149911	-3.56503425200127	-2.41890430154217
-1.83985437778025	-4.67347696660218	-3.54932354634711	-2.42212829389905
-1.83351277820413	-4.66918298687879	-3.53505003312799	-2.40274405933593
-1.82717117862801	-4.6443100653378	-3.52068838135762	-2.4109640166284
-1.8208295790519	-4.63883551475181	-3.51476752422107	-2.38750407745243
-1.81448797947578	-4.61702295504984	-3.49945759532179	-2.37436350269613
-1.80814637989966	-4.6033534300602	-3.48436510487495	-2.36999440733419
-1.80180478032354	-4.6117094145081	-3.47266599985525	-2.35768665544215
-1.79546318074742	-4.57814933863644	-3.46528011403561	-2.34962725914567
-1.7891215811713	-4.57217254492664	-3.44990681929579	-2.33358937914279
-1.78277998159518	-4.56042120580957	-3.43163285444139	-2.32186374659915
-1.77643838201906	-4.53812079655484	-3.42073927559662	-2.30968618809195
-1.77009678244294	-4.51447408626942	-3.41090949642824	-2.29584546572221
-1.76375518286682	-4.51264798215074	-3.39675073123585	-2.29280661429697
-1.7574135832907	-4.47714236560177	-3.38421467089781	-2.28577467891103
-1.75107198371458	-4.47184697700355	-3.3748289744989	-2.27526857944845
-1.74473038413846	-4.45189871385589	-3.35707191057452	-2.2568248158605
-1.73838878456234	-4.43693027121671	-3.34507681047013	-2.25969389159302
-1.73204718498622	-4.42078376090999	-3.33083091631357	-2.23674510426845
-1.7257055854101	-4.4060390507052	-3.32009664060814	-2.23302058234273
-1.71936398583398	-4.38802587008487	-3.30913837844325	-2.22333251356354
-1.71302238625786	-4.38219382949312	-3.29452208688654	-2.21032481745456
-1.70668078668174	-4.35645941141894	-3.28744841809023	-2.19954177331026
-1.70033918710562	-4.35408079036914	-3.26895419386162	-2.19245500418145
-1.69399758752951	-4.32920130824352	-3.25576657007178	-2.17480425438122
-1.68765598795339	-4.32457588347448	-3.24436987177902	-2.17316506685139
-1.68131438837727	-4.29400383496637	-3.22778002024918	-2.15196945595624
-1.67497278880115	-4.28851832754401	-3.214263627397	-2.14949316040639
-1.66863118922503	-4.26124761990446	-3.20235027014854	-2.13667220953348
-1.66228958964891	-4.25257180002654	-3.19139839799092	-2.13439394476665
-1.65594799007279	-4.25306717403904	-3.17968536932019	-2.12402570644988
-1.64960639049667	-4.22496563248366	-3.16857823722805	-2.12069633478738
-1.64326479092055	-4.20632336929897	-3.15438045465348	-2.10536365296839
-1.63692319134443	-4.20054524471151	-3.14023610954627	-2.0867572530216
-1.63058159176831	-4.19481435075781	-3.13079565168219	-2.08088658808758
-1.62423999219219	-4.16583397216706	-3.11616414237545	-2.06169075422546
-1.61789839261607	-4.15657360325253	-3.09838582169311	-2.05850469870414
-1.61155679303995	-4.14435117460078	-3.09141044603216	-2.04938492706609
-1.60521519346383	-4.13069138318988	-3.08020528398595	-2.03910435226454
-1.59887359388771	-4.10472878777071	-3.06309029349411	-2.02780940278147
-1.59253199431159	-4.09314334456492	-3.05336064502556	-2.02512839961937
-1.58619039473547	-4.08855206881385	-3.03790509585098	-2.0030636684753
-1.57984879515935	-4.07122168845967	-3.02845220866542	-1.99131966545528
-1.57350719558323	-4.05048931164887	-3.01375211779095	-1.98564740726545
-1.56716559600711	-4.03212107890656	-3.00015038548191	-1.97027151029987
-1.560823996431	-4.02248739336803	-2.98984519930363	-1.96326070241245
-1.55448239685488	-4.00270594973902	-2.97822334325888	-1.96071159947608
-1.54814079727876	-3.9878428632792	-2.96267433412399	-1.94052551059568
-1.54179919770264	-3.9650635965759	-2.94968573403029	-1.92819985782938
-1.53545759812652	-3.95837134782534	-2.93902328845151	-1.92255416238226
-1.5291159985504	-3.94073171603075	-2.92358517041915	-1.91485622501989
-1.52277439897428	-3.91609363180094	-2.91188626202579	-1.89462752926955
-1.51643279939816	-3.90501571243297	-2.90071453155054	-1.89929924108192
-1.51009119982204	-3.88772657163742	-2.8856841060076	-1.88030858948082
-1.50374960024592	-3.8995675755044	-2.87716714041128	-1.8739056710248
-1.4974080006698	-3.85478135464178	-2.85689955623171	-1.84713438524767
-1.49106640109368	-3.84072052824266	-2.8500123281257	-1.85087085732997
-1.48472480151756	-3.83496724745949	-2.83836183291642	-1.84777753789099
-1.47838320194144	-3.8079013006475	-2.82392287931632	-1.81654063387673
-1.47204160236532	-3.80371071651918	-2.81025891779758	-1.81266458978765
-1.4657000027892	-3.78126808844478	-2.79752135302304	-1.80894482422136
-1.45935840321308	-3.76888996796008	-2.78502516547937	-1.79562611728265
-1.45301680363696	-3.75830292979183	-2.77097994105556	-1.79432701384208
-1.44667520406084	-3.73863639122145	-2.76333153668484	-1.7688303367742
-1.44033360448472	-3.73148440456897	-2.74826314379707	-1.76436552532339
-1.43399200490861	-3.71199340360621	-2.73401867662547	-1.75069344584843
-1.42765040533249	-3.6921512347154	-2.72255679609137	-1.73985329897108
-1.42130880575637	-3.68964998941943	-2.71357059646149	-1.72802374412413
-1.41496720618025	-3.65890759485877	-2.69302830545518	-1.71961384848511
-1.40862560660413	-3.65298671628501	-2.68431239171952	-1.70958669749248
-1.40228400702801	-3.63275132609369	-2.67233549411386	-1.7019672742543
-1.39594240745189	-3.62327951446925	-2.65673916819805	-1.68738336165998
-1.38960080787577	-3.60849079544296	-2.64690549247908	-1.68717327569247
-1.38325920829965	-3.5849606491205	-2.63403001422177	-1.68654200072246
-1.37691760872353	-3.5796744157195	-2.61913819029371	-1.65910942163779
-1.37057600914741	-3.56079432814964	-2.60859773981036	-1.65143564826895
-1.36423440957129	-3.54886649582489	-2.5948456786507	-1.64759337317826
-1.35789280999517	-3.52508407312404	-2.58166511523054	-1.63559810369069
-1.35155121041905	-3.50917240822277	-2.56407055807969	-1.60870373819374
-1.34520961084293	-3.49920961810694	-2.55878825250523	-1.61645763121267
-1.33886801126681	-3.48977044260689	-2.5454349211414	-1.5901104730465
-1.33252641169069	-3.4672936286341	-2.5281941074726	-1.58284677630535
-1.32618481211457	-3.47187320606154	-2.51776672226414	-1.57417853919409
-1.31984321253845	-3.43108135720199	-2.50711315714679	-1.56917642880269
-1.31350161296233	-3.42867902353236	-2.49031183605605	-1.55193318415904
-1.30716001338621	-3.42409667182745	-2.47950331066471	-1.55850591825185
-1.3008184138101	-3.38710945092832	-2.46738710688564	-1.54057825949683
-1.29447681423398	-3.38316827829444	-2.45433804743829	-1.526516744687
-1.28813521465786	-3.36542992751309	-2.44387523284018	-1.52068790173952
-1.28179361508174	-3.34673592456825	-2.42482287357699	-1.50614142287639
-1.27545201550562	-3.34268192274195	-2.41807641009845	-1.49603268143068
-1.2691104159295	-3.33143659249175	-2.40283087154313	-1.47361056841725
-1.26276881635338	-3.31039935680029	-2.38891627590746	-1.47069122630652
-1.25642721677726	-3.2988965215073	-2.37891719686929	-1.46840043134716
-1.25008561720114	-3.28187364351208	-2.36905590035124	-1.45060282081585
-1.24374401762502	-3.27138136721084	-2.35010402779136	-1.44522340447606
-1.2374024180489	-3.25770429959935	-2.33758416841621	-1.43187334487154
-1.23106081847278	-3.23630259289392	-2.32821409051245	-1.43325992300592
-1.22471921889666	-3.2230614869563	-2.31524355134731	-1.42412400096546
-1.21837761932054	-3.20231301815346	-2.30254719587516	-1.40136915206379
-1.21203601974442	-3.19234968106603	-2.28958637759761	-1.38041855226712
-1.2056944201683	-3.17395077830353	-2.27796017915084	-1.39003530755871
-1.19935282059218	-3.15688125581636	-2.26610747290901	-1.35434069778724
-1.19301122101606	-3.14055546534494	-2.25108959285436	-1.36462447534293
-1.18666962143994	-3.13149396540833	-2.24099515853773	-1.34988182130811
-1.18032802186382	-3.11103164174265	-2.22736814294862	-1.3479081086132
-1.17398642228771	-3.10348924261895	-2.2095300236024	-1.32224480541106
-1.16764482271159	-3.08607667231003	-2.19835857558389	-1.31142463113655
-1.16130322313547	-3.07091188561463	-2.18874088189847	-1.30895109533805
-1.15496162355935	-3.05167163659309	-2.17306692014254	-1.28801131839964
-1.14862002398323	-3.02803526584775	-2.16207222789423	-1.28270139492952
-1.14227842440711	-3.0318271372514	-2.15279113848993	-1.27815665988728
-1.13593682483099	-3.01133864374407	-2.13714251883639	-1.25918009675263
-1.12959522525487	-2.99011214679074	-2.12033260651871	-1.2515740410357
-1.12325362567875	-2.98462523026057	-2.10985898864603	-1.2381272581279
-1.11691202610263	-2.96301837010883	-2.09401887239581	-1.22022279672961
-1.11057042652651	-2.95816572347623	-2.08534949138436	-1.22280661362071
-1.10422882695039	-2.93471158758427	-2.07334457870221	-1.21644991788245
-1.09788722737427	-2.92411348213452	-2.05471375792144	-1.1844934265548
-1.09154562779815	-2.90484542173351	-2.04814432439006	-1.19464360878879
-1.08520402822203	-2.90209916859813	-2.03777260778684	-1.17694565869894
-1.07886242864591	-2.87377031827686	-2.02139473243719	-1.17018726200207
-1.07252082906979	-2.86844730575452	-2.00935162736219	-1.15261669077813
-1.06617922949367	-2.84245846977332	-1.99911392928944	-1.15047510082229
-1.05983762991755	-2.83672900300519	-1.98408240712162	-1.13857783237379
-1.05349603034143	-2.82108441899937	-1.97384078482835	-1.11822471030969
-1.04715443076531	-2.81472529490939	-1.9553528446749	-1.11267856862369
-1.0408128311892	-2.78172895899221	-1.94608369844588	-1.10406190098592
-1.03447123161308	-2.77044317954514	-1.93200054799539	-1.08736681156897
-1.02812963203696	-2.76330444438134	-1.91497806893165	-1.08198119143655
-1.02178803246084	-2.74294231028748	-1.90771231170867	-1.06044251010286
-1.01544643288472	-2.73517987730623	-1.89711268039366	-1.04743012629084
-1.0091048333086	-2.71431228024128	-1.88346452347372	-1.04279156135849
-1.00276323373248	-2.68889260776922	-1.86639155229767	-1.03387027685957
-0.996421634156359	-2.68353803305272	-1.85444536773614	-1.02140084901787
-0.990080034580239	-2.66847867145881	-1.84367172513523	-1.01519712132891
-0.98373843500412	-2.65528339802861	-1.83494919353785	-0.996993209612251
-0.977396835428	-2.64594453013599	-1.8197085144937	-0.99383110270556
-0.971055235851881	-2.63269316876786	-1.8059680464059	-0.97427753138424
-0.964713636275761	-2.61735012256592	-1.79388616044769	-0.961174860606635
-0.958372036699642	-2.61148879122063	-1.78044133915409	-0.965466193248765
-0.952030437123522	-2.5865447480119	-1.76427296864378	-0.955027790178961
-0.945688837547403	-2.57286486887966	-1.75402255273826	-0.940692033110154
-0.939347237971283	-2.56198557459587	-1.74030450315988	-0.927890845137555
-0.933005638395163	-2.53615156542875	-1.72689719540346	-0.916488299771478
-0.926664038819044	-2.52278174353485	-1.7163879551144	-0.893726103220516
-0.920322439242925	-2.51363370475244	-1.70408047756898	-0.881466195533148
-0.913980839666805	-2.49307266076899	-1.69004587195417	-0.880451940617045
-0.907639240090686	-2.47964560716417	-1.67941351245545	-0.867958156862071
-0.901297640514566	-2.46708750346882	-1.66937107807926	-0.868399113293555
-0.894956040938446	-2.46392199837015	-1.65232709831439	-0.853887818301147
-0.888614441362327	-2.44327855866415	-1.64024279852443	-0.835453975263603
-0.882272841786207	-2.42472568390647	-1.62489657487452	-0.823315549750638
-0.875931242210088	-2.41682935367111	-1.61340405186407	-0.812764282881645
-0.869589642633968	-2.38937138573502	-1.60317735476519	-0.80432757294455
-0.863248043057849	-2.38296614193439	-1.58706330387175	-0.79585990260961
-0.856906443481729	-2.37775051145287	-1.57525606981287	-0.794781921365677
-0.85056484390561	-2.35665454628918	-1.56094632761509	-0.76530329150361
-0.84422324432949	-2.34723236772268	-1.55486529561243	-0.761802344509241
-0.837881644753371	-2.3272193292565	-1.53780503633197	-0.748879533435737
-0.831540045177251	-2.3090296594544	-1.5226188462962	-0.734751990090321
-0.825198445601132	-2.29345571784367	-1.51162162314261	-0.7227964316217
-0.818856846025012	-2.27712245725904	-1.50098613985598	-0.710899810222119
-0.812515246448893	-2.27123758446337	-1.4897571986154	-0.71477359063927
-0.806173646872773	-2.25287187889714	-1.47365083466579	-0.6945360782241
-0.799832047296654	-2.23617371358511	-1.46174715173295	-0.683411294192904
-0.793490447720534	-2.22320307676658	-1.44570933267229	-0.67290964384852
-0.787148848144415	-2.21126646555651	-1.43863274769474	-0.657416513528927
-0.780807248568295	-2.19505743191181	-1.42033625723335	-0.647508158429529
-0.774465648992176	-2.19321136097177	-1.4110868135845	-0.640098263980571
-0.768124049416056	-2.16007371112692	-1.40021824502302	-0.626779468966745
-0.761782449839937	-2.15791298287693	-1.38835889363389	-0.61110702572354
-0.755440850263817	-2.13970994454116	-1.37225410137639	-0.59673121215816
-0.749099250687698	-2.12984512655697	-1.36302457193612	-0.596701435192634
-0.742757651111578	-2.11446314235347	-1.34814027978869	-0.583532599392946
-0.736416051535459	-2.08602814045099	-1.33087587882409	-0.570787479778822
-0.730074451959339	-2.08790433009842	-1.32053277294272	-0.551634348150885
-0.72373285238322	-2.06691891463767	-1.31035381997461	-0.554224009791632
-0.7173912528071	-2.04596808160398	-1.29992794179383	-0.530041310610683
-0.711049653230981	-2.04172196044448	-1.28182870400677	-0.533118663514214
-0.704708053654861	-2.01925798356005	-1.26870362784126	-0.519956930946414
-0.698366454078742	-2.01600439234392	-1.25480678864348	-0.505507014458123
-0.692024854502622	-1.99812763051655	-1.2392528851489	-0.495297448417575
-0.685683254926503	-1.9773288407394	-1.23242787572863	-0.481108901991751
-0.679341655350383	-1.96548261011592	-1.21968518398158	-0.4651600085574
-0.673000055774263	-1.9572201820604	-1.20666478194618	-0.465453987570498
-0.666658456198144	-1.93751805710548	-1.1967512964475	-0.44935601022481
-0.660316856622025	-1.92682142501669	-1.17858780890639	-0.431017502736381
-0.653975257045905	-1.90902021712881	-1.1688216979567	-0.414921760596606
-0.647633657469785	-1.90864559319707	-1.15300783005142	-0.414169098953098
-0.641292057893666	-1.88705122237394	-1.14442264408011	-0.39282904185482
-0.634950458317546	-1.86525486187524	-1.12945578105115	-0.390814316017308
-0.628608858741427	-1.84770092262073	-1.11258810907624	-0.37857698839959
-0.622267259165307	-1.84849273289355	-1.1046117301151	-0.369228714658083
-0.615925659589188	-1.8238132073108	-1.09490611110705	-0.358795562165738
-0.609584060013068	-1.81458576131713	-1.08298103299894	-0.346306456795311
-0.603242460436949	-1.79344631027776	-1.0648292495743	-0.335721292895788
-0.596900860860829	-1.78690550365325	-1.05050279585181	-0.308769478796651
-0.59055926128471	-1.77180453428799	-1.04234984141836	-0.312186158951843
-0.58421766170859	-1.76206171290049	-1.02702694963284	-0.310976310984619
-0.577876062132471	-1.74771475516625	-1.014089482564	-0.286635146164334
-0.571534462556351	-1.73038248013705	-0.999757136980882	-0.275651933341683
-0.565192862980232	-1.72344044651249	-0.986729012992201	-0.253449708618614
-0.558851263404112	-1.69439056773204	-0.979474073418158	-0.251845455027275
-0.552509663827993	-1.67954653704593	-0.962588607839324	-0.243000245780349
-0.546168064251873	-1.67280046240548	-0.9524413690731	-0.236608014166584
-0.539826464675754	-1.65922452472171	-0.941453857779135	-0.223068444786701
-0.533484865099634	-1.64013807959518	-0.92783146274525	-0.198186029412438
-0.527143265523515	-1.62272196739625	-0.90948911413121	-0.195716085636413
-0.520801665947395	-1.61171442955695	-0.904150609693692	-0.183501600527799
-0.514460066371276	-1.59766839256151	-0.885509429727959	-0.158293416600977
-0.508118466795156	-1.58372732404727	-0.874984841638045	-0.151228309054656
-0.501776867219037	-1.57769328099112	-0.865900151771256	-0.144520834226083
-0.495435267642917	-1.55509071644762	-0.852795541319121	-0.135421607409658
-0.489093668066798	-1.53738666845884	-0.837829027504123	-0.119031119149986
-0.482752068490678	-1.53416410094518	-0.827558221217539	-0.116061233176251
-0.476410468914559	-1.51744811364197	-0.806205978927645	-0.105277953574916
-0.470068869338439	-1.52120339371823	-0.799899811073008	-0.0812762176423206
-0.46372726976232	-1.49174370868089	-0.787166543749138	-0.0767288979247256
-0.4573856701862	-1.46905582055312	-0.772484824438515	-0.0610203346231154
-0.451044070610081	-1.46404737110462	-0.759331077038366	-0.0443455970199396
-0.444702471033961	-1.44669466877736	-0.742988210138701	-0.0417742201755438
-0.438360871457842	-1.43957563823061	-0.739963420758164	-0.0273939216692138
-0.432019271881722	-1.41654028042777	-0.719216677995532	-0.0200309370517936
-0.425677672305603	-1.39777401282792	-0.707948619590483	-0.0176505677187781
-0.419336072729483	-1.39492101064068	-0.697053643516772	0.00857601576969196
-0.412994473153363	-1.38621195403772	-0.684528884548696	0.0218957690426216
-0.406652873577244	-1.37197111937119	-0.670247729149299	0.0290698592400163
-0.400311274001125	-1.35568443622239	-0.660627764152193	0.0330158786789706
-0.393969674425005	-1.34106982791999	-0.644881418323181	0.0639787007524222
-0.387628074848885	-1.33733114364325	-0.632291355063289	0.067122626104122
-0.381286475272766	-1.31071182960174	-0.6188375414355	0.0707495239586361
-0.374944875696646	-1.30007803279555	-0.608230101354945	0.090896786979895
-0.368603276120527	-1.28325010917453	-0.594852481032144	0.0991909254674105
-0.362261676544407	-1.28126729511802	-0.589037548246854	0.113242191709383
-0.355920076968288	-1.25143113830182	-0.569225642991159	0.130677274426203
-0.349578477392168	-1.23929599648561	-0.556921467346443	0.121925703009207
-0.343236877816049	-1.23274031295134	-0.545811828493529	0.1507194166217
-0.336895278239929	-1.21874251921798	-0.530702172043567	0.159518904545978
-0.33055367866381	-1.20577193997806	-0.517142042489942	0.168615968740571
-0.32421207908769	-1.19383760394136	-0.504863084138848	0.178559330488265
-0.317870479511571	-1.18812285675305	-0.499337186052681	0.183467818629281
-0.311528879935451	-1.16275989565518	-0.483336873714107	0.19973144135508
-0.305187280359332	-1.14533317297993	-0.464594063559491	0.220967299000619
-0.298845680783212	-1.14425455595313	-0.45316226694568	0.236045558298638
-0.292504081207093	-1.12650475650632	-0.440437387367337	0.24672856406153
-0.286162481630973	-1.11472490659923	-0.430699007909899	0.245218088775507
-0.279820882054854	-1.106053146233	-0.413373569224195	0.274120848196665
-0.273479282478734	-1.08711613495788	-0.401435387511446	0.284714102451279
-0.267137682902615	-1.07733034713855	-0.388666849742087	0.28614543913686
-0.260796083326495	-1.05596228286222	-0.37719661798876	0.310934271960423
-0.254454483750376	-1.03791772498932	-0.363634216137643	0.326083141017221
-0.248112884174256	-1.02580405903682	-0.357099856478523	0.331367275894025
-0.241771284598137	-1.00876570514807	-0.342467646276991	0.34458822832639
-0.235429685022017	-0.999155272769782	-0.32604752274815	0.358917057977737
-0.229088085445898	-0.982054294612364	-0.313772985763393	0.369181953613816
-0.222746485869778	-0.973142130740992	-0.305091468986954	0.387874513765488
-0.216404886293659	-0.964943615871889	-0.287313468918395	0.386690176957638
-0.210063286717539	-0.946138550920056	-0.277260378938458	0.398497177049684
-0.20372168714142	-0.937966340230388	-0.25837443434023	0.421279127480339
-0.1973800875653	-0.941395658447587	-0.249650129577856	0.427385932038198
-0.191038487989181	-0.909897274473969	-0.238815689522527	0.439695097721668
-0.184696888413061	-0.90234134557893	-0.228929422600896	0.451919058109824
-0.178355288836942	-0.876204674504714	-0.211286261539539	0.459474060814899
-0.172013689260822	-0.869687854273351	-0.201154324536039	0.480436631130521
-0.165672089684703	-0.865917956461933	-0.188676682737212	0.488139133078602
-0.159330490108583	-0.832842284632605	-0.177864703701061	0.500761259845611
-0.152988890532463	-0.831808208648674	-0.164006631395457	0.509599098008447
-0.146647290956344	-0.818214983153246	-0.15132539049091	0.526679573386013
-0.140305691380225	-0.814588048985773	-0.13484926482809	0.536433898727525
-0.133964091804105	-0.798375316534452	-0.122029616605632	0.547907389389576
-0.127622492227985	-0.775425550185427	-0.113648502744212	0.567241668286756
-0.121280892651866	-0.76432867429201	-0.100019609078859	0.568723375271835
-0.114939293075746	-0.75957567140509	-0.0855274808623299	0.591683895869519
-0.108597693499627	-0.74095039143419	-0.0744175355893941	0.590751778171946
-0.102256093923508	-0.732253242259554	-0.059200396608365	0.618214041263721
-0.095914494347388	-0.709244334045964	-0.0480146897667396	0.629002849629642
-0.0895728947712684	-0.687305089359242	-0.0370541644897136	0.641663657477284
-0.0832312951951488	-0.687382712639672	-0.0251118271514566	0.649388711171776
-0.0768896956190295	-0.67342206463476	-0.007580625528395	0.658865685629536
-0.0705480960429099	-0.659851574081836	0.00329132692560776	0.672539992277143
-0.0642064964667903	-0.650457570200712	0.0169472000624498	0.688664480816503
-0.0578648968906708	-0.626217946433805	0.0311724959121962	0.688565002166335
-0.0515232973145514	-0.617746288183373	0.0440371364845546	0.707074577750343
-0.0451816977384318	-0.621513969197159	0.0554078768271817	0.73409583820919
-0.0388400981623123	-0.597456673806398	0.0677067225632477	0.743660498753429
-0.0324984985861929	-0.585143630470961	0.0806649375269731	0.748966473645329
-0.0261568990100733	-0.580001539070244	0.0939685910287143	0.766016553954388
-0.0198152994339538	-0.559903583732726	0.103719875529877	0.77981458615915
-0.0134736998578342	-0.549878666951072	0.117992738688846	0.796846381373869
-0.00713210028171485	-0.535320273664854	0.129409965624775	0.802109392965149
-0.000790500705595276	-0.523438315777553	0.143279932227281	0.816593316485246
0.0055510988705243	-0.505202947322194	0.16087974205058	0.823022107007622
0.0118926984466439	-0.495760006221703	0.164140734424589	0.840016090076235
0.0182342980227632	-0.485123972163683	0.183775275118463	0.852530923809414
0.0245758975988828	-0.472532206791815	0.194144613174608	0.858598411837921
0.0309174971750024	-0.443899611050326	0.209492771716083	0.876550429225917
0.0372590967511219	-0.454256254666269	0.221153684976124	0.89051572005592
0.0436006963272413	-0.432303607493727	0.230989338455404	0.906694212129254
0.0499422959033609	-0.419684782903925	0.24159670436874	0.919568059014033
0.0562838954794804	-0.40261527130792	0.259328716142858	0.929156285021391
0.0626254950555998	-0.390673196764657	0.275584579310744	0.946247499483344
0.0689670946317194	-0.381556996854843	0.285007873849543	0.956641528950286
0.0753086942078389	-0.372722529717771	0.300533542109919	0.966503479342366
0.0816502937839585	-0.354191978934368	0.309371419476652	0.973042037727858
0.0879918933600778	-0.346913101392205	0.32134501308881	1.00415033741717
0.0943334929361974	-0.336650615856252	0.334655324112885	1.00251525769801
0.100675092512317	-0.321676515666553	0.344957868619792	1.02876367370747
0.107016692088437	-0.312360644312936	0.361277739790655	1.02968277430493
0.113358291664556	-0.294686085155653	0.370888181468536	1.04271930205674
0.119699891240676	-0.290343280377645	0.38223213396182	1.04564766186838
0.126041490816795	-0.27119609599574	0.399143519276502	1.0673717949408
0.132383090392914	-0.256385711694805	0.413361549112622	1.07768191752423
0.138724689969034	-0.243487891970058	0.423713396201795	1.09341799451683
0.145066289545154	-0.234097781280359	0.437156182982411	1.10070991966251
0.151407889121273	-0.235379910924441	0.450246777179391	1.12437789013812
0.157749488697393	-0.202642135185278	0.460076730324895	1.14046606286739
0.164091088273512	-0.193241272525222	0.476658449375994	1.14860618383961
0.170432687849631	-0.173908311139804	0.485681038880584	1.15995628835842
0.176774287425751	-0.180612916147261	0.500135156331001	1.16804471167774
0.183115887001871	-0.163212316729858	0.51419725659252	1.19266661689376
0.18945748657799	-0.146001518507724	0.52525081086484	1.20099318330419
0.19579908615411	-0.132155620826547	0.54254218701597	1.21297173543098
0.202140685730229	-0.113592578694136	0.551194946029755	1.22264329015631
0.208482285306349	-0.102852406165717	0.56293219010276	1.23830803822842
0.214823884882468	-0.102248249050929	0.577105163016206	1.25134501683954
0.221165484458588	-0.0806858176554268	0.589759683858971	1.27759913066624
0.227507084034707	-0.0752707059083068	0.60205769282458	1.27675487332322
0.233848683610827	-0.0658127047090113	0.616574060730903	1.28970254436124
0.240190283186946	-0.0482567773878567	0.627681424128579	1.32049861121607
0.246531882763066	-0.0350093385853027	0.639386545799892	1.321187774733
0.252873482339185	-0.0220276495100179	0.651528685345353	1.33651427464105
0.259215081915305	-0.00831268009252425	0.663668452040994	1.34583439262558
0.265556681491424	0.00657293659512155	0.677079001672314	1.35152285614654
0.271898281067544	0.00758467130963841	0.692775061344233	1.36644039059953
0.278239880643663	0.0254468937752993	0.708136617248163	1.37863221919461
0.284581480219783	0.0422706160369824	0.716643074488271	1.40184542158259
0.290923079795902	0.0487648277932542	0.727369059075311	1.42008732023636
0.297264679372022	0.0747797600519249	0.747424062423372	1.42757498256413
0.303606278948141	0.0612453788239462	0.75378330206267	1.43503205537062
0.309947878524261	0.0899145823065858	0.77012041951981	1.45668583406987
0.31628947810038	0.0962179573536669	0.78076649128578	1.4566579094285
0.3226310776765	0.113204979676223	0.794162449947838	1.46948108183499
0.32897267725262	0.113690120668515	0.805980034578764	1.49189812270035
0.335314276828739	0.129622057636176	0.819777620117649	1.51187181956219
0.341655876404858	0.139028196466971	0.835976172554734	1.52936268947652
0.347997475980978	0.15701454573727	0.843136528382488	1.55070519258278
0.354339075557097	0.167248330514333	0.857865508115877	1.5539589128441
0.360680675133217	0.182392281448135	0.86774153104951	1.57343855332773
0.367022274709337	0.196754007008993	0.879190885776802	1.56726981643184
0.373363874285456	0.213357903619518	0.8923670462002	1.58941156339448
0.379705473861575	0.213592260025955	0.912499560930481	1.60513332601524
0.386047073437695	0.227057680790179	0.920025899715056	1.61917544404367
0.392388673013814	0.245220506732628	0.933340629340856	1.6340279421958
0.398730272589934	0.257461795080672	0.951682274548477	1.64543439179446
0.405071872166054	0.262702597198556	0.957032220567745	1.66575298991376
0.411413471742173	0.274314858314938	0.968626331413118	1.66636124206433
0.417755071318293	0.297283590461342	0.982694860166297	1.68597779033072
0.424096670894412	0.306654135971817	0.997778766966812	1.69715701099405
0.430438270470531	0.324717756430187	1.01074229299506	1.72281990855264
0.436779870046651	0.330729538030584	1.02804565033114	1.72976404400836
0.443121469622771	0.33916556783144	1.03590767527984	1.73739273452581
0.44946306919889	0.340640661722236	1.04914737675449	1.74591348951934
0.45580466877501	0.362783584844377	1.06052423302006	1.76680138167312
0.462146268351129	0.36882057599213	1.0741333434725	1.7852991525353
0.468487867927249	0.383541635157838	1.08626866745457	1.79870676759955
0.474829467503368	0.394920431597567	1.09917593143028	1.80435358319113
0.481171067079488	0.411314669725291	1.11081294928919	1.8288567388492
0.487512666655607	0.415557123695488	1.12608397697736	1.83891398730371
0.493854266231727	0.429646093618989	1.13667848061797	1.85523287977234
0.500195865807846	0.443597325104162	1.15334633586214	1.8612635308994
0.506537465383966	0.458943060942852	1.15927773154897	1.87826295521063
0.512879064960085	0.470303106837533	1.17147510238404	1.8987252561671
0.519220664536205	0.476415118521946	1.18784871319227	1.90877938546859
0.525562264112324	0.487338392619525	1.20083994026127	1.91918043037686
0.531903863688444	0.496622907946809	1.2162864886853	1.9316138942934
0.538245463264563	0.511021537061196	1.22200173491779	1.94182252575237
0.544587062840683	0.520392591936304	1.23948737694496	1.95605641372953
0.550928662416802	0.541695235688457	1.24786919020302	1.96951063980639
0.557270261992922	0.544530968892385	1.26593096518614	1.983569070332
0.563611861569041	0.557533224360773	1.27517246963946	2.00098350357156
0.569953461145161	0.574804033098016	1.29191037811649	2.01884548149033
0.57629506072128	0.583645940742435	1.30302211518546	2.02492165602507
0.5826366602974	0.586323148150325	1.31651180042791	2.04470335492864
0.58897825987352	0.593502968661472	1.3304039100184	2.05177644037854
0.595319859449639	0.610588866199916	1.34588968021336	2.06993540421748
0.601661459025758	0.612521859914989	1.35010194195409	2.08127758199964
0.608003058601878	0.637094606395028	1.36741248207779	2.10327442707722
0.614344658177997	0.646953797971836	1.37690288270337	2.11257012681513
0.620686257754117	0.661588547901689	1.39292248590521	2.13144018026737
0.627027857330237	0.682652268637725	1.40577783740482	2.13795236421235
0.633369456906356	0.6796346426335	1.41540579697728	2.1569194630202
0.639711056482475	0.689589523778297	1.42954560406571	2.16878272286671
0.646052656058595	0.704968187416915	1.44530466261762	2.19791235404041
0.652394255634714	0.715942246633804	1.45766503865817	2.18656136942457
0.658735855210834	0.723746904094343	1.46944095071775	2.21156387588901
0.665077454786954	0.74376496533291	1.47990026926132	2.22362149520197
0.671419054363073	0.752403578836649	1.49297235730977	2.23892284954035
0.677760653939193	0.749463966520239	1.50518439528967	2.25201485094623
0.684102253515312	0.776160552111676	1.52169623815908	2.26618425172857
0.690443853091431	0.769904622979524	1.53025662340982	2.2937542294327
0.696785452667551	0.79095107927691	1.54346475071351	2.29320243522719
0.703127052243671	0.796575929757459	1.55566034609373	2.30730242134642
0.70946865181979	0.813838850727481	1.56889644040326	2.31514762324574
0.71581025139591	0.826172271059734	1.58095606956497	2.33465101121837
0.722151850972029	0.844126320327576	1.59915398304811	2.3525384664821
0.728493450548149	0.846090356471387	1.61271048836229	2.37390100978724
0.734835050124268	0.868797605322021	1.61960725326658	2.38760135084622
0.741176649700388	0.866789354538803	1.63302297389852	2.41243968582579
0.747518249276507	0.881216282355995	1.64585014592177	2.39968721951615
0.753859848852627	0.903837356600016	1.66415298141768	2.43033972183039
0.760201448428746	0.894086028683652	1.67651868195149	2.44479613352473
0.766543048004866	0.919542105781916	1.6837693378028	2.45814037195669
0.772884647580985	0.941910537118463	1.69583797945423	2.46483778370019
0.779226247157105	0.951605544370198	1.70905954294687	2.48202617973889
0.785567846733224	0.948123747644862	1.72415755298139	2.50312031725428
0.791909446309344	0.961921980575019	1.73506232601673	2.51427386771104
0.798251045885463	0.961259080785495	1.74968416967688	2.51988408186515
0.804592645461583	0.989842637346595	1.7586768339058	2.52992800400513
0.810934245037702	0.995249356592011	1.77279726220768	2.54824080659094
0.817275844613822	1.01647619664705	1.78730199729479	2.55973387718426
0.823617444189941	1.01462100442924	1.79993684431826	2.58261510670669
0.829959043766061	1.03221992681768	1.81530678593826	2.59435779814494
0.83630064334218	1.03845546660347	1.82079466792895	2.60780041841743
0.8426422429183	1.05442754633951	1.83699512632953	2.62249679807787
0.84898384249442	1.06477631641919	1.84838623903818	2.63435876746829
0.855325442070539	1.07999493802924	1.86314262508706	2.65148973062176
0.861667041646658	1.08297140168116	1.87812292736895	2.66453091221799
0.868008641222778	1.0919174751036	1.88818868736919	2.6833469882147
0.874350240798897	1.11408590728749	1.90201831075909	2.69520966579535
0.880691840375017	1.11660640010279	1.91286148843038	2.71220524064659
0.887033439951137	1.12960036162562	1.92744938687579	2.72644185998788
0.893375039527256	1.14321810034127	1.93885524830822	2.73691510037839
0.899716639103375	1.14531958986548	1.95322382206382	2.76265841052737
0.906058238679495	1.16916986877773	1.96548863423631	2.77170311123338
0.912399838255614	1.1721862544821	1.97952233873184	2.78256346796929
0.918741437831734	1.18261693676594	1.99492565400764	2.7965148512187
0.925083037407854	1.19957808317195	1.99961595086638	2.81199052318642
0.931424636983973	1.2032141387134	2.01564904336004	2.83350143740678
0.937766236560093	1.2143022042128	2.02505410112344	2.84607021892846
0.944107836136212	1.22535541928402	2.0389053693824	2.85093169816774
0.950449435712331	1.23417792671168	2.05281497822573	2.87465603997516
0.956791035288451	1.24647041340049	2.06950523391477	2.88508705060198
0.963132634864571	1.26096017636328	2.07531279633504	2.89754203630541
0.96947423444069	1.2748112579176	2.09325987618354	2.90684104013728
0.97581583401681	1.27783842276766	2.10600239648636	2.93633865717051
0.982157433592929	1.29364176851571	2.11704926907326	2.94181213394078
0.988499033169049	1.30373636568296	2.12239611743221	2.97361623661087
0.994840632745168	1.30524614213369	2.14277272068196	2.98035618504168
1.00118223232129	1.32399585828092	2.15300754979035	2.99539845360554
1.00752383189741	1.33565742984762	2.17204629792519	2.9910836833053
1.01386543147353	1.34319267410844	2.18393518930548	3.0071725080778
1.02020703104965	1.35548775643684	2.19120903151636	3.03080826587295
1.02654863062577	1.36352740290777	2.205362517195	3.0385193594056
1.03289023020189	1.37299844198411	2.22095092929291	3.06006922431771
1.039231829778	1.39321474582674	2.23573023842899	3.08100453062501
1.04557342935412	1.41257058888133	2.24676929416607	3.10204250556921
1.05191502893024	1.40866178493363	2.25753344017591	3.08946655795423
1.05825662850636	1.41656282618688	2.26736584538141	3.12293253295599
1.06459822808248	1.43431238749314	2.2808306795452	3.12997796016389
1.0709398276586	1.4492136012725	2.29772065510519	3.15289510383315
1.07728142723472	1.45617689441035	2.30981312796692	3.16390923443731
1.08362302681084	1.46930091084469	2.31870112955419	3.1820684675998
1.08996462638696	1.47743553424935	2.33404810433636	3.19708357663219
1.09630622596308	1.48352136525104	2.34347666378371	3.22184485676346
1.1026478255392	1.49999845901994	2.35390103740905	3.21174165944021
1.10898942511532	1.50125266153406	2.36944001553009	3.2406426363975
1.11533102469144	1.52434568396233	2.38968954117991	3.24580648294776
1.12167262426756	1.52564902958875	2.39992502917725	3.27631540345472
1.12801422384368	1.53577043881003	2.40861042401057	3.29392762318958
1.1343558234198	1.56027508326033	2.420694467447	3.28430322803294
1.14069742299592	1.56322147662011	2.43961831531079	3.3097419554114
1.14703902257204	1.56703894019895	2.44405500314467	3.31380852256061
1.15338062214816	1.57753767173819	2.46224685871601	3.32828067077442
1.15972222172428	1.57892866311365	2.47682240002481	3.34137652497822
1.1660638213004	1.60942207283186	2.48745853646649	3.37257576996848
1.17240542087651	1.61942433675446	2.49831848699804	3.37862059587872
1.17874702045263	1.62706203915906	2.51263093849305	3.40669941735068
1.18508862002875	1.62434791926305	2.52632211253754	3.40713175144711
1.19143021960487	1.63769714320917	2.53634799671946	3.41506284019984
1.19777181918099	1.65306784971417	2.55051674585137	3.43067426205483
1.20411341875711	1.65917328285261	2.56555454827813	3.47112432782648
1.21045501833323	1.67618505924107	2.57131603945685	3.46338773335162
1.21679661790935	1.68653419861713	2.59188921074652	3.49127276285424
1.22313821748547	1.69069659782745	2.60002807407182	3.50314836681978
1.22947981706159	1.70109086841733	2.60941544567791	3.51648700025554
1.23582141663771	1.72185448136294	2.62825053803199	3.53652609441392
1.24216301621383	1.72557304677936	2.64147319614928	3.54004724817438
1.24850461578995	1.73228441869879	2.65265184872883	3.55815568646653
1.25484621536607	1.74902042262018	2.66975520269801	3.57982130062007
1.26118781494219	1.76062318156436	2.68391291085127	3.60116801812808
1.26752941451831	1.76610988381978	2.69071289683987	3.60350553872921
1.27387101409443	1.76724822709446	2.70642373720068	3.63223231789798
1.28021261367055	1.79805461587557	2.71192441780503	3.64128902293661
1.28655421324667	1.80050834444377	2.72692617539162	3.65037047902235
1.29289581282279	1.81882158416996	2.73822743516354	3.6735950546416
1.2992374123989	1.82244893818971	2.75318834267489	3.67426023351454
1.30557901197502	1.83030739710149	2.76416052576805	3.70188710804811
1.31192061155114	1.84388392745088	2.78087915413794	3.70591296489491
1.31826221112726	1.86291041346574	2.79220526319172	3.73505516526061
1.32460381070338	1.86856403097149	2.80596167772629	3.74121634287455
1.3309454102795	1.88914773172511	2.81891759124883	3.75959838585078
1.33728700985562	1.89275773746546	2.83303787653302	3.76902391345645
1.34362860943174	1.90712378142308	2.84161699153718	3.78823244352204
1.34997020900786	1.91433420538694	2.85395937872969	3.79284084554489
1.35631180858398	1.92181581323479	2.86792063247205	3.81207076813051
1.3626534081601	1.93564289548644	2.88411124288158	3.82697039503724
1.36899500773622	1.93498371704034	2.89354524867197	3.82882707924119
1.37533660731234	1.96496138196482	2.90539183652197	3.86132076162217
1.38167820688846	1.96066662841406	2.92136444475644	3.87457670561938
1.38801980646458	1.96866417480717	2.93622910918245	3.88659660908001
1.3943614060407	1.97572727715138	2.94212995520008	3.89916448212539
1.40070300561682	1.99133521709051	2.95781823400502	3.91924882224027
1.40704460519294	1.99347665701609	2.96945630949725	3.9325486120917
1.41338620476906	1.99861277733226	2.98429563192763	3.95030452386071
1.41972780434518	2.01583876248435	2.99226863045608	3.96465326345787
1.4260694039213	2.03753098347272	3.01028298795454	3.98383424868758
1.43241100349741	2.04574445323234	3.02229328395769	4.00026413156388
1.43875260307353	2.0598373342715	3.0364022245047	4.01034223232274
1.44509420264965	2.06365103687415	3.04721442421214	4.02268864344791
1.45143580222577	2.073268198621	3.05660985329007	4.03541668884533
1.45777740180189	2.07613693286943	3.07097944988158	4.05364272357687
1.46411900137801	2.09891358459268	3.0840768003992	4.07420046566435
1.47046060095413	2.10986693883617	3.10062832698648	4.08823864390281
1.47680220053025	2.09815180107132	3.11145753113095	4.09448208081505
1.48314380010637	2.12324955262174	3.11867019860223	4.10993327440007
1.48948539968249	2.14393237404528	3.14064272042864	4.13495397386018
1.49582699925861	2.14241711095777	3.15140885512135	4.14034539184234
1.50216859883473	2.1537665623873	3.16062334702048	4.16592563789899
1.50851019841085	2.15579347647897	3.17518165580938	4.17529509408843
1.51485179798697	2.18424039158304	3.187092698589	4.19625534260111
1.52119339756309	2.19677732223584	3.20319460852345	4.2157679112684
1.52753499713921	2.19039174413113	3.21173768967844	4.22609163745011
1.53387659671533	2.21133709887749	3.22315520458738	4.23486260534382
1.54021819629145	2.23277192986686	3.24321333416176	4.25658786827719
1.54655979586757	2.2166482691183	3.25040957991014	4.26340272498785
1.55290139544369	2.24519416592475	3.26156456854527	4.2834168188103
1.5592429950198	2.24510627223038	3.27228244457566	4.29082502153666
1.56558459459592	2.26809258453368	3.29028226914135	4.31290266959208
1.57192619417204	2.26053575104059	3.30087939650475	4.3214876166499
1.57826779374816	2.27231141526741	3.31592829976955	4.33649066515129
1.58460939332428	2.29213616047529	3.33365652050384	4.36348841957262
1.5909509929004	2.30347985271149	3.3391969375084	4.36746470176994
1.59729259247652	2.31091163273659	3.35088703369277	4.38935876588142
1.60363419205264	2.31297458567066	3.36929596382579	4.39930900526507
1.60997579162876	2.32541765704823	3.37771298714989	4.4248992981058
1.61631739120488	2.33106943460687	3.39027814635355	4.43562914370544
1.622658990781	2.34425242940433	3.40454057074115	4.44623312626414
1.62900059035712	2.35549326433455	3.41734185782403	4.44630866707119
1.63534218993324	2.38041062237552	3.42904416582421	4.48183690162842
1.64168378950936	2.38245480555999	3.4441591242915	4.49615417321062
1.64802538908548	2.39682312697052	3.45350341794546	4.51080284134743
1.6543669886616	2.41218663201901	3.46521812493781	4.53247107275455
1.66070858823772	2.42087028296615	3.47895185624057	4.53523154660257
1.66705018781384	2.42864871483896	3.48920017736765	4.54796362386188
1.67339178738996	2.43250538073661	3.5012635929546	4.56966842458197
1.67973338696608	2.44366453561322	3.51525702998882	4.57838247510935
1.6860749865422	2.45977432393533	3.53223340248876	4.60463741227586
1.69241658611831	2.45181779035624	3.54130417510674	4.61868867003001
1.69875818569443	2.48977779571291	3.55401670538371	4.63120800590681
1.70509978527055	2.49226248104023	3.57047008025856	4.64801687060322
1.71144138484667	2.49103270424058	3.58429317611409	4.6635408773825
1.71778298442279	2.49342941499104	3.59132706575688	4.66569013508318
1.72412458399891	2.51807907908353	3.60459909492684	4.69938906240799
1.73046618357503	2.52611071282416	3.61882643762691	4.70782758787028
1.73680778315115	2.53330924464576	3.63849548868956	4.71449407924978
1.74314938272727	2.54757413239208	3.64609373688185	4.71869707711808
1.74949098230339	2.55639797580882	3.65533656790664	4.75150833809732
1.75583258187951	2.572518537583	3.67312111266105	4.76780911307874
1.76217418145563	2.575396718881	3.68028425987728	4.77249492698572
1.76851578103175	2.57775065442418	3.69504804466519	4.80072169667145
1.77485738060787	2.61136708127134	3.7084303571269	4.80844677939697
1.78119898018399	2.61609465092245	3.72847833255122	4.8260952205976
1.78754057976011	2.61259819303041	3.73375805268309	4.8258950643497
1.79388217933623	2.62307187696226	3.75215299047879	4.86209630665179
1.80022377891235	2.6368631796208	3.75971442984915	4.87554796468106
1.80656537848847	2.63798580098598	3.77435732469089	4.90504178067382
1.81290697806459	2.65563960361433	3.78729830947193	4.90092246969035
1.8192485776407	2.66427218374768	3.79354518527876	4.92565084127876
1.82559017721682	2.68629400170458	3.8134295953674	4.93866977299584
1.83193177679294	2.67995045607636	3.82625578571963	4.94697040700643
1.83827337636906	2.68897070291466	3.83689438738944	4.97167269854279
1.84461497594518	2.69451383862142	3.853910149254	4.9791254510173
1.8509565755213	2.71504951827444	3.86241329149614	5.00104112654328
1.85729817509742	2.72660339673052	3.87714752318677	5.01277288131388
1.86363977467354	2.75338153262691	3.88751865843803	5.01614275741805
1.86998137424966	2.74246420492826	3.90604104983932	5.04609140922117
1.87632297382578	2.76159772127041	3.91106195070553	5.05602412928185
1.8826645734019	2.77087623428342	3.92437332849934	5.07380818348707
1.88900617297802	2.78851252047156	3.93378504346184	5.10117120176788
1.89534777255414	2.80122786677482	3.94560678631906	5.10624430207868
1.90168937213026	2.79569075059695	3.96575255985458	5.10896216432936
1.90803097170638	2.80511196863656	3.97733908983817	5.12986807857227
1.9143725712825	2.82604445859649	3.98538472577805	5.15507514373362
1.92071417085862	2.82356088150881	4.00369847648554	5.16212465869051
1.92705577043474	2.84342075202281	4.01490174553921	5.18662903412462
1.93339737001086	2.84678676286024	4.02854675692881	5.18602994247829
1.93973896958698	2.86469938443071	4.04021136166651	5.20136342632139
1.9460805691631	2.85283322104512	4.0518223867861	5.23504921267169
1.95242216873921	2.87245225057875	4.06809121680004	5.24017629659525
1.95876376831533	2.88710557496967	4.08157189916521	5.26230981337383
1.96510536789145	2.90885536812899	4.09331813903053	5.26488437082198
1.97144696746757	2.90951893659657	4.10888240221513	5.2813176113917
1.97778856704369	2.92222534200815	4.12312463317015	5.29376564257843
1.98413016661981	2.91992661255572	4.13185557664267	5.33069524529371
1.99047176619593	2.93257468682502	4.14651772936706	5.33829429805909
1.99681336577205	2.95046559888656	4.15945548258316	5.34519723590923
2.00315496534817	2.95009217187973	4.16904799563154	5.37627499985153
2.00949656492429	2.96788283193765	4.18109268146558	5.37994097649587
2.01583816450041	2.98599585853427	4.1984256768854	5.40024007300335
2.02217976407653	2.97833871798117	4.20085731825246	5.40478663808371
2.02852136365265	3.00346761967103	4.22056908615158	5.4352043488184
2.03486296322877	3.01450160904304	4.22896026344461	5.45138386310811
2.04120456280489	3.02744296380265	4.24555622690628	5.46222295268121
2.04754616238101	3.0364124016681	4.25905071302833	5.46109915411851
2.05388776195713	3.04400251595257	4.27214018266065	5.49420112930564
2.06022936153325	3.04665017073803	4.28352820094175	5.50477351538894
2.06657096110937	3.06917391488628	4.29727321207042	5.52974720776334
2.07291256068549	3.06890397525665	4.30625556136634	5.53489797510372
2.0792541602616	3.08230939882424	4.32168181842147	5.54828703483702
2.08559575983772	3.09938990444285	4.33755145919227	5.56629368229315
2.09193735941384	3.10727165267922	4.34680381695194	5.5755601113057
2.09827895898996	3.11266254344261	4.3562274023723	5.5984121368689
2.10462055856608	3.12269876646399	4.36833759535515	5.61264463289953
2.1109621581422	3.14471908786872	4.38623307682463	5.62172730016089
2.11730375771832	3.13975013155746	4.39516215718578	5.626188537737
2.12364535729444	3.14666224400938	4.41605114380171	5.64834245537397
2.12998695687056	3.16185529841724	4.42379247424693	5.6746668597771
2.13632855644668	3.16558161520236	4.43737399351726	5.67876860654474
2.1426701560228	3.18125741987896	4.45133770480205	5.71073802471143
2.14901175559892	3.18801985558653	4.4622029822224	5.72136597812393
2.15535335517504	3.19212522821541	4.46972356731208	5.73725799829109
2.16169495475116	3.20826834172523	4.48547446700083	5.73512630025895
2.16803655432728	3.21815516579903	4.49978850318008	5.76299907954433
2.1743781539034	3.24271774556734	4.51316274174124	5.77984686760787
2.18071975347952	3.25236818478903	4.52177805838369	5.80004339463646
2.18706135305564	3.26571302559885	4.53504593817337	5.81728959103353
2.19340295263176	3.27189396060056	4.54944624296086	5.82601178104559
2.19974455220788	3.27160187747891	4.56229967120812	5.83659475671354
2.20608615178399	3.275111195555	4.57316516432148	5.85609761323807
2.21242775136011	3.29595686766545	4.5896404973878	5.87284754548094
2.21876935093623	3.2927118908249	4.59963574748081	5.8825738292879
2.22511095051235	3.32451254011794	4.61753339704546	5.9105217403273
2.23145255008847	3.31857852639027	4.62708204176253	5.92070915021002
2.23779414966459	3.33539400491338	4.63593762017286	5.95019154146489
2.24413574924071	3.34504096668793	4.65441654249124	5.95798230878191
2.25047734881683	3.35348934619098	4.65640647068867	5.96405798511793
2.25681894839295	3.36289535387614	4.67941497356828	5.98754087859375
2.26316054796907	3.38009611443222	4.68730825902682	5.98915989981477
2.26950214754519	3.37606264187102	4.70734888317487	6.02010839964803
2.27584374712131	3.39338220406038	4.71769591366744	6.02734613883947
2.28218534669743	3.40081852989149	4.72597154291645	6.04638218532978
2.28852694627355	3.40844506705469	4.74129185482194	6.05363889500744
2.29486854584967	3.43117046731966	4.751459427846	6.07744557760552
2.30121014542579	3.42780456470238	4.76738792196301	6.09718230453155
2.30755174500191	3.42128474291942	4.77943773191111	6.10205755879601
2.31389334457803	3.45244718646232	4.79509120328384	6.12067010254464
2.32023494415415	3.43705832745587	4.80198580766707	6.13650096715886
2.32657654373027	3.46327699780525	4.81902393332018	6.14391648623296
2.33291814330639	3.48222430132642	4.82840487359099	6.17349151278495
2.3392597428825	3.48070503280811	4.85019849495392	6.18064455263734
2.34560134245862	3.50997018227078	4.86055453406781	6.19144116859437
2.35194294203474	3.50559073913507	4.86570049026414	6.21467090423151
2.35828454161086	3.52085406002971	4.88327339362817	6.21743850995267
2.36462614118698	3.5474740927664	4.89522732017543	6.24472631261957
2.3709677407631	3.5480275852104	4.90857955297768	6.26246215492661
2.37730934033922	3.54190695699528	4.91568601861717	6.28071019554028
2.38365093991534	3.57591757621308	4.93171995436775	6.29890281641284
2.38999253949146	3.57126356364521	4.9458207953088	6.29179363925147
2.39633413906758	3.60099942219888	4.959053728557	6.32562255252881
2.4026757386437	3.59349888159732	4.96725178715259	6.332488426156
2.40901733821982	3.60927084193666	4.98189324418385	6.34350727852912
2.41535893779594	3.60475311267872	4.99707207765286	6.37187493492672
2.42170053737206	3.61654915348149	5.01116391681308	6.3930110607316
2.42804213694818	3.63316033053605	5.02046145095062	6.41152885341264
2.4343837365243	3.62730929696286	5.03336900246769	6.41363388307036
2.44072533610042	3.6449487977522	5.04544845836671	6.42793196482587
2.44706693567654	3.65849466741934	5.06088521000705	6.43132005217805
2.45340853525266	3.66398184406386	5.07118313094201	6.46112386418103
2.45975013482878	3.67275827821339	5.08384321740978	6.46983775101086
2.4660917344049	3.68967080209172	5.09436345365734	6.48293545447023
2.47243333398101	3.69110608827366	5.11094248807472	6.49709876067257
2.47877493355713	3.7100763610204	5.12458287157082	6.53104107238547
2.48511653313325	3.72817769468751	5.13279515014766	6.53954209865739
2.49145813270937	3.73310338667126	5.14884718376196	6.56045036804208
2.49779973228549	3.74038467281593	5.15924286815772	6.57777213608664
2.50414133186161	3.74656510622222	5.1732746889002	6.58278139659447
2.51048293143773	3.76462047428712	5.18228250876674	6.60689992241772
2.51682453101385	3.76054098472808	5.19924938430777	6.6094201299227
2.52316613058997	3.7755859611974	5.21172773442661	6.61996848942957
2.52950773016609	3.79218950665606	5.22641593523702	6.64537022584459
2.53584932974221	3.79854517539397	5.23031326601375	6.65433050686957
2.54219092931833	3.81085998627187	5.25422941573292	6.66861288198495
2.54853252889445	3.82605498909753	5.26253016537895	6.68551041054147
2.55487412847057	3.83445927735528	5.27299662922294	6.70078936740786
2.56121572804669	3.84371492073045	5.2934423724159	6.7165083130287
2.56755732762281	3.86468909587768	5.30072762277129	6.73054200352314
2.57389892719893	3.84820100282026	5.31484281979295	6.75006254873588
2.58024052677505	3.86310811078911	5.32965996127795	6.76542741444394
2.58658212635117	3.87075123273737	5.34106994660822	6.791730586648
2.59292372592728	3.89886906305031	5.35606157220637	6.81009334677835
2.59926532550341	3.9088511234468	5.36357824758011	6.81154068014372
2.60560692507952	3.91781524066555	5.37537162527978	6.84696971004185
2.61194852465564	3.90624831575787	5.39588739037994	6.842218285332
2.61829012423176	3.91615087123997	5.40221628763645	6.86599340409019
2.62463172380788	3.94912885935118	5.41412368229326	6.86148044553375
2.630973323384	3.95251065586617	5.43182400019615	6.88266297504003
2.63731492296012	3.96817919044155	5.44354414795673	6.90654591322297
2.64365652253624	3.96536327838182	5.46086591105106	6.93278357577903
2.64999812211236	3.97690895950175	5.45689012901897	6.94079326751274
2.65633972168848	3.98217042143752	5.48180110069545	6.95513154792588
2.6626813212646	3.97732905220717	5.49291111947909	6.97995214882498
2.66902292084072	4.01009434277112	5.50922712779058	6.99944061695282
2.67536452041684	4.01873693045415	5.52146721193677	7.00603763305428
2.68170611999296	4.03324857739877	5.53384485884522	7.00678876660852
2.68804771956908	4.03514453084971	5.54709820141207	7.03073737545096
2.6943893191452	4.03424922147985	5.55859703519397	7.04699059346953
2.70073091872132	4.06258567299835	5.57150501664849	7.06429762806253
2.70707251829744	4.08192310990003	5.58144850141259	7.06977212311406
2.71341411787356	4.06508364091309	5.58950921309452	7.10389819892855
2.71975571744968	4.09442834414747	5.60473936457228	7.12454231229184
2.72609731702579	4.08488020126021	5.62169987850808	7.11304271554189
2.73243891660191	4.10831446764263	5.6293240856115	7.13456169163041
2.73878051617803	4.11667037601792	5.63677416750547	7.16715359732486
2.74512211575415	4.13812130266647	5.66119694286339	7.16205232423497
2.75146371533027	4.12364897615711	5.67038966087983	7.18799893777468
2.75780531490639	4.14846693441474	5.6830203521908	7.21289196292832
2.76414691448251	4.1576143650284	5.69633146411503	7.22713051989576
2.77048851405863	4.16118613191715	5.71154254221081	7.2496525933538
2.77683011363475	4.17792016973731	5.71737696459777	7.25977233842659
2.78317171321087	4.18152763876212	5.73445955479918	7.26407635009302
2.78951331278699	4.20233603241919	5.74824982892502	7.29103830810126
2.79585491236311	4.19566666349741	5.75982412585256	7.31097985927733
2.80219651193923	4.21868505661898	5.77281823010245	7.32157754377296
2.80853811151535	4.23084243284484	5.78480924880969	7.3314712730398
2.81487971109147	4.24724913082095	5.80161828214126	7.34515775564501
2.82122131066759	4.24404455521281	5.81272318982196	7.36320389839772
2.82756291024371	4.25568512348799	5.82595012291948	7.382938002487
2.83390450981983	4.26508751717238	5.83805959267541	7.40490849858606
2.84024610939595	4.27099940131748	5.85277092361665	7.40568374656422
2.84658770897207	4.28537306688699	5.86639772864087	7.40427687764302
2.85292930854819	4.28563036428109	5.87819621065671	7.43430475090439
2.8592709081243	4.29819997245178	5.887274501152	7.457328726548
2.86561250770042	4.31779358289452	5.90026055947873	7.47074340651891
2.87195410727654	4.31859184531329	5.91375555483376	7.48783036150294
2.87829570685266	4.3401733985675	5.930139679045	7.48890542112917
2.88463730642878	4.32878078538402	5.93904726898223	7.52125163311513
2.8909789060049	4.36254348648029	5.94780304921083	7.53601585737514
2.89732050558102	4.35699153792442	5.96862414465288	7.54200573132915
2.90366210515714	4.38963235344503	5.97889394214739	7.55122025799342
2.91000370473326	4.38919314582107	5.98410828475087	7.57870215230023
2.91634530430938	4.38518927713534	6.00138326759889	7.57560766423179
2.9226869038855	4.39620160304732	6.01632300541996	7.59281354597137
2.92902850346162	4.4144873067415	6.03491643483819	7.61941257572308
2.93537010303774	4.40836528309903	6.03857080962708	7.6420401903975
2.94171170261386	4.44195848551241	6.04807708190203	7.66799122623468
2.94805330218998	4.43338284926338	6.06229284238948	7.68306895704483
2.9543949017661	4.45830850240351	6.08226651562482	7.69658327753394
2.96073650134222	4.4650076099358	6.08976413587342	7.69475166504879
2.96707810091834	4.48600110235807	6.1070661340859	7.72429526683169
2.97341970049446	4.46967287577227	6.11133020008925	7.74302467959227
2.97976130007058	4.49188072942661	6.13054314955847	7.74907590893053
2.9861028996467	4.49123877560505	6.143538840101	7.76784043578499
2.99244449922281	4.51282467969201	6.15769200134299	7.78903403382494
2.99878609879893	4.52226709582069	6.17220050815425	7.79141476901915
3.00512769837505	4.5357844899552	6.18313477090399	7.80493307411081
3.01146929795117	4.53079587364812	6.19328651092968	7.84000218479877
3.01781089752729	4.56307756165994	6.20513095961589	7.83774430804334
3.02415249710341	4.56161462036207	6.21994004959919	7.86722163271517
3.03049409667953	4.57971074514484	6.23652849954726	7.87615764133455
3.03683569625565	4.59100053352031	6.24182158102484	7.87982202311434
3.04317729583177	4.58786188062408	6.2540572383658	7.91742251467087
3.04951889540789	4.58952284723386	6.26597716024656	7.91155619865653
3.05586049498401	4.59884469504144	6.28333978459472	7.95159803499602
3.06220209456013	4.6319172296582	6.29935028858834	7.93831023203652
3.06854369413625	4.62927629731708	6.30667642845535	7.96879972904069
3.07488529371237	4.63556249841088	6.31757390642148	7.98314523506194
3.08122689328849	4.64366438102032	6.33518897548016	8.00783789792129
3.08756849286461	4.66413742018934	6.34464484520323	8.02392187857828
3.09391009244073	4.6670480495178	6.36084789694683	8.03254958259438
3.10025169201685	4.65548402953647	6.37369402171455	8.04491428714908
3.10659329159297	4.70213641341262	6.38297749113773	8.07660964681568
3.11293489116908	4.70560252791859	6.39452479224824	8.07983045396727
3.11927649074521	4.70655738276828	6.40792908599367	8.10206177494047
3.12561809032132	4.73832158230883	6.42043434118201	8.10521252987502
3.13195968989744	4.7169548220787	6.42885505517642	8.12645000908228
3.13830128947356	4.74500675041651	6.45005538368333	8.13467866864199
3.14464288904968	4.75868581429847	6.46038521505258	8.16478432810525
3.1509844886258	4.76129246801848	6.47578477008764	8.17172204913142
3.15732608820192	4.77518825639051	6.47852338822207	8.18184467747529
3.16366768777804	4.77855517714641	6.49495396035425	8.20778231607314
3.17000928735416	4.79637633874439	6.5085104036982	8.21456793811464
3.17635088693028	4.80360155158303	6.52293114481586	8.23045413488672
3.1826924865064	4.79548101019081	6.5391162575146	8.23623248995517
3.18903408608252	4.8192086283249	6.5496178548316	8.25548484840605
3.19537568565864	4.83593008146998	6.56683787168106	8.27805238465517
3.20171728523476	4.84528141344978	6.57304236970339	8.29915146551128
3.20805888481088	4.83063311083977	6.58026089820103	8.30238470616834
3.214400484387	4.85960829981377	6.59558518639045	8.34112911491995
3.22074208396312	4.86439990690892	6.61107469369355	8.33887379380638
3.22708368353924	4.87515059228338	6.62375008484574	8.34995567897041
3.23342528311536	4.88153878612971	6.63931128373465	8.37952180502491
3.23976688269148	4.89333412534424	6.64821588269232	8.39343930477719
3.24610848226759	4.91418243260754	6.66501528334691	8.38723000582132
3.25245008184371	4.91380335678125	6.67818565086215	8.42656203821513
3.25879168141983	4.93562995207053	6.69042094553816	8.43940680039399
3.26513328099595	4.93223444071796	6.69878699024245	8.44871186257314
3.27147488057207	4.94729579651005	6.71853424704757	8.45542270807951
3.27781648014819	4.9471086627552	6.73571780314458	8.49596994707892
3.28415807972431	4.96494345781123	6.74240747626565	8.50363719573881
3.29049967930043	4.98746940985141	6.75506242481613	8.52640686349711
3.29684127887655	4.99473028507967	6.76359786335534	8.53446557300701
3.30318287845267	5.00155834312961	6.78201285933914	8.5298519100997
3.30952447802879	4.99876849043461	6.7893484557358	8.57059873261691
3.31586607760491	5.01797658236862	6.80330153930251	8.56973454916499
3.32220767718103	5.03056969334743	6.8221732082797	8.60652282807511
3.32854927675715	5.02787861900104	6.8342888599644	8.60307069676879
3.33489087633327	5.04236444104122	6.83805378553369	8.62746390127035
3.34123247590939	5.04907970637036	6.85424831304551	8.65003556617598
3.34757407548551	5.05635564302905	6.86818043722016	8.64121879979661
3.35391567506163	5.06938964108914	6.88575638701113	8.67059805377109
3.36025727463775	5.06323881619305	6.89929088278329	8.68246874982393
3.36659887421387	5.08506023229834	6.90971413847743	8.71267440752303
3.37294047378999	5.11369061680097	6.92148112556355	8.72000096571936
3.3792820733661	5.09486929618229	6.93411669621844	8.72968057966206
3.38562367294222	5.11905231251847	6.93980661409985	8.75468843531357
3.39196527251834	5.12842786174115	6.954339479914	8.77755253607075
3.39830687209446	5.14806593709401	6.9745719505966	8.77661532649598
3.40464847167058	5.14003867054934	6.98232942038228	8.79397113329634
3.4109900712467	5.16219615710355	7.00045237106611	8.81605098412239
3.41733167082282	5.18281097856532	7.00818257783108	8.83053744301472
3.42367327039894	5.17764466377283	7.01874366781021	8.85660773643797
3.43001486997506	5.17635474936053	7.02609718007873	8.86935551781768
3.43635646955118	5.20304635979087	7.0470514041189	8.88563698986913
3.4426980691273	5.18958175814384	7.06061093413469	8.89588753291621
3.44903966870342	5.2072272722013	7.07009866572361	8.91891456386979
3.45538126827954	5.24207923004665	7.08034966700248	8.93626023539438
3.46172286785566	5.23909696617632	7.09792438618486	8.92510629914504
3.46806446743178	5.25566080028807	7.11360669831285	8.95962562703076
3.4744060670079	5.26266797074036	7.12543965890269	8.98438852531378
3.48074766658402	5.25709058769723	7.13628285690216	8.98547943236835
3.48708926616014	5.28146964503919	7.14742208754306	8.99696686936909
3.49343086573626	5.28556187830269	7.16634944871183	9.01734651114139
3.49977246531238	5.30922487325842	7.18130732870654	9.04608093254198
3.5061140648885	5.30997597909782	7.18409342252409	9.05282238340256
3.51245566446461	5.3148709681522	7.20047383953052	9.07606842958466
3.51879726404073	5.33588458145584	7.20950367991192	9.08383519211237
3.52513886361685	5.32915240806418	7.22044267020973	9.09584124376714
3.53148046319297	5.35040430410297	7.23595276455446	9.11403024503894
3.53782206276909	5.34364923067289	7.24886213031782	9.12079134899102
3.54416366234521	5.3576905351451	7.26105798295111	9.15422989969135
3.55050526192133	5.38174872861555	7.27508801189455	9.16511805401703
3.55684686149745	5.37441980183553	7.29309369255582	9.16919497752864
3.56318846107357	5.41253270089166	7.29936624639215	9.20428413292972
3.56953006064969	5.40460889909321	7.31649674098029	9.19511572901609
3.57587166022581	5.43036759957851	7.32758919172156	9.23637685458283
3.58221325980193	5.43348825346159	7.33279690539322	9.25296698404544
3.58855485937805	5.42632115710478	7.35648069597269	9.24069113401466
3.59489645895417	5.444777925537	7.3665483552793	9.27202744758862
3.60123805853029	5.44218696892661	7.37994001296154	9.27424816843866
3.60757965810641	5.47421587460785	7.39458326272752	9.30024404781265
3.61392125768253	5.47387106478315	7.39629511749325	9.31995400458924
3.62026285725865	5.46318118275385	7.4198191514274	9.33155668788528
3.62660445683477	5.48600891011183	7.42849465304137	9.3500154573956
3.63294605641088	5.51466523269842	7.43934378211542	9.37073245614921
3.63928765598701	5.50929273039511	7.45135566338076	9.39705133928575
3.64562925556312	5.52690639509815	7.47220541787413	9.40538877772514
3.65197085513924	5.52978484063836	7.4874285200094	9.41446782320685
3.65831245471536	5.55346228357644	7.49310110329398	9.42024816045611
3.66465405429148	5.56901425376266	7.51058705905266	9.44410450360614
3.6709956538676	5.55706542424923	7.51316168033483	9.45919471430253
3.67733725344372	5.58766225253674	7.53276019950882	9.46855342752606
3.68367885301984	5.57358072167923	7.54258206547244	9.48172008632998
3.69002045259596	5.59316064336902	7.54942983666904	9.50876369122879
3.69636205217208	5.60019064879059	7.57362538806326	9.52231478601994
3.7027036517482	5.60428726973347	7.5873196150608	9.53737749738193
3.70904525132432	5.61416496473128	7.59350242103776	9.54148688971485
3.71538685090044	5.6399754209762	7.60653636368763	9.55784916039075
3.72172845047656	5.63902055453179	7.60959091792886	9.57963990534088
3.72807005005268	5.65495421708346	7.6289338034182	9.60195630245404
3.7344116496288	5.66581313185334	7.64569566745752	9.61139111495693
3.74075324920492	5.67033247287703	7.66014173912544	9.63312060122704
3.74709484878104	5.67814133656477	7.66903061265523	9.65419219668318
3.75343644835716	5.68219928933307	7.68638244987638	9.65742838912117
3.75977804793328	5.69836396557598	7.69953556443177	9.67545715637842
3.76611964750939	5.69534839596694	7.70979030522465	9.68574012961578
3.77246124708551	5.71470748370261	7.72183196718657	9.72046952431359
3.77880284666163	5.74170736266539	7.73623037532761	9.73305352139091
3.78514444623775	5.73924478342673	7.75206731732103	9.75237234408565
3.79148604581387	5.76212513903116	7.76356375835905	9.76376275749536
3.79782764538999	5.76150969030638	7.76915190928779	9.77029930726628
3.80416924496611	5.76177049021812	7.78691915040069	9.78106766554225
3.81051084454223	5.77677369356093	7.79945862908681	9.79166381214665
3.81685244411835	5.77540257311877	7.80523570483772	9.82942167694553
3.82319404369447	5.79278647018023	7.8269940474779	9.83166760879465
3.82953564327059	5.79698249523018	7.83578389262845	9.84414156958798
3.83587724284671	5.82669335768813	7.84375557672506	9.86674285019301
3.84221884242283	5.8084165902176	7.87104767188048	9.87288955772804
3.84856044199895	5.84539966307604	7.86719929370014	9.9207835657191
3.85490204157507	5.84374792318881	7.88249183368371	9.91956825623241
3.86124364115119	5.85686839748259	7.89962797036022	9.93582841653948
3.86758524072731	5.87817110183555	7.90537532636022	9.94555731489103
3.87392684030343	5.88771700711968	7.92905166666506	9.96967450564236
3.88026843987955	5.8945826170874	7.93599741493223	9.98128657983965
3.88661003945567	5.90842200022473	7.95533862256471	9.99963892839713
3.89295163903179	5.90490371330123	7.96466129699501	10.0174763664923
3.8992932386079	5.92688483813473	7.97618934299111	10.0484309389895
3.90563483818402	5.92155790248867	7.99335482539445	10.0267536305421
3.91197643776014	5.92745720982454	8.00438394227145	10.0588306793522
3.91831803733626	5.94971264267979	8.01430933328387	10.0761836559569
3.92465963691238	5.96292789915551	8.02956236095296	10.0662166527853
3.9310012364885	5.95627541858483	8.04165195726051	10.1143879537397
3.93734283606462	5.97688338564674	8.05709121525772	10.1123167425758
3.94368443564074	5.99141874523077	8.06998609432735	10.1271328937158
3.95002603521686	6.00500765229527	8.0771182899975	10.1506102114924
3.95636763479298	6.0124958253858	8.07954151278523	10.1830859678819
3.9627092343691	6.02072785982841	8.10203602307755	10.1979477281967
3.96905083394522	6.01797677372062	8.11706608179303	10.2035443544591
3.97539243352134	6.03704648969208	8.12989526109549	10.217145309679
3.98173403309746	6.04078855441328	8.14262402824172	10.229129083791
3.98807563267358	6.03818844986588	8.15455706751781	10.2531101437469
3.9944172322497	6.04924185910404	8.1734680360285	10.271888864731
4.00075883182582	6.05873721829161	8.18197572436042	10.2877587134372
4.00710043140194	6.07302587082158	8.1979575438788	10.2891956752413
4.01344203097806	6.08649217445711	8.21054782584111	10.3049811245512
4.01978363055418	6.08741562578429	8.21904185961631	10.3365455051944
4.0261252301303	6.10114415794905	8.22601320021017	10.3363673840619
4.03246682970642	6.11950593996323	8.24577692960508	10.3621929305265
4.03880842928253	6.13812946050218	8.26221286039516	10.3768518511069
4.04515002885865	6.12541962829949	8.27392375574185	10.37890881909
4.05149162843477	6.14109473711316	8.27641680538115	10.4082052683533
4.05783322801089	6.15654188919094	8.2934186373601	10.4159430092467
4.06417482758701	6.16478205179959	8.31137397112969	10.4258892432842
4.07051642716313	6.17840867475401	8.31969223317328	10.4529097862973
4.07685802673925	6.19667172117411	8.33427119533244	10.4609355876467
4.08319962631537	6.20722892363696	8.34369004199852	10.4748527572896
4.08954122589149	6.21598530676186	8.35443082663045	10.4873559950592
4.09588282546761	6.20824089946813	8.37634253438703	10.5170610707099
4.10222442504373	6.23424731655275	8.38164699349745	10.5336337405565
4.10856602461985	6.23245771209516	8.39925185736098	10.5337222393448
4.11490762419597	6.2421567202374	8.40293885849719	10.5646202044854
4.12124922377209	6.25564284540094	8.42516001008072	10.5776124836588
4.12759082334821	6.26961254442925	8.43240464755881	10.5976195700653
4.13393242292433	6.29599619493789	8.44917827229107	10.6057593592366
4.14027402250045	6.26818027852188	8.452599514149	10.6302749391025
4.14661562207657	6.30580235956147	8.48084964301288	10.6353637352613
4.15295722165268	6.30081184609016	8.48911831636753	10.6569901488779
4.15929882122881	6.31459853146798	8.49809024809922	10.6578900069003
4.16564042080492	6.32174013338101	8.50774108798882	10.6761680892836
4.17198202038104	6.34260158097083	8.52757391677368	10.7005336060624
4.17832361995716	6.36385572003683	8.53002049500187	10.726669447643
4.18466521953328	6.34221590336815	8.55017058736582	10.7360799050094
4.1910068191094	6.35696146956431	8.56339259966634	10.762819584419
4.19734841868552	6.39565079472255	8.56866349606781	10.7619175128688
4.20369001826164	6.39541403025056	8.5945840399366	10.7715742269345
4.21003161783776	6.39770702150631	8.60167934783231	10.8099661773913
4.21637321741388	6.41490546887689	8.61215923276048	10.8071214068841
4.22271481699	6.40347419867946	8.62663699613421	10.8131254590993
4.22905641656612	6.42235672074704	8.63290669719252	10.8315181155752
4.23539801614224	6.41994981543364	8.64959165006647	10.8628606603385
4.24173961571836	6.4455456408049	8.66236906561669	10.8735080463722
4.24808121529448	6.4544358845065	8.67301697649201	10.8818493985105
4.2544228148706	6.476691557824	8.69049331773666	10.9010043506651
4.26076441444672	6.46474791469774	8.70393779424285	10.9149290990198
4.26710601402284	6.47029429563371	8.7138841633495	10.9228360900982
4.27344761359896	6.49232933027581	8.7250034262674	10.9546505067115
4.27978921317507	6.50448092478852	8.73907832962953	10.9691415895769
4.28613081275119	6.50551669825366	8.75400112088264	10.9925638372373
4.29247241232731	6.53308093107727	8.76263685547952	11.0031399352811
4.29881401190343	6.54929619555145	8.77761767601375	11.0323819301054
4.30515561147955	6.53310523287848	8.78794752396469	11.0227211355042
4.31149721105567	6.54890755885696	8.80602549791844	11.0436056023411
4.31783881063179	6.5762069422447	8.8174147697474	11.0730832869118
4.32418041020791	6.58560218779733	8.82854670807839	11.0951450984338
4.33052200978403	6.58208576475267	8.84554272033677	11.1065419252477
4.33686360936015	6.60131402188993	8.8558375154589	11.116707552666
4.34320520893627	6.57621908926634	8.87914807753462	11.1357252550442
4.34954680851239	6.60326084961162	8.87892381480143	11.1590775824037
4.35588840808851	6.60928464087286	8.89159884259514	11.1670421530271
4.36223000766463	6.63534020101595	8.90692498781571	11.1941100366963
4.36857160724075	6.63915382037787	8.91775670975354	11.1875254820135
4.37491320681687	6.64102878945914	8.93271905579253	11.2051772356769
4.38125480639299	6.65462948946681	8.94319415893867	11.2198525569699
4.38759640596911	6.67605680873571	8.95815858871888	11.2307623395125
4.39393800554523	6.66472655260607	8.97602080183854	11.2595397436911
4.40027960512135	6.6816730400441	8.97723209743217	11.2696520240423
4.40662120469747	6.68801915476691	9.00014042025306	11.2791310557922
4.41296280427358	6.68296310800177	8.99978310209319	11.3152901250979
4.4193044038497	6.69261349271084	9.02693916124953	11.3233393633535
4.42564600342582	6.7188754912568	9.04044040641309	11.3361953791616
4.43198760300194	6.72682126099283	9.04942085454764	11.3552458039882
