"mitochan"	"lwrNorm"	"medNorm"	"uprNorm"
-1.90327037354145	-1.90794289015416	-1.39679452459954	-0.857771402899312
-1.89642966235248	-1.90766187132127	-1.39206076683763	-0.867211167993788
-1.8895889511635	-1.89402089711508	-1.38445088148253	-0.852714678168467
-1.88274823997453	-1.89119812613978	-1.37969257411935	-0.840705554077716
-1.87590752878556	-1.88257302532014	-1.37102493209936	-0.842055709087724
-1.86906681759659	-1.88313028132656	-1.36274444595765	-0.836087321070885
-1.86222610640761	-1.87212152507996	-1.36066214526165	-0.82997126615369
-1.85538539521864	-1.85509214257143	-1.35321889638922	-0.827610671920343
-1.84854468402967	-1.85964439824446	-1.34652351641112	-0.820610932499295
-1.8417039728407	-1.85499925739819	-1.33649218721461	-0.817519732505125
-1.83486326165172	-1.83529740980456	-1.33211037199563	-0.805652135541958
-1.82802255046275	-1.83066995726045	-1.32328669255048	-0.806387486422335
-1.82118183927378	-1.81690677641029	-1.3191546832966	-0.792982307712219
-1.8143411280848	-1.80974022493263	-1.3098095688317	-0.788303235262214
-1.80750041689583	-1.81047888677472	-1.30421721739046	-0.78309836423938
-1.80065970570686	-1.80309967443852	-1.29497411399498	-0.784270829813273
-1.79381899451789	-1.79559459387659	-1.29138883017096	-0.769117503821465
-1.78697828332891	-1.79143905590897	-1.28260587847656	-0.755251041197053
-1.78013757213994	-1.78514679625088	-1.27683915684818	-0.758447460772447
-1.77329686095097	-1.76636451312285	-1.26689792662511	-0.749982678289445
-1.766456149762	-1.77136828061447	-1.2599005293058	-0.746151141478914
-1.75961543857302	-1.74943481361532	-1.25405566572727	-0.742076879721246
-1.75277472738405	-1.7483507813255	-1.25041294056853	-0.720407102030602
-1.74593401619508	-1.74322637375238	-1.24304288362675	-0.711863123466747
-1.73909330500611	-1.73270175119182	-1.23716392505409	-0.713334629710511
-1.73225259381713	-1.73564377663063	-1.22762184411695	-0.716216165814295
-1.72541188262816	-1.72351476377778	-1.22089035519715	-0.704176992619563
-1.71857117143919	-1.72563789511614	-1.21147979714834	-0.695977577074082
-1.71173046025022	-1.70601548338987	-1.20649464065076	-0.690951368831256
-1.70488974906124	-1.69841923662047	-1.20133340496152	-0.691076147448039
-1.69804903787227	-1.69606735387381	-1.18947807209384	-0.681840486789999
-1.6912083266833	-1.68614133323452	-1.18802897719658	-0.673531490938318
-1.68436761549432	-1.67638903705496	-1.17687478058455	-0.664652174117193
-1.67752690430535	-1.67163553694604	-1.17213683260702	-0.654267508556703
-1.67068619311638	-1.66824117090639	-1.16750277330602	-0.658782339142467
-1.66384548192741	-1.65776132904897	-1.15697364141363	-0.652993213346978
-1.65700477073843	-1.64294579306693	-1.15294068492005	-0.640216304009151
-1.65016405954946	-1.64509787096979	-1.1489569979817	-0.634733612214893
-1.64332334836049	-1.63432237283567	-1.13638548863016	-0.628733174317873
-1.63648263717152	-1.62542474443011	-1.13164119340319	-0.619825400832341
-1.62964192598254	-1.61030312218868	-1.12596976170698	-0.619271074326076
-1.62280121479357	-1.61447954169944	-1.1195906996193	-0.606332505189506
-1.6159605036046	-1.60842052240159	-1.108442399721	-0.596116599579321
-1.60911979241563	-1.59730925406938	-1.10310123617259	-0.594374477946557
-1.60227908122665	-1.58759917491437	-1.09552639748891	-0.594801951318391
-1.59543837003768	-1.58672854670909	-1.08775382059809	-0.589827728497146
-1.58859765884871	-1.57381000899241	-1.08280030647745	-0.578132046533614
-1.58175694765974	-1.57159663613352	-1.07637824316633	-0.577148628070928
-1.57491623647076	-1.56401701605424	-1.07083356631129	-0.567121688839889
-1.56807552528179	-1.55064655829477	-1.06023470228748	-0.556601321679139
-1.56123481409282	-1.54825354727668	-1.0536531421691	-0.551169569587971
-1.55439410290384	-1.53323516961381	-1.04585766158535	-0.544186027233042
-1.54755339171487	-1.53335842735211	-1.04201997872139	-0.534552584865406
-1.5407126805259	-1.52620046734706	-1.03047350995678	-0.52441446378015
-1.53387196933693	-1.51743827282885	-1.0275555240811	-0.517577042562006
-1.52703125814795	-1.50920136669171	-1.02200607667165	-0.515577166967081
-1.52019054695898	-1.50401603016673	-1.01367798733635	-0.512217743519992
-1.51334983577001	-1.49243641713081	-1.00529471420244	-0.502158286569382
-1.50650912458104	-1.49018712434182	-1.00241583470376	-0.499803519215914
-1.49966841339206	-1.48220957976981	-0.994895317908931	-0.48852571838217
-1.49282770220309	-1.47080452543679	-0.983955920886942	-0.487030350507561
-1.48598699101412	-1.46778782100597	-0.981339644822751	-0.475565120371481
-1.47914627982515	-1.46095016845797	-0.973246943980578	-0.474052115699026
-1.47230556863617	-1.44962260543361	-0.962881876673965	-0.462924363079058
-1.4654648574472	-1.43962592888108	-0.957009603414165	-0.461483257621195
-1.45862414625823	-1.43950984366064	-0.951607820440162	-0.462366834830343
-1.45178343506926	-1.43533514320167	-0.945787652321733	-0.454917296452865
-1.44494272388028	-1.42344454647266	-0.937373588916793	-0.442801243624827
-1.43810201269131	-1.40922523955501	-0.928746741198616	-0.443746246340674
-1.43126130150234	-1.4098534724803	-0.926608463174347	-0.427994067798453
-1.42442059031336	-1.40759793518584	-0.914786455990342	-0.424560552096855
-1.41757987912439	-1.39667339157222	-0.907816204856475	-0.41566349969214
-1.41073916793542	-1.37974902779346	-0.903731189619359	-0.410899895127532
-1.40389845674645	-1.392012911624	-0.896622177447856	-0.405084553626645
-1.39705774555747	-1.36849359870088	-0.887962565278766	-0.400704869425531
-1.3902170343685	-1.37052708273694	-0.883053709964007	-0.395060297243147
-1.38337632317953	-1.36135705033121	-0.875247276135929	-0.384011309766102
-1.37653561199056	-1.34417911523128	-0.865897106891788	-0.379094634807826
-1.36969490080158	-1.34060993019702	-0.864659430350491	-0.375315127304054
-1.36285418961261	-1.33024909147621	-0.853368762407425	-0.362753212807911
-1.35601347842364	-1.31894621240726	-0.849400115291009	-0.358776730220491
-1.34917276723467	-1.32023868029324	-0.839019021311914	-0.350364153415457
-1.34233205604569	-1.311758105906	-0.830210011963913	-0.341647617894712
-1.33549134485672	-1.30202112768526	-0.827273965985836	-0.342082161521072
-1.32865063366775	-1.29394655540734	-0.816607197806943	-0.336354177790464
-1.32180992247878	-1.29876424089414	-0.81456372283312	-0.327399790488711
-1.3149692112898	-1.28610140553755	-0.806339074724163	-0.323056017305448
-1.30812850010083	-1.27723194037003	-0.801240005046159	-0.315646206646502
-1.30128778891186	-1.25380949183961	-0.790890197098251	-0.299819429267563
-1.29444707772288	-1.26306483889528	-0.787803857561233	-0.301579125645113
-1.28760636653391	-1.25099525356991	-0.778918629493814	-0.292257462724734
-1.28076565534494	-1.24502951450577	-0.772306625251308	-0.295854401038709
-1.27392494415597	-1.24615256213412	-0.761958377568478	-0.28361382006745
-1.26708423296699	-1.23146139144506	-0.757833069213803	-0.274843353477152
-1.26024352177802	-1.22054387227547	-0.753400865827404	-0.266181768215012
-1.25340281058905	-1.20733364715113	-0.745098702745978	-0.266214256280545
-1.24656209940008	-1.20841855713488	-0.740617100882674	-0.25692484584577
-1.2397213882111	-1.19162944488647	-0.732854759116499	-0.24989107927825
-1.23288067702213	-1.1923825855437	-0.722849621844132	-0.238964294839579
-1.22603996583316	-1.18379180779788	-0.71424336247892	-0.234361366077109
-1.21919925464419	-1.17801382668033	-0.709699416888619	-0.233601165564123
-1.21235854345521	-1.17127478675332	-0.702958141738912	-0.21924824988666
-1.20551783226624	-1.16753770268119	-0.695227788607084	-0.220111787739813
-1.19867712107727	-1.16026380273297	-0.690851203973184	-0.210006963954087
-1.1918364098883	-1.15006731036125	-0.681170461752521	-0.195108910830465
-1.18499569869932	-1.14011345048801	-0.675793789346156	-0.196852899776914
-1.17815498751035	-1.1355648986512	-0.66688760606356	-0.190896259027538
-1.17131427632138	-1.12812763049121	-0.663168194887695	-0.187063640608697
-1.1644735651324	-1.11837117381919	-0.652148803233447	-0.169281318123737
-1.15763285394343	-1.1097081063333	-0.64603843541465	-0.172381355879884
-1.15079214275446	-1.10235746097775	-0.639912897455087	-0.16799948588872
-1.14395143156549	-1.10600998218691	-0.634575593340848	-0.15779681397241
-1.13711072037651	-1.08484217220338	-0.626815925963665	-0.154292708041391
-1.13027000918754	-1.08639262853582	-0.619221881935113	-0.144977797323143
-1.12342929799857	-1.07343182810743	-0.611309580319848	-0.148260184645976
-1.1165885868096	-1.07014915011887	-0.608130120969725	-0.131130328617895
-1.10974787562062	-1.06232078864259	-0.600205502004159	-0.128743217474731
-1.10290716443165	-1.0460026078193	-0.591854659309935	-0.117087422112001
-1.09606645324268	-1.04747338045049	-0.585392182706205	-0.121563140466866
-1.08922574205371	-1.04141255060718	-0.576251421600344	-0.106742644907537
-1.08238503086473	-1.03245098265634	-0.571186494309336	-0.102246730065333
-1.07554431967576	-1.01950726591645	-0.565318561210127	-0.0970239736281125
-1.06870360848679	-1.01623127618394	-0.556159367158154	-0.0928689626779582
-1.06186289729782	-1.00564028537626	-0.550633255936796	-0.0848824779002917
-1.05502218610884	-1.00427964745606	-0.545786379527322	-0.0774191615013677
-1.04818147491987	-0.999683136085178	-0.542378123082044	-0.0767147650907984
-1.0413407637309	-0.994166706407698	-0.531155524529015	-0.0637016313805375
-1.03450005254193	-0.977940980756757	-0.523502317898336	-0.0534168036621313
-1.02765934135295	-0.978689368223195	-0.517926172044518	-0.0488489199682714
-1.02081863016398	-0.968855610735538	-0.513324395407439	-0.0483607526577019
-1.01397791897501	-0.964884135236791	-0.502545626824167	-0.0366477362121455
-1.00713720778603	-0.952536178108653	-0.496969892910212	-0.0260299509761315
-1.00029649659706	-0.947697136467236	-0.490904000515701	-0.0262719275611081
-0.993455785408089	-0.937787451722881	-0.483815987159017	-0.0164603338513771
-0.986615074219117	-0.933098687090289	-0.474131422173328	-0.00304700439323864
-0.979774363030144	-0.918776099619294	-0.468266637630111	-0.00516196422093448
-0.972933651841172	-0.913642517255024	-0.461999391789933	0.00065551507575944
-0.966092940652199	-0.909572284119168	-0.45737932897739	0.0149344035593052
-0.959252229463226	-0.897994054839929	-0.44728602913605	0.0126050132318718
-0.952411518274254	-0.890431957359369	-0.43727591535727	0.015375286075547
-0.945570807085281	-0.883214111594895	-0.436390244462201	0.0309151910336446
-0.938730095896308	-0.87783612150808	-0.426864429309943	0.0380749029379188
-0.931889384707336	-0.869150554737538	-0.417431979891418	0.0390850481535937
-0.925048673518363	-0.859567820976441	-0.413349635749177	0.0426616172741925
-0.918207962329391	-0.851694612711399	-0.404257182704641	0.0487718936670974
-0.911367251140418	-0.846829052779055	-0.397096514376784	0.0658296730444118
-0.904526539951445	-0.840244596696876	-0.394570503258387	0.0598241537583719
-0.897685828762473	-0.832826621062469	-0.382592902496648	0.0748694118757636
-0.8908451175735	-0.829597498925669	-0.378806942621799	0.0828526099010835
-0.884004406384527	-0.82327973997593	-0.370569578460387	0.0842376355954091
-0.877163695195555	-0.817849064172816	-0.36339951668886	0.0952006058680432
-0.870322984006582	-0.804397899470955	-0.356842125521504	0.0910271510913599
-0.863482272817609	-0.799933342858222	-0.352209668986696	0.105569788698072
-0.856641561628637	-0.789896647892827	-0.344861843175806	0.113736295036896
-0.849800850439664	-0.78054788435644	-0.334306754860384	0.111070446433965
-0.842960139250692	-0.781954822169935	-0.332432490661865	0.127118811655955
-0.836119428061719	-0.761965553576322	-0.32609886252375	0.130149921337532
-0.829278716872746	-0.771275267338907	-0.315894752848429	0.138037406323004
-0.822438005683774	-0.758257203062826	-0.31078344575315	0.140578807898876
-0.815597294494801	-0.743171380954168	-0.302508270092161	0.154101030966347
-0.808756583305829	-0.735031697038238	-0.296020603657476	0.150938831768585
-0.801915872116856	-0.730506431915413	-0.289470866384341	0.161033348788731
-0.795075160927883	-0.728741167930302	-0.283965436159993	0.165577500827175
-0.788234449738911	-0.716092954175229	-0.276054947522055	0.170468244666686
-0.781393738549938	-0.713572505046824	-0.26665990425162	0.17711610292602
-0.774553027360965	-0.706314937361072	-0.261000837077696	0.193491075146677
-0.767712316171993	-0.695388456331029	-0.256118234292985	0.196658407148324
-0.76087160498302	-0.689306057045466	-0.247637711926441	0.197633120711
-0.754030893794047	-0.677794581164001	-0.240647440391477	0.209586495185214
-0.747190182605075	-0.675080907037387	-0.233674102584985	0.213828527831667
-0.740349471416102	-0.668564279173552	-0.22644155794772	0.216554258996957
-0.73350876022713	-0.665109703899972	-0.21934571726766	0.223977421094986
-0.726668049038157	-0.650910241527769	-0.210559759780756	0.237741902611574
-0.719827337849184	-0.644662165416272	-0.207561494046925	0.243749970935965
-0.712986626660212	-0.640438842847703	-0.199100041803185	0.241792213135623
-0.706145915471239	-0.628112621347106	-0.194901700567094	0.256564037409049
-0.699305204282267	-0.623277997950244	-0.186116130311306	0.255702802632712
-0.692464493093294	-0.619953244649152	-0.179812617954403	0.271341241105759
-0.685623781904321	-0.610653023384293	-0.174124293162589	0.269999841807088
-0.678783070715349	-0.600196995408889	-0.164833520685245	0.280633095363218
-0.671942359526376	-0.597000011434563	-0.156608374823338	0.282762336054471
-0.665101648337403	-0.588947093529775	-0.151475343304516	0.289044096480301
-0.658260937148431	-0.582533906419416	-0.142777925731989	0.294417228740201
-0.651420225959458	-0.57541873859905	-0.137191400894228	0.300647041195178
-0.644579514770485	-0.564077758416119	-0.131850452101339	0.307112507140883
-0.637738803581513	-0.555671431562268	-0.122830994562227	0.316551006564465
-0.63089809239254	-0.550270393083132	-0.11875542403555	0.33223267211661
-0.624057381203567	-0.540162522436949	-0.110015167344537	0.330239663014319
-0.617216670014595	-0.534067880778529	-0.104270641220412	0.334869467263363
-0.610375958825622	-0.528464453749285	-0.0957897962072654	0.349384768477983
-0.60353524763665	-0.516564073725178	-0.0894679295266203	0.356440384038204
-0.596694536447677	-0.514350021400295	-0.0809434302029698	0.350906361127845
-0.589853825258704	-0.510477387122211	-0.0747666310844007	0.361161700677614
-0.583013114069732	-0.502583324862189	-0.0668057377608318	0.36998045471182
-0.576172402880759	-0.481670502137103	-0.0612874735477025	0.379257739389594
-0.569331691691787	-0.492613996424897	-0.0522357951254634	0.376468542856865
-0.562490980502814	-0.480037409688301	-0.0498111040528394	0.39129203060922
-0.555650269313841	-0.46958662874088	-0.0412578909176575	0.395239039684651
-0.548809558124869	-0.45924225730829	-0.0321039757368093	0.401651081242343
-0.541968846935896	-0.463852409335705	-0.026165952954347	0.415319325068549
-0.535128135746923	-0.444189819015324	-0.0180026299622217	0.412828645147665
-0.528287424557951	-0.448243587008293	-0.0142946145985786	0.422290700419439
-0.521446713368978	-0.441199493298124	-0.00671248230049828	0.42162992774733
-0.514606002180005	-0.433598624689903	-0.00214080517131071	0.440486746258944
-0.507765290991033	-0.417258275831005	0.0108580327649081	0.439399361152209
-0.50092457980206	-0.413065203201008	0.0155638850415715	0.451727803441479
-0.494083868613088	-0.403789486937334	0.0219922660188438	0.450558026494103
-0.487243157424115	-0.400827486270085	0.0254965913649114	0.456671902601687
-0.480402446235142	-0.397117458936319	0.0349032897249513	0.473122423290559
-0.47356173504617	-0.382409063456155	0.0450354009112185	0.470559865667994
-0.466721023857197	-0.376785577760672	0.0468887212054026	0.474077793857153
-0.459880312668224	-0.364932790299183	0.0552964537555163	0.479988264028105
-0.453039601479252	-0.362202523793985	0.0607505476680115	0.498433689624977
-0.446198890290279	-0.355554891403227	0.0722968969695169	0.507972167456437
-0.439358179101307	-0.352065947656902	0.0760173157679085	0.499025098078061
-0.432517467912334	-0.339894305564221	0.0823313504256229	0.518383615267371
-0.425676756723361	-0.340242674083739	0.0904573673466319	0.52121756366666
-0.418836045534389	-0.332336958354448	0.0981108860850353	0.530989164525285
-0.411995334345416	-0.320323508439277	0.106631303450131	0.528567952586085
-0.405154623156443	-0.311409860927579	0.113814632810076	0.543408145694544
-0.398313911967471	-0.298260866136331	0.117482309829879	0.547783340532121
-0.391473200778498	-0.303060001546814	0.123308467944373	0.555438213020616
-0.384632489589525	-0.289876239691083	0.13074132346377	0.554165723185803
-0.377791778400553	-0.289748855824729	0.13965118302799	0.566410938121606
-0.37095106721158	-0.274240782599358	0.146930823983446	0.573273603618899
-0.364110356022608	-0.268839375560181	0.151322798209616	0.573406311130703
-0.357269644833635	-0.262100870265085	0.158678320007714	0.58318675052397
-0.350428933644662	-0.253115819439604	0.163978244217536	0.589827805031928
-0.34358822245569	-0.238446074574966	0.171723816548704	0.59829374459869
-0.336747511266717	-0.237525615689769	0.179347521581966	0.599833105863203
-0.329906800077745	-0.235908629139916	0.18788306019218	0.604830767449576
-0.323066088888772	-0.218196257777052	0.193214076164185	0.625818897174635
-0.316225377699799	-0.221236998519835	0.200224049609425	0.62406583572555
-0.309384666510827	-0.218733728059392	0.206142098632794	0.629484312701019
-0.302543955321854	-0.200944895546183	0.212943862065152	0.637967934972506
-0.295703244132881	-0.192343174411075	0.219657426457317	0.640466484886738
-0.288862532943909	-0.180503750598206	0.22897709988112	0.655231460901089
-0.282021821754936	-0.179183271097524	0.234650048685768	0.657594258621165
-0.275181110565964	-0.170277320780467	0.241121245714693	0.665606853966874
-0.268340399376991	-0.160704344928174	0.249957027638983	0.669562614853732
-0.261499688188018	-0.155871074915127	0.257374553877065	0.676053668905862
-0.254658976999046	-0.152058105655237	0.262820687545414	0.684617974354851
-0.247818265810073	-0.145704116890998	0.269101131833544	0.690349696819243
-0.2409775546211	-0.129742941233287	0.276283085031516	0.705066549713786
-0.234136843432128	-0.132522027747521	0.283117275617109	0.701348786084203
-0.227296132243155	-0.121927252601294	0.289826512992541	0.702933434777729
-0.220455421054182	-0.118870524765118	0.299320106055572	0.715201545632544
-0.21361470986521	-0.102885099039948	0.307313390985524	0.722127911388203
-0.206773998676237	-0.100693220312559	0.310074662557589	0.726022991367473
-0.199933287487265	-0.0934420596551291	0.317601276857203	0.733525124755197
-0.193092576298292	-0.0853887803034961	0.327864513835832	0.735081278349362
-0.186251865109319	-0.0764777080455688	0.332763511620588	0.747303909931825
-0.179411153920347	-0.0765082731669618	0.340081574623916	0.754746976250582
-0.172570442731374	-0.0686817613080966	0.346124167522516	0.756786284776878
-0.165729731542402	-0.0576073240011243	0.350821325927899	0.768501187507833
-0.158889020353429	-0.0536543284235134	0.360270046971699	0.769202872528728
-0.152048309164456	-0.0457805068805083	0.364474995865801	0.772341544153619
-0.145207597975484	-0.0345894668203973	0.373948449195996	0.787766925855299
-0.138366886786511	-0.0251738204821308	0.379420946634559	0.792205756709644
-0.131526175597538	-0.0141841650096066	0.385657099234023	0.796128212090279
-0.124685464408566	-0.0129811212870101	0.396409823830613	0.806469660358369
-0.117844753219593	-0.017158905197761	0.401595763112309	0.81339888522159
-0.11100404203062	-0.00099830212022512	0.409547530938582	0.817528856762612
-0.104163330841648	0.010185636497118	0.414043480265407	0.82606771533556
-0.0973226196526753	0.016932400407852	0.423242524994093	0.829778807623151
-0.0904819084637025	0.0273285347505444	0.42752070555535	0.836488958843996
-0.08364119727473	0.0313055809154803	0.43692894214607	0.84519174339017
-0.0768004860857574	0.0326125349704435	0.443126510519616	0.848292586127551
-0.0699597748967846	0.0402107065909659	0.447171414646091	0.860061723414221
-0.0631190637078121	0.0496709257451173	0.454648872544803	0.863818179107981
-0.0562783525188395	0.0601116419405332	0.465489847872792	0.87548777169774
-0.0494376413298667	0.068157641307886	0.471710037301367	0.873257481760391
-0.0425969301408942	0.0707421386508384	0.477713981782306	0.879513425824247
-0.0357562189519216	0.0807499005271013	0.484791554611749	0.888894773724343
-0.0289155077629488	0.0888967464200146	0.488043311626718	0.897941767093184
-0.0220747965739763	0.0977590725077541	0.499065709559323	0.903313409021701
-0.0152340853850037	0.103511324631164	0.508005370219745	0.913416445415862
-0.00839337419603114	0.109867976639534	0.51208272698727	0.909122670614832
-0.00155266300705836	0.116498813734152	0.519010116846288	0.918953736705564
0.0052880481819142	0.12349239727873	0.52731406883179	0.937716371615467
0.0121287593708868	0.129905654996311	0.530048265699393	0.935628356977409
0.0189694705598595	0.13932381313535	0.539681235352379	0.938777278877924
0.0258101817488321	0.142310217872941	0.547231165923836	0.950302767510439
0.0326508929378047	0.150145533807643	0.552159982426879	0.95722924298421
0.0394916041267774	0.150616568313003	0.559223886322165	0.966996577996643
0.04633231531575	0.165452295410979	0.566097104674734	0.975461763644473
0.0531730265047226	0.174956967083954	0.569384907790571	0.976703819914795
0.0600137376936953	0.179363954503472	0.579293237682107	0.983091402268822
0.0668544488826679	0.188139344993958	0.58750110166907	0.99250191709749
0.0736951600716405	0.190293674931121	0.59593659518135	0.998550137758279
0.080535871260613	0.198048065885155	0.599386313522997	1.01020854767991
0.0873765824495858	0.207359075000892	0.608688612101628	1.0090503542065
0.0942172936385584	0.214666448612536	0.61461238798002	1.01624594056553
0.101058004827531	0.22322921759899	0.621299665903049	1.02402306537176
0.107898716016503	0.233034099325299	0.63004504816737	1.03321370303295
0.114739427205476	0.241308852726822	0.635140234636598	1.03774609701636
0.121580138394449	0.246288383435286	0.64467866455884	1.04300174990789
0.128420849583422	0.253428756539827	0.647344894582629	1.05194294464282
0.135261560772394	0.261565179296307	0.655851206027288	1.05788339895192
0.142102271961367	0.267255528102302	0.662944437548558	1.05902258352494
0.148942983150339	0.278570003129058	0.667576589609185	1.07146793526932
0.155783694339312	0.28091783142968	0.679185358655683	1.07888324770553
0.162624405528285	0.286589347214297	0.68413073820841	1.08724844715182
0.169465116717257	0.299868055503649	0.686238828568544	1.08132557243489
0.17630582790623	0.304901754594796	0.698653916779474	1.09737637888987
0.183146539095203	0.308539700337311	0.707606925587405	1.09822524049928
0.189987250284175	0.311692491573018	0.713838197660767	1.1086862177782
0.196827961473148	0.326059727793336	0.718105510163494	1.1147582285174
0.203668672662121	0.332138933721507	0.727326305894463	1.12440613594154
0.210509383851093	0.336528895572104	0.730131165377307	1.12773738113541
0.217350095040066	0.348857721348808	0.741097821614578	1.13919135720971
0.224190806229038	0.355148285819408	0.745288205891041	1.13753131505727
0.231031517418011	0.355241258483735	0.753151695023815	1.14157296587765
0.237872228606983	0.369220097182472	0.758467176947443	1.15627316941375
0.244712939795956	0.376318389208161	0.769081022579251	1.16421839588472
0.251553650984929	0.379390239469287	0.772748135224719	1.16682371564679
0.258394362173902	0.38443920616567	0.782149247643096	1.17469074846233
0.265235073362874	0.392090136228514	0.786963499344625	1.17752887226261
0.272075784551847	0.401348027491698	0.792590832804121	1.17934550771631
0.278916495740819	0.406818124476957	0.802674491193919	1.18921205426844
0.285757206929792	0.416978018475509	0.805800712851396	1.20692165647966
0.292597918118765	0.421709522134331	0.812049569979139	1.20598977784823
0.299438629307737	0.431441303416781	0.821961470124757	1.21261444658988
0.30627934049671	0.440701379021736	0.826517708764619	1.21957667235491
0.313120051685682	0.454615616831188	0.835329135975803	1.22825723273527
0.319960762874655	0.452246461812166	0.842244714387533	1.23167820230676
0.326801474063628	0.454264577759293	0.84853450733667	1.23551309209926
0.3336421852526	0.471694444933433	0.855608381599797	1.24488778857489
0.340482896441573	0.475709304082642	0.862758496900917	1.24896799267923
0.347323607630546	0.474386054591126	0.869486859165825	1.26301515808911
0.354164318819518	0.487936058654215	0.877876013986791	1.26847026938131
0.361005030008491	0.499365695023331	0.884587218531574	1.27571881625472
0.367845741197463	0.500211239143454	0.88700965165695	1.2790327491685
0.374686452386436	0.505556204590661	0.895417983943099	1.28853120319237
0.381527163575409	0.517186102388101	0.901111217835434	1.29931247040477
0.388367874764382	0.519947985791535	0.911172565302079	1.29432562125301
0.395208585953354	0.5336541122299	0.919134992140183	1.3077757031625
0.402049297142327	0.533492155442359	0.923528167566184	1.30981694228312
0.408890008331299	0.546635806391692	0.929596222906694	1.32089958630055
0.415730719520272	0.550839474840456	0.937691504142727	1.32716603242658
0.422571430709244	0.556924919491164	0.943360345505218	1.33342089303187
0.429412141898217	0.572031023811631	0.952415050611931	1.34351941070393
0.43625285308719	0.574356501589589	0.957598452608761	1.34735213950881
0.443093564276162	0.586851705913124	0.96639895164883	1.36218620263853
0.449934275465135	0.583971442113299	0.974610488411759	1.35760851886873
0.456774986654108	0.595424531665934	0.979310407504605	1.3691427248517
0.46361569784308	0.602032724338922	0.986999224703258	1.36814573184727
0.470456409032053	0.605943110909273	0.994260751837868	1.37615041498699
0.477297120221026	0.615794983791168	0.998386960951016	1.38452450071945
0.484137831409998	0.625228274554983	1.00797016917572	1.39677152271955
0.490978542598971	0.624332333039602	1.01157430673546	1.39198366136579
0.497819253787943	0.644521895664445	1.02193063611252	1.40645308653373
0.504659964976916	0.647401906332078	1.02342568623985	1.41059120846326
0.511500676165888	0.649317505489479	1.0356840791378	1.41967234803547
0.518341387354861	0.658495728999869	1.03742935100949	1.42230556917959
0.525182098543834	0.664806308634579	1.04842632640563	1.42988584404146
0.532022809732807	0.669690561764607	1.0588309370159	1.4438675148988
0.538863520921779	0.676916181162717	1.06280141367732	1.45006750895235
0.545704232110752	0.689737474180548	1.06956424285806	1.45163962073796
0.552544943299724	0.701413822935928	1.07945056293308	1.46139968088982
0.559385654488697	0.696655320076055	1.08380193462665	1.46248710423078
0.56622636567767	0.703680326019743	1.08985324346753	1.46833499417356
0.573067076866642	0.719845282699935	1.09792520950552	1.47586140624019
0.579907788055615	0.722581217403054	1.10474535452633	1.48715113480347
0.586748499244587	0.727805528022586	1.11091713241004	1.49380101331417
0.59358921043356	0.736943401995162	1.11588249362074	1.4951648384203
0.600429921622533	0.746336197690696	1.12683829766783	1.50827182738023
0.607270632811506	0.755854600649642	1.13376838510424	1.51063782927398
0.614111344000478	0.758454733366988	1.14170653077897	1.51194939806244
0.620952055189451	0.763906561557574	1.14382070626916	1.52344826417015
0.627792766378423	0.774612395152725	1.15136563733697	1.53057475288458
0.634633477567396	0.780558703718798	1.15700909868272	1.53561103171044
0.641474188756368	0.797656655977562	1.16457580313173	1.54610890554435
0.648314899945341	0.798339227704915	1.17455911036563	1.55576013435053
0.655155611134314	0.804169276949929	1.1781532808643	1.56312932149609
0.661996322323287	0.802104173810493	1.18347114174493	1.56901656550085
0.668837033512259	0.81516878810532	1.194568314674	1.56901985260584
0.675677744701232	0.825491078312235	1.19981482630285	1.58115804723372
0.682518455890204	0.828337963099204	1.20609389915006	1.58411637898255
0.689359167079177	0.830774302444052	1.21106964502648	1.59008674012342
0.69619987826815	0.850699874155938	1.22208567410181	1.60519163044893
0.703040589457122	0.851776148032057	1.22745363558284	1.60579351615793
0.709881300646095	0.856250505488121	1.23206797631092	1.61165448544337
0.716722011835067	0.865639999147475	1.24399099488038	1.61979757793999
0.72356272302404	0.874760688313709	1.24876334653962	1.62411170661652
0.730403434213013	0.881105274105551	1.25535861450647	1.62849467025041
0.737244145401986	0.889730433672343	1.2626358779892	1.64183597628611
0.744084856590958	0.891281773165587	1.26963170258567	1.65049237829477
0.750925567779931	0.901098443278477	1.27431087727876	1.64767400802226
0.757766278968903	0.907765064847556	1.28157306246261	1.66057727583684
0.764606990157876	0.919163458649626	1.29285685236937	1.66617099452407
0.771447701346848	0.919541715723628	1.29667190742593	1.67241006473839
0.778288412535821	0.931158457150352	1.30648782424262	1.68300691159651
0.785129123724794	0.933534449482709	1.30927945948498	1.68197689020913
0.791969834913766	0.944141882454357	1.31787185838095	1.69203037113955
0.798810546102739	0.954368389363749	1.32495007379762	1.70475138589824
0.805651257291712	0.956138542869966	1.33163247744157	1.70434624423297
0.812491968480684	0.957620661580849	1.33893673509056	1.71094455245793
0.819332679669657	0.967652618680455	1.34728156019187	1.71821333877572
0.82617339085863	0.982949508479611	1.35371060412011	1.72194619147064
0.833014102047602	0.994336400827829	1.35771538342742	1.73155552875703
0.839854813236575	0.995815664700066	1.36402553430442	1.73477922509279
0.846695524425547	1.00199325121066	1.37384156761123	1.74865747723641
0.85353623561452	1.01066770502846	1.37765386648169	1.74854610026074
0.860376946803493	1.00791208008943	1.38848969047602	1.7658373832421
0.867217657992465	1.02624646590793	1.39460152687086	1.76921912979266
0.874058369181438	1.02786492233978	1.4034245009684	1.77076347664647
0.880899080370411	1.0341726751216	1.40654674385032	1.78006141116419
0.887739791559383	1.04316671656951	1.4130336895533	1.78591074840205
0.894580502748356	1.04612082884997	1.41994267514852	1.79499873620635
0.901421213937328	1.06345761733467	1.42700106132103	1.79880321018622
0.908261925126301	1.06184989920235	1.43495152595591	1.8044463511937
0.915102636315274	1.07616962422031	1.4439554385191	1.81467550189479
0.921943347504246	1.07965603345485	1.45001251798973	1.82326291078673
0.928784058693219	1.08344917589842	1.45538724186904	1.82300023763175
0.935624769882192	1.09647605999883	1.46090802310356	1.83374352594788
0.942465481071164	1.09823262741771	1.46880592407707	1.84072952584238
0.949306192260137	1.10555564839593	1.47566361814681	1.85261487826762
0.956146903449109	1.10649073753033	1.48553497043099	1.85092315881439
0.962987614638082	1.12526022835079	1.49395874360816	1.85207844970549
0.969828325827055	1.12735008850318	1.49660548033536	1.86502150859038
0.976669037016027	1.13337363072962	1.50321100226246	1.86379024173761
0.983509748205	1.14439616302991	1.50911900259226	1.87936759444771
0.990350459393972	1.1464550696996	1.52101998173465	1.89266150249656
0.997191170582945	1.16574707395925	1.52737242976126	1.89626667088757
1.00403188177192	1.16700030080444	1.52937513145496	1.89742960475625
1.01087259296089	1.17379280986882	1.54048048382479	1.90615063350812
1.01771330414986	1.17498233877705	1.54692083451158	1.90972641238863
1.02455401533884	1.18185165136947	1.55012711483443	1.91194630111844
1.03139472652781	1.19416471252988	1.55909157833373	1.93020869585238
1.03823543771678	1.20502533844951	1.56527301438239	1.93878415322118
1.04507614890575	1.20713463821272	1.57439566599027	1.94026511736599
1.05191686009473	1.21083894576652	1.57725570086836	1.94629056465326
1.0587575712837	1.21900304865659	1.58721444890853	1.95321663983282
1.06559828247267	1.2326924771947	1.59170411308807	1.95476531311385
1.07243899366164	1.23286660635488	1.6022918497542	1.97005065689824
1.07927970485062	1.2398000668686	1.60458652767514	1.96794790764947
1.08612041603959	1.24726742656841	1.61213481348922	1.98531731251659
1.09296112722856	1.25423264488767	1.61966448816853	1.98467631280653
1.09980183841753	1.26005867822202	1.62633957628023	1.98996418121333
1.10664254960651	1.26842439095709	1.63672706676503	1.99582719655617
1.11348326079548	1.27693054156558	1.64332712012667	2.00557602062219
1.12032397198445	1.28098172917064	1.6465254135197	2.01059988926893
1.12716468317342	1.29287702200974	1.65359992788039	2.02207599241396
1.1340053943624	1.29936612396491	1.66459354203988	2.02572056983586
1.14084610555137	1.30217966797983	1.67042664317228	2.04113271954537
1.14768681674034	1.31315419123604	1.67793911609872	2.0413103321108
1.15452752792932	1.31554754255432	1.68179114411703	2.04360133932302
1.16136823911829	1.32550851162206	1.68812201903996	2.0472097640661
1.16820895030726	1.33541891066929	1.69738641548046	2.0599579410401
1.17504966149623	1.34617440581012	1.70317139964141	2.06456042352413
1.18189037268521	1.34571033403059	1.71185761638159	2.08076191875754
1.18873108387418	1.35282990205547	1.71847795551436	2.08448305661325
1.19557179506315	1.35917402007881	1.7244262755793	2.08416762612933
1.20241250625212	1.36542633250178	1.73005357161899	2.09652782992418
1.2092532174411	1.37207301666216	1.73856254118192	2.10852594549053
1.21609392863007	1.38500577327176	1.74506942217664	2.1064439713961
1.22293463981904	1.38945420337591	1.75393643700021	2.11346750801245
1.22977535100801	1.39799160370303	1.76160219334346	2.12374351457848
1.23661606219699	1.4020710298427	1.76594968562774	2.1267434910775
1.24345677338596	1.41123901833553	1.77473969001168	2.1422695838507
1.25029748457493	1.42411804125025	1.78038359278048	2.14027669054768
1.2571381957639	1.42098727430289	1.78814284509184	2.14630345198805
1.26397890695288	1.42911667180097	1.79405829866347	2.15774468742035
1.27081961814185	1.43719859521435	1.80105792135362	2.17135819090849
1.27766032933082	1.44785484058246	1.80682265604025	2.17041881701816
1.2845010405198	1.45485449098091	1.81467849553377	2.17974874933957
1.29134175170877	1.46002424066275	1.82366756342019	2.18974815610375
1.29818246289774	1.46304374930847	1.82911089125782	2.19101553854018
1.30502317408671	1.47809093855192	1.83587748317466	2.19785527052421
1.31186388527569	1.47656994726184	1.84051628860113	2.19885215812297
1.31870459646466	1.48785242837087	1.85014040503097	2.21178576799821
1.32554530765363	1.4960056701417	1.85699409657429	2.22122356855071
1.3323860188426	1.50153869059814	1.86001718735051	2.22262444593542
1.33922673003158	1.51213303706452	1.86991445196744	2.23104415509672
1.34606744122055	1.51765966694237	1.87580494833314	2.23666048239253
1.35290815240952	1.52052164207643	1.88223015093588	2.23965437568712
1.35974886359849	1.52392363943314	1.88926520803213	2.25340810801731
1.36658957478747	1.53946146623737	1.8975266967905	2.25561799511268
1.37343028597644	1.53764537338614	1.90511004612366	2.26535763301157
1.38027099716541	1.55040448970047	1.90858543458164	2.26971946503359
1.38711170835438	1.55663072599303	1.91601353722097	2.27278158539936
1.39395241954336	1.56363929030022	1.92406583785986	2.28126629079167
1.40079313073233	1.56731854245422	1.93347377132309	2.30139244120773
1.4076338419213	1.58182248432772	1.94018323110422	2.30099818497544
1.41447455311028	1.58663791359534	1.94344677598656	2.30550687492197
1.42131526429925	1.59728610427226	1.95201382241159	2.31074140761049
1.42815597548822	1.60153439623614	1.96009297289735	2.32180645420191
1.43499668667719	1.60535960331105	1.9677240557997	2.32761890262399
1.44183739786617	1.61758400519554	1.97036734779623	2.33739521567047
1.44867810905514	1.61980560304623	1.98282189209926	2.33796977320843
1.45551882024411	1.62741205994969	1.98580754486374	2.34267300002583
1.46235953143308	1.62967873927274	1.99351962221458	2.35115005585193
1.46920024262206	1.63500424658587	2.00120344410737	2.36213952141681
1.47604095381103	1.64527720034731	2.00460760312042	2.36842720293403
1.482881665	1.64745577463342	2.01400168602202	2.37607282086587
1.48972237618897	1.65978696465062	2.02132323035797	2.3816740593604
1.49656308737795	1.66504863888038	2.02762523017839	2.38392436757539
1.50340379856692	1.67807271852322	2.03431553089262	2.39356205506403
1.51024450975589	1.68500152182939	2.04024172657297	2.40269196239674
1.51708522094486	1.68698119612442	2.05073861486865	2.407182768119
1.52392593213384	1.69402951355367	2.05741753586711	2.41438625812826
1.53076664332281	1.69714619567562	2.06344751266492	2.41431015122733
1.53760735451178	1.70706841566599	2.06788048121838	2.42808856272295
1.54444806570076	1.71365745815633	2.0757511308365	2.43621433976879
1.55128877688973	1.72420341269914	2.08171985920691	2.43929909205266
1.5581294880787	1.72871368796521	2.09234424953992	2.44595695361568
1.56497019926767	1.73864274954431	2.09703518212763	2.45400761466917
1.57181091045665	1.74410971857722	2.10422895386718	2.46370789346916
1.57865162164562	1.75410219284434	2.11125936085049	2.47171070167167
1.58549233283459	1.75676074424553	2.1187650038693	2.47507255162724
1.59233304402356	1.7673520469214	2.12426274068931	2.4777565878651
1.59917375521254	1.76904527586181	2.12859092835828	2.4949554891926
1.60601446640151	1.77823509992997	2.13900500743415	2.49655871796604
1.61285517759048	1.78456114236353	2.14619560625086	2.50693007047461
1.61969588877945	1.79120288102461	2.15121623838983	2.51080093521376
1.62653659996843	1.80763539584693	2.15828422686302	2.52218157925654
1.6333773111574	1.80795914271582	2.16497474229835	2.52807346445446
1.64021802234637	1.81834582904139	2.17366405414155	2.52899327513697
1.64705873353534	1.82099793967503	2.1785472307059	2.53972379741187
1.65389944472432	1.82817769648964	2.18396962587259	2.54042126584375
1.66074015591329	1.83451272249944	2.1931990729856	2.54136958688426
1.66758086710226	1.84764286903972	2.20166719035779	2.56274252126642
1.67442157829124	1.85066808444158	2.20698118634933	2.56230468018621
1.68126228948021	1.86078300050248	2.21410854310984	2.57001739396506
1.68810300066918	1.86318666071678	2.22094019359933	2.5779283161024
1.69494371185815	1.87771061402758	2.226223356368	2.58597724364943
1.70178442304713	1.87341067261895	2.23484631796696	2.585410303591
1.7086251342361	1.88299075682569	2.2425514878491	2.59959166161259
1.71546584542507	1.89590654274318	2.24796350101336	2.60606506089543
1.72230655661404	1.89653175448097	2.25284275892608	2.61188356206011
1.72914726780302	1.902143432368	2.26350842355643	2.61941950697944
1.73598797899199	1.90881571555658	2.27000684374412	2.62821779195801
1.74282869018096	1.9208543744094	2.27828952273338	2.63631604519757
1.74966940136993	1.93138543623993	2.282978155323	2.64207872776881
1.75651011255891	1.92530337563365	2.29029506671199	2.64516463988642
1.76335082374788	1.93422706127114	2.29611435035248	2.65064447164319
1.77019153493685	1.94238903490873	2.30082470512828	2.65933422676581
1.77703224612582	1.95677759338539	2.31032162020175	2.66703260856294
1.7838729573148	1.96653328248844	2.31683824476799	2.67450957322943
1.79071366850377	1.9645918172665	2.32181781853788	2.68343395842935
1.79755437969274	1.97304133807533	2.33033330152911	2.68692642423702
1.80439509088172	1.97887574352597	2.33776441155706	2.69289693978298
1.81123580207069	1.9855478994329	2.34338368774223	2.70427481309823
1.81807651325966	1.98831689572351	2.35094324555794	2.71047265362808
1.82491722444863	2.00302681011448	2.36041106240905	2.71384092512332
1.83175793563761	2.00414233883109	2.36708937701335	2.7243983000619
1.83859864682658	2.01604395684455	2.37137560564469	2.72950318876983
1.84543935801555	2.02616186894039	2.37959631951342	2.73672474972183
1.85228006920452	2.02792172483136	2.38478558318536	2.743488656516
1.8591207803935	2.03898210182449	2.39375865111628	2.74703990910419
1.86596149158247	2.04427541268339	2.4007759241412	2.75423081834073
1.87280220277144	2.04817447558871	2.40748960060404	2.76535666384711
1.87964291396041	2.06249714706132	2.41692803878449	2.76974286793952
1.88648362514939	2.06989918937644	2.41860445252276	2.78133690535763
1.89332433633836	2.06843257774876	2.42806803419546	2.78851137228988
1.90016504752733	2.07527238393001	2.43170349589895	2.79109328934473
1.9070057587163	2.08067249044415	2.43921965773973	2.80046922243678
1.91384646990528	2.0899745449936	2.44565528600209	2.80372584898197
1.92068718109425	2.09590337912535	2.45313407976775	2.81379505457396
1.92752789228322	2.10755079158402	2.45929097478197	2.81889740398423
1.9343686034722	2.10938955513922	2.47030179909668	2.83039281453383
1.94120931466117	2.11795193748965	2.47601289393452	2.83640227557127
1.94805002585014	2.12126164577568	2.48287083504339	2.84689853911982
1.95489073703911	2.1320531353393	2.48663126169671	2.84507933888169
1.96173144822809	2.145937702813	2.49492918668646	2.85464957309519
1.96857215941706	2.14104575237465	2.50523481636223	2.86480279065514
1.97541287060603	2.14919389622537	2.50769689287997	2.8670814849219
1.982253581795	2.16209646634816	2.51912648797543	2.87414673794245
1.98909429298398	2.16654961958557	2.52251143188008	2.87983315004497
1.99593500417295	2.1739792070609	2.53119762850168	2.89428945848227
2.00277571536192	2.18580843624565	2.53780641633203	2.887938852258
2.00961642655089	2.19068186932298	2.54424439220554	2.90178960258968
2.01645713773987	2.19180289805813	2.54933466946787	2.91177472221161
2.02329784892884	2.1993659843575	2.5610536456571	2.91966253202931
2.03013856011781	2.2090154079353	2.56651078105194	2.92519366272565
2.03697927130678	2.22165210614312	2.57254732208392	2.93300284109199
2.04381998249576	2.22128615610424	2.57987727065705	2.93744013824485
2.05066069368473	2.22331229222627	2.58892229727511	2.94219455415139
2.0575014048737	2.23153847048629	2.59119468812317	2.94991223615152
2.06434211606267	2.23947218291632	2.6005390387858	2.96034176017714
2.07118282725165	2.24215621295992	2.60900133189126	2.96502726245254
2.07802353844062	2.25382314114119	2.6135168833579	2.97226794137696
2.08486424962959	2.26175641864752	2.62280648847334	2.97939631360592
2.09170496081857	2.2680354557673	2.62705893351976	2.98428405595762
2.09854567200754	2.2769338492919	2.63308171635516	2.98648436917384
2.10538638319651	2.2888315610879	2.64059821191671	2.99425291395019
2.11222709438548	2.28752256600477	2.64984230824088	3.00722749116304
2.11906780557446	2.29685456586698	2.65566573085306	3.01127027723517
2.12590851676343	2.30378576997517	2.66200714031493	3.0210949635962
2.1327492279524	2.30089302830876	2.66637044727707	3.02518601670057
2.13958993914137	2.32059550322424	2.67580530141446	3.03657405837221
2.14643065033035	2.31667165035362	2.68240754128616	3.04036544928067
2.15327136151932	2.32731054698136	2.68793574987751	3.04872810105784
2.16011207270829	2.33856457820345	2.69487499522343	3.05322686551582
2.16695278389726	2.35063344542644	2.70391063308596	3.06569356141883
2.17379349508624	2.35246299966147	2.71194063548502	3.06763228085781
2.18063420627521	2.35696769928601	2.71647911847145	3.08420348502388
2.18747491746418	2.36620280774458	2.72533287675644	3.08001207382018
2.19431562865316	2.37395982365079	2.73307478438616	3.0868198087685
2.20115633984213	2.37747868822999	2.73514392086252	3.0907394919026
2.2079970510311	2.38522901139098	2.74391071106419	3.10282553215335
2.21483776222007	2.38976807609198	2.75038884034502	3.10917175969271
2.22167847340905	2.39853892438808	2.75811597627492	3.12066502464982
2.22851918459802	2.40326308283595	2.76272788381856	3.12477899936449
2.23535989578699	2.40925907452678	2.77287328008342	3.13188629745025
2.24220060697596	2.41827456897193	2.77957580468312	3.13777971782047
2.24904131816494	2.42400488693857	2.78621929043829	3.14729891424593
2.25588202935391	2.43105127035579	2.79270193705118	3.15088513701667
2.26272274054288	2.43913662557923	2.80042368927858	3.15961814430399
2.26956345173185	2.4531970992626	2.80389723370926	3.16409692984925
2.27640416292083	2.45675133604266	2.81171797960058	3.17601197721911
2.2832448741098	2.45679858139863	2.82310166320278	3.18440554276518
2.29008558529877	2.46123021827929	2.82916636324362	3.18412460853067
2.29692629648774	2.47191751663126	2.83402139078677	3.19266914006961
2.30376700767672	2.47731007199576	2.84073902568989	3.20502548700803
2.31060771886569	2.48521827803775	2.84767396339371	3.20565232697356
2.31744843005466	2.48679524884684	2.85750609772753	3.21604113367445
2.32428914124364	2.50062451952626	2.85822505927589	3.21708549827768
2.33112985243261	2.50598658010369	2.86797041425396	3.23100158789428
2.33797056362158	2.50944883867532	2.87427324836552	3.2417005953971
2.34481127481055	2.51748871869652	2.88240056036983	3.24185636626463
2.35165198599953	2.52621591656422	2.89026971035499	3.24561183024634
2.3584926971885	2.53341892041621	2.89608751936985	3.25932198882179
2.36533340837747	2.54020254374227	2.90410714532402	3.26731015113074
2.37217411956644	2.54423262825287	2.90718583875164	3.26542345700745
2.37901483075542	2.55335586682933	2.91793496039738	3.27862546092285
2.38585554194439	2.56580727158135	2.92337722637281	3.28350274114467
2.39269625313336	2.56987185894167	2.93108189082747	3.29609961095288
2.39953696432233	2.57597048792856	2.93687854031174	3.30244805717249
2.40637767551131	2.58527736159524	2.94688977496556	3.30603899703155
2.41321838670028	2.58986333890776	2.95124220100681	3.31024570817369
2.42005909788925	2.60115714542547	2.95908959589364	3.3256626871978
2.42689980907822	2.60860865505537	2.96626437345656	3.32794464062565
2.4337405202672	2.61125887969454	2.97229081126012	3.33241951927696
2.44058123145617	2.61456434614988	2.98018636204571	3.34502433148259
2.44742194264514	2.61572936842992	2.9889012065721	3.34903084700123
2.45426265383412	2.62445412976972	2.99417960693143	3.355064914478
2.46110336502309	2.63800921081869	2.99923446923657	3.3601013746518
2.46794407621206	2.64627662626504	3.00587789545562	3.37011581720136
2.47478478740103	2.65041859076477	3.01489228314374	3.37761107260106
2.48162549859001	2.65800084698417	3.01930601772503	3.38026892203565
2.48846620977898	2.66241547611867	3.02970808661237	3.3896748759743
2.49530692096795	2.66778435754459	3.03648196403926	3.3967604399677
2.50214763215692	2.67367694653408	3.04035173087576	3.40779947975447
2.5089883433459	2.68200600055358	3.04562796085874	3.41144345947658
2.51582905453487	2.69444568978399	3.05493968348309	3.41711015817668
2.52266976572384	2.69739151499578	3.06181921557632	3.42276958444489
2.52951047691281	2.70626542862708	3.06673163574633	3.43331793056566
2.53635118810179	2.71169799520189	3.07643178858561	3.44351741709108
2.54319189929076	2.71899812704726	3.0828807288368	3.44900618869206
2.55003261047973	2.72311766583173	3.08646902092851	3.4532580911671
2.5568733216687	2.73293850464324	3.09754587442485	3.45861017299028
2.56371403285768	2.7380657496711	3.10378478763617	3.46867498905865
2.57055474404665	2.74549592326236	3.11005240135811	3.47167437408459
2.57739545523562	2.75967485954536	3.12041789524814	3.48438464782027
2.5842361664246	2.76275206217581	3.12511926126998	3.49255507021942
2.59107687761357	2.76646583759138	3.13051286028052	3.49212370048071
2.59791758880254	2.77281524449005	3.13787424513625	3.49903584817788
2.60475829999151	2.78632336385195	3.14464335046948	3.505735504701
2.61159901118049	2.79116085703781	3.15214540940258	3.51716581504678
2.61843972236946	2.79132351861114	3.15659470890413	3.52055671880235
2.62528043355843	2.7900088951159	3.16389421836173	3.53395874231495
2.6321211447474	2.80310216535657	3.17273329608114	3.54855552665992
2.63896185593638	2.81121197231536	3.18050188641327	3.54771423599704
2.64580256712535	2.81366590913308	3.18486806184627	3.54938981267437
2.65264327831432	2.82536854679125	3.19419389974082	3.56582697794547
2.65948398950329	2.83450398038471	3.19986072525426	3.56478783352489
2.66632470069227	2.8344869297157	3.20782302754341	3.57634308913713
2.67316541188124	2.84848991102423	3.21387794791434	3.57982231864147
2.68000612307021	2.85360962146479	3.2213590926141	3.58932525567327
2.68684683425918	2.8574236658086	3.22684968449417	3.59568620992088
2.69368754544816	2.87019946058709	3.23487362166596	3.60591959376562
2.70052825663713	2.87396421379933	3.2409592598766	3.60803176816611
2.7073689678261	2.87969731662617	3.24923077242263	3.61868393192173
2.71420967901508	2.88777767994623	3.25680402855939	3.62484257479049
2.72105039020405	2.89468515156686	3.26015387092848	3.63155232874333
2.72789110139302	2.9026772412825	3.26915481834359	3.63648410568523
2.73473181258199	2.90821553307799	3.27643203933849	3.64382202319188
2.74157252377097	2.91294433665798	3.28133705170602	3.64602434753566
2.74841323495994	2.92179494920359	3.29069070741205	3.6581246463437
2.75525394614891	2.92457354426089	3.30016048734637	3.66762874280422
2.76209465733788	2.93463091723043	3.30196135351785	3.66750626429978
2.76893536852686	2.93994071531187	3.30909167632034	3.67412494102624
2.77577607971583	2.9495154201078	3.31784672587999	3.68392289488616
2.7826167909048	2.95710790221995	3.32189292106409	3.6954762925821
2.78945750209377	2.95355755349208	3.33224314536106	3.70199148127013
2.79629821328275	2.9648719808721	3.3354971935185	3.7032637896663
2.80313892447172	2.97466635958813	3.34774900894923	3.7185904553619
2.80997963566069	2.98123221123245	3.35017823438891	3.71810346952461
2.81682034684966	2.9871032651643	3.35971307084942	3.72834728998766
2.82366105803864	3.00002527238256	3.36614929151477	3.73541948578299
2.83050176922761	3.00277495596886	3.37469432526477	3.74265478129258
2.83734248041658	3.00591646961308	3.37914068558194	3.7462824877815
2.84418319160556	3.00977982391614	3.38627735262932	3.7549458792068
2.85102390279453	3.01669241613851	3.39247747308909	3.76514122562823
2.8578646139835	3.02854984963649	3.39814561281607	3.76949634564721
2.86470532517247	3.03483598911254	3.40557861324384	3.77846944252198
2.87154603636145	3.04045960263811	3.41237519162063	3.77495234397829
2.87838674755042	3.04655495926868	3.42104544486301	3.79651041268846
2.88522745873939	3.04975080448433	3.42658277566844	3.79802090781
2.89206816992836	3.06573821185028	3.43393315942473	3.80784878602767
2.89890888111734	3.06184948366239	3.44283955734425	3.81879462622142
2.90574959230631	3.0745214136366	3.44827544566652	3.81981208566804
2.91259030349528	3.0834679597587	3.45417784350503	3.83431269655311
2.91943101468425	3.08547115411776	3.46152790885702	3.83446852587264
2.92627172587323	3.09557247192597	3.46711939603126	3.85027009666873
2.9331124370622	3.1078861345402	3.4759483920423	3.84819209708724
2.93995314825117	3.10339179355781	3.48154660197309	3.85468041868302
2.94679385944014	3.11100593612187	3.48991093424394	3.8670395537282
2.95363457062912	3.11718256602777	3.49681801246276	3.87267489700905
2.96047528181809	3.1235860106301	3.50336223838294	3.86907744077606
2.96731599300706	3.13369349085864	3.51059938321385	3.88267193158764
2.97415670419604	3.14139307043246	3.51891396597945	3.88765131564956
2.98099741538501	3.16103160379645	3.52355374487831	3.8983832387385
2.98783812657398	3.15677799908087	3.53171765286477	3.90703292457821
2.99467883776295	3.15541696775709	3.53869758542838	3.91179636572989
3.00151954895193	3.16630203608645	3.54427386633376	3.91749696925045
3.0083602601409	3.16176208203946	3.5500255270087	3.9249086582095
3.01520097132987	3.18137405188554	3.55920757759399	3.93240464088306
3.02204168251884	3.18279627412912	3.56902717790816	3.9420242405339
3.02888239370782	3.19530549020103	3.5699713287676	3.95228254632246
3.03572310489679	3.20262272060518	3.5806678462316	3.95979389351455
3.04256381608576	3.2087536039997	3.58512301391537	3.96093395038329
3.04940452727473	3.21296608555109	3.5947325782655	3.97167434358048
3.05624523846371	3.22187331040374	3.59768662558061	3.97663615390464
3.06308594965268	3.22585024726585	3.60770869307734	3.98946140397937
3.06992666084165	3.23588290868471	3.61442617400048	3.99502281983176
3.07676737203062	3.24039040318107	3.61947414157438	3.99774112576971
3.0836080832196	3.24935293889307	3.6289045994509	4.00785745304486
3.09044879440857	3.25908855225727	3.63672621671169	4.01122373297411
3.09728950559754	3.259955693051	3.63960583798753	4.01641173708704
3.10413021678651	3.26801762554481	3.64792867868795	4.02569400065204
3.11097092797549	3.2742134980755	3.65357942821478	4.03355756154919
3.11781163916446	3.28617484334252	3.66050123740505	4.0418120549337
3.12465235035343	3.28753198509499	3.66871992226249	4.04622189769266
3.13149306154241	3.29856361885865	3.6786674105725	4.05027160837298
3.13833377273138	3.3014416495493	3.68383331857831	4.06410462055182
3.14517448392035	3.30474949260269	3.69177604261823	4.07014712268084
3.15201519510932	3.31381970421018	3.69634295218001	4.07456965570687
3.1588559062983	3.31787239978214	3.70374979118081	4.08393037453627
3.16569661748727	3.3280323484698	3.71165577313597	4.08811520321401
3.17253732867624	3.33295244022629	3.71893997675291	4.09998841963615
3.17937803986521	3.34613553839699	3.72396882457835	4.10815043591835
3.18621875105419	3.35030351101852	3.73280611639495	4.11309697783675
3.19305946224316	3.35814273257396	3.73750217772559	4.11637750605393
3.19990017343213	3.35053662698403	3.7428479151944	4.12249789189396
3.2067408846211	3.36674299094333	3.75207845479376	4.13237554670845
3.21358159581008	3.36717404163715	3.75442680492811	4.13920822774957
3.22042230699905	3.37808475546089	3.76596057331264	4.1382500583784
3.22726301818802	3.38244152384181	3.76952176126487	4.15912586008243
3.23410372937699	3.39426984945929	3.7790145256656	4.1628613540879
3.24094444056597	3.40264935241824	3.78879447225865	4.16972373245161
3.24778515175494	3.40772021136182	3.79499822693679	4.1798051285314
3.25462586294391	3.4171390420405	3.80040123129718	4.18140120199476
3.26146657413289	3.41921935526399	3.80668823203156	4.19051611180648
3.26830728532186	3.42685889249917	3.81299333415166	4.20025215900449
3.27514799651083	3.43393329605857	3.8195418955275	4.2029895636199
3.2819887076998	3.43580975008456	3.82888692462431	4.21018555125047
3.28882941888878	3.44870423780564	3.83342502485996	4.22238248963867
3.29567013007775	3.45172983717647	3.84208712068458	4.22224433168927
3.30251084126672	3.46601077653456	3.8488852121939	4.2359116934852
3.30935155245569	3.47079307372249	3.85588685841845	4.24131904016508
3.31619226364467	3.46883199769958	3.86312934112759	4.24297344076712
3.32303297483364	3.48221001880048	3.86801679816239	4.25525150734346
3.32987368602261	3.4890993555109	3.87675864394831	4.26965819389702
3.33671439721158	3.49655197520675	3.88323301676837	4.26844326260156
3.34355510840056	3.50631142518414	3.88794970587017	4.27530460433297
3.35039581958953	3.51050982213772	3.89732101943787	4.28470195472264
3.3572365307785	3.5189907425517	3.90221078132354	4.29914446765141
3.36407724196747	3.51589515746099	3.90860493420848	4.29843806578291
3.37091795315645	3.52390019778532	3.9145449989273	4.3041082359292
3.37775866434542	3.53347473762723	3.92361693011448	4.30946499742139
3.38459937553439	3.53447829202606	3.92993159489944	4.3117546836113
3.39144008672337	3.5438780299583	3.94058341998925	4.32796283811806
3.39828079791234	3.55676844400757	3.9467002460978	4.3301915026465
3.40512150910131	3.56284820474599	3.94938198996096	4.34500986977139
3.41196222029028	3.56532754324022	3.95611919677461	4.34524314486772
3.41880293147926	3.57683362660905	3.96432930940154	4.35114557128141
3.42564364266823	3.58901018089545	3.97071675519462	4.36380900163204
3.4324843538572	3.58850198846026	3.97910904395772	4.36829327232447
3.43932506504617	3.59062818743887	3.98562686163861	4.38213447021391
3.44616577623515	3.59950519865964	3.99651972029141	4.38745315903825
3.45300648742412	3.6058055456052	3.99748688134314	4.38529454688229
3.45984719861309	3.61618507998167	4.00702194196743	4.39457289705098
3.46668790980206	3.6150383762935	4.01094467126371	4.4069529945667
3.47352862099104	3.62819526307366	4.02186281867188	4.40763655875735
3.48036933218001	3.63216915294238	4.02673480662195	4.421948208744
3.48721004336898	3.64745486937663	4.03279949100562	4.43064343279489
3.49405075455795	3.64089021501743	4.04336111953472	4.42746632753653
3.50089146574693	3.65326614910537	4.04937635162435	4.44215845146132
3.5077321769359	3.66392569585368	4.0554664406068	4.44693918191751
3.51457288812487	3.66896923715671	4.06438413297566	4.45851233757025
3.52141359931385	3.67444968510452	4.06914141670616	4.4643029464117
3.52825431050282	3.67744561116227	4.07861159971631	4.46525263801411
3.53509502169179	3.68344353090528	4.08293114835389	4.47515758089012
3.54193573288076	3.69326807305658	4.08717780115571	4.48127057379521
3.54877644406974	3.69682449641221	4.09513742061554	4.49116943103215
3.55561715525871	3.7026902799422	4.10043824040257	4.49488952156397
3.56245786644768	3.7068641875247	4.11089263018777	4.50070052148632
3.56929857763665	3.72186242867164	4.11839762580829	4.51873739688099
3.57613928882563	3.72277254457173	4.12360827877308	4.52103510169009
3.5829800000146	3.72676772458127	4.12889363482691	4.52469909797048
3.58982071120357	3.73986327556304	4.13876071652704	4.53442052536677
3.59666142239254	3.74410623550235	4.14144794173449	4.54069929945755
3.60350213358152	3.76529268067904	4.14997445701912	4.54823812402534
3.61034284477049	3.75790709159534	4.15704411907774	4.55779459653127
3.61718355595946	3.76558059204423	4.16517395114194	4.55786479541501
3.62402426714843	3.77144172177013	4.17288524418302	4.56922475579008
3.63086497833741	3.77897808869699	4.17811589879302	4.58131003336606
3.63770568952638	3.79480117573805	4.18614291745711	4.58076361159458
3.64454640071535	3.78760961220694	4.19443844954416	4.592124050866
3.65138711190433	3.79160910581767	4.19914238911909	4.59615229887247
3.6582278230933	3.80291181286873	4.20819582260196	4.61142672946
3.66506853428227	3.81909193430042	4.21528152026073	4.615246508378
3.67190924547124	3.81995706397692	4.22061536231604	4.61942668778663
3.67874995666022	3.82347606337393	4.22761071521937	4.6286950275667
3.68559066784919	3.82823930145695	4.23316265327266	4.63665826830243
3.69243137903816	3.84074553471755	4.24219938421136	4.63643617522961
3.69927209022713	3.8392980807674	4.24770385294202	4.65044305700888
3.70611280141611	3.84599019390652	4.25574655551307	4.653479821994
3.71295351260508	3.86091943239225	4.26375035709854	4.66149166748882
3.71979422379405	3.86560669281545	4.26890938939328	4.673244397626
3.72663493498302	3.86992850308298	4.27711145309004	4.68206271748247
3.733475646172	3.87764319276133	4.28162532659116	4.68119217977025
3.74031635736097	3.87728909300002	4.28859436750345	4.6925248098203
3.74715706854994	3.90055701315596	4.29800279692171	4.69855815689151
3.75399777973891	3.90002691748113	4.30401097530822	4.70874095233776
3.76083849092789	3.89785541342646	4.31124871522883	4.71583076456718
3.76767920211686	3.91252962697566	4.31839397700647	4.71832559950603
3.77451991330583	3.9147639502126	4.32452058150464	4.72050791991651
3.78136062449481	3.92365205608936	4.32987357343671	4.72609042860179
3.78820133568378	3.92183940351881	4.33731843038989	4.74168708987204
3.79504204687275	3.92912949081884	4.34403050627655	4.74622724881405
3.80188275806172	3.94023649130482	4.3547222288511	4.75848326803413
3.8087234692507	3.95085717273996	4.36129029230337	4.76760419272066
3.81556418043967	3.96090997262805	4.36295873836347	4.77474700344275
3.82240489162864	3.96053810256542	4.36917244181113	4.78118619604696
3.82924560281761	3.96947964936236	4.38206024277799	4.77938505279057
3.83608631400659	3.9749654913312	4.38432079198728	4.80050774145604
3.84292702519556	3.98213340581452	4.39021972969189	4.7989452772518
3.84976773638453	3.98216538230312	4.40014870609261	4.81069362133351
3.8566084475735	4.00135137363481	4.40669773413736	4.8091677075873
3.86344915876248	3.99824560843019	4.41288303620533	4.81685056510971
3.87028986995145	4.00914635008141	4.4202772981641	4.83468069421181
3.87713058114042	4.0101576286833	4.42698716989678	4.83104557435724
3.88397129232939	4.01905858488148	4.43469771279458	4.84187330293789
3.89081200351837	4.02914214719265	4.44217455498051	4.85188253106919
3.89765271470734	4.03411682716725	4.44906893123093	4.86049414796385
3.90449342589631	4.04228743766782	4.45589407918455	4.86830699477554
3.91133413708528	4.04893072024625	4.46412708492701	4.87323610558242
3.91817484827426	4.05535379597994	4.46953870628729	4.88266227954085
3.92501555946323	4.06755865005078	4.47390825081031	4.87634911863967
3.9318562706522	4.0636944315335	4.48117855184618	4.90067785724056
3.93869698184118	4.06443709649726	4.48930952939333	4.89599979327848
3.94553769303015	4.07079331839831	4.49788245072376	4.91564617613143
3.95237840421912	4.09625098086519	4.50309200615583	4.91689386229919
3.95921911540809	4.08570820320745	4.51046795843898	4.92589269361733
3.96605982659707	4.09419720297763	4.51643013929306	4.92614392761201
3.97290053778604	4.10209349084101	4.52364727712148	4.93641118144578
3.97974124897501	4.11153264927685	4.53161230150761	4.94263690221758
3.98658196016398	4.12736357071772	4.53509854402132	4.95463602685582
3.99342267135296	4.12583093124548	4.54129104460141	4.96634447066025
4.00026338254193	4.12785140277247	4.55095217207738	4.9703065771503
4.0071040937309	4.14048384046923	4.55933175227095	4.97934138628514
4.01394480491987	4.15404091435125	4.56492912398114	4.97788550191895
4.02078551610885	4.14765323754573	4.57406732494797	4.98898913855095
4.02762622729782	4.15782301925542	4.57796978142337	4.98385195924342
4.03446693848679	4.16936169942597	4.58465144641948	5.0092604678858
4.04130764967577	4.17439949927995	4.59493660916157	5.01587348499727
4.04814836086474	4.17294410168488	4.6006831669899	5.02082936431604
4.05498907205371	4.18080737104218	4.60537165297793	5.02224789868177
4.06182978324268	4.19076887483168	4.6126403825262	5.03232545185086
4.06867049443166	4.20160179416866	4.62232116682219	5.03547409350284
4.07551120562063	4.20350604210186	4.62522238696045	5.04618979751917
4.0823519168096	4.20960031128441	4.63605929868796	5.05406066523135
4.08919262799857	4.21909033536105	4.63986262235065	5.05781660912345
4.09603333918755	4.22209349492726	4.64666666250359	5.05845827011638
4.10287405037652	4.22651087962376	4.65126897253926	5.07853744173666
4.10971476156549	4.2348543430031	4.66163424478193	5.08275512168527
4.11655547275446	4.24102319802185	4.66578973580349	5.087632567005
4.12339618394344	4.2511250644795	4.67658034058665	5.0977147714267
4.13023689513241	4.26067683381908	4.68269252799666	5.10379900272379
4.13707760632138	4.2561713655827	4.68867850107257	5.11444100677688
4.14391831751035	4.27276689528923	4.69545257330439	5.11552433067867
4.15075902869933	4.26763132358606	4.70655370462689	5.13018985040639
4.1575997398883	4.28242122051189	4.71284944372366	5.1339279926445
4.16444045107727	4.28676159650272	4.7154166835705	5.14225376041948
4.17128116226625	4.29795008517194	4.7214655292902	5.14936469203795
4.17812187345522	4.30109604190398	4.72963201602227	5.15971649557538
4.18496258464419	4.30992568202669	4.73496686682835	5.16040609176325
4.19180329583316	4.31939020412606	4.74661993063731	5.16941622908844
4.19864400702214	4.32246651371638	4.75106444607703	5.17146922967044
4.20548471821111	4.33625700002137	4.75752959457882	5.18215498089941
4.21232542940008	4.33206367425644	4.76349359265434	5.19202921125606
4.21916614058905	4.33785647507698	4.77425810957345	5.19518160226272
4.22600685177803	4.34590258363393	4.77869356679408	5.20150478576849
4.232847562967	4.35308869922506	4.78757425190131	5.21562056326014
4.23968827415597	4.35301123746631	4.79465208211873	5.22023505355222
4.24652898534494	4.36862661720293	4.79794393773629	5.21794449597397
4.25336969653392	4.37158545844886	4.80767876517132	5.23535322805424
4.26021040772289	4.37384124301419	4.81278089114287	5.2449080548084
4.26705111891186	4.38853256365042	4.82117803728738	5.25486581406672
4.27389183010083	4.39070922399698	4.8278674898811	5.25976202130839
4.28073254128981	4.39370412924747	4.83627408593931	5.26707312255043
4.28757325247878	4.39950122562545	4.84163251467112	5.27055793781824
4.29441396366775	4.4131691088563	4.84777925029563	5.28094721239167
4.30125467485672	4.41514837989875	4.85175316174	5.28591235251303
4.3080953860457	4.427193978238	4.85929639281206	5.29240193695715
4.31493609723467	4.42761095624058	4.86922795332711	5.30113716325612
4.32177680842364	4.44155293375558	4.87639397798712	5.30063817977482
4.32861751961262	4.44126224950435	4.88551999183464	5.31245324028865
4.33545823080159	4.44794083121167	4.88751068091092	5.3228062213391
4.34229894199056	4.45358125673195	4.89527452184306	5.33420701768243
4.34913965317953	4.46643738948498	4.90182187040317	5.33592207746544
4.35598036436851	4.46842499804438	4.91424482621534	5.35240116538646
4.36282107555748	4.47353167653755	4.91949220389044	5.35095063989175
4.36966178674645	4.48004391605472	4.92224892108915	5.37013855119018
4.37650249793542	4.49076413494564	4.92880982738778	5.36313105012134
4.3833432091244	4.49352885777229	4.9389877521279	5.37453010224386
4.39018392031337	4.50268370427352	4.94537073562307	5.37199919968912
4.39702463150234	4.50052625291597	4.94953649962975	5.38820032686328
4.40386534269131	4.5210168775392	4.95785979951257	5.38599494754387
4.41070605388029	4.52382305508869	4.96395871996886	5.40167048478156
4.41754676506926	4.52350921701381	4.97197070079269	5.40571213893988
4.42438747625823	4.53715312554913	4.98128539143121	5.41483119438335
4.4312281874472	4.5367314504168	4.98810833127473	5.41873394822096
4.43806889863618	4.54635514706565	4.99571211424967	5.43381431594118
4.44490960982515	4.56233938629378	5.00091995044668	5.44145399776512
4.45175032101412	4.5634883023885	5.00465720613846	5.45004395453024
4.4585910322031	4.55931017952884	5.01419107348987	5.45060591037401
4.46543174339207	4.57167871942047	5.01872023444003	5.4662853136766
4.47227245458104	4.57450447216419	5.02770467426975	5.46458001272983
4.47911316577001	4.58994434741534	5.03463912375494	5.47767377018434
4.48595387695899	4.59645337675618	5.04338371397922	5.48181592331127
4.49279458814796	4.60277550414577	5.04810199662222	5.48810342882002
4.49963529933693	4.59968362030608	5.05729569704566	5.49836218666449
4.5064760105259	4.60902460017552	5.06185340494408	5.50648318419324
4.51331672171488	4.61703045506014	5.07069206289918	5.50820448214513
4.52015743290385	4.6248067114775	5.08127515730002	5.51342907365072
4.52699814409282	4.6316420475844	5.0837625222368	5.52692282209872
4.53383885528179	4.64216490248594	5.08879765645174	5.53366510302589
4.54067956647077	4.64888222842989	5.0957544715375	5.54494594865404
4.54752027765974	4.64902330950775	5.10477342477313	5.55002149317927
4.55436098884871	4.65149967342371	5.11351774725611	5.55411463353455
4.56120170003768	4.66316126504244	5.11821411451326	5.56190835560369
4.56804241122666	4.67015796719048	5.1234171248106	5.56629194232461
4.57488312241563	4.67279832225455	5.13016941419905	5.57852823821746
4.5817238336046	4.67942739061243	5.13892198258411	5.58033986888709
4.58856454479358	4.69373557781576	5.14468513430157	5.59635908481152
4.59540525598255	4.69958796666859	5.15171288111205	5.59244646585881
4.60224596717152	4.70418558399674	5.15886172911097	5.60996858609614
4.60908667836049	4.71116384851865	5.16816603547101	5.6152566845213
4.61592738954947	4.71313590815825	5.17146850122501	5.62715054836468
4.62276810073844	4.72211206136231	5.17900517106448	5.62675663865731
4.62960881192741	4.73454836196419	5.18214181686434	5.62965101790156
4.63644952311638	4.73233947927413	5.19120793913847	5.64213335731192
4.64329023430536	4.74074872782601	5.20121852357874	5.64960972852894
4.65013094549433	4.74204500430883	5.20976110817364	5.65536013230409
4.6569716566833	4.75555023370163	5.21713592892961	5.66145379722488
4.66381236787227	4.76418530775701	5.22044832770613	5.67321031752636
4.67065307906125	4.76855530637494	5.22610223550077	5.67910883654357
4.67749379025022	4.77331213338902	5.23576183557151	5.69232134431859
4.68433450143919	4.78351076609657	5.24293186469423	5.70095641236505
4.69117521262816	4.78477551401517	5.2470924651351	5.70685642235684
4.69801592381714	4.79191668127014	5.2545945396467	5.70624296441023
4.70485663500611	4.80660456376889	5.26226352882231	5.72061688158956
4.71169734619508	4.8032427094519	5.26664004408299	5.72246767847309
4.71853805738406	4.81712487671611	5.27502753807166	5.73122239528562
4.72537876857303	4.8239860206004	5.2824181753126	5.73462633494352
4.732219479762	4.82199297820799	5.2892604071994	5.74201312442331
4.73906019095097	4.83466527075668	5.29565198597921	5.75112887275326
4.74590090213995	4.83492764396341	5.3042022570398	5.75461893667725
4.75274161332892	4.84900348727341	5.3090916436612	5.76792047209218
4.75958232451789	4.8503255252548	5.31932281817218	5.77461273832956
4.76642303570686	4.85620986758809	5.32620945166082	5.78662076777273
4.77326374689584	4.85830638015996	5.32953155915129	5.7857056427765
4.78010445808481	4.86250877000712	5.337096446531	5.79776042730991
4.78694516927378	4.86734782673934	5.34598359249475	5.80590750977093
4.79378588046275	4.87803152670336	5.34899371975376	5.80749962449806
4.80062659165173	4.89251617811395	5.3569381137768	5.81817429408105
4.8074673028407	4.89554445203084	5.36487264057501	5.82528693045304
4.81430801402967	4.90715688270928	5.37419147513597	5.83458737332037
4.82114872521864	4.91259434560262	5.37877652230676	5.83768347990845
4.82798943640762	4.9167151191952	5.38821463343122	5.84648005965973
4.83483014759659	4.92860781560011	5.39441235511362	5.85938739507367
4.84167085878556	4.92193627324978	5.40329264119808	5.86414898722583
4.84851156997454	4.94174015254084	5.41173635793845	5.87016227197596
4.85535228116351	4.93674041865683	5.4133190326828	5.88159734773755
4.86219299235248	4.95358877205186	5.42040837186717	5.88987556368237
4.86903370354145	4.9533738407659	5.42513873283257	5.88823802034572
4.87587441473043	4.96196093500835	5.43254713158856	5.89873456810956
4.8827151259194	4.96212463603134	5.44118404408407	5.9085977626182
4.88955583710837	4.97743097893035	5.44870578283178	5.91380043774133
4.89639654829734	4.98301522272918	5.45314676816258	5.92349771210149
4.90323725948632	4.98227354613565	5.46209216370079	5.92839127224004
4.91007797067529	4.99503071799169	5.46944826467828	5.93644759872242
4.91691868186426	5.00839479402236	5.4745666193642	5.94553787252904
4.92375939305323	5.00651156545028	5.48423894169736	5.94975647395515
4.93060010424221	5.01842481955221	5.49097635252943	5.9618246139899
