"mitochan"	"lwrNorm"	"medNorm"	"uprNorm"
-1.90327037354145	-4.81782016962845	-3.67473562708647	-2.52397688830846
-1.89617175054776	-4.79975542500636	-3.65843558091324	-2.51867086264744
-1.88907312755408	-4.7961026474068	-3.64569384892593	-2.51503494751534
-1.88197450456039	-4.75890044233049	-3.63373790505764	-2.49522794267905
-1.8748758815667	-4.75368352215215	-3.61893408569545	-2.47765728636121
-1.86777725857302	-4.74209355750448	-3.60588684533487	-2.47632965742753
-1.86067863557933	-4.71263530038092	-3.59104880936442	-2.45958328461661
-1.85358001258564	-4.70743415599655	-3.57851781053387	-2.45492814701358
-1.84648138959196	-4.68170110236546	-3.56148084689543	-2.43937781604298
-1.83938276659827	-4.65941555441919	-3.55224907159746	-2.42509569591358
-1.83228414360459	-4.65097894589532	-3.53049864417008	-2.41131473426936
-1.8251855206109	-4.62638678907157	-3.52197394409816	-2.399150418986
-1.81808689761721	-4.61682104697647	-3.50368398957346	-2.40555813349568
-1.81098827462353	-4.59727248041423	-3.49426094024223	-2.37950257166834
-1.80388965162984	-4.5646272600273	-3.4700590041921	-2.37287238464604
-1.79679102863615	-4.56513469859261	-3.46346105774595	-2.36556935891886
-1.78969240564247	-4.54959595577893	-3.45107934785516	-2.35946503614235
-1.78259378264878	-4.53322554272867	-3.44264131300623	-2.33401472073697
-1.77549515965509	-4.51560408211695	-3.41658779435801	-2.33352179592213
-1.76839653666141	-4.49586840384283	-3.4059214163563	-2.32065878626467
-1.76129791366772	-4.46253377970975	-3.39062860144568	-2.30952323751528
-1.75419929067404	-4.4561349116212	-3.37545938696551	-2.3033561770428
-1.74710066768035	-4.44242888767143	-3.36200133575369	-2.2837640129936
-1.74000204468666	-4.43701281211541	-3.34440238522044	-2.26492617463393
-1.73290342169298	-4.40937182315756	-3.33324503253866	-2.25805988473089
-1.72580479869929	-4.39253594747633	-3.32302079727817	-2.24327092299655
-1.7187061757056	-4.37635199436214	-3.30666586603073	-2.23417948349286
-1.71160755271192	-4.36199549008617	-3.2901468499265	-2.22922556420741
-1.70450892971823	-4.34479150255163	-3.27716576596314	-2.2090019002071
-1.69741030672454	-4.32283788049503	-3.26379646651065	-2.20160784317125
-1.69031168373086	-4.30682261366433	-3.24966725727011	-2.18556743942658
-1.68321306073717	-4.29217770269615	-3.23036394260431	-2.18287837153914
-1.67611443774349	-4.27943229976497	-3.21898783206348	-2.15531096950247
-1.6690158147498	-4.26001850873744	-3.20407174520494	-2.15340455118585
-1.66191719175611	-4.23471459503648	-3.19807174600562	-2.1496259382561
-1.65481856876243	-4.21336179859498	-3.17706854903068	-2.13217566682373
-1.64771994576874	-4.20319128084003	-3.16317486408893	-2.12103076930291
-1.64062132277505	-4.1944247921483	-3.1483688376333	-2.11221743032565
-1.63352269978137	-4.17017279916769	-3.13467123512293	-2.09236595215257
-1.62642407678768	-4.15321846130675	-3.12219650969488	-2.09201109642363
-1.61932545379399	-4.13833507963077	-3.10976694501852	-2.07329542584884
-1.61222683080031	-4.13446426503994	-3.09403206947786	-2.0578710466312
-1.60512820780662	-4.10192937003555	-3.07419141454001	-2.0443889899339
-1.59802958481294	-4.0958734813632	-3.06157285248687	-2.03677264916211
-1.59093096181925	-4.07341904317764	-3.0489877394125	-2.02999459024758
-1.58383233882556	-4.05683654609678	-3.0364534392251	-2.02218763983784
-1.57673371583188	-4.02772451495084	-3.01979731853469	-1.99721787951859
-1.56963509283819	-4.01627317482454	-3.00669582829612	-2.0016593394104
-1.5625364698445	-4.00423310212971	-2.99694909235549	-1.97562534377179
-1.55543784685082	-3.9817309260532	-2.97221924621216	-1.97222404100652
-1.54833922385713	-3.95394593546212	-2.9622619571922	-1.95922429961103
-1.54124060086344	-3.95083322903396	-2.94387477828677	-1.94035620183145
-1.53414197786976	-3.93317142774134	-2.93469127938948	-1.93915983431914
-1.52704335487607	-3.90980110689316	-2.92075035471223	-1.92466150314815
-1.51994473188239	-3.9077974449866	-2.90377098945213	-1.9053981948952
-1.5128461088887	-3.88294086615792	-2.89319486333285	-1.89718496302064
-1.50574748589501	-3.8701025664671	-2.88097869722528	-1.88881621332282
-1.49864886290133	-3.83414826382789	-2.86128803555299	-1.87324819830304
-1.49155023990764	-3.83530384158609	-2.84954887670735	-1.8611691030301
-1.48445161691395	-3.82418144608138	-2.83573080649798	-1.855010368032
-1.47735299392027	-3.79845793275566	-2.82192955264519	-1.84600645570612
-1.47025437092658	-3.79241277400546	-2.80965194388307	-1.83291313210834
-1.46315574793289	-3.75550063427839	-2.79186480395898	-1.81263796476201
-1.45605712493921	-3.73909628161272	-2.7776385615176	-1.80802136810803
-1.44895850194552	-3.72882514234063	-2.76673032521416	-1.7945853472374
-1.44185987895184	-3.70595979756505	-2.75507898963935	-1.78761181147403
-1.43476125595815	-3.69638509231043	-2.73836334736467	-1.77132086962234
-1.42766263296446	-3.67793574324382	-2.72542428098518	-1.76699003029113
-1.42056400997078	-3.65814373414148	-2.70614555758929	-1.7665940695542
-1.41346538697709	-3.65053485047173	-2.69184468567793	-1.74345478165794
-1.4063667639834	-3.63001363847072	-2.67581684388515	-1.72377358754398
-1.39926814098972	-3.61433785474879	-2.66426773642901	-1.71574154724217
-1.39216951799603	-3.59707791140384	-2.6494544399922	-1.69966497995772
-1.38507089500234	-3.57843829329436	-2.63433904446401	-1.69245557275755
-1.37797227200866	-3.55840896731201	-2.62143427863248	-1.67746784973604
-1.37087364901497	-3.53928383004768	-2.60387262401765	-1.67120665382127
-1.36377502602129	-3.52582907391958	-2.59427475462341	-1.66512913318425
-1.3566764030276	-3.51546443767751	-2.57716594074501	-1.62865506987922
-1.34957778003391	-3.49648880362602	-2.56822315292873	-1.62541915786556
-1.34247915704023	-3.48267083071703	-2.54995662164699	-1.62551600618551
-1.33538053404654	-3.46458322920592	-2.5346365723797	-1.60588436609054
-1.32828191105285	-3.44698307604881	-2.5238305434574	-1.59342329564719
-1.32118328805917	-3.42760200161394	-2.50963226919751	-1.59024062873593
-1.31408466506548	-3.41278693229613	-2.49599762500445	-1.57170484830439
-1.30698604207179	-3.39507380791556	-2.4812681480839	-1.57002564918455
-1.29988741907811	-3.37275024015072	-2.46143839987739	-1.54633497759823
-1.29278879608442	-3.35108828175552	-2.45375167234695	-1.54485461649613
-1.28569017309074	-3.35808427255155	-2.43436575758921	-1.5296199499425
-1.27859155009705	-3.32735270238053	-2.42081430425147	-1.52160629525653
-1.27149292710336	-3.31504300098302	-2.40821557834702	-1.50179607541151
-1.26439430410968	-3.28815320729421	-2.3950809922053	-1.48953342215509
-1.25729568111599	-3.28067166506563	-2.37964347976442	-1.48099352429744
-1.2501970581223	-3.25335897638843	-2.36331179406787	-1.45699212203691
-1.24309843512862	-3.24201214549999	-2.35153780691712	-1.45802148021796
-1.23599981213493	-3.23292088964969	-2.3351548056619	-1.43549607161346
-1.22890118914124	-3.21529795385091	-2.32488656962407	-1.41755544837395
-1.22180256614756	-3.18605490363091	-2.3106958589861	-1.42248188118079
-1.21470394315387	-3.18154652648502	-2.28790831758988	-1.39888856074906
-1.20760532016019	-3.17215776010805	-2.28075116440519	-1.40493756387125
-1.2005066971665	-3.15657926313485	-2.2637950998544	-1.38642256671686
-1.19340807417281	-3.13160272106044	-2.25059675332935	-1.37144300627982
-1.18630945117913	-3.11266222364406	-2.2358056956396	-1.35368596999708
-1.17921082818544	-3.09957789723409	-2.22307978157981	-1.34115880283444
-1.17211220519175	-3.07433748368138	-2.20330532324106	-1.34372776539269
-1.16501358219807	-3.06520324510019	-2.19418786123069	-1.33189214024851
-1.15791495920438	-3.04134036447161	-2.18120296242056	-1.31379138585767
-1.15081633621069	-3.02559776742644	-2.16864298792034	-1.29654005838141
-1.14371771321701	-3.01321263084478	-2.15568595905759	-1.28559855446419
-1.13661909022332	-3.00450179620476	-2.13576165083304	-1.284303188248
-1.12952046722964	-2.97221093579174	-2.12166168968333	-1.25853636550197
-1.12242184423595	-2.96453037066908	-2.11062661978797	-1.25253549126976
-1.11532322124226	-2.94883308701093	-2.09209448413527	-1.23918450835923
-1.10822459824858	-2.91828950414173	-2.08195239468392	-1.22174602791936
-1.10112597525489	-2.91300957270658	-2.0656795407401	-1.21283696924944
-1.0940273522612	-2.89570945924201	-2.05776540226582	-1.20906661000622
-1.08692872926752	-2.87486189483732	-2.03950899477883	-1.20258774190422
-1.07983010627383	-2.86782732492201	-2.02318237054769	-1.18296207999813
-1.07273148328014	-2.85644933921142	-2.00583922058246	-1.16311884849354
-1.06563286028646	-2.83829852272495	-1.99783423289046	-1.15030346899251
-1.05853423729277	-2.82092163595119	-1.9787560413785	-1.13478119152759
-1.05143561429909	-2.79940664398351	-1.96352334725098	-1.13257804646221
-1.0443369913054	-2.78190153790114	-1.95005420986141	-1.11306643638673
-1.03723836831171	-2.76448825675895	-1.94032381625426	-1.1137528199797
-1.03013974531803	-2.74525065508388	-1.92251250464176	-1.09111056482884
-1.02304112232434	-2.73902195137536	-1.91128989963541	-1.08043937556381
-1.01594249933065	-2.71254330974541	-1.89354249006237	-1.06638611935821
-1.00884387633697	-2.69914499079057	-1.88073802781734	-1.05582116686617
-1.00174525334328	-2.68537331655317	-1.86588232533055	-1.04479685879621
-0.994646630349594	-2.65730056400737	-1.85214803372981	-1.03659393411085
-0.987548007355908	-2.65283603081226	-1.83537469746685	-1.02925678563996
-0.980449384362222	-2.63138747217416	-1.82225057323659	-1.01728601486943
-0.973350761368535	-2.6164213357211	-1.80779102611184	-0.994666050247732
-0.966252138374849	-2.60224722807791	-1.79596666343308	-0.983915747584823
-0.959153515381162	-2.58614228676708	-1.78326966235646	-0.970966691666426
-0.952054892387476	-2.56652516465769	-1.76306337904277	-0.966428212106064
-0.94495626939379	-2.5592157142564	-1.75394781448203	-0.944681850959946
-0.937857646400103	-2.53367620812323	-1.73794384307605	-0.94561773529509
-0.930759023406417	-2.53265893871853	-1.72537473071179	-0.921197039225509
-0.923660400412731	-2.51292548555778	-1.71220739368552	-0.908190572766866
-0.916561777419044	-2.48476812109384	-1.69734665842141	-0.900692439699996
-0.909463154425358	-2.4736964878581	-1.68239799514013	-0.891950131871044
-0.902364531431672	-2.46517719682285	-1.6687498458768	-0.859862767169303
-0.895265908437985	-2.43326856898135	-1.65382023303465	-0.86381142332523
-0.888167285444299	-2.43089331372159	-1.6393052576289	-0.845682245625983
-0.881068662450612	-2.41052749347974	-1.62886265299065	-0.835727675627693
-0.873970039456926	-2.3946867404573	-1.61119868566294	-0.819987429504925
-0.86687141646324	-2.37606563792639	-1.59634154718491	-0.807167874419533
-0.859772793469553	-2.36685026275576	-1.58170293075643	-0.799877485893278
-0.852674170475867	-2.3400909298493	-1.56647464186178	-0.783086432092519
-0.845575547482181	-2.3253136848911	-1.55580091082699	-0.776241683788397
-0.838476924488494	-2.29757609433418	-1.53808391948919	-0.767719301808769
-0.831378301494808	-2.30069557460775	-1.52396078469573	-0.744401837876115
-0.824279678501121	-2.27849317828234	-1.50728809242982	-0.729170079260479
-0.817181055507435	-2.26096128284378	-1.49555849725792	-0.727407111457608
-0.810082432513749	-2.25358006133606	-1.48420298230969	-0.708936332672276
-0.802983809520062	-2.2332212586374	-1.46447643060155	-0.704571050062626
-0.795885186526376	-2.22025135626798	-1.45358105621567	-0.687374751397583
-0.78878656353269	-2.19906816865548	-1.44111578229765	-0.668731386823564
-0.781687940539003	-2.18624862860524	-1.42272053771023	-0.663266668259987
-0.774589317545317	-2.17026611814539	-1.41108712905978	-0.64654061295909
-0.76749069455163	-2.15360432140265	-1.39596544479165	-0.640797497780921
-0.760392071557944	-2.14029142308819	-1.38039324475853	-0.623587424915714
-0.753293448564258	-2.1171227354267	-1.36859988141624	-0.604990645323464
-0.746194825570571	-2.10879874945244	-1.35573559546695	-0.598497178850536
-0.739096202576885	-2.08653055404845	-1.34072177800066	-0.586135054085227
-0.731997579583199	-2.06742661731049	-1.32903604245939	-0.570040878407343
-0.724898956589512	-2.06207551313588	-1.31133090254151	-0.559901042020348
-0.717800333595826	-2.04051005019597	-1.29705050495882	-0.549383828238236
-0.71070171060214	-2.0193374467078	-1.28357452285685	-0.529350217652573
-0.703603087608453	-2.01566710135654	-1.26724612170938	-0.516418860882499
-0.696504464614767	-1.99932252899643	-1.25255025472346	-0.514955752035401
-0.68940584162108	-1.98029244947594	-1.23992780089555	-0.509009074157941
-0.682307218627394	-1.96474354034669	-1.22569490834788	-0.475525083252825
-0.675208595633708	-1.94204609481826	-1.21395114033124	-0.469179535859369
-0.668109972640021	-1.92863714699212	-1.19500780792493	-0.467264412731908
-0.661011349646335	-1.92110441906127	-1.18328811874953	-0.438426874961107
-0.653912726652649	-1.90124569908429	-1.16933412028052	-0.433005827488416
-0.646814103658962	-1.88599174149327	-1.15620040035225	-0.427726901048244
-0.639715480665276	-1.86514483377254	-1.14222569249033	-0.408513913026961
-0.63261685767159	-1.84372734961342	-1.12730558087149	-0.400471279010924
-0.625518234677903	-1.83390179069753	-1.11056925577484	-0.390250139461422
-0.618419611684217	-1.82036172543563	-1.10028512285838	-0.38055005084566
-0.61132098869053	-1.8071159147495	-1.08455210471293	-0.359668996243554
-0.604222365696844	-1.78861104227694	-1.06902221892845	-0.348714083651094
-0.597123742703158	-1.77871603768805	-1.05016443904793	-0.332927527892811
-0.590025119709471	-1.75572250213276	-1.04403630780923	-0.311105103583266
-0.582926496715785	-1.74247037321087	-1.02564329491686	-0.306234479504435
-0.575827873722099	-1.72029222535691	-1.0123560914394	-0.28432452244527
-0.568729250728412	-1.70754759965896	-0.995717119985596	-0.281376008261522
-0.561630627734726	-1.6955376453638	-0.982224198688577	-0.267418354416414
-0.55453200474104	-1.68592805910014	-0.97066373939683	-0.257152029097457
-0.547433381747353	-1.66612955826007	-0.954567824698024	-0.243823030173148
-0.540334758753667	-1.64394493272183	-0.941268545339712	-0.228183784189263
-0.53323613575998	-1.62459877609876	-0.924877738958944	-0.223135094681393
-0.526137512766294	-1.60804999366386	-0.916192964302465	-0.210500210795767
-0.519038889772608	-1.60485386201936	-0.895332021165841	-0.192234221459598
-0.511940266778921	-1.59148674956397	-0.884841259299776	-0.179591553883673
-0.504841643785235	-1.57601422885583	-0.866882939831289	-0.165087731714476
-0.497743020791549	-1.56014911000059	-0.852050508474932	-0.148506397105861
-0.490644397797862	-1.53673638197995	-0.841380770841581	-0.13916135929323
-0.483545774804176	-1.53173316099498	-0.827946113805337	-0.12218322651722
-0.47644715181049	-1.50882166223417	-0.812982364613233	-0.112084085428637
-0.469348528816803	-1.49554284137955	-0.7984679190396	-0.104312564627649
-0.462249905823117	-1.47937986262211	-0.78287233031839	-0.0766512693736502
-0.45515128282943	-1.46684488041824	-0.770539483675127	-0.0691341383305935
-0.448052659835744	-1.45279865057778	-0.757969329658636	-0.0582650936394025
-0.440954036842058	-1.42253610384093	-0.738839898248409	-0.0485855602422509
-0.433855413848371	-1.41991424495036	-0.727023965349715	-0.0334046587615727
-0.426756790854685	-1.40334285390287	-0.710543912345046	-0.0142877112474496
-0.419658167860999	-1.38548724369403	-0.701086225268277	-0.00875167906008301
-0.412559544867312	-1.37248882455245	-0.68477458166437	0.00930609058496409
-0.405460921873626	-1.35554065939841	-0.663289124026876	0.0216661950040945
-0.39836229887994	-1.35181374483095	-0.655097859916151	0.0339911771634652
-0.391263675886253	-1.32226987029546	-0.643690227519399	0.0420650285037342
-0.384165052892567	-1.30519828698203	-0.623232716243082	0.0622240919571821
-0.37706642989888	-1.29849119580663	-0.609511720592629	0.0664536134155312
-0.369967806905194	-1.28155876977293	-0.598461579159689	0.0886945518276909
-0.362869183911508	-1.27065030594201	-0.583166892393309	0.100682647254794
-0.355770560917821	-1.25901089483123	-0.572140893233417	0.113886786780589
-0.348671937924135	-1.23756601533705	-0.555565276145759	0.131816206856574
-0.341573314930449	-1.21280990731076	-0.543079516787961	0.137970382439993
-0.334474691936762	-1.2157093898217	-0.529619381386112	0.152173241634542
-0.327376068943076	-1.17886742666514	-0.515672641668483	0.169644187106154
-0.32027744594939	-1.17070603997485	-0.496266983529297	0.167543707109879
-0.313178822955703	-1.16398355475855	-0.486302407622406	0.202476467157421
-0.306080199962017	-1.14008206025941	-0.473365762559514	0.206167895323791
-0.29898157696833	-1.12077958170105	-0.454294574193895	0.22429120112976
-0.291882953974644	-1.11721235025537	-0.444977631688104	0.230181373398162
-0.284784330980958	-1.09847472452724	-0.427794287337483	0.252724198607775
-0.277685707987271	-1.08934640018862	-0.415145768346189	0.260431104017673
-0.270587084993585	-1.06813461923643	-0.397215212563691	0.281120187560842
-0.263488461999899	-1.0457874609989	-0.384511547146443	0.288864367555268
-0.256389839006212	-1.03705635736035	-0.369962713191642	0.299683621718691
-0.249291216012526	-1.02793417144015	-0.356148593979461	0.311706287437691
-0.24219259301884	-1.00530354950106	-0.34184143154515	0.331914755556102
-0.235093970025153	-0.991516083491627	-0.327540300537748	0.348728315292144
-0.227995347031467	-0.967235882878175	-0.314044802103832	0.371368728406405
-0.22089672403778	-0.968600849370948	-0.298731686833334	0.377564275375858
-0.213798101044094	-0.952787352374271	-0.288017644379466	0.382200809913617
-0.206699478050408	-0.935343607952845	-0.267889692152913	0.398734160438591
-0.199600855056721	-0.921178693863166	-0.253981040594808	0.411328224896406
-0.192502232063035	-0.911284901288296	-0.244572011111383	0.426862382417436
-0.185403609069349	-0.892355154664165	-0.227413408215711	0.445241785991669
-0.178304986075662	-0.874525843603913	-0.21511681750406	0.451372758277086
-0.171206363081976	-0.867672684851325	-0.203588737692079	0.471392840496975
-0.16410774008829	-0.844320892344132	-0.183419388916874	0.480633928282797
-0.157009117094603	-0.836909908113284	-0.174146488132911	0.498823784879331
-0.149910494100917	-0.824887877182556	-0.156801500601805	0.519775023805585
-0.14281187110723	-0.811119424085275	-0.139963703700853	0.529290705355699
-0.135713248113544	-0.786776662360043	-0.129459941855963	0.534826084656835
-0.128614625119858	-0.777480096965819	-0.114104572655091	0.548196609811116
-0.121516002126171	-0.76119790825478	-0.10084840047201	0.563656073624166
-0.114417379132485	-0.760591191894743	-0.0881278532483734	0.583568201801296
-0.107318756138799	-0.733155970661286	-0.0719630801234707	0.596279257745223
-0.100220133145112	-0.718101328720888	-0.0583424855967683	0.612402404683488
-0.093121510151426	-0.712773451487556	-0.0445332979084258	0.628949142012826
-0.0860228871577395	-0.701545207805679	-0.0241047180805991	0.640956193755886
-0.0789242641640531	-0.676320660411118	-0.0140393497373705	0.651938111591754
-0.0718256411703668	-0.663137844946314	-0.00182832516768786	0.672405079475898
-0.0647270181766804	-0.648897833059847	0.0127497165067643	0.678709033471345
-0.0576283951829941	-0.632093565298439	0.0282556032177415	0.689790970321195
-0.0505297721893077	-0.622674096476546	0.0422671300826975	0.708041380494711
-0.0434311491956214	-0.597145357292509	0.052590069925805	0.728318701855259
-0.0363325262019349	-0.586349396251729	0.0708195615051492	0.741817258654801
-0.0292339032082487	-0.577317474630532	0.0866085048355307	0.751605305365073
-0.0221352802145622	-0.556768955414252	0.0987592593436597	0.757288352065729
-0.015036657220876	-0.548656319422735	0.113092313650213	0.785639768442684
-0.00793803422718953	-0.536879109935319	0.129760339630381	0.789482811091876
-0.000839411233503062	-0.508976264405199	0.143451812553566	0.813134394580015
0.00625921176018318	-0.505648244306131	0.157523761003301	0.810616672108746
0.0133578347538696	-0.489215844794803	0.171833484609664	0.846077121234451
0.0204564577475559	-0.480482544116206	0.185202948842174	0.842473042002047
0.0275550807412424	-0.460264572560281	0.199176314708561	0.86625683068333
0.0346537037349286	-0.439047749144818	0.215381728520997	0.874839679893348
0.0417523267286151	-0.429825828002296	0.223899367413725	0.892987215448611
0.0488509497223013	-0.41688507269193	0.242322897846632	0.910498691048473
0.0559495727159878	-0.41499979569825	0.254269092040213	0.917593201291704
0.063048195709674	-0.395580092456912	0.268617774552162	0.943019966254814
0.0701468187033605	-0.370397147292192	0.285907477813368	0.9421256060052
0.0772454416970469	-0.36212636991426	0.298385424662171	0.953678539028658
0.0843440646907332	-0.344479942326069	0.314193582497179	0.981688224758991
0.0914426876844197	-0.332911876670985	0.329548323315369	0.990740988039468
0.0985413106781059	-0.314908666338742	0.344104153877966	1.01012975377822
0.105639933671792	-0.299819317444559	0.353446803193799	1.0285408843953
0.112738556665479	-0.291389441354056	0.369990387353178	1.0355125270352
0.119837179659165	-0.277138642647088	0.387177421455097	1.04806955077937
0.126935802652851	-0.265715537950629	0.396708763078139	1.06602899330582
0.134034425646538	-0.249401927704573	0.409456614576109	1.07650544541614
0.141133048640224	-0.23211586049925	0.429590261481808	1.08540624194271
0.148231671633911	-0.229395445975019	0.44116116655236	1.11345764077901
0.155330294627597	-0.208343486399702	0.452663080647903	1.12526275755651
0.162428917621283	-0.19590386168359	0.4689193253106	1.14805947223277
0.16952754061497	-0.171915245463019	0.485330917970197	1.15326862379151
0.176626163608656	-0.168953048647487	0.496369428132616	1.17172057391953
0.183724786602342	-0.15841254589735	0.512066187038755	1.18328792621151
0.190823409596029	-0.144913486731596	0.526225090482176	1.19550852548495
0.197922032589715	-0.126005969343622	0.542544284189049	1.21464420085514
0.205020655583402	-0.110818970748832	0.552010151760477	1.23034058027954
0.212119278577088	-0.0997070772203412	0.571908161817576	1.23485843122597
0.219217901570774	-0.0898926634572147	0.585097429280031	1.25708362495807
0.22631652456446	-0.073399099501489	0.595669346662549	1.26528568957648
0.233415147558147	-0.062612963472927	0.609850816965037	1.28181326530641
0.240513770551833	-0.045552738386554	0.621805165172982	1.30440629835344
0.247612393545519	-0.031809859879447	0.637425706083194	1.31996742681755
0.254711016539206	-0.0133847907848023	0.656077945415411	1.32781977969792
0.261809639532892	-0.00759549830407683	0.668594311691156	1.33929026568682
0.268908262526579	0.00877723788738449	0.686399772021066	1.35819358614461
0.276006885520265	0.0170328951496651	0.696271632279509	1.37346653087335
0.283105508513951	0.0318547526463281	0.715463794430244	1.40731080176651
0.290204131507638	0.0455063477740967	0.729395598618735	1.41107246004439
0.297302754501324	0.0545915761135672	0.742431294288021	1.4240567595733
0.304401377495011	0.0777831070136405	0.753473781946733	1.45174243379607
0.311500000488697	0.0808045575758421	0.769723747201694	1.4551924915063
0.318598623482383	0.100495102777938	0.783974176751049	1.46517832223929
0.32569724647607	0.118069086289115	0.79733086115916	1.48580328333723
0.332795869469756	0.125994501314962	0.811857900628247	1.49064749045369
0.339894492463442	0.137605587362492	0.827953860341789	1.51630479278274
0.346993115457129	0.157985337882007	0.841087848968029	1.5347353901854
0.354091738450815	0.16764225537047	0.854713869558339	1.54346403746141
0.361190361444502	0.176180986588924	0.871209827020444	1.55314741231475
0.368288984438188	0.187423582031861	0.880701191875115	1.57993670641403
0.375387607431874	0.196105348218773	0.901746161928459	1.59402776050694
0.382486230425561	0.226506602544944	0.914055949477247	1.59570042032061
0.389584853419247	0.234614628512574	0.928533898345787	1.62069269512948
0.396683476412933	0.243081194747254	0.943088639752309	1.63413122709607
0.403782099406619	0.259700017124275	0.954142366563443	1.6475553856654
0.410880722400306	0.277157669311001	0.965349444957209	1.66176498809811
0.417979345393992	0.293879674467372	0.987021126141247	1.6796851204917
0.425077968387679	0.312339169853409	0.993224546563094	1.69274231095196
0.432176591381365	0.311105662011475	1.00848877018516	1.71109502290317
0.439275214375051	0.329654570830437	1.02988153987104	1.73190718405612
0.446373837368738	0.332762997888371	1.04084622729097	1.7355406378599
0.453472460362424	0.342532790281026	1.05321452763303	1.75791397075978
0.460571083356111	0.363641549339514	1.07196565650515	1.77992020872874
0.467669706349797	0.380144894906722	1.08753901801109	1.78613827664559
0.474768329343483	0.391033567344228	1.09803257504201	1.79317925411268
0.48186695233717	0.407001684591869	1.11435244208962	1.80846231602222
0.488965575330856	0.420775621946	1.13161424947314	1.84683337796309
0.496064198324542	0.4383198221105	1.13965104300126	1.84461787913409
0.503162821318229	0.440146243748764	1.15407642576913	1.86850523401788
0.510261444311915	0.455593962568169	1.16696821492636	1.88008937019936
0.517360067305602	0.465546451215036	1.18518813132106	1.88437626739392
0.524458690299288	0.484608764326555	1.19843467057842	1.90922113635948
0.531557313292974	0.492566619142517	1.21258032869264	1.92213247343755
0.538655936286661	0.512829852058475	1.22665573165605	1.94717399445416
0.545754559280347	0.529453563761955	1.23864383184744	1.95757496345162
0.552853182274033	0.526939429524484	1.25461265016093	1.96899737572101
0.559951805267719	0.553557714961157	1.27034420241965	1.9772480755207
0.567050428261406	0.559698466915345	1.2861175780769	2.00754828050485
0.574149051255092	0.575147281829945	1.2998316261309	2.02617061043363
0.581247674248779	0.580551366903516	1.31287929561392	2.03656151752265
0.588346297242465	0.594196662811815	1.32541484738066	2.0530447913401
0.595444920236151	0.60561655549152	1.33921744866952	2.07117412107389
0.602543543229838	0.629298021271613	1.35447594288353	2.08178166433367
0.609642166223524	0.639733459538655	1.36656897220907	2.09508044859624
0.616740789217211	0.644288939892542	1.38573259716657	2.10453145830137
0.623839412210897	0.67347339262458	1.39711182975273	2.1243608093512
0.630938035204583	0.671240909164189	1.41000784523417	2.15560623511291
0.63803665819827	0.683091297090656	1.42651492518948	2.15982010245539
0.645135281191956	0.697587753572289	1.43789709570347	2.17050711942032
0.652233904185642	0.717823600241747	1.45889714275981	2.19745808297782
0.659332527179329	0.731534249827055	1.47077559847185	2.21116577181075
0.666431150173015	0.739641134700376	1.48353674449235	2.23028657630356
0.673529773166702	0.752252815092268	1.49489332274835	2.23371868734364
0.680628396160388	0.775948026324009	1.5119954826778	2.2540209487059
0.687727019154074	0.773328018756524	1.52307791990776	2.26916085090097
0.694825642147761	0.795757706026822	1.54062607679896	2.2833789186431
0.701924265141447	0.797604249178431	1.55591774027556	2.30864648718398
0.709022888135133	0.819225200511249	1.5675371543882	2.31534975613013
0.716121511128819	0.823722858976667	1.58317930290257	2.34567697717872
0.723220134122506	0.844157874003188	1.59501117281506	2.34601081288711
0.730318757116192	0.860638398994957	1.60957661744863	2.3772168830395
0.737417380109879	0.871147773721822	1.6245661801924	2.3753839487729
0.744516003103565	0.886442316370918	1.63965015071033	2.39791239665825
0.751614626097251	0.882756841950745	1.65361158116744	2.41404795226558
0.758713249090938	0.896117613225468	1.66993790048755	2.43299148860096
0.765811872084624	0.916537640340204	1.68343202058039	2.43264377253136
0.772910495078311	0.9193876336647	1.69853518635698	2.45214829351652
0.780009118071997	0.941335363262776	1.71549415388718	2.47597972317293
0.787107741065683	0.951438740648854	1.71866592202653	2.49432197502361
0.79420636405937	0.964762228315495	1.73545509238422	2.5141959881189
0.801304987053056	0.976179578921628	1.7508467812145	2.52894569178708
0.808403610046742	0.990433893184928	1.7654179269666	2.54631335518534
0.815502233040429	1.00567086098011	1.78425765983937	2.55794361845763
0.822600856034115	1.02032272181365	1.79374642552816	2.5758971196062
0.829699479027802	1.02830676365922	1.81263695949825	2.60039027427224
0.836798102021488	1.04324587566029	1.82214928669924	2.61409300560374
0.843896725015174	1.05043530969684	1.83787177728286	2.62332970743231
0.850995348008861	1.06415490795072	1.8529469480024	2.64559328915958
0.858093971002547	1.06802360708532	1.86339649106736	2.64846343727282
0.865192593996233	1.09818203476883	1.88338697456033	2.66307492067661
0.87229121698992	1.10297288264708	1.89562598624956	2.68408763650785
0.879389839983606	1.11297286517849	1.91458460945567	2.7020777020803
0.886488462977292	1.12934814045124	1.92662193996204	2.71210276628836
0.893587085970979	1.12870556862759	1.94198844765631	2.74662449095341
0.900685708964665	1.15009692587405	1.95630373001813	2.75433158198987
0.907784331958351	1.15951997301955	1.968372321901	2.75718960973986
0.914882954952038	1.16218537327186	1.98270661088842	2.79328699933906
0.921981577945724	1.20560482373789	2.0003238360247	2.79584774368515
0.929080200939411	1.21069954805529	2.01061379225863	2.8233133544201
0.936178823933097	1.21992650963289	2.02168396276791	2.82624353054211
0.943277446926783	1.22008385299484	2.0396402616209	2.85107392213373
0.95037606992047	1.22773058372016	2.05422523972654	2.87268310404595
0.957474692914156	1.24994300987351	2.0679764043595	2.88683076619035
0.964573315907842	1.25934512596511	2.0788945329573	2.8942492225648
0.971671938901529	1.26816528934095	2.09587631881406	2.91932188618448
0.978770561895215	1.27855444784691	2.10988603508566	2.92954400530226
0.985869184888902	1.29866811626501	2.12560549838724	2.93718136935336
0.992967807882588	1.31405522578315	2.13676909658827	2.97395538891517
1.00006643087627	1.32106286279406	2.14914618228271	2.97269672000554
1.00716505386996	1.33230287423107	2.16653664112121	2.9950712272468
1.01426367686365	1.3378492421199	2.18318402849491	3.0153171432044
1.02136229985733	1.37479447245968	2.1937887983912	3.01901846850069
1.02846092285102	1.3795013752547	2.21471099776628	3.05152935686939
1.03555954584471	1.36742894594947	2.22651406121121	3.06653561748866
1.04265816883839	1.39219578196077	2.23823234867905	3.08636988308032
1.04975679183208	1.41085284709287	2.25452686868873	3.08688229273
1.05685541482577	1.42042408736483	2.26810237669411	3.10521263468399
1.06395403781945	1.43427282169431	2.28000695727495	3.1192512690588
1.07105266081314	1.45115420794633	2.29713609857808	3.15042236881626
1.07815128380682	1.46054186707236	2.31174395504842	3.14428054929654
1.08524990680051	1.46439567128561	2.32412338763883	3.17394914002406
1.0923485297942	1.47600786151394	2.34132959960941	3.19310217710364
1.09944715278788	1.47830531642655	2.35745186241123	3.20158206830896
1.10654577578157	1.49369600704793	2.36890805707564	3.21099786218547
1.11364439877526	1.51313775832797	2.38387016834661	3.24725010229637
1.12074302176894	1.52131526856842	2.39881056836041	3.26875959314297
1.12784164476263	1.53130352992095	2.4146687887961	3.26733983983862
1.13494026775632	1.55015196111633	2.42810059542528	3.2876581217334
1.14203889075	1.57378288719619	2.43934787404518	3.30052355792608
1.14913751374369	1.57685722853597	2.45351769704362	3.31183271510772
1.15623613673737	1.58541877110254	2.46518248018386	3.34380282720073
1.16333475973106	1.59580597575184	2.48020619438732	3.36229224563208
1.17043338272475	1.60017517384583	2.49298657567614	3.38239981216899
1.17753200571843	1.61334560689025	2.50718169388822	3.39388693235517
1.18463062871212	1.64108240097823	2.524027216615	3.40268101007523
1.19172925170581	1.64146801637688	2.53776490523924	3.42066962712585
1.19882787469949	1.66941004081717	2.55674737941067	3.43630174443031
1.20592649769318	1.66108849515435	2.56777500073531	3.45422325110438
1.21302512068687	1.67273564798128	2.58291969504341	3.47126828064743
1.22012374368055	1.68503260832937	2.59544251890256	3.48126740134985
1.22722236667424	1.69716778311126	2.60797507673952	3.51003526810866
1.23432098966792	1.70079144751695	2.62608478191463	3.52549102077489
1.24141961266161	1.72031795537695	2.63918839881155	3.53658876184097
1.2485182356553	1.74206541650365	2.65422069519799	3.555418369073
1.25561685864898	1.73927147687127	2.66803998700065	3.57827988162814
1.26271548164267	1.76616568560518	2.67869778820368	3.5920689466141
1.26981410463636	1.77609388882585	2.69645686706076	3.61825878886447
1.27691272763004	1.78110652900634	2.71014592491555	3.61471309593591
1.28401135062373	1.8048824731261	2.72821336793871	3.64717749101696
1.29110997361742	1.80509752372922	2.73689274512147	3.65588399962032
1.2982085966111	1.80126740853025	2.74979060824505	3.6738571068701
1.30530721960479	1.83455916438599	2.76529607756913	3.67671390793766
1.31240584259847	1.84328396642794	2.7797676481977	3.70911600415587
1.31950446559216	1.8458263169296	2.79713134488873	3.72931918162718
1.32660308858585	1.8652817278801	2.80697409737012	3.74234316606234
1.33370171157953	1.8760714248928	2.8221671734038	3.76874487552868
1.34080033457322	1.8758216209316	2.84278633489967	3.76668562461119
1.34789895756691	1.90099247659278	2.85272555199089	3.80377307275069
1.35499758056059	1.91945146467456	2.86515771542008	3.80581552405026
1.36209620355428	1.9254419025919	2.88055222145438	3.83984144914218
1.36919482654797	1.94042782224437	2.89211883566064	3.84051029378317
1.37629344954165	1.94437948151572	2.90671394890041	3.8588016787614
1.38339207253534	1.96652644961037	2.92527413522424	3.87442168059347
1.39049069552902	1.9721776760294	2.93613688444718	3.88191529511461
1.39758931852271	1.98229799337983	2.95299286112957	3.90324348524647
1.4046879415164	2.00211980599954	2.96496792079732	3.92884300229229
1.41178656451008	1.99306051463303	2.98481392655652	3.93009364462875
1.41888518750377	2.0271437589828	2.99457549025662	3.95400063617837
1.42598381049746	2.02739689842756	3.0104778536499	3.97807942526025
1.43308243349114	2.04326326300734	3.02216424436303	3.99144289814496
1.44018105648483	2.05509691668443	3.04000662790087	4.01245691167513
1.44727967947852	2.06153982232732	3.05007621831786	4.02782754699462
1.4543783024722	2.09583291464846	3.06189502508816	4.04325503948781
1.46147692546589	2.08977334829907	3.08149157325429	4.06019305989614
1.46857554845957	2.11350028316711	3.09635711878618	4.0708244091802
1.47567417145326	2.11380017221713	3.11045599415986	4.08738671784542
1.48277279444695	2.1264762009378	3.12344493960998	4.10339339494038
1.48987141744063	2.12017694726746	3.14028300686483	4.12388507179683
1.49697004043432	2.14949109910178	3.15395422761322	4.14315053851252
1.50406866342801	2.16037946187611	3.16950287038666	4.15984389369427
1.51116728642169	2.17602813768406	3.17689637360544	4.16261625272285
1.51826590941538	2.1759186379286	3.19690935487403	4.20294219898688
1.52536453240907	2.19080171397708	3.20701327855718	4.21168044852732
1.53246315540275	2.20359741350078	3.21974491035554	4.23699039024373
1.53956177839644	2.21237783649589	3.23763462924097	4.23361804490517
1.54666040139012	2.22581118458413	3.24874471125111	4.25732381878114
1.55375902438381	2.24147545927051	3.26790369929897	4.28141360404723
1.5608576473775	2.25019867691641	3.28291153111794	4.29345145345278
1.56795627037118	2.25673100145355	3.29916092028344	4.30844547704909
1.57505489336487	2.27843086277363	3.31293736048467	4.3356453075195
1.58215351635856	2.28288163501789	3.32499119490695	4.33791812701302
1.58925213935224	2.28883632600098	3.33390575166389	4.36221501147375
1.59635076234593	2.31579206942185	3.34959926700555	4.38658948475086
1.60344938533962	2.31355263874384	3.37001588730815	4.40658047952237
1.6105480083333	2.32593179571682	3.3756850499321	4.41039193949496
1.61764663132699	2.33948621880715	3.3933429336007	4.42936019672145
1.62474525432067	2.34053499982447	3.41335599361914	4.44871672900649
1.63184387731436	2.36411203963433	3.42351013525553	4.46436238737259
1.63894250030805	2.38558852270476	3.43720127794093	4.49443899905713
1.64604112330173	2.3895236110859	3.45502213703313	4.50278744619503
1.65313974629542	2.40556234254939	3.46587677706169	4.5158100479692
1.66023836928911	2.42290571556676	3.48110934835128	4.53227035866725
1.66733699228279	2.4275418361762	3.49471858106486	4.55266291179211
1.67443561527648	2.42960760574037	3.51055647021659	4.55770423207689
1.68153423827017	2.44126103902489	3.52394738241168	4.58317523833179
1.68863286126385	2.4678065399177	3.5356281837646	4.60398199560448
1.69573148425754	2.47789466261584	3.54775772472036	4.61955881236582
1.70283010725122	2.48451613716527	3.56949618742527	4.63158978002208
1.70992873024491	2.48929317661372	3.58095163913424	4.65191130431369
1.7170273532386	2.50114435458217	3.59247153009979	4.67256297682764
1.72412597623228	2.51641112951845	3.60961170202937	4.68490352172603
1.73122459922597	2.5333755768623	3.62047868897858	4.71089618895536
1.73832322221966	2.53764127476808	3.6342385271625	4.71720564800642
1.74542184521334	2.55061383217175	3.64585949766809	4.73346209503363
1.75252046820703	2.5676828467621	3.66207528743591	4.75458409038437
1.75961909120072	2.56420931740747	3.6832534007748	4.76687905182816
1.7667177141944	2.58821951753486	3.69411517941835	4.79329639732065
1.77381633718809	2.58845826460147	3.71039195199864	4.81164045308055
1.78091496018177	2.60051100185718	3.72390379666869	4.82831109313443
1.78801358317546	2.6185812327873	3.734949376426	4.84589675582836
1.79511220616915	2.62763076413894	3.74855881652546	4.85047021159379
1.80221082916283	2.63834852076853	3.76394703399056	4.8701075009865
1.80930945215652	2.6419781451549	3.78470337044629	4.89691449547075
1.81640807515021	2.66137521404277	3.79278465574902	4.91201109862469
1.82350669814389	2.66585286279933	3.80700833212335	4.92001239005558
1.83060532113758	2.67162009322938	3.8196344874782	4.94800279633052
1.83770394413127	2.6910316016692	3.83334085260285	4.95445950280024
1.84480256712495	2.70336215042355	3.8461864925262	4.97743542617701
1.85190119011864	2.71954270323725	3.86383478181457	4.99658003448472
1.85899981311232	2.7236884098011	3.87390218178821	5.01076911887757
1.86609843610601	2.73123848392186	3.88933395503276	5.03507177322339
1.8731970590997	2.76481044359926	3.90876765667071	5.04334327390109
1.88029568209338	2.7656470504472	3.92244387231163	5.05658889758025
1.88739430508707	2.76741962838293	3.94261247023659	5.08006161889014
1.89449292808076	2.79266115278159	3.94830596941224	5.09533434366189
1.90159155107444	2.79132711161652	3.95582659695813	5.11024167098221
1.90869017406813	2.81232001583027	3.98231687266849	5.12550519528693
1.91578879706182	2.81808574665887	3.99315989837599	5.13793168400637
1.9228874200555	2.83729553932917	4.00399767008377	5.17545090527944
1.92998604304919	2.83781392320449	4.0205497409624	5.1747114915899
1.93708466604287	2.86775414355056	4.03726575891842	5.21228402403849
1.94418328903656	2.87501475789287	4.04771015222224	5.21093584931767
1.95128191203025	2.89227170945184	4.06374665413693	5.23740168107743
1.95838053502393	2.8975259063936	4.07698931880855	5.24693551231318
1.96547915801762	2.89755594058999	4.09494003463168	5.24489628325446
1.97257778101131	2.90582981196589	4.10319974691286	5.2891466370179
1.97967640400499	2.92572634311171	4.12343374012489	5.30207091494525
1.98677502699868	2.93560709510601	4.13624930972735	5.31325301452627
1.99387364999237	2.94528630929616	4.15366956806458	5.34265747728873
2.00097227298605	2.96231214990455	4.16266546377383	5.35523021787953
2.00807089597974	2.95790031436586	4.17722559415722	5.38180449286404
2.01516951897342	2.98944341700037	4.19201330794381	5.3824316074634
2.02226814196711	2.98687993133658	4.20527703342675	5.39471138527908
2.0293667649608	2.99863935390005	4.21875768200941	5.43357167213589
2.03646538795448	3.02339893887974	4.2352600596029	5.44335677568824
2.04356401094817	3.0183564238461	4.24987475621229	5.45518415299227
2.05066263394186	3.02361303594874	4.26049704678949	5.46423651670991
2.05776125693554	3.04705825335832	4.2754355158216	5.48847327343452
2.06485987992923	3.05396487011601	4.2915651587174	5.50274511329016
2.07195850292292	3.06106248761283	4.30503578145381	5.52165490779965
2.0790571259166	3.08726441646713	4.31836400724193	5.53607509073912
2.08615574891029	3.09119874893119	4.33623655713496	5.56586270958458
2.09325437190397	3.10338297015193	4.35248060786877	5.57907840124691
2.10035299489766	3.11694161267797	4.36311093847942	5.58435826171914
2.10745161789135	3.12918517743639	4.38104547312047	5.61292238385487
2.11455024088503	3.13648734964252	4.39337377448872	5.62267170952045
2.12164886387872	3.14756961650917	4.40218040822148	5.63394893390584
2.12874748687241	3.16080190372532	4.41790020367935	5.66594866393213
2.13584610986609	3.17200558795449	4.43368263854382	5.67200256739397
2.14294473285978	3.1778708694764	4.44788586841564	5.69308272595081
2.15004335585347	3.18830184224896	4.46344733782334	5.71280078569211
2.15714197884715	3.19306748211277	4.47611145098807	5.72883563356628
2.16424060184084	3.21172700892431	4.4917781683795	5.74571178109662
2.17133922483452	3.22954262636992	4.50836598585472	5.76951309470119
2.17843784782821	3.24029196167643	4.5221504147833	5.77931158492481
2.1855364708219	3.25346444515077	4.53111352111213	5.79748320558546
2.19263509381558	3.26944167138683	4.55226259119261	5.81119054457793
2.19973371680927	3.26529463357792	4.56193096266269	5.83256283870555
2.20683233980296	3.2798432387417	4.57768785069396	5.85621457397132
2.21393096279664	3.29881254279546	4.59119209313305	5.88842872507239
2.22102958579033	3.32191124380314	4.60242274816871	5.88053271488074
2.22812820878402	3.312008972794	4.62197161453778	5.89581522797436
2.2352268317777	3.32697393999952	4.63467612251915	5.91524720659012
2.24232545477139	3.33320762642339	4.6512603857065	5.92848881577129
2.24942407776507	3.34908131045788	4.6622946896069	5.96223010059037
2.25652270075876	3.34809514061029	4.68082294060123	5.96884286939804
2.26362132375245	3.37230200214838	4.68761205562838	5.99312438941735
2.27071994674613	3.38902110452148	4.70702288768567	6.01296415377408
2.27781856973982	3.39376266878633	4.71958181295543	6.02492467341937
2.28491719273351	3.41079665926117	4.73153762757453	6.05174383952332
2.29201581572719	3.41435820581283	4.74845536292385	6.05498229221793
2.29911443872088	3.42895723817746	4.7629911845191	6.08333609693103
2.30621306171457	3.44033007751977	4.76708053219775	6.09883692750737
2.31331168470825	3.44859990773996	4.78962078831745	6.11415314265532
2.32041030770194	3.46183196205029	4.80535786773583	6.13603893031076
2.32750893069562	3.46639625329065	4.82269743746495	6.15290328001371
2.33460755368931	3.47766789910733	4.83502186364732	6.14611613534708
2.341706176683	3.50792863034123	4.8472009038918	6.16748407642742
2.34880479967668	3.50321474343376	4.86054650438412	6.20168571943879
2.35590342267037	3.53390158281755	4.87598622785589	6.21980965755692
2.36300204566406	3.5232508207983	4.88475142482085	6.2409420346553
2.37010066865774	3.54555336995297	4.89871177275274	6.24433523719356
2.37719929165143	3.55451358115249	4.91640542741476	6.27348461311255
2.38429791464512	3.56860351328515	4.92835087186123	6.27481759402168
2.3913965376388	3.58199596375531	4.94875083555958	6.29837694727115
2.39849516063249	3.5826219668684	4.9616688937749	6.31232152707264
2.40559378362617	3.59286673498467	4.97518518522881	6.34003017238301
2.41269240661986	3.61188919178033	4.98553351355589	6.35778873710594
2.41979102961355	3.62262989379007	5.00852620445036	6.37187499071793
2.42688965260723	3.62360111911299	5.01944424737366	6.39792744764806
2.43398827560092	3.6548975871737	5.03410831657834	6.40866482201809
2.44108689859461	3.64776135880489	5.04571074747595	6.40378302927353
2.44818552158829	3.6565068024635	5.05983212432177	6.43584583150708
2.45528414458198	3.66598772384795	5.07661928940441	6.45894521953082
2.46238276757567	3.67916708443859	5.09138987971267	6.47356741039447
2.46948139056935	3.69875645101316	5.10348399686344	6.49794002924787
2.47658001356304	3.71624524978336	5.11729507094396	6.52000653738134
2.48367863655672	3.71888525729328	5.13585165108155	6.51623828140543
2.49077725955041	3.73154618029078	5.14681711806867	6.53536946126272
2.4978758825441	3.74397787673	5.15745001964154	6.56869268943502
2.50497450553778	3.75075614040873	5.17192868195563	6.56896518688848
2.51207312853147	3.7562633410066	5.19294558764417	6.59895309956802
2.51917175152516	3.76801663669395	5.20703929699392	6.62164722981195
2.52627037451884	3.79074937817608	5.22492425928923	6.63893164713802
2.53336899751253	3.79375917614296	5.23548370856011	6.65842057309296
2.54046762050622	3.8038054259487	5.2440079495557	6.67912365494489
2.5475662434999	3.81565237058795	5.25898993724035	6.67518368911703
2.55466486649359	3.82716418190041	5.27236624048489	6.6954068653128
2.56176348948727	3.82832436532366	5.28597394394809	6.71583803361356
2.56886211248096	3.86117700631914	5.30806875661204	6.74726147324435
2.57596073547465	3.87324272806187	5.31725601228696	6.73546950999422
2.58305935846833	3.87348622526841	5.33194265306378	6.7657021809894
2.59015798146202	3.87619722430184	5.3489032116441	6.7885088096818
2.59725660445571	3.89766047568455	5.35697961219103	6.80966673033631
2.60435522744939	3.89607228754024	5.37718805716994	6.8322327020283
2.61145385044308	3.92774166928989	5.38800758768749	6.84959263406847
2.61855247343677	3.92498326758508	5.40285010920575	6.86019953860185
2.62565109643045	3.93439082045656	5.41973292926279	6.8777715137174
2.63274971942414	3.94444010933177	5.42971428518953	6.89497047690229
2.63984834241782	3.94845374816246	5.4472005141181	6.91179423883941
2.64694696541151	3.98456514968832	5.45812380591638	6.9128473063418
2.6540455884052	3.97368847940489	5.47725657433728	6.9397202427607
2.66114421139888	3.99181639995392	5.49174779749138	6.96737560450817
2.66824283439257	3.99524944636129	5.50289602350663	6.9783573835148
2.67534145738626	4.01604285675372	5.52143569507315	6.99462791214556
2.68244008037994	4.02637688498799	5.52476264618908	7.0291411776488
2.68953870337363	4.03574055510846	5.5439136349908	7.04620772350842
2.69663732636732	4.05075762017452	5.55956884401631	7.05657311605023
2.703735949361	4.06748080913133	5.57200267171264	7.06458562468277
2.71083457235469	4.06753802765997	5.58491715650484	7.07175610195243
2.71793319534837	4.09832669965651	5.60173050765252	7.10615181647329
2.72503181834206	4.09527313198412	5.61200395710731	7.11061747796732
2.73213044133575	4.12157341634788	5.63266463102644	7.15370788617139
2.73922906432943	4.13551360523189	5.64511664655073	7.15134975016766
2.74632768732312	4.13695989927294	5.65760796885873	7.17011575661564
2.75342631031681	4.13107085640058	5.67297547283104	7.17145937084007
2.76052493331049	4.1636014744005	5.6934258975547	7.21488594167736
2.76762355630418	4.15362535965526	5.69912278984649	7.22817407419771
2.77472217929787	4.16869449975667	5.71812916398826	7.23276150214594
2.78182080229155	4.16729691015233	5.72803565517685	7.26495000644824
2.78891942528524	4.19307265977057	5.74319981656297	7.26195535478174
2.79601804827892	4.20117977973597	5.75770368416375	7.29864304498387
2.80311667127261	4.23078680300029	5.77779516761561	7.30717486812026
2.8102152942663	4.22807715072593	5.78343019566057	7.32594075036279
2.81731391725998	4.24184226425601	5.80123185916598	7.32374089289301
2.82441254025367	4.24988469632183	5.81423285623166	7.38418536510364
2.83151116324736	4.25715882898324	5.82658654218674	7.39415078464498
2.83860978624104	4.28060578307373	5.84407409224742	7.40222329483122
2.84570840923473	4.27319277208376	5.8610502063217	7.41257110563723
2.85280703222842	4.28189677931018	5.87043227652359	7.44665534105458
2.8599056552221	4.30232510655563	5.88283274487431	7.45541469324848
2.86700427821579	4.31353898345078	5.9001073302646	7.4504046325958
2.87410290120947	4.32916334362536	5.91104202730696	7.48617108072323
2.88120152420316	4.34215847522554	5.92781270981697	7.48465616805982
2.88830014719685	4.34674689418809	5.94697533977863	7.50322390887005
2.89539877019053	4.36491228029057	5.96154080186769	7.53838488948869
2.90249739318422	4.36085159420032	5.97574005152956	7.55260531968656
2.90959601617791	4.37639690302274	5.98986500910976	7.54708473207661
2.91669463917159	4.37180365030408	6.00740732056802	7.5935415323894
2.92379326216528	4.41380117195603	6.01643248572867	7.60001831605584
2.93089188515897	4.41435830231263	6.02930393083506	7.63476492451311
2.93799050815265	4.4109365064429	6.04896880887175	7.64437877354569
2.94508913114634	4.43808141571985	6.06315248215481	7.66344193335797
2.95218775414002	4.44131984875565	6.07451953508543	7.66865793938919
2.95928637713371	4.44672077449128	6.08586973740443	7.68965610263974
2.9663850001274	4.45757886412703	6.10034059107999	7.71223673157984
2.97348362312108	4.46293563309889	6.12031569965981	7.72964149941452
2.98058224611477	4.48627324836465	6.12925629209908	7.73959657261656
2.98768086910846	4.49986903236346	6.1486067719706	7.7569012131315
2.99477949210214	4.50607879954116	6.1577011495038	7.77656674956225
3.00187811509583	4.52989494003939	6.1702146005026	7.78270851141656
3.00897673808952	4.53148106717302	6.19180014188307	7.80710255769739
3.0160753610832	4.55224149266866	6.19544326908809	7.82632214829651
3.02317398407689	4.55244001774454	6.21627001732715	7.84336651503839
3.03027260707057	4.57735264657659	6.2302062348344	7.86493028117262
3.03737123006426	4.57505769796538	6.24755878867039	7.87847287928164
3.04446985305795	4.58193255118616	6.2538483696434	7.90447111063961
3.05156847605163	4.61245278186198	6.26703550724586	7.92449544701259
3.05866709904532	4.60508161092654	6.28876660548234	7.94185419244959
3.06576572203901	4.62532259853108	6.30403469899375	7.96784228861431
3.07286434503269	4.63353590508114	6.310084973252	7.97248791750671
3.07996296802638	4.64241352763081	6.33337866534615	7.98502194202424
3.08706159102007	4.65470558711107	6.34219431145415	7.99947026857548
3.09416021401375	4.67559679393959	6.35508739634103	8.03214381227792
3.10125883700744	4.67682272695216	6.36892959979906	8.04208757342559
3.10835746000112	4.69968955899302	6.38971346648268	8.05260395578432
3.11545608299481	4.69210458378837	6.39491246906084	8.06853875052949
3.1225547059885	4.71748550345899	6.41607911167683	8.09191958049026
3.12965332898218	4.72786879103947	6.42442517148676	8.09501426984167
3.13675195197587	4.73754242529288	6.44090667983022	8.13324076548268
3.14385057496956	4.75485498884368	6.45111673933165	8.15604347509618
3.15094919796324	4.75845322460391	6.47252044025757	8.15188135267759
3.15804782095693	4.74739539969589	6.48653441432658	8.20125608970895
3.16514644395062	4.79189347649688	6.4978335344938	8.21210847081738
3.1722450669443	4.78458573934565	6.51249576421091	8.2157275504856
3.17934368993799	4.81643808278491	6.53284869019345	8.24014868732479
3.18644231293167	4.816658880498	6.5460883130052	8.24921775721869
3.19354093592536	4.82255394842946	6.5609258079545	8.26372094242274
3.20063955891905	4.83353140965152	6.56524324152758	8.29875301041243
3.20773818191273	4.83277787756431	6.58384920686396	8.31155539250214
3.21483680490642	4.85983967554911	6.60005484994946	8.32894697076043
3.22193542790011	4.85904843252464	6.61146562822544	8.31771044864537
3.22903405089379	4.8728304191462	6.63639738188204	8.36559128342236
3.23613267388748	4.88462435268669	6.64366737048661	8.3703190889817
3.24323129688117	4.91213082262342	6.65606827002322	8.37724608962845
3.25032991987485	4.89360925365398	6.67081955495157	8.39857724627568
3.25742854286854	4.91100107854581	6.68412431341734	8.4295283527263
3.26452716586223	4.94382122453212	6.70281827130082	8.43833875822785
3.27162578885591	4.93399851866827	6.71389301189533	8.47088688599207
3.2787244118496	4.94843966966233	6.72877005226282	8.48330162669742
3.28582303484328	4.95780585090837	6.74216196491671	8.49330153281923
3.29292165783697	4.98493041020882	6.75730724018641	8.51444303191316
3.30002028083066	4.98502403583586	6.76930159889655	8.55420131177373
3.30711890382434	4.99553378567247	6.78228121153737	8.5537116896606
3.31421752681803	5.00054218435127	6.79644314305132	8.54360549356319
3.32131614981172	5.01703017581447	6.81316654723992	8.59101629001955
3.3284147728054	5.03658859703888	6.82396632825277	8.61256817289543
3.33551339579909	5.03994150820458	6.84533562530579	8.63511547553635
3.34261201879277	5.05903563498171	6.86081542706638	8.63477744570277
3.34971064178646	5.06611568836455	6.86972731170221	8.65191777679385
3.35680926478015	5.07631659644957	6.88455978110924	8.66601385981336
3.36390788777383	5.07971561319332	6.90150352917615	8.69111749712477
3.37100651076752	5.09981823050757	6.91861857783639	8.70877700880696
3.37810513376121	5.11388750516982	6.9239467027903	8.7279078134209
3.38520375675489	5.10155519187471	6.94127056120115	8.75934441454651
3.39230237974858	5.13498720493827	6.94962854118747	8.76201921734194
3.39940100274227	5.13843139876917	6.97379606939353	8.77823324266727
3.40649962573595	5.14511560304051	6.98003814324822	8.79641686901573
3.41359824872964	5.16190145716877	6.99897729364388	8.80657782557065
3.42069687172332	5.15724664875421	7.01796175494884	8.83013887816162
3.42779549471701	5.17622075624094	7.02218388671026	8.85185620423273
3.4348941177107	5.20328792491639	7.04028037499501	8.87538978873088
3.44199274070438	5.19066941636449	7.05658423247936	8.88234181831521
3.44909136369807	5.21321757576592	7.06665461029468	8.8947728379986
3.45618998669176	5.22682074112894	7.07678831567121	8.90917581104704
3.46328860968544	5.21847037177541	7.09886966076608	8.92780947745415
3.47038723267913	5.23862427711443	7.11457651880796	8.95363730088958
3.47748585567282	5.26843874348189	7.1275034479781	8.94422862191312
3.4845844786665	5.25432518826244	7.1378399348428	8.99512850244363
3.49168310166019	5.28461652735333	7.16137809123462	9.02915485007099
3.49878172465387	5.28878539382584	7.16570140406427	9.02364550339712
3.50588034764756	5.30422655962392	7.18560834040037	9.06332920615433
3.51297897064125	5.31152537862722	7.20385855723818	9.06620790600653
3.52007759363493	5.32564657878259	7.21601379878958	9.0781248962268
3.52717621662862	5.33434657995522	7.22248476550902	9.10251543732323
3.53427483962231	5.35592927973114	7.23569851459654	9.11302188340851
3.54137346261599	5.36641012495376	7.25564042109077	9.12403374814042
3.54847208560968	5.37038230978248	7.27638918354788	9.16274405843441
3.55557070860337	5.38533573626958	7.28961338576232	9.16159164402703
3.56266933159705	5.38486898925838	7.3009776383956	9.18274400215393
3.56976795459074	5.39195076040464	7.30518831674377	9.1890957466386
3.57686657758443	5.42269460495897	7.32657742174265	9.21184058025161
3.58396520057811	5.43546151110229	7.34602339236515	9.24253227935316
3.5910638235718	5.43209914014904	7.34868213072844	9.24018688788674
3.59816244656548	5.44796559783222	7.3717369848553	9.26675584460652
3.60526106955917	5.45631841993824	7.38332672590007	9.2772631789834
3.61235969255286	5.46815490429362	7.39896327912003	9.31242980621987
3.61945831554654	5.48542425275585	7.41408532748055	9.32985589961077
3.62655693854023	5.50353904110401	7.4219304627395	9.33906103442774
3.63365556153392	5.5051649650375	7.44236943234296	9.3530268443248
3.6407541845276	5.50771132354391	7.45381375244117	9.38989170631894
3.64785280752129	5.5286773854311	7.47067416341385	9.39757334898897
3.65495143051497	5.53505246257052	7.48004956676951	9.421083446031
3.66205005350866	5.53657781707351	7.49555705581435	9.42137400349281
3.66914867650235	5.56206425489652	7.50783640200761	9.43328819803858
3.67624729949603	5.56768440510137	7.52719201024919	9.47466488387938
3.68334592248972	5.58371636207131	7.54068867421919	9.48495011519241
3.69044454548341	5.58389182575945	7.5575348103802	9.49396429477632
3.69754316847709	5.58826483894829	7.56696788262102	9.51405720484771
3.70464179147078	5.61628005781675	7.58314246978716	9.55025235288938
3.71174041446447	5.61419097638104	7.59562893455704	9.55074024356052
3.71883903745815	5.62971820945465	7.61602358120918	9.56332036483739
3.72593766045184	5.64322485626194	7.6294235184782	9.5796618591848
3.73303628344552	5.65735501952605	7.63509486333833	9.59952564833719
3.74013490643921	5.66313570694702	7.64821288099325	9.62612932060133
3.7472335294329	5.67976522947109	7.66100040365884	9.62839925469987
3.75433215242658	5.69201042040141	7.67961915100999	9.64194676153215
3.76143077542027	5.68594258824937	7.68873866724371	9.66096286571189
3.76852939841396	5.70417922586697	7.70928212554232	9.69111333708413
3.77562802140764	5.72216006519209	7.71910702433042	9.70456517665568
3.78272664440133	5.72883311216337	7.7403307777432	9.72819320132451
3.78982526739502	5.73353752022772	7.75083006165529	9.72800206297319
3.7969238903887	5.76017681613916	7.77145727795655	9.75939391754156
3.80402251338239	5.78460428718236	7.7892112306261	9.77589323555283
3.81112113637607	5.77131759554709	7.79834305685967	9.78574884204095
3.81821975936976	5.77484635088131	7.80888094897135	9.7972676622473
3.82531838236345	5.78845902737671	7.82366020060406	9.83915547998061
3.83241700535713	5.80490038234394	7.83462561201395	9.84233960365334
3.83951562835082	5.82127773499569	7.85402213708555	9.87464502065544
3.84661425134451	5.82217618281084	7.8709492111056	9.88483715855997
3.85371287433819	5.83876147236357	7.88297853134052	9.89628302469255
3.86081149733188	5.85084620949325	7.89469783484689	9.90725904966049
3.86791012032557	5.85742536620767	7.91446019564803	9.93201315592169
3.87500874331925	5.86213829419655	7.92173284159685	9.9498791593768
3.88210736631294	5.89460471241429	7.93732942980346	9.97104030334035
3.88920598930663	5.90454156135078	7.95265546529244	9.99404469093785
3.89630461230031	5.90076503039539	7.96390832562194	10.0083628760012
3.903403235294	5.90608773108273	7.98573608991522	10.0370561137104
3.91050185828768	5.92053201326006	8.00082391043782	10.0400383685597
3.91760048128137	5.92935895501525	8.00824978354755	10.0620049549954
3.92469910427506	5.96023475632855	8.02417437612479	10.0863824709874
3.93179772726874	5.9594900883927	8.04211366782586	10.106400162486
3.93889635026243	5.96009018816067	8.05214892237196	10.1069100943235
3.94599497325612	5.97519274229609	8.06485570278261	10.1179806270815
3.9530935962498	5.96718243369368	8.08020635371251	10.1522178886193
3.96019221924349	6.00102665096616	8.09639101276539	10.1665435763094
3.96729084223717	6.00967152021688	8.11122692800274	10.1954665153351
3.97438946523086	6.02969885071497	8.12385869457682	10.1822011072308
3.98148808822455	6.03285045166552	8.13476965056854	10.2125641336927
3.98858671121823	6.06033184754948	8.15511338886722	10.2453731816878
3.99568533421192	6.05253471366799	8.16408706695386	10.2400955299892
4.00278395720561	6.0773568710239	8.17544115140489	10.2506155276742
4.00988258019929	6.07609339136171	8.19990210536156	10.3009617896844
4.01698120319298	6.0715713228458	8.21778483094474	10.2989999043729
4.02407982618667	6.10612520347695	8.22850216640764	10.3274643873994
4.03117844918035	6.11468676484592	8.23446141232692	10.3443777939389
4.03827707217404	6.10795331549786	8.25283232748539	10.3677208963006
4.04537569516772	6.13056500014297	8.27031601149375	10.3742718023775
4.05247431816141	6.1342235172883	8.27602856195478	10.391654444189
4.0595729411551	6.16544421415604	8.29361486088876	10.4135052765487
4.06667156414878	6.19834721785394	8.30794018426197	10.4389357474168
4.07377018714247	6.18179435718197	8.31977968133948	10.4622922615472
4.08086881013616	6.18645942632999	8.34194667951407	10.4719126398582
4.08796743312984	6.20580410658416	8.35524760061316	10.503428411228
4.09506605612353	6.207548325861	8.36054233896353	10.4833059182131
4.10216467911722	6.23217346337151	8.38392406551224	10.5080508824917
4.1092633021109	6.22681292037453	8.3955988963492	10.5448085001067
4.11636192510459	6.24711687821736	8.40626735309814	10.5668215286453
4.12346054809827	6.24746686514952	8.42671532065178	10.5769840864182
4.13055917109196	6.26597450727613	8.43918615840487	10.5798665936787
4.13765779408565	6.26485092273286	8.44174359043303	10.6003903649445
4.14475641707933	6.28183207867712	8.46104277178954	10.6224791150589
4.15185504007302	6.30153095850559	8.48191541780623	10.6411732878083
4.15895366306671	6.32294133628223	8.49415671844798	10.6610806748388
4.16605228606039	6.33119656367945	8.51128109250776	10.6747772658904
4.17315090905408	6.33349711536333	8.52511752597083	10.6746764380586
4.18024953204777	6.34269122798516	8.54438765444565	10.6960938528226
4.18734815504145	6.34987562876536	8.55071414116839	10.7374630709749
4.19444677803514	6.36496059480797	8.56070341155262	10.7508339929025
4.20154540102883	6.36657979240912	8.58308205944672	10.7416046222487
4.20864402402251	6.36468137147484	8.59194339792129	10.7940921924436
4.2157426470162	6.39049141247601	8.61101008994199	10.7850764063053
4.22284127000988	6.40238597189715	8.62126679011846	10.8295052664551
4.22993989300357	6.39871767023009	8.63373786546488	10.8175099484874
4.23703851599726	6.42619251224091	8.64432627584505	10.8573148171832
4.24413713899094	6.44599531936085	8.66696208809805	10.8913908882692
4.25123576198463	6.44589691052251	8.67795403999032	10.9027558128857
4.25833438497832	6.47699033105531	8.69025066573346	10.8951468286738
4.265433007972	6.45805764105686	8.70694577931149	10.9155784030386
4.27253163096569	6.46549686881328	8.72682538543405	10.9424286644969
4.27963025395938	6.48947733433028	8.74189629431525	10.9500967967179
4.28672887695306	6.51304255891045	8.75068165512674	10.9697573887628
4.29382749994675	6.52513503485142	8.76891185462087	10.9817440384261
4.30092612294043	6.53038595131592	8.78432432996104	10.9983201658506
4.30802474593412	6.52635047061603	8.79384288643607	11.0368830234566
4.31512336892781	6.5500936821988	8.80682890591855	11.0525246121359
4.32222199192149	6.57314706763692	8.81832533906938	11.0611207486144
4.32932061491518	6.58376071015352	8.83554859780808	11.0607391785673
4.33641923790887	6.5681244736436	8.85023978898921	11.1009608779626
4.34351786090255	6.59018238437007	8.86424986483036	11.123182345318
4.35061648389624	6.59560463083074	8.88015048829892	11.1417025979638
4.35771510688993	6.63189083081601	8.89591306281283	11.1431289654755
4.36481372988361	6.61953947757356	8.90898239435774	11.1929474697616
4.3719123528773	6.64275838553836	8.9228809868963	11.2012298904231
4.37901097587098	6.65450590881421	8.93377180517904	11.2184817577294
4.38610959886467	6.65770814408854	8.94705737331513	11.2181350528557
4.39320822185836	6.66767061956603	8.9681902878098	11.2283179940285
4.40030684485204	6.68400554040501	8.97830273642183	11.2511084596252
4.40740546784573	6.69213809015398	8.98949075869856	11.2769925263083
4.41450409083942	6.68465410790065	9.00716119399013	11.2860438327899
4.4216027138331	6.69728380687583	9.0193941418979	11.301356017736
4.42870133682679	6.72702178989912	9.03075788062447	11.3383944210469
4.43579995982047	6.73493943556233	9.05269159555444	11.3468365061684
4.44289858281416	6.74422322817653	9.06263752005085	11.3813192172272
4.44999720580785	6.75877376724222	9.07673320759571	11.3775480917207
4.45709582880153	6.77694639188559	9.09245548394497	11.3920364149107
4.46419445179522	6.78585931525842	9.09891994538532	11.4122157973797
4.47129307478891	6.79051987981692	9.12113061085198	11.4355754102925
4.47839169778259	6.79547195391701	9.13498227837237	11.461625304693
4.48549032077628	6.81288320352146	9.15146556135355	11.4685482349888
4.49258894376996	6.83830150145034	9.16232058380804	11.5010635346945
4.49968756676365	6.82863553499491	9.17995870051567	11.5028286118486
4.50678618975734	6.87355397321552	9.18706472614335	11.5308695304035
4.51388481275102	6.85028448032976	9.2041083242542	11.5459117745446
4.52098343574471	6.86534695483186	9.2203615121139	11.5574242924666
4.5280820587384	6.87463375871563	9.23712085554041	11.570786557055
4.53518068173208	6.87864755874851	9.24640858766454	11.6048437002279
4.54227930472577	6.89815311936699	9.2622092157328	11.6141960231784
4.54937792771946	6.90151226463522	9.28366400515706	11.6358221906051
4.55647655071314	6.90489225008256	9.28534460457996	11.6483057260471
4.56357517370683	6.93257589617832	9.30562102843698	11.6652929060308
4.57067379670052	6.93123793579939	9.31606954149833	11.6872523536254
4.5777724196942	6.95137078426361	9.33486151714349	11.7163049367278
4.58487104268789	6.96538533879822	9.34624846586021	11.7137570911372
4.59196966568157	6.97271069471812	9.36490720813463	11.75345518954
4.59906828867526	7.00033483773132	9.37345493342933	11.7590117060018
4.60616691166895	6.99136914322102	9.39010589866727	11.7598654108154
4.61326553466263	7.01300082560551	9.40468050217874	11.7925638586195
4.62036415765632	7.03837503617143	9.42046014858016	11.802994765367
4.62746278065001	7.03510726744623	9.43114618941068	11.8332412044512
4.63456140364369	7.03442957210806	9.45042237920083	11.8516132675019
4.64166002663738	7.04462668293564	9.45872419857627	11.8337817066442
4.64875864963107	7.05695384167501	9.47778529260004	11.8846206623507
4.65585727262475	7.06994801291023	9.48764297573774	11.899749600095
4.66295589561844	7.06150185066496	9.50104619620367	11.8941110550974
4.67005451861212	7.09032462800352	9.51449993165015	11.927785942071
4.67715314160581	7.08735522946101	9.53895829654892	11.9424369036562
4.6842517645995	7.10758257737484	9.550755756664	11.9722481792022
4.69135038759318	7.1368178281346	9.56650728192908	11.9600803853073
4.69844901058687	7.10744358984672	9.58054325812314	12.0008652185915
4.70554763358056	7.13937888136104	9.59177412097241	12.0258228832897
4.71264625657424	7.14221332146934	9.60647089859853	12.0351478100585
4.71974487956793	7.1574428676603	9.61773099464401	12.074363174172
4.72684350256162	7.17819344300145	9.63818463184075	12.0522279599809
4.7339421255553	7.16381285452976	9.64024926097623	12.0913871011704
4.74104074854899	7.20555952509594	9.65413568955291	12.0992794651053
4.74813937154267	7.21496817144665	9.6775700127951	12.1264700041951
4.75523799453636	7.20694512021835	9.69134373392111	12.137267439717
4.76233661753005	7.23480562256292	9.69947754218446	12.1622057989576
4.76943524052373	7.23418015329359	9.71864558800537	12.1850882509569
4.77653386351742	7.26560289439253	9.73268229188417	12.2019842690387
4.78363248651111	7.26524643472984	9.7422278360306	12.2131305868755
4.79073110950479	7.25742353975205	9.76118209295876	12.2234963603882
4.79782973249848	7.28652282026917	9.77480253408086	12.2523035727403
4.80492835549217	7.30326754762896	9.78486548432712	12.2563712129419
4.81202697848585	7.31175323799257	9.79753045670074	12.2808728030245
4.81912560147954	7.31236238976582	9.81893209547513	12.3322756763037
4.82622422447323	7.33734668439085	9.83311473895699	12.3240011546645
4.83332284746691	7.32972729762803	9.8518021571879	12.3328289489008
4.8404214704606	7.33231453515048	9.85918660095712	12.348124790816
4.84752009345428	7.35077442541087	9.87736752905258	12.357131739891
4.85461871644797	7.35613198068564	9.88802679412728	12.3843297121489
4.86171733944166	7.36802243072005	9.91070745129953	12.4084100266876
4.86881596243534	7.39764994070151	9.91969671507747	12.4138054140193
4.87591458542903	7.4247612157876	9.93595172768042	12.4371987218099
4.88301320842272	7.41451694319666	9.94778692626155	12.4494198949976
4.8901118314164	7.41541319841867	9.96548276123311	12.473431940869
4.89721045441009	7.43931622194978	9.97705690632434	12.4825542447793
4.90430907740378	7.4492686317547	9.99047843457536	12.5112445399015
4.91140770039746	7.44441098735554	9.99831393908072	12.5303911482358
4.91850632339115	7.46153712089631	10.0223888276483	12.5621766935005
4.92560494638483	7.46622291319713	10.0356075201254	12.5672260736374
4.93270356937852	7.49421538201291	10.0500409228976	12.579203396385
4.93980219237221	7.50615307091931	10.0660712215957	12.5989424346237
4.94690081536589	7.52154085647508	10.0781996673354	12.6142645729546
4.95399943835958	7.5333430545912	10.0951699085342	12.625479481796
4.96109806135327	7.54908752605091	10.10279923323	12.6346761208855
4.96819668434695	7.55014320760471	10.1162754562438	12.6716515521283
4.97529530734064	7.56554459655062	10.1343582641237	12.6964773649441
4.98239393033433	7.56468163001282	10.1508082993072	12.7084417592113
4.98949255332801	7.57173309864289	10.1674206436269	12.7450923090455
4.9965911763217	7.60030536281169	10.1703171088824	12.7260692868839
5.00368979931538	7.59507847323557	10.1922529878662	12.7720708377095
5.01078842230907	7.62511925296322	10.2060450966978	12.7691841786153
5.01788704530276	7.6205265093461	10.2219098773543	12.7981188764673
5.02498566829644	7.6232571221307	10.2289884913151	12.8120180687167
5.03208429129013	7.63705207853928	10.2483518049627	12.8375405088069
5.03918291428382	7.65620872124154	10.2626777143984	12.8322995946939
5.0462815372775	7.66506844493053	10.2703223540754	12.8616622707775
5.05338016027119	7.6686427084845	10.2787864229457	12.9041226415523
5.06047878326487	7.68632246800815	10.308120925057	12.8970258305472
5.06757740625856	7.68753837390252	10.3162851676194	12.9057510164321
5.07467602925225	7.70703365367459	10.3246778166448	12.9445638568977
5.08177465224593	7.72971292786336	10.3440957219039	12.9616177379296
5.08887327523962	7.73375588164553	10.3557754117509	12.978791898211
5.09597189823331	7.72742421506004	10.3726261265844	12.9662459485475
5.10307052122699	7.7541766913464	10.3851177184987	13.0084482509246
5.11016914422068	7.75508346502433	10.402060494543	13.0456791369401
5.11726776721436	7.77333635135674	10.4173860355391	13.0411606963695
5.12436639020805	7.79782951991787	10.4328872939001	13.0631724535157
5.13146501320174	7.78845354275052	10.4465970595627	13.0663966905803
5.13856363619542	7.8256422879485	10.4568561971936	13.1141604169825
5.14566225918911	7.81305496983377	10.4631194703155	13.0977301046541
5.1527608821828	7.8259821395301	10.4864769325689	13.1313842611343
5.15985950517648	7.8275443093301	10.4996631988818	13.1365026084308
5.16695812817017	7.83781690613406	10.5204239032962	13.1730389458325
5.17405675116386	7.85636604592649	10.5272453886962	13.1662887301612
5.18115537415754	7.88110656097852	10.5429590515844	13.1956397654912
5.18825399715123	7.89793961332775	10.5554053398604	13.2082695132088
