"mitochan"	"lwrNorm"	"medNorm"	"uprNorm"
-1.90327037354145	-4.83000140859948	-3.67179239474273	-2.53584687234106
-1.89706211451297	-4.80576821695777	-3.65864573760809	-2.52079456259577
-1.8908538554845	-4.80119179254617	-3.6458397700322	-2.51201663086051
-1.88464559645603	-4.79251488938286	-3.63471209045236	-2.50178057275233
-1.87843733742755	-4.76042306536744	-3.62385462719342	-2.48144502716255
-1.87222907839908	-4.75710611988913	-3.60771906602244	-2.48248232542397
-1.8660208193706	-4.7360386699394	-3.59951715914871	-2.47578170730629
-1.85981256034213	-4.72564406321386	-3.58549878743212	-2.46370511587827
-1.85360430131365	-4.70371714348266	-3.57352657164771	-2.45740682748738
-1.84739604228518	-4.70849297893198	-3.55916763838905	-2.43869199307862
-1.8411877832567	-4.6743025609426	-3.54430047352004	-2.42269456534985
-1.83497952422823	-4.66201054668418	-3.53389295000579	-2.42077393953983
-1.82877126519975	-4.6532205906659	-3.52270565336957	-2.41066582796867
-1.82256300617128	-4.63154150537848	-3.51200143369958	-2.39602931667201
-1.8163547471428	-4.6154533671288	-3.49919324727693	-2.39379412443315
-1.81014648811433	-4.61235792029172	-3.48419974931866	-2.37618769502229
-1.80393822908586	-4.60898611586918	-3.47288008460086	-2.36384148803388
-1.79772997005738	-4.59586184411671	-3.46165819977549	-2.36426930168649
-1.79152171102891	-4.56058497035466	-3.44267033350165	-2.34879955894149
-1.78531345200043	-4.54337270074004	-3.43301510650025	-2.33694697909282
-1.77910519297196	-4.53384808716141	-3.43034345383251	-2.33375469787623
-1.77289693394348	-4.51494228199	-3.41324040471697	-2.32236645805097
-1.76668867491501	-4.51072008589548	-3.39578336086232	-2.30379298496539
-1.76048041588653	-4.48616013236942	-3.38592902507369	-2.28889305065074
-1.75427215685806	-4.46251354257134	-3.37590037804921	-2.28906008850812
-1.74806389782958	-4.43796894326938	-3.36543267530794	-2.27696388077534
-1.74185563880111	-4.43650471747778	-3.35009010726711	-2.26642973239086
-1.73564737977264	-4.43130503365745	-3.34315469232813	-2.25992897895675
-1.72943912074416	-4.40621138890925	-3.32311107664387	-2.25451151754825
-1.72323086171569	-4.39338076050331	-3.31209673721554	-2.23395467856716
-1.71702260268721	-4.38537471819049	-3.30043921108514	-2.22754672308217
-1.71081434365874	-4.35678332603556	-3.28487293268936	-2.21074482549473
-1.70460608463026	-4.34257325530799	-3.27672271933445	-2.20856600404518
-1.69839782560179	-4.32963923705786	-3.26345284113086	-2.19224385472342
-1.69218956657331	-4.31788022519309	-3.25259294356059	-2.18157935101596
-1.68598130754484	-4.30725768530006	-3.23985454558262	-2.18293432795071
-1.67977304851636	-4.29365567316196	-3.22562318561542	-2.16941940576327
-1.67356478948789	-4.28163091041527	-3.21462221333546	-2.15313945650232
-1.66735653045942	-4.26822535245863	-3.19336222436357	-2.14937355950984
-1.66114827143094	-4.25362759549007	-3.18476366373959	-2.1380815478633
-1.65494001240247	-4.23089873758261	-3.17362324857713	-2.12592085680042
-1.64873175337399	-4.21977693724775	-3.16299252478571	-2.11120246883634
-1.64252349434552	-4.20473305584098	-3.14985129325014	-2.10867211730642
-1.63631523531704	-4.19013384446999	-3.13971737230057	-2.09622138933858
-1.63010697628857	-4.1659159181903	-3.12232083557156	-2.0746780773792
-1.62389871726009	-4.15423036362976	-3.11540803483952	-2.07547522056935
-1.61769045823162	-4.14763940964064	-3.10121775404639	-2.06589159778524
-1.61148219920314	-4.14200836314459	-3.08613544145358	-2.05657758932281
-1.60527394017467	-4.11720709805454	-3.07230384026941	-2.04998019536532
-1.5990656811462	-4.10408107834276	-3.06465713772012	-2.04220822568945
-1.59285742211772	-4.08199630743378	-3.05092052259961	-2.02728316753799
-1.58664916308925	-4.06590520748039	-3.03819124191321	-2.01337154530755
-1.58044090406077	-4.05698478350893	-3.02174714298857	-1.9989985149622
-1.5742326450323	-4.03284333644188	-3.01217937928922	-2.00416803150392
-1.56802438600382	-4.02319210324067	-3.00148463182592	-1.97602944315332
-1.56181612697535	-4.01314576569	-2.9903352834076	-1.96611955676458
-1.55560786794687	-3.99808771789208	-2.97853455624146	-1.95956567343403
-1.5493996089184	-3.99509779859556	-2.96568304177283	-1.94550399930523
-1.54319134988992	-3.96277955872921	-2.95072526763344	-1.95272255985434
-1.53698309086145	-3.95317394542593	-2.93639885061872	-1.93461566917493
-1.53077483183298	-3.94911157389463	-2.92444446525362	-1.91723619929809
-1.5245665728045	-3.92703392371562	-2.90923327503194	-1.91335046588619
-1.51835831377603	-3.90789023716884	-2.8976622886462	-1.89890010043839
-1.51215005474755	-3.89494933984741	-2.89353567238741	-1.89504456977176
-1.50594179571908	-3.87996782147876	-2.87535207175979	-1.88241914380895
-1.4997335366906	-3.86408835730422	-2.8603522155526	-1.87529495228632
-1.49352527766213	-3.83889100146591	-2.85272535088587	-1.87706933386805
-1.48731701863365	-3.84084976635647	-2.84075040438413	-1.85869625384283
-1.48110875960518	-3.8348315995756	-2.8274459746292	-1.85192579420843
-1.4749005005767	-3.80384447522126	-2.81233306127128	-1.83138219709023
-1.46869224154823	-3.79967260063594	-2.80340868615231	-1.83359871896857
-1.46248398251976	-3.77750544550496	-2.79294388740084	-1.82452966036438
-1.45627572349128	-3.75201769372815	-2.77919614207466	-1.8067995984744
-1.45006746446281	-3.74238166860199	-2.76331446000366	-1.7941868821894
-1.44385920543433	-3.72758885562374	-2.75307635145483	-1.77959436920411
-1.43765094640586	-3.72013884077514	-2.74210484900104	-1.77915864152512
-1.43144268737738	-3.70575537979672	-2.72888128376298	-1.75273198495372
-1.42523442834891	-3.68571918186145	-2.7105460251064	-1.75392072367527
-1.41902616932043	-3.68707814454682	-2.70324073325464	-1.73692783210766
-1.41281791029196	-3.67594071572997	-2.69075579837129	-1.73153892368983
-1.40660965126348	-3.63947029763053	-2.67763403878618	-1.71591784891258
-1.40040139223501	-3.62619771861064	-2.66061074283389	-1.70736824666058
-1.39419313320653	-3.60826735465379	-2.65379671214633	-1.70776765043704
-1.38798487417806	-3.60073967810249	-2.64146053438919	-1.69437973748834
-1.38177661514959	-3.58434128964567	-2.62538867352154	-1.67791340981141
-1.37556835612111	-3.57588198708827	-2.61500818807848	-1.67899189857668
-1.36936009709264	-3.5512212526014	-2.60091912100074	-1.66126583071325
-1.36315183806416	-3.5443207243591	-2.59062279856382	-1.64913672898985
-1.35694357903569	-3.52268560128586	-2.58400162335603	-1.63434706060217
-1.35073532000721	-3.51348170481187	-2.56685554854938	-1.63467516196274
-1.34452706097874	-3.49874346836095	-2.54976211316819	-1.62263072415584
-1.33831880195026	-3.47743094979502	-2.5382834690739	-1.60484388521618
-1.33211054292179	-3.47340828066552	-2.53104051670806	-1.5970962494164
-1.32590228389331	-3.45419457306034	-2.51434440138972	-1.58122649228287
-1.31969402486484	-3.42818616007936	-2.50066579206304	-1.57724564939591
-1.31348576583637	-3.43199256762795	-2.49229072308139	-1.57390579773747
-1.30727750680789	-3.41908922004017	-2.47558242949417	-1.56687316999765
-1.30106924777942	-3.39426271249814	-2.46313210841379	-1.55358507500494
-1.29486098875094	-3.37843609449896	-2.45359333053908	-1.54066011924995
-1.28865272972247	-3.37079878772735	-2.44314302175337	-1.52300465734347
-1.28244447069399	-3.35390222913192	-2.42941998887531	-1.51744782125126
-1.27623621166552	-3.32798871562874	-2.4179225032856	-1.50404884770414
-1.27002795263704	-3.31953646306824	-2.40248285765353	-1.50071143838893
-1.26381969360857	-3.30898561914536	-2.39536109547753	-1.48525326390901
-1.25761143458009	-3.29109918707545	-2.38068060589155	-1.45975944179292
-1.25140317555162	-3.27555170584946	-2.37016660874529	-1.4627218293793
-1.24519491652315	-3.25996481900072	-2.35548587954448	-1.45119002160862
-1.23898665749467	-3.25264516196157	-2.33755514419392	-1.43257632236608
-1.2327783984662	-3.23829044303226	-2.32907919830089	-1.41810822227406
-1.22657013943772	-3.22674598076176	-2.31554028916409	-1.41551948298115
-1.22036188040925	-3.20511427427095	-2.30305746212259	-1.41697457719515
-1.21415362138077	-3.18158223130886	-2.29301614798631	-1.40162334586657
-1.2079453623523	-3.18544617810564	-2.2801952782511	-1.40093402526135
-1.20173710332382	-3.16379567761814	-2.26230665641554	-1.37540267989977
-1.19552884429535	-3.13672705176186	-2.25121380590714	-1.36865608580502
-1.18932058526687	-3.13057876465499	-2.23962783890764	-1.35088414853158
-1.1831123262384	-3.12584296924067	-2.23500592253205	-1.34984619320737
-1.17690406720993	-3.11286878910959	-2.21877666457341	-1.34896780546102
-1.17069580818145	-3.08093412977579	-2.20345737253906	-1.32594567104136
-1.16448754915298	-3.08812018038934	-2.19259278451026	-1.30770516970296
-1.1582792901245	-3.05835345677857	-2.18111359570596	-1.30830409048426
-1.15207103109603	-3.0503228762958	-2.16601102027221	-1.29868766071807
-1.14586277206755	-3.04184080769185	-2.1595213679354	-1.28813943637764
-1.13965451303908	-3.0180655028274	-2.14431959967532	-1.28981893779507
-1.1334462540106	-3.00158944557677	-2.12830060265555	-1.26212310412061
-1.12723799498213	-2.98585390569541	-2.11906944650221	-1.26954156962361
-1.12102973595365	-2.97015391612393	-2.10324168285176	-1.2436650016336
-1.11482147692518	-2.96185739869766	-2.09074478153479	-1.22597807998025
-1.1086132178967	-2.95133519963892	-2.07977501176806	-1.23039425564649
-1.10240495886823	-2.9352444642605	-2.06828954646091	-1.21780493562805
-1.09619669983976	-2.91531909063001	-2.0537384539309	-1.21201105099263
-1.08998844081128	-2.89874748298665	-2.03887006363105	-1.19336877575928
-1.08378018178281	-2.87921208246273	-2.03097697688798	-1.17895208122058
-1.07757192275433	-2.87191629345241	-2.01718861480625	-1.1781725823894
-1.07136366372586	-2.86317761257541	-2.00560788351473	-1.15226253275836
-1.06515540469738	-2.84845711460845	-1.99195944555649	-1.1522184960038
-1.05894714566891	-2.83122735904434	-1.98229527992291	-1.14979771653498
-1.05273888664043	-2.81496238372716	-1.967424079368	-1.13291265220367
-1.04653062761196	-2.8087399841903	-1.94899551141887	-1.12461954051681
-1.04032236858348	-2.79018278652365	-1.94067584719309	-1.10202046627233
-1.03411410955501	-2.77302109814397	-1.93105844776832	-1.10536771894474
-1.02790585052654	-2.75717894463108	-1.91969600860522	-1.0868318821523
-1.02169759149806	-2.73382260592577	-1.90341138030634	-1.064700763718
-1.01548933246959	-2.7350808360699	-1.8951513247081	-1.07261830028745
-1.00928107344111	-2.71422524700334	-1.88135434184055	-1.05482511778883
-1.00307281441264	-2.70823165686289	-1.86584430431334	-1.0503921193028
-0.996864555384163	-2.68271234022055	-1.85387991623904	-1.03260400699788
-0.990656296355688	-2.67499403367463	-1.84130507784524	-1.02081748112179
-0.984448037327214	-2.65403150010913	-1.83363949370919	-1.01336105493607
-0.978239778298739	-2.64587970719577	-1.81863108217816	-1.00259967882463
-0.972031519270265	-2.61867741865304	-1.80435021447673	-0.993603198873641
-0.96582326024179	-2.62126251437395	-1.79293012067153	-0.97985251080767
-0.959615001213315	-2.59356146587194	-1.77905062387747	-0.97083264176245
-0.953406742184841	-2.59360240924985	-1.76472792577255	-0.95460669078554
-0.947198483156366	-2.58027219227865	-1.75503475630853	-0.946578691406393
-0.940990224127892	-2.55100726195034	-1.74219489171891	-0.931838643284735
-0.934781965099417	-2.55015526238654	-1.7290447289796	-0.931796932057936
-0.928573706070943	-2.54648323715905	-1.71340868070308	-0.910055501916058
-0.922365447042468	-2.52150084593013	-1.70407717133036	-0.910627680972329
-0.916157188013994	-2.50436149781658	-1.69081794517397	-0.892840230728337
-0.909948928985519	-2.49318005207608	-1.68240570639082	-0.881834373569361
-0.903740669957044	-2.47223751096398	-1.6682309058711	-0.887569706435196
-0.89753241092857	-2.46144033656764	-1.65320707204493	-0.857782860394534
-0.891324151900095	-2.44719032825561	-1.64128627638902	-0.858532864732006
-0.885115892871621	-2.44938078111495	-1.63050574914945	-0.843635470240981
-0.878907633843146	-2.42241747745937	-1.62021940092826	-0.836291490642347
-0.872699374814672	-2.4034153133693	-1.60430099105799	-0.817301641053957
-0.866491115786197	-2.39067873466816	-1.5970124685227	-0.802882841943224
-0.860282856757723	-2.38399622991755	-1.58588009707888	-0.7967733225757
-0.854074597729248	-2.37482680731997	-1.56882576626675	-0.789275118863063
-0.847866338700773	-2.34394209032901	-1.55570668181383	-0.777510497038829
-0.841658079672299	-2.32619748308593	-1.5470367818969	-0.762421777942094
-0.835449820643824	-2.31115221904253	-1.53212107485919	-0.762939395526153
-0.82924156161535	-2.29666514931431	-1.51571013786759	-0.747612375751727
-0.823033302586875	-2.28906198416814	-1.50662599115431	-0.720390364127911
-0.816825043558401	-2.27302523689534	-1.4934104178105	-0.729081175656219
-0.810616784529926	-2.25842855033324	-1.48165866586718	-0.713773332559997
-0.804408525501451	-2.24489066264678	-1.47032340423634	-0.708501515304022
-0.798200266472977	-2.24071633434711	-1.45832959491196	-0.684799880532233
-0.791992007444502	-2.22123531381193	-1.44309187682822	-0.673540748575628
-0.785783748416028	-2.20700711622517	-1.43127282431105	-0.675958363500744
-0.779575489387553	-2.19801696834249	-1.4197924539846	-0.65175078493088
-0.773367230359079	-2.18067622644423	-1.40507642943535	-0.656575622220223
-0.767158971330604	-2.16467929837105	-1.39355600374149	-0.636732493878121
-0.76095071230213	-2.14304701923859	-1.38073327230243	-0.628690748566341
-0.754742453273655	-2.14198707008416	-1.36719607123957	-0.61300014081061
-0.74853419424518	-2.12371201165882	-1.35960645811907	-0.598326762251784
-0.742325935216706	-2.11976318860884	-1.34311894812957	-0.57975700034847
-0.736117676188231	-2.09711437534677	-1.33016622762491	-0.57801257407856
-0.729909417159757	-2.08307663958521	-1.32339361855032	-0.56892305036426
-0.723701158131282	-2.06576187834546	-1.3070570072776	-0.557447807628861
-0.717492899102808	-2.05052198701401	-1.29645359656421	-0.542045189266246
-0.711284640074333	-2.03257092879411	-1.28360368705352	-0.53564706310036
-0.705076381045858	-2.03237559692315	-1.27408766194537	-0.524007339884512
-0.698868122017384	-2.01129789054599	-1.25913667197326	-0.523513890423201
-0.692659862988909	-1.98710757086509	-1.24726113196418	-0.495590227675849
-0.686451603960435	-1.99198169988272	-1.23146103635075	-0.499627875490871
-0.68024334493196	-1.97200799780351	-1.21725706164042	-0.478449552312717
-0.674035085903486	-1.94826032213459	-1.20235200956662	-0.465296887142531
-0.667826826875011	-1.93878582980403	-1.20168527965388	-0.456161701824344
-0.661618567846536	-1.92935417578982	-1.18741000473548	-0.453494112365232
-0.655410308818062	-1.90830559817889	-1.1698503398185	-0.439559193666434
-0.649202049789587	-1.90831630515955	-1.15975435210178	-0.43009028698652
-0.642993790761113	-1.88277797981692	-1.14763915233616	-0.412210112159622
-0.636785531732638	-1.87093609677403	-1.13487054341541	-0.40469698234673
-0.630577272704164	-1.85275526109661	-1.11909037275001	-0.379318499340672
-0.624369013675689	-1.84385070588209	-1.11142885206971	-0.372230759159647
-0.618160754647215	-1.81779411924567	-1.09525637044604	-0.371660421455307
-0.61195249561874	-1.82418906884976	-1.08633705370743	-0.364134315255763
-0.605744236590265	-1.80706166469584	-1.07185019234646	-0.344669869133253
-0.599535977561791	-1.79371185465257	-1.05848944796817	-0.342446361974774
-0.593327718533316	-1.76685818174555	-1.04651182711007	-0.322809137259501
-0.587119459504842	-1.76145105998263	-1.03027953113803	-0.314909786693114
-0.580911200476367	-1.75078247624336	-1.02149493288392	-0.298002465390341
-0.574702941447893	-1.7356329143214	-1.00938333554968	-0.292070625894612
-0.568494682419418	-1.7206716054931	-0.994483271809849	-0.284302262426164
-0.562286423390943	-1.70671096091746	-0.983760256611814	-0.269796664999428
-0.556078164362469	-1.69517284987615	-0.970862281935902	-0.262082454377812
-0.549869905333994	-1.6709129823813	-0.95931778855641	-0.239569297327683
-0.54366164630552	-1.67403196362189	-0.942795325804194	-0.233310992709979
-0.537453387277045	-1.65323034031504	-0.939757292597202	-0.22080981716318
-0.531245128248571	-1.63763954461306	-0.918736319665658	-0.213789014715138
-0.525036869220096	-1.62215775349168	-0.910081944091836	-0.195004088184388
-0.518828610191622	-1.60980931752006	-0.896292782718508	-0.190186826037008
-0.512620351163147	-1.6028892367572	-0.888848435406273	-0.186473740324355
-0.506412092134672	-1.58609969377352	-0.87579723737467	-0.175445669371002
-0.500203833106198	-1.57397424606261	-0.860385219062664	-0.155015827468151
-0.493995574077723	-1.55544694492394	-0.846312967188098	-0.138830834090049
-0.487787315049249	-1.5482957153691	-0.836018116918527	-0.130473371045882
-0.481579056020774	-1.52674971476951	-0.821151739392998	-0.112724301090443
-0.4753707969923	-1.52033547556823	-0.811351716966561	-0.120853161048621
-0.469162537963825	-1.50282754898806	-0.800456424191771	-0.108179453044836
-0.46295427893535	-1.49589210591275	-0.781124639454207	-0.0918846716484488
-0.456746019906876	-1.48302268498788	-0.775558023943028	-0.0714758672888387
-0.450537760878401	-1.46354102263352	-0.760037586549328	-0.0567091964567767
-0.444329501849927	-1.45368754791104	-0.747066378171145	-0.055372499245951
-0.438121242821452	-1.44767641318543	-0.736839387160005	-0.0510433254803724
-0.431912983792978	-1.42369915062054	-0.720429449915333	-0.025522860000131
-0.425704724764503	-1.41270746728383	-0.707805999040622	-0.0101027130823278
-0.419496465736029	-1.39316730662946	-0.698645032901039	-0.0127364204813568
-0.413288206707554	-1.38289354733431	-0.685702899977434	0.0116784924443006
-0.407079947679079	-1.3753614489977	-0.675314702604161	0.0102908662997426
-0.400871688650605	-1.35490085414924	-0.660993242764983	0.0298794823732154
-0.39466342962213	-1.34859113776854	-0.650057718521391	0.0454464898858774
-0.388455170593656	-1.34286879813103	-0.63381953920107	0.0508772867310525
-0.382246911565181	-1.31462279807639	-0.623096461204356	0.068008916090163
-0.376038652536707	-1.31625205972873	-0.609799694530452	0.0745892457338649
-0.369830393508232	-1.28917957862916	-0.5974242865818	0.0828654923931291
-0.363622134479757	-1.27283460777568	-0.586439647589089	0.100476143956112
-0.357413875451283	-1.26092483499328	-0.573829888209674	0.10953412254189
-0.351205616422808	-1.24551674680594	-0.562691639100298	0.11796530221725
-0.344997357394334	-1.23152473599039	-0.54760510684288	0.142911471848429
-0.338789098365859	-1.22863524322427	-0.535908153498805	0.149589317190119
-0.332580839337385	-1.21619564125687	-0.521783660619128	0.156241849887205
-0.32637258030891	-1.20980739603579	-0.51218310612019	0.164131943365127
-0.320164321280436	-1.18917964762306	-0.501051718307992	0.191483332282397
-0.313956062251961	-1.18557622359652	-0.484516436919755	0.19949693449404
-0.307747803223486	-1.15744729627859	-0.474285865620845	0.209944925384558
-0.301539544195012	-1.1499492384255	-0.461267614951269	0.22844790905338
-0.295331285166537	-1.13026498520062	-0.449985177665748	0.231898790919301
-0.289123026138063	-1.11797460581184	-0.438581189197277	0.235232403542035
-0.282914767109588	-1.11626105948075	-0.427765012401577	0.260146880883813
-0.276706508081114	-1.09636424247156	-0.411865926664273	0.2658620566447
-0.270498249052639	-1.07725340819236	-0.398458320303662	0.276109099861038
-0.264289990024165	-1.06908355664608	-0.3850258565303	0.282126640822102
-0.25808173099569	-1.05548699362071	-0.373355909634599	0.289578653913846
-0.251873471967215	-1.032571114933	-0.361935587310593	0.31122608626733
-0.245665212938741	-1.0372252847376	-0.345703060984567	0.319497280988574
-0.239456953910266	-1.01020251990043	-0.337732878509789	0.335885240873294
-0.233248694881792	-1.00453905245052	-0.323667366946226	0.344379441233938
-0.227040435853317	-0.989829117483289	-0.31346615227202	0.365900833706995
-0.220832176824843	-0.975874074921168	-0.298705667090738	0.369019915350326
-0.214623917796368	-0.956871180942661	-0.287931862174943	0.389136126870765
-0.208415658767894	-0.961461302627672	-0.274356291902422	0.388998572601323
-0.202207399739419	-0.933659631075892	-0.26255362834667	0.414657174787522
-0.195999140710944	-0.928807113523446	-0.252056790039362	0.415757958368615
-0.18979088168247	-0.906603991799635	-0.237456127285827	0.43452063405075
-0.183582622653995	-0.896428133464306	-0.225261319162634	0.44588367889638
-0.177374363625521	-0.891810813645153	-0.212490015922301	0.451714328637445
-0.171166104597046	-0.870321196303752	-0.199211940824285	0.462754726538903
-0.164957845568572	-0.857563909180143	-0.185128770810021	0.483149020283336
-0.158749586540097	-0.854405854303313	-0.176746675600417	0.490036956593184
-0.152541327511623	-0.838892840678688	-0.160169891941203	0.496451289922943
-0.146333068483148	-0.824546717197447	-0.151672979668446	0.52066874973212
-0.140124809454673	-0.809822498155008	-0.140957617346274	0.528276893886231
-0.133916550426199	-0.795369094595965	-0.125298185373964	0.538566173527221
-0.127708291397724	-0.786366962422164	-0.116510062206295	0.547502923616509
-0.12150003236925	-0.769263935621786	-0.100426211136113	0.561730277483449
-0.115291773340775	-0.749810499879905	-0.0875439754570943	0.573675349270069
-0.109083514312301	-0.746549739452168	-0.0764715110105536	0.593900715824555
-0.102875255283826	-0.730802497987653	-0.0627242620504709	0.597993791055013
-0.0966669962553515	-0.722627520463523	-0.0499527738453891	0.621937159078467
-0.0904587372268768	-0.704642574258877	-0.0358020771543956	0.619951227618944
-0.0842504781984021	-0.693016198099638	-0.0239226269891131	0.636725676729461
-0.0780422191699277	-0.675337325214706	-0.015132142047168	0.647741445251717
-0.071833960141453	-0.673538030578353	-0.000585964892038215	0.667328948987743
-0.0656257011129786	-0.661639427097992	0.0147479623317989	0.673300902197122
-0.0594174420845039	-0.643439212045542	0.0236122053964408	0.682219946774993
-0.0532091830560295	-0.630748878538542	0.0343592839768028	0.692635131603137
-0.0470009240275548	-0.619129607101039	0.0476588749254382	0.709038603419548
-0.0407926649990804	-0.613204298732122	0.057819538555211	0.727083919769196
-0.0345844059706057	-0.586143024664013	0.0785521762308136	0.733404857209113
-0.0283761469421311	-0.569602723713806	0.0878543465837666	0.742627729429332
-0.0221678879136566	-0.575066057090105	0.0977796898324134	0.764914040211804
-0.015959628885182	-0.55608187149569	0.109834672745982	0.77423605123992
-0.00975136985670755	-0.539414050518779	0.125725073106214	0.78107669626689
-0.00354311082823289	-0.526963973053609	0.134150881986291	0.792907840219497
0.00266514820024155	-0.521946000119991	0.152795918598946	0.811095138693134
0.00887340722871621	-0.505538730039983	0.159330528229164	0.820056373076614
0.0150816662571907	-0.496670596331217	0.173326399178551	0.841429678354181
0.0212899252856653	-0.482691019947167	0.188209907250186	0.847379625456812
0.02749818431414	-0.464972597331595	0.194597318557243	0.858016210685174
0.0337064433426144	-0.463527430288136	0.207470854980251	0.871408295936256
0.0399147023710891	-0.461010087433621	0.223049473909889	0.885115230573697
0.0461229613995635	-0.429890120361763	0.236304244255446	0.901135283887116
0.0523312204280382	-0.416852369275058	0.249533953362188	0.909964189749004
0.0585394794565126	-0.410558621082858	0.257707482506132	0.925537774984951
0.0647477384849873	-0.384339886905616	0.269506391138297	0.934605739994787
0.0709559975134617	-0.375189948571239	0.286606796403803	0.958599236830169
0.0771642565419364	-0.373114447058388	0.298502817184483	0.956103173623032
0.083372515570411	-0.363788555189184	0.308539253803941	0.974419652344724
0.0895807745988855	-0.351334187926843	0.324670994135876	0.985986158843517
0.0957890336273601	-0.332484877349541	0.334734639195683	1.00178162663418
0.101997292655835	-0.322637163980208	0.345952225349908	1.02022441866349
0.108205551684309	-0.304065284585463	0.359861347862177	1.02979262655677
0.114413810712784	-0.295054806012846	0.368690113969298	1.03785222694425
0.120622069741258	-0.285338728984842	0.382037476548999	1.04852384134811
0.126830328769733	-0.268172336079881	0.402810203622334	1.06907967234649
0.133038587798207	-0.263154238435806	0.409961409060587	1.07088448398489
0.139246846826682	-0.250263122876529	0.42184771236527	1.10042677477978
0.145455105855157	-0.241598831469524	0.435511087944241	1.0979215618532
0.151663364883631	-0.232603550364276	0.449881923708333	1.11818255838165
0.157871623912106	-0.208005793755305	0.463091266846507	1.11853190486732
0.16407988294058	-0.192713994202411	0.473656388652478	1.14053654262711
0.170288141969055	-0.179282179457738	0.482488822268228	1.15323001911364
0.176496400997529	-0.177857519252187	0.498548769179303	1.16310692051573
0.182704660026004	-0.167619223419875	0.512021334644644	1.18770715426043
0.188912919054478	-0.149706742474044	0.519054197132412	1.19633725822605
0.195121178082953	-0.144743812217775	0.535051070783699	1.2060851441447
0.201329437111428	-0.126163361079601	0.548589344270126	1.21879570323296
0.207537696139902	-0.109235708792328	0.557898926049771	1.23886482211705
0.213745955168377	-0.104461831358187	0.574739300521276	1.237150373932
0.219954214196851	-0.0952720296378045	0.584222349850431	1.25622503150796
0.226162473225326	-0.081591357215361	0.596737978268009	1.27593791172681
0.2323707322538	-0.065891866963898	0.612310804410888	1.28077916646157
0.238578991282275	-0.0411545568048616	0.621232369234243	1.30071945812794
0.24478725031075	-0.0503910873711205	0.636984875899457	1.31945475254525
0.250995509339224	-0.02351986067752	0.644731659463717	1.33326442994976
0.257203768367699	-0.0166834355640857	0.662144009822297	1.3398409480383
0.263412027396173	-0.0102823274194385	0.668438902017265	1.3490696633717
0.269620286424648	0.00946018275253357	0.685755629631987	1.36088469781656
0.275828545453122	0.0135891713154883	0.695847677293451	1.36601874846812
0.282036804481597	0.0309317351346244	0.711185055322238	1.38362804041936
0.288245063510071	0.0427937700084733	0.71892933184931	1.39208557750813
0.294453322538546	0.0385048790570063	0.737210327479797	1.41208557719597
0.300661581567021	0.0564844864360579	0.747401049933069	1.41916716350361
0.306869840595495	0.0789835496849352	0.761687486956412	1.43575320909166
0.31307809962397	0.0880202658217079	0.771164751647719	1.45730046335952
0.319286358652444	0.0954448662569012	0.781874321527518	1.467773671723
0.325494617680919	0.102280075030064	0.79800418998726	1.4886731577128
0.331702876709393	0.119518559057011	0.807755745170293	1.5053116036218
0.337911135737868	0.131512952336292	0.82282350968855	1.50494287063777
0.344119394766342	0.140842386873146	0.83134667782036	1.52238265105197
0.350327653794817	0.163604311061073	0.846401560820656	1.53261549462735
0.356535912823292	0.168591522125385	0.858555836343899	1.54741112667728
0.362744171851766	0.175889049601813	0.868048100379088	1.56192517617484
0.368952430880241	0.18831455692697	0.880889788036822	1.56543714268091
0.375160689908715	0.195767504587837	0.896448121937104	1.58916138286587
0.38136894893719	0.213384628142526	0.912028741788987	1.60113967439852
0.387577207965665	0.221958588267687	0.920067255650181	1.60775772551622
0.393785466994139	0.240042599694473	0.932853604524146	1.62268361019642
0.399993726022613	0.249887813320477	0.945625954163863	1.63817355484615
0.406201985051088	0.261440143146664	0.959307198336976	1.65148461833625
0.412410244079563	0.268470903295247	0.971187501689974	1.66672119189626
0.418618503108037	0.28959823781941	0.979920402689274	1.67767366103919
0.424826762136512	0.296624550203878	0.996464783492231	1.6867778563393
0.431035021164986	0.308438632599461	1.00712335525083	1.70853329732065
0.437243280193461	0.322761125241564	1.02079274293513	1.72318818116082
0.443451539221936	0.328016380751537	1.03305180437387	1.73886110874583
0.44965979825041	0.345115015479081	1.04618235025943	1.74400263135597
0.455868057278884	0.363710122697987	1.05704964316984	1.75477188923651
0.462076316307359	0.372039571638297	1.06929950218982	1.78044574938481
0.468284575335834	0.383734497307582	1.0819479485119	1.79808664984353
0.474492834364308	0.388446899707938	1.09519337772129	1.80229917623194
0.480701093392783	0.401830495418655	1.11007791219277	1.82217282720578
0.486909352421257	0.411512374216197	1.11980885086655	1.8293557543602
0.493117611449732	0.434501060057465	1.13052032248795	1.84288992604437
0.499325870478207	0.440878880223962	1.14927307587098	1.85687173955615
0.505534129506681	0.434593458489917	1.15658740839011	1.87628772300136
0.511742388535156	0.454701827623518	1.1696925625686	1.87931260958609
0.51795064756363	0.474269897723877	1.18010372249612	1.88967164505612
0.524158906592105	0.468907540934775	1.19309295958366	1.91182359741081
0.53036716562058	0.496434123205734	1.20733035351858	1.92499335570318
0.536575424649054	0.500640206293595	1.21865170960945	1.93958454581765
0.542783683677528	0.510691202927582	1.23381429990898	1.94600483658582
0.548991942706003	0.528507796363922	1.24441322157605	1.96313113936684
0.555200201734478	0.530170996720039	1.25832749916293	1.98058166962406
0.561408460762952	0.550225730359999	1.26941514581088	1.98445394522982
0.567616719791427	0.558562194768322	1.2794471831778	2.00927507896405
0.573824978819901	0.583899739966939	1.29153012840721	2.01383240968563
0.580033237848376	0.577000412582251	1.30658744616574	2.03497665093955
0.586241496876851	0.589504019644509	1.31713508843676	2.05260378280843
0.592449755905325	0.602537629499637	1.33264930749933	2.06196754576438
0.598658014933799	0.613940269028273	1.3446688826791	2.07316757848474
0.604866273962274	0.627440707199263	1.35498928880115	2.09334857345286
0.611074532990749	0.634339600372846	1.37253409564419	2.11054816685377
0.617282792019223	0.65664308244181	1.38196224982397	2.108546622189
0.623491051047698	0.660659342500748	1.39489173961184	2.13231376220955
0.629699310076172	0.678467832012365	1.40193749204776	2.14084732343505
0.635907569104647	0.689450389237778	1.41872120228947	2.15633688351299
0.642115828133122	0.689297023513712	1.43326963485915	2.18344877570398
0.648324087161596	0.699046743083219	1.44341807983815	2.17640718717266
0.654532346190071	0.720571814451341	1.45738725324935	2.19503390863616
0.660740605218545	0.722494265958531	1.46807715450349	2.20634353942078
0.66694886424702	0.745409686965801	1.48308102192386	2.22402236415817
0.673157123275494	0.755023942498207	1.49617585736183	2.24258110996077
0.679365382303969	0.756090463999419	1.5023934389727	2.25130562283966
0.685573641332443	0.770613899830188	1.5180391422261	2.26966414250073
0.691781900360918	0.79393217073677	1.52982977328113	2.2823958351949
0.697990159389393	0.787917537164006	1.54045106704808	2.29592629811472
0.704198418417867	0.801947130252643	1.55543697621363	2.30994360346411
0.710406677446342	0.810434722399337	1.5679167557873	2.32786951833624
0.716614936474816	0.828561835167138	1.57906471703943	2.33566615286352
0.722823195503291	0.836313997491293	1.59441042816915	2.35088802877749
0.729031454531766	0.840265164985081	1.60448542004815	2.35822189344754
0.73523971356024	0.863434277688507	1.61684488623722	2.36852373007421
0.741447972588714	0.875035140095817	1.63297466389772	2.39591586659845
0.747656231617189	0.87545756775695	1.64257722285097	2.40040120718844
0.753864490645664	0.877661042797586	1.65496449566789	2.42502415425223
0.760072749674138	0.899092979592929	1.67095709477865	2.43633736990225
0.766281008702613	0.91734745433412	1.67851357006549	2.44421499084646
0.772489267731087	0.930068822149174	1.68880051439061	2.45897113386509
0.778697526759562	0.942722128888424	1.70555321913483	2.46720234640977
0.784905785788037	0.951435156283649	1.71754431883298	2.49513973538895
0.791114044816511	0.954714129626324	1.72635905749471	2.50681747897049
0.797322303844985	0.976536394428934	1.74096170083733	2.51358034056346
0.80353056287346	0.977041284888282	1.75811983898887	2.52793965330422
0.809738821901935	0.984671362167003	1.76793338290432	2.55243193699118
0.815947080930409	1.01328292144255	1.77729603907706	2.55777442859068
0.822155339958884	1.01862627903449	1.79633442437078	2.57489211253628
0.828363598987358	1.03371226831227	1.80680332598523	2.5862541648391
0.834571858015833	1.03541236711928	1.81561002135994	2.59913800961147
0.840780117044308	1.0553891922975	1.83230099369745	2.6186507094934
0.846988376072782	1.06493090364487	1.84385345511032	2.62320490581698
0.853196635101257	1.06825102220479	1.85605768662253	2.65049778069718
0.859404894129731	1.07632317406532	1.8657885430732	2.65435694406465
0.865613153158206	1.07823948572939	1.87743809033889	2.67835019815834
0.87182141218668	1.1015296826325	1.89049303726127	2.69023114336429
0.878029671215155	1.10703712632546	1.90386196288603	2.69922281356705
0.884237930243629	1.12402376485402	1.91451720717631	2.70972206344021
0.890446189272104	1.14115783128147	1.92693946735402	2.72607755995616
0.896654448300579	1.1549205352896	1.93852383295523	2.74626089235535
0.902862707329053	1.15163694775144	1.9518670189131	2.76370838054096
0.909070966357528	1.16786590517425	1.96533782151697	2.76958505224088
0.915279225386002	1.17454530893262	1.98091132395139	2.78938637001066
0.921487484414477	1.19301294531929	1.98902467557649	2.81786731325316
0.927695743442951	1.20421118845761	1.99999172167984	2.80860358600753
0.933904002471426	1.21370283651017	2.01613921023557	2.839855460561
0.9401122614999	1.2248126299235	2.0266935195792	2.84172676963941
0.946320520528375	1.22662090038819	2.03743298836788	2.86591361341434
0.95252877955685	1.24520836469885	2.05382311779212	2.88420988403516
0.958737038585324	1.24520709416638	2.06647353313016	2.88966283498533
0.964945297613799	1.26802818566809	2.0744210744549	2.90702333165776
0.971153556642273	1.26522353158181	2.0889454126181	2.90926576541478
0.977361815670748	1.28691135865757	2.10386707784655	2.92720422375728
0.983570074699222	1.29376271219921	2.11756211058175	2.95393235755154
0.989778333727697	1.30053018397645	2.12843709860734	2.95394762961662
0.995986592756172	1.30674509920827	2.14025017871713	2.9695086011327
1.00219485178465	1.32431886563764	2.15103213126348	2.99540901866075
1.00840311081312	1.34419414276528	2.16925871853082	3.00505885072763
1.0146113698416	1.35259695498456	2.17820382685566	3.00857601627835
1.02081962887007	1.36014787726161	2.19214856446844	3.02676968782586
1.02702788789854	1.36529159812386	2.20462446462011	3.04461270925491
1.03323614692702	1.37796874868086	2.21679713584416	3.06347240821194
1.03944440595549	1.37984975259433	2.22677810346203	3.07867613006702
1.04565266498397	1.40548417707247	2.23583135885652	3.08600022027357
1.05186092401244	1.40947522145276	2.25278378155443	3.11143002093576
1.05806918304092	1.41285593865384	2.26599301391703	3.13518434520365
1.06427744206939	1.42635670670854	2.27617199600367	3.13752310773398
1.07048570109787	1.44602149099212	2.28811681034738	3.1451488486271
1.07669396012634	1.45679344118296	2.29889500514743	3.16756737673091
1.08290221915482	1.46240852067596	2.31431655595289	3.16777311944882
1.08911047818329	1.46693507588216	2.32585206776803	3.18501699311064
1.09531873721176	1.48227788882542	2.34122565232069	3.20557760202078
1.10152699624024	1.49249170929971	2.3550734907592	3.22774576308573
1.10773525526871	1.50617860268902	2.3610661949876	3.23855836003683
1.11394351429719	1.50295961721523	2.38035135445191	3.25980319961843
1.12015177332566	1.52773289964018	2.38941259310998	3.26307444749386
1.12636003235414	1.52956413031501	2.40300838056103	3.28218940923939
1.13256829138261	1.55146419873396	2.41304895030087	3.28920790138935
1.13877655041109	1.55143858596223	2.42600519326383	3.30423796945533
1.14498480943956	1.56406544228075	2.43800889523814	3.3342191685851
1.15119306846804	1.58528382579792	2.44932377977678	3.34656938870978
1.15740132749651	1.58243494685437	2.46099786699571	3.35310357949778
1.16360958652498	1.59088883791246	2.48238159139769	3.36804518338599
1.16981784555346	1.61002030263458	2.48845939382642	3.37643179667047
1.17602610458193	1.62130123605178	2.50479936085764	3.40128792259555
1.18223436361041	1.63248396905663	2.51502036676371	3.41167511053331
1.18844262263888	1.63911321436018	2.52431510689302	3.43038318426796
1.19465088166736	1.66318896762976	2.53409744252213	3.44118792208762
1.20085914069583	1.66194695596936	2.55090518703852	3.44878418557203
1.20706739972431	1.6798743414426	2.55969275170923	3.46398092816958
1.21327565875278	1.6842968748988	2.57829755952435	3.48773642643529
1.21948391778126	1.6934814091972	2.58716708163252	3.49234978460277
1.22569217680973	1.70193190550381	2.59469618339702	3.50682228960106
1.23190043583821	1.72579962433273	2.60988786175941	3.52507618727905
1.23810869486668	1.72623258320849	2.6207136356364	3.54276447451046
1.24431695389515	1.73835749269646	2.63503922701081	3.54813033519121
1.25052521292363	1.75111485276562	2.65176301945803	3.56307558564423
1.2567334719521	1.76200660701375	2.67010251714203	3.5759021369979
1.26294173098058	1.75779058640959	2.6747363643024	3.58930893374526
1.26914999000905	1.78318477744958	2.68682248038883	3.61186410397358
1.27535824903753	1.78788809483216	2.698665545682	3.62878700505376
1.281566508066	1.79806009077258	2.71076019100027	3.63544461582188
1.28777476709448	1.8144253217371	2.72607808866217	3.65079302583659
1.29398302612295	1.81383333606185	2.73953867751601	3.67562729978199
1.30019128515143	1.8250884065831	2.74880469133137	3.67567241845929
1.3063995441799	1.83575323781539	2.76474993623468	3.69262209194465
1.31260780320837	1.84144256334248	2.77157227701157	3.71606422131235
1.31881606223685	1.85559420394321	2.787115856814	3.7291215438053
1.32502432126532	1.86825506813577	2.79505710680671	3.75199015033199
1.3312325802938	1.88356393449632	2.81030262728348	3.75239033338169
1.33744083932227	1.89629753883272	2.82853866607544	3.7789498408244
1.34364909835075	1.90494368090235	2.83806651040461	3.78677393176027
1.34985735737922	1.91335487967586	2.85029897001422	3.80312181671224
1.3560656164077	1.91352776124903	2.86025928927688	3.83344052088006
1.36227387543617	1.92488278619512	2.87284545166651	3.83844081664004
1.36848213446465	1.94241621902584	2.88358755987941	3.84148529393963
1.37469039349312	1.94184774873913	2.90031946500439	3.85903417363539
1.38089865252159	1.96198615172587	2.91316123980131	3.87481494257153
1.38710691155007	1.98159912571733	2.92277346492006	3.90393170747012
1.39331517057854	1.97167449481186	2.93353713656639	3.90145716471576
1.39952342960702	1.99428621164429	2.95438400704331	3.92014120312431
1.40573168863549	2.01414146714512	2.9594427883369	3.93935582334643
1.41193994766397	2.00997412990522	2.97564668305847	3.95415961751941
1.41814820669244	2.0201684461804	2.98343222302884	3.98365323268927
1.42435646572092	2.03214918610105	3.00065638428853	3.9792663142499
1.43056472474939	2.06047011738649	3.01279242764229	3.99381626432727
1.43677298377787	2.06174876280072	3.02720918266689	4.00639793516847
1.44298124280634	2.05466278700364	3.03467202962353	4.02516249782721
1.44918950183481	2.07971315345225	3.04673590299836	4.03375730585651
1.45539776086329	2.08886873194049	3.06046976010714	4.04528847298037
1.46160601989176	2.09276712541875	3.07588991347231	4.07735191569131
1.46781427892024	2.11362709092853	3.088918413085	4.0809344378525
1.47402253794871	2.1164394769538	3.09982877629214	4.10278454232883
1.48023079697719	2.13828147323038	3.11308516556809	4.10655132815934
1.48643905600566	2.13488194969624	3.12650788780992	4.12170025516424
1.49264731503414	2.14293256387839	3.13031756938182	4.13885322986337
1.49885557406261	2.15583934438598	3.14481219775758	4.15321605990013
1.50506383309109	2.16161635109861	3.15750614118281	4.17921126713614
1.51127209211956	2.18267203433041	3.17034255588712	4.18703997043377
1.51748035114803	2.17968019321345	3.18032490005968	4.19763583087131
1.52368861017651	2.20474311105334	3.19777350478005	4.22146488055103
1.52989686920498	2.21301507190457	3.21037124914946	4.2337474950899
1.53610512823346	2.20339200657108	3.22037857912156	4.24109363065667
1.54231338726193	2.21537284850559	3.24122630272071	4.26354149055369
1.54852164629041	2.2349953934972	3.24419734201634	4.2823667086339
1.55472990531888	2.24640299172948	3.26629091531202	4.28506195160424
1.56093816434736	2.24636124726465	3.27456866278039	4.31057715405017
1.56714642337583	2.27295566080768	3.28115487320652	4.31771703176316
1.57335468240431	2.27095763560031	3.29861370633403	4.32843261546319
1.57956294143278	2.29271050388908	3.30457148175547	4.34157866684028
1.58577120046125	2.30231427426618	3.3220265150616	4.37037852998534
1.59197945948973	2.31429398978377	3.33465353169162	4.36817506437624
1.5981877185182	2.30955766435683	3.34373867725299	4.40263802686497
1.60439597754668	2.33131643641102	3.35366921357685	4.40580090560924
1.61060423657515	2.33619001030203	3.37300732696556	4.4218153063811
1.61681249560363	2.34851987169462	3.38645633592625	4.43940621891552
1.6230207546321	2.35378719727947	3.40025669668178	4.44627348044858
1.62922901366058	2.36413092890244	3.40998419479451	4.46514315826341
1.63543727268905	2.38643587918334	3.4200738443189	4.48812211463377
1.64164553171753	2.38764110589437	3.43143338163121	4.5038426108356
1.647853790746	2.39095578076792	3.44349221458783	4.5093482394501
1.65406204977447	2.40759076621082	3.45963866071508	4.51939872501483
1.66027030880295	2.43513408512844	3.47136990636039	4.54705669935925
1.66647856783142	2.43683563140315	3.48405840926408	4.5544171256834
1.6726868268599	2.4350730136374	3.49823185602006	4.57137352231828
1.67889508588837	2.45282677771508	3.51107404762583	4.57951364814409
1.68510334491685	2.46653718472927	3.52347448608938	4.58563423358962
1.69131160394532	2.46886602790036	3.53539580393933	4.61792023919203
1.6975198629738	2.47251226910856	3.54426263196791	4.63136359388742
1.70372812200227	2.48983815287307	3.55669875198824	4.63694829138925
1.70993638103075	2.49624919481349	3.57041403595367	4.6555968908969
1.71614464005922	2.51582108977779	3.58391526188593	4.67839623012258
1.7223528990877	2.51001815807368	3.59824601825592	4.69859298246338
1.72856115811617	2.53510816629082	3.60505367127049	4.70646037358997
1.73476941714464	2.54668899498515	3.62092366853052	4.72970778797024
1.74097767617312	2.55486708742965	3.63418484204315	4.73126923209365
1.74718593520159	2.55783837455483	3.64430811619315	4.75072954429573
1.75339419423007	2.58920459212958	3.65584344912138	4.75763353530176
1.75960245325854	2.58742092539836	3.67352601342202	4.7749117648067
1.76581071228702	2.59066748000639	3.68396132926198	4.79073498948413
1.77201897131549	2.60027980081116	3.69810632301407	4.81918169672416
1.77822723034397	2.60736513989143	3.7093557307816	4.83019960405803
1.78443548937244	2.62548826579783	3.72010632814063	4.83405546959241
1.79064374840092	2.64372052213709	3.7318967870683	4.85382651081412
1.79685200742939	2.64862195899509	3.74579652981318	4.87023090894421
1.80306026645786	2.64782179861542	3.75949239252591	4.90058476406116
1.80926852548634	2.65930038076412	3.76545597431682	4.90506497676799
1.81547678451481	2.68033941361118	3.77911018786191	4.90045176979081
1.82168504354329	2.68633323912932	3.79107781230718	4.92257984407952
1.82789330257176	2.69526780611486	3.80547800234803	4.9604037045173
1.83410156160024	2.70397335573328	3.82174195702724	4.95563699399707
1.84030982062871	2.70960164681514	3.8324480805033	4.96942064920715
1.84651807965719	2.71796505472278	3.84253594781056	4.98146726418335
1.85272633868566	2.73161090309446	3.85820451165518	5.00387365428648
1.85893459771414	2.74762169262898	3.86474695378778	5.01202070866535
1.86514285674261	2.74384267252195	3.88517203485059	5.02780628050912
1.87135111577108	2.76374534595415	3.89389355780709	5.04619648919485
1.87755937479956	2.77685204120219	3.90916188815877	5.06180158415954
1.88376763382803	2.77806378777825	3.91968767351683	5.08506677448419
1.88997589285651	2.79522267405845	3.92561118896478	5.09289797565973
1.89618415188498	2.79620269610274	3.94341842247031	5.11123944142854
1.90239241091346	2.81381635759756	3.95691436152568	5.13022561980939
1.90860066994193	2.81985197455809	3.97009411313178	5.13856061474054
1.91480892897041	2.83623245000718	3.98231872737238	5.15615224625652
1.92101718799888	2.84295695374955	3.99454860089795	5.16453168287269
1.92722544702736	2.86174419248244	4.00683071381021	5.17641624781259
1.93343370605583	2.85933389303128	4.0197709501228	5.19655789350486
1.9396419650843	2.87367175050543	4.02583124728302	5.22464306088529
1.94585022411278	2.87955109902295	4.04410358769238	5.2266029834776
1.95205848314125	2.90866493002051	4.05667383202108	5.24520445164288
1.95826674216973	2.9090253618658	4.07085233392296	5.26522425535839
1.9644750011982	2.90714390085435	4.08047105655368	5.26521715247365
1.97068326022668	2.93869677163468	4.09225079619319	5.28938546589399
1.97689151925515	2.95254783571925	4.10461907890407	5.31724178641817
1.98309977828363	2.94246632299765	4.11666636942344	5.31444852761189
1.9893080373121	2.95351591035997	4.13205802727295	5.33437141866863
1.99551629634058	2.95368478761178	4.1392372512152	5.33794154227172
2.00172455536905	2.95584667357266	4.15364076201638	5.37176817837597
2.00793281439753	2.9925029604086	4.16808615776697	5.37627721910406
2.014141073426	2.99745906779702	4.17666078459725	5.38954284626503
2.02034933245447	3.01427548413699	4.19575791056718	5.41223391195044
2.02655759148295	3.02038836859491	4.20283589980973	5.42189141728217
2.03276585051142	3.02669924702489	4.21895023071135	5.45593123459983
2.0389741095399	3.04605790236912	4.2312710526565	5.44979328902028
2.04518236856837	3.03071802450912	4.24641088916078	5.45795938036595
2.05139062759685	3.05351564763109	4.2546188598235	5.48170176839562
2.05759888662532	3.05697533059551	4.26466260487434	5.51012234617778
2.0638071456538	3.06079846037152	4.28317528896958	5.51201798893002
2.07001540468227	3.08242969419456	4.28930704633787	5.52764169502872
2.07622366371075	3.09522911591855	4.30764467344215	5.5450026503732
2.08243192273922	3.10872282973156	4.31749409831631	5.5494511682334
2.08864018176769	3.0955445319265	4.32905187611109	5.57048183576994
2.09484844079617	3.10445703522902	4.33839070981322	5.57388250325981
2.10105669982464	3.12739896587735	4.35466476256233	5.6018486005803
2.10726495885312	3.13559136115476	4.36596239577313	5.62447062939849
2.11347321788159	3.13747361451676	4.37769789333807	5.64005475948706
2.11968147691007	3.15154410316696	4.39066027422159	5.64455306882836
2.12588973593854	3.17191976225957	4.40447599998033	5.66025630029964
2.13209799496702	3.17287290223261	4.41596963443214	5.67862122774911
2.13830625399549	3.19910181852674	4.43142622261896	5.68884791593367
2.14451451302397	3.21699408314433	4.4398852783558	5.70891882653469
2.15072277205244	3.21004225827881	4.45468529812819	5.72474791600853
2.15693103108091	3.21443230315872	4.4611275949661	5.74339328214637
2.16313929010939	3.22535896276457	4.48162612869168	5.76157621988428
2.16934754913786	3.23336253734148	4.48959335938495	5.77231558874488
2.17555580816634	3.24792215187561	4.50762479863732	5.79354307434437
2.18176406719481	3.26305279976842	4.51618555353584	5.79672725622845
2.18797232622329	3.27983307413744	4.53116908748934	5.81563551573752
2.19418058525176	3.29453378837588	4.53770843144154	5.82973419862102
2.20038884428024	3.2938801837308	4.54930514324418	5.83101725651746
2.20659710330871	3.31549440029187	4.56563722758262	5.85727189966932
2.21280536233719	3.31742854838426	4.57997001923047	5.86927758481414
2.21901362136566	3.32746336799609	4.59341208158872	5.89438101863112
2.22522188039413	3.31315172342289	4.60332867479106	5.90380035819547
2.23143013942261	3.33833693931795	4.61988614996435	5.92196480326195
2.23763839845108	3.35422118563252	4.62369960713053	5.9389714021257
2.24384665747956	3.35977596115403	4.64374603091393	5.94919849316291
2.25005491650803	3.37170378270759	4.65783413987057	5.95076501511276
2.25626317553651	3.38752276481952	4.66693775125953	5.96567091031232
2.26247143456498	3.38731546612767	4.67358141997975	5.99630194925584
2.26867969359346	3.3983385930111	4.68779837518801	6.01042425186038
2.27488795262193	3.40789609533029	4.69911563286239	6.02312760425906
2.28109621165041	3.41189157286518	4.7155074218677	6.03879733018436
2.28730447067888	3.42836686231528	4.728109283851	6.05424065759225
2.29351272970736	3.4325897567692	4.74310768674113	6.06092467782552
2.29972098873583	3.45973828813018	4.75445169672938	6.08957709157597
2.3059292477643	3.44826408557858	4.7679935760386	6.10634161866661
2.31213750679278	3.47622914464442	4.7788291670268	6.10585388272604
2.31834576582125	3.47931321599597	4.79031815659035	6.12431455348567
2.32455402484973	3.49049315296138	4.801543534498	6.15890501825459
2.3307622838782	3.48065891599564	4.81089971280506	6.16173731651314
2.33697054290668	3.49113990744314	4.825704286639	6.17607021099994
2.34317880193515	3.5342359971835	4.84268755736151	6.19069416647414
2.34938706096363	3.53003047847541	4.85689443089683	6.20603812568422
2.3555953199921	3.53368142178355	4.85682809590674	6.21407013548505
2.36180357902058	3.54641427241572	4.8821129797854	6.23297961439436
2.36801183804905	3.55500494608731	4.88657469534936	6.25407494394257
2.37422009707752	3.56384166315457	4.90673974268466	6.26214653858602
2.380428356106	3.57689938673729	4.91063695912947	6.28396151895923
2.38663661513447	3.59092201510844	4.93215514237673	6.2965619005414
2.39284487416295	3.59231511614923	4.94308957660079	6.30406005143711
2.39905313319142	3.60913900555036	4.95637682919498	6.32581937004889
2.4052613922199	3.62010602650016	4.96254329359761	6.34016658117828
2.41146965124837	3.62532636416433	4.97632574174554	6.34637341741955
2.41767791027685	3.62691139024435	4.98882456161697	6.37170923465976
2.42388616930532	3.64288759392695	5.00641891856352	6.39990192902295
2.4300944283338	3.64918797641657	5.01682480335338	6.41522588341701
2.43630268736227	3.65230274673693	5.02453632328866	6.4044223167629
2.44251094639074	3.68195783969726	5.04203207540347	6.43692275866288
2.44871920541922	3.69009317738533	5.05411567966329	6.44845313199663
2.45492746444769	3.69561259813603	5.06585307696327	6.4570866834889
2.46113572347617	3.71342993751603	5.07225113060931	6.48555819618618
2.46734398250464	3.70778135286264	5.09326332215768	6.48493036138493
2.47355224153312	3.71941576285922	5.09976576253093	6.51091196064306
2.47976050056159	3.73164538797377	5.11189994684643	6.52426841204372
2.48596875959007	3.7373956810374	5.12749753300041	6.53151264395777
2.49217701861854	3.75820085081377	5.13681750269065	6.55107084899173
2.49838527764702	3.75418253405544	5.14754658036965	6.57792272067392
2.50459353667549	3.77346599449641	5.16558644665938	6.58433540396167
2.51080179570396	3.78411852582349	5.17963134753061	6.59270602884623
2.51701005473244	3.80636108305758	5.18600399839129	6.61454204900353
2.52321831376091	3.80415756537108	5.19836162461593	6.62434987030538
2.52942657278939	3.8077568371633	5.20573490531069	6.64190301706964
2.53563483181786	3.82500007699893	5.21707224360427	6.66257720709481
2.54184309084634	3.83785356157566	5.2410803473537	6.67605500639602
2.54805134987481	3.84063067758894	5.25410816559392	6.7040030230335
2.55425960890329	3.84525289938316	5.26081306610844	6.69703745282114
2.56046786793176	3.86072266016136	5.27231692948195	6.723344692905
2.56667612696024	3.87423583496916	5.28782182854381	6.74204582973453
2.57288438598871	3.86547361841532	5.3024052866263	6.75077687594616
2.57909264501719	3.89395926868732	5.30937855859334	6.76236092146506
2.58530090404566	3.88550410372254	5.3275176166186	6.77240713170892
2.59150916307413	3.90749200997702	5.33975481802986	6.7940007092736
2.59771742210261	3.90689518753638	5.35411608218609	6.79819951613729
2.60392568113108	3.9353442618064	5.36307898447535	6.82415390157349
2.61013394015956	3.93637872332379	5.37717489920443	6.8289948026359
2.61634219918803	3.95100482317267	5.38907265207481	6.84079991933826
2.62255045821651	3.95593701820105	5.39616442974695	6.86893721961134
2.62875871724498	3.96513618958019	5.41119000498578	6.89097547040877
2.63496697627346	3.98018046675298	5.42641747458533	6.89049443415498
2.64117523530193	3.98329269970687	5.43792975741697	6.9375654512918
2.64738349433041	3.9926836086008	5.4493411735827	6.94014321603619
2.65359175335888	4.0149054769154	5.46443187362539	6.94198731764586
2.65980001238735	4.02208279075432	5.47469694465753	6.96008621652777
2.66600827141583	4.03481765367334	5.49110608555671	6.98200534780391
2.6722165304443	4.03437417157814	5.49976858052728	6.9899465408234
2.67842478947278	4.04965447968203	5.51410289079779	7.01439807432088
2.68463304850125	4.06188383597307	5.52461531700742	7.03026974261308
2.69084130752973	4.07308688940712	5.53803275326597	7.02785257431845
2.6970495665582	4.08094764893095	5.54868047495659	7.05276157413159
2.70325782558668	4.08363842227023	5.5615172960749	7.0923284638449
2.70946608461515	4.10600423452687	5.57559110334904	7.08130698264532
2.71567434364363	4.10724937658582	5.58564386579165	7.08198970473352
2.7218826026721	4.12519881905509	5.59260886523134	7.1240909620455
2.72809086170057	4.11677550504107	5.61311920008212	7.12663373230679
2.73429912072905	4.13726227332091	5.6271250296749	7.13885224517652
2.74050737975752	4.14607408121339	5.63661720888351	7.15869801742462
2.746715638786	4.13817384220689	5.65284844854664	7.17810850679987
2.75292389781447	4.16218121011077	5.65649292141676	7.18669426099859
2.75913215684295	4.16806579871598	5.67312394162898	7.21084244220478
2.76534041587142	4.17026547843928	5.69523665366553	7.22016807261484
2.7715486748999	4.20266010837621	5.69353771722669	7.23922099826272
2.77775693392837	4.20071601253048	5.70923766653376	7.25890016223902
2.78396519295684	4.22409955485318	5.71813709803034	7.2492766443097
2.79017345198532	4.2086289296511	5.73677731136558	7.27215600172882
2.79638171101379	4.23334557459277	5.7488562522714	7.30858222319902
2.80258997004227	4.24411042087194	5.76381881541556	7.31347863298804
2.80879822907074	4.2415469507345	5.76938732712549	7.32572232588724
2.81500648809922	4.25919342812705	5.78853029827323	7.3477340820885
2.82121474712769	4.28483789547672	5.79646645387099	7.37371016215253
2.82742300615617	4.28801912903231	5.8099648038175	7.36480180651721
2.83363126518464	4.26997567058232	5.82758552108717	7.39199560168945
2.83983952421312	4.30379982677864	5.83303358315178	7.40640349839658
2.84604778324159	4.331686868189	5.8508394730837	7.40820678881174
2.85225604227007	4.32359597792041	5.85759163021699	7.42265454841605
2.85846430129854	4.33816223914292	5.86716539705966	7.43586312842914
2.86467256032701	4.33995680091753	5.88801169991808	7.46172322652716
2.87088081935549	4.35270886693761	5.90210716018254	7.48223599181734
2.87708907838396	4.35328035473865	5.90914426589713	7.5119023398268
2.88329733741244	4.36146971377064	5.926056463112	7.51572966462593
2.88950559644091	4.38256982199269	5.93402140386267	7.52474448106512
2.89571385546939	4.39115886451591	5.94714677204065	7.53694468907499
2.90192211449786	4.39235556599439	5.96628618945861	7.56163717263814
2.90813037352634	4.42284878038889	5.96645785250841	7.57382308811263
2.91433863255481	4.42567051453499	5.98384839136734	7.60092808996529
2.92054689158329	4.41598131436775	5.99552565875937	7.61144009504185
2.92675515061176	4.44576331608574	6.00913523703643	7.6163766323609
2.93296340964024	4.44996105457534	6.02189682622211	7.63176269561311
2.93917166866871	4.43841689708827	6.03143501452277	7.64063086008781
2.94537992769718	4.46315234760369	6.0471688813124	7.66813601940722
2.95158818672566	4.46913242026517	6.06401933799869	7.66394217454453
2.95779644575413	4.48021927169912	6.06944782101994	7.68414235502172
2.96400470478261	4.48299200833565	6.0855629957091	7.71218438071515
2.97021296381108	4.5034754254577	6.10179609096175	7.71856669323461
2.97642122283956	4.51689528988721	6.10652046907939	7.72611830863091
2.98262948186803	4.51781774296093	6.12486166175264	7.74966519632869
2.98883774089651	4.53663036384294	6.13123235566224	7.76956935378293
2.99504599992498	4.53062252225648	6.14313304905568	7.78082066452759
3.00125425895345	4.54846536001324	6.15998200820864	7.7811297556995
3.00746251798193	4.57295201846474	6.1732458905268	7.82022521645287
3.0136707770104	4.56643591335851	6.18586617262442	7.83182683652833
3.01987903603888	4.56987445793412	6.20177008560706	7.84911588196315
3.02608729506735	4.58478442683492	6.20859498219526	7.86781668663951
3.03229555409583	4.59715040762496	6.2141183207408	7.87094502744306
3.0385038131243	4.60488140003989	6.2329014386516	7.90770267250743
3.04471207215278	4.61701463631243	6.241350225108	7.90848683488902
3.05092033118125	4.64507161282589	6.25779952996333	7.90703521445416
3.05712859020973	4.65249408182594	6.26928883957062	7.93785077646458
3.0633368492382	4.64826042987025	6.28649767879647	7.94998837014853
3.06954510826667	4.6569334026972	6.29359173054555	7.97798710219849
3.07575336729515	4.69176847738842	6.30809136731235	7.9884874176786
3.08196162632362	4.6807338348455	6.31790678310298	8.00111935814249
3.0881698853521	4.6873443338066	6.33466034192463	8.00758329555508
3.09437814438057	4.70195397716852	6.34252023114283	8.01465681705028
3.10058640340905	4.71430758662934	6.35589971691474	8.05224741462282
3.10679466243752	4.68851738479215	6.36991019608152	8.06113158369961
3.113002921466	4.72810586590231	6.38500241381327	8.07432614418549
3.11921118049447	4.74268713957529	6.39433210127347	8.1067064992206
3.12541943952295	4.73293374016044	6.40835144519788	8.11357930196357
3.13162769855142	4.76184975401009	6.42005651915628	8.12237191968766
3.1378359575799	4.7833593611041	6.42930262558487	8.13244388262306
3.14404421660837	4.7694987240763	6.44252243193418	8.13567317195647
3.15025247563684	4.78686933138125	6.45451891877079	8.17279067665839
3.15646073466532	4.79588619781012	6.4713774682824	8.18860967079894
3.16266899369379	4.79734533034286	6.47942148457582	8.20708365627812
3.16887725272227	4.81474854868329	6.49369836257643	8.20258213866184
3.17508551175074	4.81298711729874	6.50244104147289	8.22691222263183
3.18129377077922	4.82725413277219	6.51570485867735	8.25172493363947
3.18750202980769	4.83961080342529	6.52806814591788	8.26353895582745
3.19371028883617	4.86601481239261	6.54090137995307	8.27231705952178
3.19991854786464	4.86058292936809	6.55599518625894	8.28739896953425
3.20612680689312	4.87054896364115	6.56340673636118	8.30782420993898
3.21233506592159	4.88067930565325	6.57654385096797	8.31805902740908
3.21854332495007	4.89063037441599	6.59205103526575	8.34729329002369
3.22475158397854	4.88914887835939	6.60475937823295	8.35323380924201
3.23095984300701	4.88173183223681	6.62162317557618	8.3593052045453
3.23716810203549	4.92850207892444	6.63192001874593	8.38325034304707
3.24337636106396	4.91759748440584	6.64149426090835	8.4033124390683
3.24958462009244	4.95143491831844	6.65212013053737	8.40307388921353
3.25579287912091	4.94685588293813	6.66379220363904	8.42134899885403
3.26200113814939	4.95390425812319	6.67364102278738	8.44815309835502
3.26820939717786	4.9712095873358	6.68854890730221	8.44959057657309
3.27441765620634	4.96721953425664	6.70640553501337	8.47605917053611
3.28062591523481	4.98913826178416	6.71998305921318	8.49196318116469
3.28683417426328	5.00451890720442	6.73288364467677	8.51855669974287
3.29304243329176	5.00223802934073	6.73943389343242	8.51656687172054
3.29925069232023	5.01581506557657	6.75201048027593	8.54282373636371
3.30545895134871	5.02712169228727	6.76906610081724	8.54064738314502
3.31166721037718	5.03878105966134	6.78334882807245	8.56769256952271
3.31787546940566	5.04408448484391	6.78707857088225	8.5759244068299
3.32408372843413	5.05592347275106	6.80482754082669	8.59658498914337
3.33029198746261	5.07543049535308	6.81420183001114	8.58682155669812
3.33650024649108	5.07770676719651	6.82818499039702	8.6147185983916
3.34270850551956	5.09015595184255	6.83915996435062	8.63111528448515
3.34891676454803	5.0925242239638	6.85797302474615	8.65209249377949
3.3551250235765	5.09514789068519	6.868583353751	8.68727805659552
3.36133328260498	5.10550600553964	6.87667015118749	8.69782132775049
3.36754154163345	5.12478058642221	6.89374434351581	8.69933214725916
3.37374980066193	5.12997550940248	6.90853912584263	8.73011925334482
3.3799580596904	5.12038124333302	6.91451282343458	8.73103167777385
3.38616631871888	5.15107978252838	6.92715717780563	8.76506017282026
3.39237457774735	5.17366859143339	6.94472688138797	8.75948379141655
3.39858283677583	5.1670569320394	6.94937441011333	8.79428750436312
3.4047910958043	5.18891819209474	6.96404159125509	8.7952696565403
3.41099935483278	5.18697601301177	6.97626078587713	8.81166304951305
3.41720761386125	5.21305059015053	6.98969297161428	8.82638437765954
3.42341587288972	5.20755187175715	7.00784168370903	8.8426561767468
3.4296241319182	5.22756561293465	7.01854769587212	8.84913106528168
3.43583239094667	5.21375688174273	7.02777237986886	8.86946545268143
3.44204064997515	5.22976241690619	7.03807135497196	8.8722671389626
3.44824890900362	5.24194712618719	7.05942309972547	8.89835513874047
3.4544571680321	5.26820312058691	7.06421824955261	8.92918492351134
3.46066542706057	5.26551852507475	7.07692672741746	8.93767270771531
3.46687368608905	5.2875611624776	7.09604242061395	8.92876555785036
3.47308194511752	5.29707879986739	7.10311263487713	8.95563472255285
3.479290204146	5.32380362291096	7.11665411420029	8.97345773560129
3.48549846317447	5.31495643490498	7.12377209909219	9.00108787821222
3.49170672220295	5.33151596502116	7.1472168041378	9.01439022005498
3.49791498123142	5.31476230393837	7.15198642485633	9.02916160839316
3.50412324025989	5.32766065786737	7.16422384360433	9.04589954796325
3.51033149928837	5.34406075161572	7.16809690390308	9.03763193468882
3.51653975831684	5.3542953836304	7.18774512069537	9.08323641219271
3.52274801734532	5.36272144640979	7.20640837897745	9.06350144039274
3.52895627637379	5.37418232491598	7.21291390492173	9.10849613574906
3.53516453540227	5.37320547851243	7.22359084198771	9.1198963031344
3.54137279443074	5.39909368306367	7.23747186792772	9.12075959485507
3.54758105345922	5.39714370859831	7.24933971629678	9.14749457856711
3.55378931248769	5.42116441897224	7.26026157149457	9.1670639384272
3.55999757151617	5.42538089544918	7.27308366839015	9.1982961085236
3.56620583054464	5.41640401713259	7.28912912916173	9.18482990067477
3.57241408957311	5.44673248088689	7.29859443635576	9.19252224493808
3.57862234860159	5.43942134961162	7.31092212381195	9.22176985098462
3.58483060763006	5.45190639550431	7.32900669794232	9.23195554186608
3.59103886665854	5.47892462917742	7.33673782103425	9.26312410744156
3.59724712568701	5.47579045280377	7.35232993488914	9.28936777983428
3.60345538471549	5.48990232111254	7.36279269704663	9.28439820784979
3.60966364374396	5.48677425496312	7.38640753942236	9.31599007775173
3.61587190277244	5.52504289257051	7.38729684109144	9.30513009139857
3.62208016180091	5.51835514274399	7.40591975780334	9.33250307060866
3.62828842082939	5.52694319239179	7.40701246746855	9.34960887866565
3.63449667985786	5.53744288530653	7.42424584087079	9.3706157937113
3.64070493888633	5.54760010660182	7.43616231819864	9.37795682504462
3.64691319791481	5.5501638354372	7.44817676246551	9.37692450299722
3.65312145694328	5.54946890378235	7.45968409869255	9.40231193660413
3.65932971597176	5.58697095927456	7.47524984024199	9.42357605907956
3.66553797500023	5.59457525932967	7.48372240164369	9.43275605736631
3.67174623402871	5.58317650025971	7.5020508412992	9.45635639570905
3.67795449305718	5.59909645166502	7.51277103296146	9.47278622603973
3.68416275208566	5.60124878708412	7.52729534511704	9.47488003153184
3.69037101111413	5.63210936823674	7.54024608403547	9.49589250818312
3.69657927014261	5.63611216604871	7.5511628434238	9.50731654817165
3.70278752917108	5.63349925365316	7.56688496942489	9.53572860513788
3.70899578819955	5.64495437184728	7.57630311386487	9.54152521682682
3.71520404722803	5.66810505683789	7.5942586077385	9.55829604653837
3.7214123062565	5.6722347117604	7.59678761575591	9.58831681660868
3.72762056528498	5.68522294382483	7.61086001614492	9.5896835717745
3.73382882431345	5.69729155330374	7.62291739861986	9.61527285911884
3.74003708334193	5.70333425609685	7.63384712864474	9.62583062778024
3.7462453423704	5.70332095523763	7.64592239041207	9.65690647268668
3.75245360139888	5.73098966605242	7.66311324669701	9.65363660334605
3.75866186042735	5.72256325670454	7.67853978550347	9.67579483924459
3.76487011945583	5.74228289070785	7.68247242076267	9.69230303978238
3.7710783784843	5.74924084305506	7.69670068168046	9.70804882850264
3.77728663751278	5.75179386013447	7.71660528195431	9.70621635179855
3.78349489654125	5.77369545557589	7.72410832930966	9.72405729192566
3.78970315556972	5.7934257351474	7.74302572310304	9.74263788316743
3.7959114145982	5.78054728272551	7.74710594199088	9.74954721180101
3.80211967362667	5.80363128238493	7.76192019512796	9.75352443358196
3.80832793265515	5.80910873545207	7.77625922330707	9.78357829023368
3.81453619168362	5.8106699402789	7.78325160314377	9.80356623266688
3.8207444507121	5.81586198205756	7.79784251661325	9.821010741469
3.82695270974057	5.81707707708932	7.80875398351668	9.83584104610036
3.83316096876905	5.85277847889118	7.81952696566867	9.8484374593747
3.83936922779752	5.87018511669455	7.84105703979379	9.85401474580477
3.845577486826	5.85270371525261	7.84496558992795	9.8796163659196
3.85178574585447	5.8793114602214	7.86172039410917	9.89859614564416
3.85799400488294	5.87313070762727	7.87960118247775	9.92465765769795
3.86420226391142	5.88910226901849	7.88194701214313	9.93643971276835
3.87041052293989	5.89804277026757	7.89712050207556	9.95616141040882
3.87661878196837	5.93425839870277	7.90235458691768	9.95615602275416
3.88282704099684	5.91305347120621	7.92236033157685	9.97610526603466
3.88903530002532	5.93488837573236	7.93478761521592	9.99834370329687
3.89524355905379	5.95197111363844	7.95209210287321	10.004605188159
3.90145181808227	5.95996730394786	7.96864667763765	10.009801999923
3.90766007711074	5.95780051080704	7.97624404543354	10.0276905344956
3.91386833613922	5.96306205737828	7.98207531293989	10.0767664594197
3.92007659516769	5.97498823027621	7.9902404585974	10.0664810662411
3.92628485419616	5.98330610007247	8.01516194010909	10.0813806956154
3.93249311322464	5.99335595473389	8.02353058934917	10.0908051088443
3.93870137225311	6.00719512950153	8.03573059599196	10.1124947935274
3.94490963128159	6.00747801251296	8.04842291210837	10.1397421992424
3.95111789031006	6.03424352129352	8.06270280620864	10.1473173181409
3.95732614933854	6.03928823398872	8.07906574836053	10.166073257229
3.96353440836701	6.03291554916745	8.08834935110247	10.1840256831971
3.96974266739549	6.04035002474822	8.09648166845974	10.1936796702343
3.97595092642396	6.06902042775361	8.10678995419978	10.2246741240054
3.98215918545244	6.0776004275808	8.12324929817655	10.2169833654127
3.98836744448091	6.09662745243808	8.13509578239124	10.2289195434525
3.99457570350938	6.09209996158539	8.14223429516281	10.2494199838352
4.00078396253786	6.11326890354606	8.15539756806869	10.2665805920469
4.00699222156633	6.10392472199227	8.17553038087024	10.28918389064
4.01320048059481	6.1037307837537	8.18145108385167	10.2997553435994
4.01940873962328	6.12609103019343	8.20441167088323	10.3242427084333
4.02561699865176	6.14186581808696	8.20529401693788	10.3174414998377
4.03182525768023	6.1463345173326	8.22080955903308	10.3330394992737
4.03803351670871	6.15620883080746	8.23041206135976	10.3673217187731
4.04424177573718	6.16698553597951	8.25154924183062	10.3853099540248
4.05045003476566	6.18683997172343	8.26073405259253	10.3806348694769
4.05665829379413	6.19427865032825	8.26790792166996	10.398580318489
4.06286655282261	6.200376951979	8.28167424775031	10.4160732592105
4.06907481185108	6.20869513404869	8.30081115173984	10.4593538736219
4.07528307087955	6.21151316395592	8.31018785027589	10.4519101715336
4.08149132990803	6.23754669118111	8.32310289696497	10.4757038710765
4.0876995889365	6.23376937886518	8.33095471410292	10.4849939259931
4.09390784796498	6.26093589423378	8.35190633841991	10.4890937154669
4.10011610699345	6.26034796897487	8.36181371760832	10.5120163638579
4.10632436602193	6.27026852961901	8.37195579872553	10.5368351133377
4.1125326250504	6.28118326282751	8.38284998094099	10.5528118636259
4.11874088407888	6.26539364856754	8.39865524788211	10.5484157383483
4.12494914310735	6.30889042284805	8.40563992126125	10.5631593183095
4.13115740213583	6.31049728995526	8.42172373025095	10.5948549294821
4.1373656611643	6.31903370252382	8.43944410205957	10.5969079784889
4.14357392019278	6.30773579730598	8.44774335837405	10.6237355141841
4.14978217922125	6.33776638519656	8.46196292403078	10.6422536292804
4.15599043824972	6.34596645846832	8.46642615384218	10.6553113774017
4.1621986972782	6.35294105661929	8.47916420700722	10.6782244436339
4.16840695630667	6.3602362233547	8.49614798004261	10.6877197668552
4.17461521533515	6.36813872653941	8.50850501277067	10.7226150238963
4.18082347436362	6.39590013194426	8.53048552788995	10.6966892000597
4.1870317333921	6.3991271487929	8.53373015889946	10.7441252880826
4.19323999242057	6.39706200421658	8.53918626940752	10.7534813363076
4.19944825144904	6.40292661865134	8.56004089229521	10.7432984107614
4.20565651047752	6.4023194124233	8.57384970565207	10.7785863751411
4.211864769506	6.42953244462285	8.58646278917273	10.7771398747292
4.21807302853447	6.43791292531662	8.59503597482154	10.8148960579859
4.22428128756294	6.46559546676798	8.60423865805372	10.8162187853183
4.23048954659142	6.44102128302589	8.61897098172093	10.8484974342605
4.23669780561989	6.47046987506067	8.63304594322897	10.8584241814716
4.24290606464837	6.48014182630809	8.6430562184493	10.8708969725241
4.24911432367684	6.50008829391935	8.65594148000645	10.8687043640772
4.25532258270532	6.49915624610464	8.66438925923232	10.9073525408911
4.26153084173379	6.50272671421198	8.67706068151465	10.9081144450397
4.26773910076226	6.51670468062517	8.69434864741996	10.9174686859913
4.27394735979074	6.5277768676333	8.70335153038514	10.9388318448464
4.28015561881922	6.54390010099198	8.71437388217709	10.964754044101
4.28636387784769	6.56142305647117	8.73312330753827	10.966393489826
4.29257213687616	6.55854132205578	8.74177911733952	10.9898597509186
4.29878039590464	6.57284912335795	8.76250999607246	11.0130774347618
