"mitochan"	"lwrNorm"	"medNorm"	"uprNorm"
-1.90327037354145	-3.22014817563927	-2.81628960738052	-2.40943087450052
-1.89677163120065	-3.21299820943272	-2.8073210593196	-2.39769869480369
-1.89027288885985	-3.19777285075481	-2.79353190706291	-2.38908973656796
-1.88377414651905	-3.19428447502113	-2.78918908109237	-2.38254588444979
-1.87727540417826	-3.18396473898057	-2.77971813631412	-2.37287432311293
-1.87077666183746	-3.17136322543445	-2.76599674212162	-2.36019122208541
-1.86427791949666	-3.16143790588642	-2.75597426904313	-2.35012236295689
-1.85777917715586	-3.1479679378549	-2.75160470994386	-2.34862886138539
-1.85128043481507	-3.14876217408961	-2.73813023683812	-2.32821971272239
-1.84478169247427	-3.12834272422363	-2.7296294755349	-2.32634386045144
-1.83828295013347	-3.1124825669911	-2.72058430515376	-2.3238926831941
-1.83178420779267	-3.11494705550938	-2.71114256000448	-2.30897288842332
-1.82528546545187	-3.10546434894506	-2.69819528276849	-2.2925522706603
-1.81878672311108	-3.09144353093419	-2.6917598136285	-2.29222150441978
-1.81228798077028	-3.07830819924293	-2.68268848451326	-2.28213357861534
-1.80578923842948	-3.07636841844648	-2.67034880017417	-2.26840936681113
-1.79929049608868	-3.06385892735055	-2.66679732644173	-2.25992314677887
-1.79279175374788	-3.05374475075731	-2.64842599686502	-2.250915313032
-1.78629301140709	-3.04574068120953	-2.63964413532002	-2.23713590138105
-1.77979426906629	-3.0461005751166	-2.63300275999751	-2.22994412865901
-1.77329552672549	-3.02756320981669	-2.62716757171726	-2.2234473130033
-1.76679678438469	-3.01190983520621	-2.61432297425963	-2.21162434467823
-1.76029804204389	-3.00528878661883	-2.60565689580503	-2.20529381779256
-1.7537992997031	-3.0002703253814	-2.59533639341622	-2.20219992673069
-1.7473005573623	-2.98758938718923	-2.58880366822921	-2.18698538514807
-1.7408018150215	-2.9731681744127	-2.575390393566	-2.17370265047312
-1.7343030726807	-2.96723300373123	-2.56680820267096	-2.16362762263439
-1.7278043303399	-2.95659939321782	-2.55876925233795	-2.15818814075219
-1.72130558799911	-2.94594634598388	-2.54942857028741	-2.14814260158865
-1.71480684565831	-2.94596450592093	-2.53795109013169	-2.14040982643665
-1.70830810331751	-2.92786961766004	-2.52922488240636	-2.13226465951614
-1.70180936097671	-2.91812712896567	-2.52021292332665	-2.11761123311257
-1.69531061863591	-2.90891536776367	-2.51097162057021	-2.10953902144311
-1.68881187629512	-2.90622010991007	-2.50307706913424	-2.09878905432095
-1.68231313395432	-2.89296378260299	-2.49008540274531	-2.08873592081801
-1.67581439161352	-2.88243867928125	-2.48284038720345	-2.0856026820119
-1.66931564927272	-2.87176004452515	-2.47397560717371	-2.07079629599866
-1.66281690693192	-2.85775645206176	-2.46598599544451	-2.06680663213196
-1.65631816459113	-2.84936639457912	-2.45372540621603	-2.04990898591494
-1.64981942225033	-2.83971301802004	-2.4444388563892	-2.04711508831656
-1.64332067990953	-2.83514999071591	-2.43371437858983	-2.03376396719512
-1.63682193756873	-2.82285610988204	-2.42280250320459	-2.02585618767787
-1.63032319522793	-2.81554947011543	-2.41464116693964	-2.01573934798782
-1.62382445288714	-2.80023635055635	-2.4056325244481	-2.00784647951982
-1.61732571054634	-2.79557468593564	-2.39717009026803	-2.00380810676591
-1.61082696820554	-2.78123155949361	-2.3855277033754	-1.98900915310982
-1.60432822586474	-2.77881043353719	-2.37838953771618	-1.9796128599781
-1.59782948352394	-2.76280454545602	-2.36849195990891	-1.96975290613024
-1.59133074118315	-2.76004688335371	-2.35869611593107	-1.96127693569374
-1.58483199884235	-2.74917105328396	-2.35124692913516	-1.95295652265103
-1.57833325650155	-2.72815599218308	-2.34161398693234	-1.95146768984126
-1.57183451416075	-2.72311296355805	-2.33160097472814	-1.9290601333245
-1.56533577181995	-2.71869486540291	-2.31999424536175	-1.91645179290327
-1.55883702947916	-2.70680251535474	-2.30999824487586	-1.91256714037082
-1.55233828713836	-2.69374272630351	-2.30167262246074	-1.90583857422286
-1.54583954479756	-2.69028317214188	-2.29489847036955	-1.89348509881316
-1.53934080245676	-2.68727243509531	-2.28269169179991	-1.89031323313408
-1.53284206011596	-2.67426536587	-2.27424173866793	-1.87719837076561
-1.52634331777517	-2.65879156806679	-2.26466212884488	-1.87014335875532
-1.51984457543437	-2.64726910923202	-2.25267294505219	-1.84647481525384
-1.51334583309357	-2.64666100863968	-2.24401098173066	-1.85022470672309
-1.50684709075277	-2.62895699854708	-2.23531318676397	-1.84207695871047
-1.50034834841197	-2.62317611630372	-2.22698603214081	-1.83376126071484
-1.49384960607118	-2.61407448890543	-2.21931473979036	-1.82113039595607
-1.48735086373038	-2.5960647997779	-2.20654670086514	-1.81009340185547
-1.48085212138958	-2.58907414655682	-2.19668130535315	-1.80746498857731
-1.47435337904878	-2.57777246773305	-2.18580311609852	-1.79197003267325
-1.46785463670798	-2.5750426485972	-2.17731008843828	-1.78308467631876
-1.46135589436719	-2.56172053318027	-2.16693733505311	-1.77259314426574
-1.45485715202639	-2.5462584688843	-2.16194724227733	-1.7690943862206
-1.44835840968559	-2.54059728385293	-2.15093494297758	-1.75900691283303
-1.44185966734479	-2.52961761803652	-2.13959034137433	-1.73866590456877
-1.43536092500399	-2.52080435296734	-2.12836517618524	-1.74146384421511
-1.4288621826632	-2.5240721596638	-2.12174843787348	-1.72686305650945
-1.4223634403224	-2.50524404316369	-2.11123259010649	-1.71671866267527
-1.4158646979816	-2.4961347176544	-2.09846948658111	-1.71281791815381
-1.4093659556408	-2.48192798903195	-2.09221562414226	-1.70752841742192
-1.4028672133	-2.47492245589598	-2.08346129525568	-1.68588140053421
-1.39636847095921	-2.46048022360847	-2.07441872417739	-1.68374365585999
-1.38986972861841	-2.45576470538512	-2.065913403411	-1.66813270712284
-1.38337098627761	-2.43672954569335	-2.05134924906763	-1.66067586810365
-1.37687224393681	-2.43647331337385	-2.04422747361041	-1.65069120765268
-1.37037350159601	-2.42334666329712	-2.03294866776394	-1.64737958249757
-1.36387475925522	-2.4178718727417	-2.02693884635866	-1.63666011205288
-1.35737601691442	-2.40625143756327	-2.01381069182963	-1.62484210623189
-1.35087727457362	-2.40075837538248	-2.0085831140859	-1.61837033319821
-1.34437853223282	-2.39080973861154	-1.99518898898213	-1.61524834659322
-1.33787978989202	-2.37782038359394	-1.99001722452628	-1.59835943548797
-1.33138104755123	-2.36720755088272	-1.9775576187595	-1.58637333576048
-1.32488230521043	-2.36294265785749	-1.96971851730574	-1.57823940443922
-1.31838356286963	-2.34906615247491	-1.9622221105719	-1.57265160269075
-1.31188482052883	-2.333393547258	-1.94957305909021	-1.55341780934283
-1.30538607818803	-2.32875358536126	-1.94084566164991	-1.55340943243322
-1.29888733584724	-2.32158195327237	-1.92900981102961	-1.54543927329275
-1.29238859350644	-2.30554059222528	-1.9244901786926	-1.53474617243751
-1.28588985116564	-2.30328104023444	-1.9141213226546	-1.52369884781674
-1.27939110882484	-2.29497904590044	-1.9046903628838	-1.50835359219198
-1.27289236648405	-2.27943653418861	-1.89410974950307	-1.50587635376133
-1.26639362414325	-2.27808795919855	-1.87935247031372	-1.4949583513969
-1.25989488180245	-2.26084862330193	-1.87843245500176	-1.48405622115227
-1.25339613946165	-2.25074039635989	-1.8656301366009	-1.47250157473047
-1.24689739712085	-2.2383208020892	-1.85214540055735	-1.46901947204061
-1.24039865478005	-2.22635559512375	-1.84579741595044	-1.45891266714374
-1.23389991243926	-2.22150512535794	-1.83542699188287	-1.44180206375704
-1.22740117009846	-2.21540982936771	-1.8248927220836	-1.4319506031084
-1.22090242775766	-2.2066670594444	-1.81805985601659	-1.43292260189041
-1.21440368541686	-2.19600743495436	-1.80690802486252	-1.41245184959828
-1.20790494307607	-2.1915582142485	-1.80057438962801	-1.41099511828783
-1.20140620073527	-2.17678294978614	-1.78765258524821	-1.40191843853925
-1.19490745839447	-2.16673769930909	-1.77959441177815	-1.3897243053471
-1.18840871605367	-2.1573474254953	-1.76903071475017	-1.38199861105954
-1.18190997371287	-2.14953455146725	-1.75795197725159	-1.37018918621777
-1.17541123137208	-2.14048664000525	-1.7512389247236	-1.3677179838787
-1.16891248903128	-2.13453061737182	-1.74237400543487	-1.35842394842278
-1.16241374669048	-2.12286225849971	-1.73398021549419	-1.34627455441374
-1.15591500434968	-2.10907305689452	-1.72059782130191	-1.33078594912369
-1.14941626200888	-2.10427500750287	-1.71147584160675	-1.32535300827216
-1.14291751966809	-2.08968487769317	-1.70364745288981	-1.31716687666749
-1.13641877732729	-2.08332375271445	-1.69546412110051	-1.31522593356752
-1.12992003498649	-2.06933243126766	-1.68370822556557	-1.30049900393483
-1.12342129264569	-2.06413144498663	-1.67693160674151	-1.28453532239107
-1.11692255030489	-2.0573003838046	-1.66375649906897	-1.27927510950485
-1.1104238079641	-2.0488090391964	-1.65410956208304	-1.27035450650189
-1.1039250656233	-2.02345097278455	-1.64432428866774	-1.25928683082199
-1.0974263232825	-2.02515721106346	-1.64053250021039	-1.25909789325411
-1.0909275809417	-2.01594588699947	-1.62623620272556	-1.24646171325372
-1.0844288386009	-2.0041262323875	-1.61516736359231	-1.23133307237933
-1.07793009626011	-1.99018776436133	-1.60644955739476	-1.21648329254421
-1.07143135391931	-1.98315976253889	-1.59861240920044	-1.2091111462436
-1.06493261157851	-1.97830093868947	-1.59082252824097	-1.20225908848361
-1.05843386923771	-1.9704298622183	-1.57970161102166	-1.19223045387429
-1.05193512689691	-1.95539127990083	-1.57013647656069	-1.18555510157666
-1.04543638455612	-1.9489011510691	-1.55863600042075	-1.17724780576371
-1.03893764221532	-1.93199020544582	-1.55280561361903	-1.16677693748409
-1.03243889987452	-1.92575739390292	-1.54347014009741	-1.16029820140048
-1.02594015753372	-1.91997960839188	-1.53595940676649	-1.14587781495556
-1.01944141519292	-1.90714792097969	-1.52548257718163	-1.13785470867183
-1.01294267285213	-1.89229916949299	-1.5114402927604	-1.12532794485253
-1.00644393051133	-1.89213852115448	-1.50564313258973	-1.12214015949315
-0.99994518817053	-1.87588830292113	-1.49390330726628	-1.11148896315905
-0.993446445829732	-1.86427246820259	-1.48629979515861	-1.10073988762439
-0.986947703488934	-1.8636504580054	-1.47838725546607	-1.08770040091066
-0.980448961148136	-1.85110856619879	-1.46783358694473	-1.08485192664046
-0.973950218807338	-1.8408623083376	-1.45769399917738	-1.07203157218269
-0.96745147646654	-1.82948379872139	-1.44794607951524	-1.06591729208793
-0.960952734125742	-1.81810825783029	-1.43646236307334	-1.04958097438149
-0.954453991784944	-1.81500113243699	-1.42838113047828	-1.03958686548699
-0.947955249444146	-1.80507430592099	-1.42183195342261	-1.03459646668198
-0.941456507103348	-1.79596808623503	-1.40865450808031	-1.01966515154296
-0.93495776476255	-1.78457843115617	-1.39887153776712	-1.01734366366756
-0.928459022421752	-1.77571452508923	-1.39230981157337	-1.0053497713444
-0.921960280080954	-1.76294604504284	-1.38125999426822	-0.984943842927469
-0.915461537740156	-1.75491787294014	-1.37024708944482	-0.986824595167329
-0.908962795399358	-1.74980031071054	-1.36012041877167	-0.979034913476879
-0.90246405305856	-1.73021383970082	-1.35042158825026	-0.974620034983531
-0.895965310717762	-1.72463542859135	-1.34173888235457	-0.961350288951299
-0.889466568376964	-1.71382165104733	-1.33067306788115	-0.950158757355412
-0.882967826036166	-1.70067084176503	-1.31985796902042	-0.936056819849382
-0.876469083695368	-1.69924015728381	-1.31575044471463	-0.931951355470834
-0.86997034135457	-1.68577106321181	-1.30576570714643	-0.932466300389407
-0.863471599013772	-1.67133502498725	-1.29635782963053	-0.917058311230666
-0.856972856672974	-1.66349613838202	-1.28264218455953	-0.903685238455442
-0.850474114332176	-1.65866658083758	-1.27524855249365	-0.890059640568444
-0.843975371991378	-1.64844453993116	-1.26469278715707	-0.886646027887527
-0.83747662965058	-1.63502870755497	-1.25711892285604	-0.877310560335548
-0.830977887309782	-1.62541397367091	-1.24715957804965	-0.866632819912197
-0.824479144968984	-1.61803244715111	-1.24070726331772	-0.862175242475164
-0.817980402628186	-1.60817458644178	-1.22689601757997	-0.849483856192729
-0.811481660287388	-1.60416906231546	-1.21500612448042	-0.839602469624597
-0.80498291794659	-1.60062246477617	-1.20884495141172	-0.834426241945934
-0.798484175605792	-1.57337486739127	-1.1985867316913	-0.819391974391232
-0.791985433264994	-1.56967521544871	-1.18962132236637	-0.816569609271895
-0.785486690924196	-1.55676232013197	-1.17962276021603	-0.799947714957035
-0.778987948583398	-1.5499961189952	-1.16920141106978	-0.789444535765628
-0.772489206242601	-1.54046663337464	-1.16097228582559	-0.777196683375674
-0.765990463901802	-1.52765357497878	-1.15341643920346	-0.772307040713786
-0.759491721561005	-1.51386201531175	-1.14398747076095	-0.763645705194177
-0.752992979220207	-1.51837065756638	-1.13364266635743	-0.755090119837931
-0.746494236879409	-1.49968835959439	-1.12241717058922	-0.744409555647609
-0.739995494538611	-1.49441487328981	-1.11258824252146	-0.732847263889367
-0.733496752197813	-1.48930213093881	-1.10456033510014	-0.723545782369528
-0.726998009857015	-1.47870656505688	-1.09533784430336	-0.712535213338494
-0.720499267516217	-1.46746914324445	-1.08688741659075	-0.703427497164151
-0.714000525175419	-1.45357329822983	-1.0748006404703	-0.695359773070335
-0.707501782834621	-1.43907501400098	-1.06608323521843	-0.688787513041265
-0.701003040493823	-1.4347305803196	-1.05623078421716	-0.671375183839549
-0.694504298153025	-1.4259656623393	-1.04546841136442	-0.67037003711504
-0.688005555812227	-1.41299092277035	-1.03762958202743	-0.660299167025922
-0.681506813471429	-1.4007130547628	-1.02855311213866	-0.650000772743611
-0.675008071130631	-1.39946852411017	-1.01777345916786	-0.639754036296707
-0.668509328789833	-1.3845774128589	-1.00801280762384	-0.633894945050031
-0.662010586449035	-1.37507807545173	-1.00016834769781	-0.622654799595472
-0.655511844108237	-1.37048965383162	-0.991720474025056	-0.610949391276035
-0.649013101767439	-1.35899862780442	-0.981440670665008	-0.609832029004806
-0.642514359426641	-1.34888636383442	-0.970278016780304	-0.587611056300007
-0.636015617085843	-1.33859439929645	-0.963458832339773	-0.586534147403458
-0.629516874745045	-1.32708581788719	-0.950572437461678	-0.568586351753128
-0.623018132404247	-1.3192760342737	-0.943899352899093	-0.557085933427107
-0.616519390063449	-1.31048272922382	-0.932897760281549	-0.562532744036793
-0.610020647722651	-1.30144092194835	-0.923783601354659	-0.549700171275476
-0.603521905381853	-1.29576641206329	-0.910737620052886	-0.542325964995284
-0.597023163041055	-1.28204088045745	-0.903328241915593	-0.523614996374327
-0.590524420700257	-1.27574083240855	-0.896410331991701	-0.522331822911867
-0.584025678359459	-1.26681731035499	-0.888291685785453	-0.508379351030877
-0.577526936018661	-1.2472421222326	-0.875859107574958	-0.5001719684636
-0.571028193677863	-1.23921932282316	-0.8663683116149	-0.49388274889553
-0.564529451337065	-1.23420120965555	-0.857606329297413	-0.479536893923545
-0.558030708996267	-1.22268140227508	-0.847385361501846	-0.463609258638291
-0.551531966655469	-1.21540969018283	-0.838557081937437	-0.460368668647354
-0.545033224314671	-1.20527887687705	-0.830346228911496	-0.448390979050586
-0.538534481973873	-1.19723051339242	-0.820117089732143	-0.443670228416977
-0.532035739633075	-1.18416914763543	-0.81107996971409	-0.43664869457765
-0.525536997292277	-1.18086668669993	-0.796922256468943	-0.415978261100067
-0.519038254951479	-1.16475084499745	-0.792348804034905	-0.418164580226498
-0.512539512610681	-1.15613831680543	-0.78442758908186	-0.403766332094317
-0.506040770269883	-1.14744692577383	-0.770766065974945	-0.396796345345221
-0.499542027929085	-1.13658873132546	-0.762097460970475	-0.388211122651247
-0.493043285588287	-1.1303300627318	-0.751537750716324	-0.377031327932998
-0.486544543247489	-1.10945566000106	-0.745433425536793	-0.372666925746277
-0.480045800906691	-1.10818223664802	-0.733831757956099	-0.361011749647339
-0.473547058565893	-1.09767731948938	-0.726106998704447	-0.344121137092204
-0.467048316225096	-1.08353066638304	-0.712482137133573	-0.343277642304254
-0.460549573884298	-1.07505378942749	-0.703235440708403	-0.328181401936296
-0.454050831543499	-1.07504630277464	-0.695498228184258	-0.328006090684331
-0.447552089202702	-1.06057878218744	-0.688719561680836	-0.311317202495527
-0.441053346861904	-1.05491351489458	-0.679359113339641	-0.302055001536496
-0.434554604521106	-1.04310973200079	-0.669483207712644	-0.297229342287862
-0.428055862180308	-1.03323576870566	-0.657261958814184	-0.285653876514512
-0.42155711983951	-1.03132233110836	-0.64688384515657	-0.273973818146886
-0.415058377498712	-1.01366089851895	-0.6393531190123	-0.263730904708994
-0.408559635157914	-1.00086098483922	-0.631982608132733	-0.259120971161181
-0.402060892817116	-0.984709713266344	-0.620206551671746	-0.249549638103412
-0.395562150476318	-0.98618618917694	-0.610232458993257	-0.239257209351258
-0.38906340813552	-0.974728459271432	-0.601959563760996	-0.226496595211041
-0.382564665794722	-0.967091063895795	-0.590232435160772	-0.216978968044898
-0.376065923453924	-0.955339667056457	-0.582025902673159	-0.211005252744058
-0.369567181113126	-0.950315415244405	-0.570807625501604	-0.20190249549812
-0.363068438772328	-0.938833605740252	-0.567709612072959	-0.197310037322795
-0.35656969643153	-0.926835438516874	-0.554299507944627	-0.185750293987826
-0.350070954090732	-0.916321935661334	-0.545837389353783	-0.17062450765903
-0.343572211749934	-0.906452917264285	-0.53454962258736	-0.161695978528562
-0.337073469409136	-0.89525170789916	-0.526800029408524	-0.152189408719847
-0.330574727068338	-0.886815252340953	-0.51382745311619	-0.144167819639408
-0.32407598472754	-0.883735653877833	-0.503563280818199	-0.136023831657825
-0.317577242386742	-0.87548742021007	-0.497449562350605	-0.126188886351477
-0.311078500045944	-0.857975840305562	-0.488455213034387	-0.115689228278779
-0.304579757705146	-0.846337533405178	-0.479162476143147	-0.105649188151151
-0.298081015364348	-0.845076540213348	-0.466770455960447	-0.0976834374398083
-0.29158227302355	-0.833741316759234	-0.458946038990308	-0.0879164192831504
-0.285083530682752	-0.819078360307387	-0.447736305482599	-0.078129187784701
-0.278584788341954	-0.81023473601031	-0.439082802544375	-0.0686586585514808
-0.272086046001156	-0.800796970216119	-0.429999881891922	-0.0555596624307104
-0.265587303660358	-0.7920126342863	-0.420377892506986	-0.0476414944502432
-0.25908856131956	-0.777037126520215	-0.413779842027655	-0.040627111322737
-0.252589818978762	-0.773114636101828	-0.401344535665153	-0.0261217818197602
-0.246091076637964	-0.768107396037453	-0.394181463205884	-0.0126361139791219
-0.239592334297166	-0.75822880917254	-0.383115798205262	-0.0148803727284204
-0.233093591956368	-0.744086435115187	-0.375310913767086	0.000125937138863908
-0.22659484961557	-0.734249179697567	-0.365389088800125	0.00873169504490847
-0.220096107274772	-0.726243485344064	-0.357640340005752	0.012653128559641
-0.213597364933974	-0.712898985490352	-0.344956703068123	0.0197912364819401
-0.207098622593176	-0.703842093807057	-0.334235639429098	0.035203291478106
-0.200599880252378	-0.696595498867983	-0.325710633289595	0.0496859554684834
-0.19410113791158	-0.690197866678127	-0.316498993831662	0.0564895990280403
-0.187602395570782	-0.674184142364015	-0.307258503902628	0.0635114691161414
-0.181103653229984	-0.668751408668898	-0.294979073063651	0.0740735411522739
-0.174604910889187	-0.659412249259215	-0.289021430702397	0.0814801688256123
-0.168106168548388	-0.64750552723424	-0.278917420798625	0.0908031661364244
-0.16160742620759	-0.64022486708652	-0.268662884945451	0.103048124614901
-0.155108683866793	-0.631909730342711	-0.259940743716094	0.110796817578928
-0.148609941525994	-0.626452096324358	-0.249229882140017	0.121305589986928
-0.142111199185196	-0.611650005236563	-0.240483188793953	0.135992544477212
-0.135612456844399	-0.603878071165217	-0.233356740800857	0.134159076844112
-0.129113714503601	-0.588016949841192	-0.221730186691592	0.147203286976041
-0.122614972162802	-0.585162698721788	-0.212626099298257	0.155713351816054
-0.116116229822005	-0.574243097973136	-0.202268755568385	0.167489229461391
-0.109617487481207	-0.556824495020501	-0.192617657504632	0.176450174190282
-0.103118745140409	-0.550728689719329	-0.180920288319391	0.190077676502866
-0.0966200027996107	-0.545668570957786	-0.174059788790348	0.19701130535331
-0.0901212604588126	-0.533543367617185	-0.166709123322415	0.206093339513238
-0.0836225181180148	-0.530752775726959	-0.156297791485145	0.215098585194629
-0.0771237757772167	-0.51464158965067	-0.142296188941396	0.228481457439645
-0.0706250334364187	-0.506004026628527	-0.136624939376578	0.231711100738892
-0.0641262910956208	-0.495485221009948	-0.126157784288695	0.246240929186474
-0.0576275487548228	-0.489945901144979	-0.117374880127096	0.252899333787997
-0.0511288064140247	-0.474141646601228	-0.108416042568018	0.258173437775472
-0.0446300640732269	-0.466910209288633	-0.100043614699002	0.272580383469802
-0.0381313217324288	-0.462219208381595	-0.0880804113888422	0.275257239496095
-0.0316325793916308	-0.452258966162887	-0.0804303298563298	0.292858973168077
-0.0251338370508329	-0.431510402266955	-0.0687319927853525	0.300176906391078
-0.0186350947100349	-0.433958067960667	-0.0615747874310843	0.309856302574141
-0.0121363523692368	-0.421702715574296	-0.0541982489457213	0.320491388225494
-0.00563761002843899	-0.412036464139352	-0.0401634217648777	0.323251454340537
0.00086113231235907	-0.402310777828395	-0.0328175448091194	0.335923362029771
0.00735987465315691	-0.389799038927844	-0.0235672263360877	0.341001620581369
0.013858616993955	-0.375691694535081	-0.0118481588845978	0.356011919736956
0.020357359334753	-0.370824770817228	-0.00212174548055201	0.368258602849028
0.0268561016755509	-0.369431630172879	0.00705659807680197	0.380584456830467
0.0333548440163489	-0.348345508255394	0.0144601946433479	0.380058344014826
0.039853586357147	-0.344822714690537	0.0264119244465799	0.386553345524874
0.0463523286979448	-0.332334744346101	0.0352788554511883	0.401811099738125
0.0528510710387429	-0.32525521313145	0.0438906747894712	0.420662669193819
0.0593498133795409	-0.31242985739688	0.0511461321397279	0.43129141447196
0.0658485557203388	-0.303193883077837	0.0647606445050823	0.425411962661843
0.0723472980611368	-0.293364011622877	0.0721417264932584	0.443473953738708
0.0788460404019349	-0.283023205692848	0.0850210837160082	0.450046330399209
0.0853447827427327	-0.276548780544636	0.0917852072032326	0.455007560175211
0.0918435250835308	-0.263692401029484	0.105045161448217	0.470220885174898
0.0983422674243286	-0.263392142316281	0.111752319298264	0.479601146023205
0.104841009765127	-0.249956110886685	0.123326858988001	0.481941157330494
0.111339752105925	-0.236577561547513	0.128985284698387	0.493448267033464
0.117838494446723	-0.231101263049099	0.140527119982628	0.50890804926663
0.124337236787521	-0.21245097773705	0.150447064995063	0.518715249635831
0.130835979128319	-0.20637469108819	0.159608017893431	0.521917924677716
0.137334721469117	-0.191209000413225	0.168491266029766	0.531850904373733
0.143833463809915	-0.189905749972098	0.178178412606082	0.547152146228212
0.150332206150713	-0.182162620163211	0.1851143362628	0.551972922367415
0.15683094849151	-0.161306292037387	0.194084918228403	0.564181733960638
0.163329690832308	-0.165016433578065	0.205357055176178	0.57594669657149
0.169828433173107	-0.150881108064768	0.213926352196252	0.579640625023214
0.176327175513904	-0.138633252235503	0.226628452806377	0.592279280490652
0.182825917854702	-0.128487524181356	0.234821425465222	0.599749788441123
0.189324660195501	-0.124001027580084	0.24536603979701	0.610760282528671
0.195823402536298	-0.115384918433105	0.251541767995626	0.629163355339049
0.202322144877096	-0.104396609416866	0.262348684775412	0.625086530327336
0.208820887217894	-0.0896766542759136	0.273128258062781	0.641063892044981
0.215319629558692	-0.0819799693616964	0.283162222082778	0.640607118493464
0.22181837189949	-0.0733233520713717	0.291063025440422	0.653361156317313
0.228317114240288	-0.0598694271891173	0.300089300954263	0.660399840977749
0.234815856581086	-0.0510168929972478	0.310000662909145	0.670563261806869
0.241314598921884	-0.0494966983937635	0.320709136590165	0.685561662250767
0.247813341262682	-0.0337576925356032	0.330046151305232	0.696232747563644
0.25431208360348	-0.025863875481486	0.338301414750842	0.703019230444155
0.260810825944278	-0.0211678295733596	0.347467579759953	0.720162727061411
0.267309568285076	-0.0064601907611644	0.357174490194637	0.724106685190675
0.273808310625874	0.00584883333003768	0.366096391929069	0.730528504800332
0.280307052966672	0.0122357983344535	0.374878004502757	0.74599435466899
0.28680579530747	0.0270834832590686	0.386518968470112	0.748680236861615
0.293304537648268	0.0313258912374159	0.395439894017337	0.759985806404678
0.299803279989066	0.0445425540297699	0.404295195758238	0.770666222183751
0.306302022329864	0.0453136402356299	0.415495703699952	0.780370829652625
0.312800764670662	0.0624243218943148	0.424399145791654	0.795961585639913
0.31929950701146	0.0683279654290522	0.436114501286245	0.802446125730848
0.325798249352258	0.080952684161695	0.443079416127639	0.805401205646126
0.332296991693056	0.087596663846174	0.454117302821948	0.821715048658853
0.338795734033854	0.0977992428166983	0.46414408844489	0.827304725710094
0.345294476374652	0.109976439627718	0.472864013311109	0.832329463228735
0.35179321871545	0.115041652015151	0.480264236335907	0.847119903726735
0.358291961056248	0.120973111701997	0.494578254922821	0.857646128457037
0.364790703397046	0.135942520113052	0.504306564338824	0.86202354855197
0.371289445737844	0.149923629579924	0.506208707074414	0.882115947816057
0.377788188078642	0.156768214971712	0.519940712756089	0.887793765424803
0.38428693041944	0.162453448075039	0.529389406249372	0.890620578575509
0.390785672760238	0.166390213550896	0.538258424950898	0.907364509776706
0.397284415101036	0.180971693012242	0.548270631550011	0.912011654164748
0.403783157441834	0.190274212305995	0.555938928011742	0.922958022468415
0.410281899782632	0.204019723886457	0.565157771443493	0.931295287372733
0.41678064212343	0.21553935746904	0.577122697597794	0.944293028782153
0.423279384464228	0.216719364887487	0.586170133867898	0.948373580747002
0.429778126805026	0.228267211836114	0.594853646620015	0.957156490798551
0.436276869145824	0.239270289018985	0.607376633745799	0.973075524636148
0.442775611486621	0.255506851781505	0.617922043533937	0.978597671414377
0.44927435382742	0.252505840390793	0.622784559670543	0.990387945002944
0.455773096168218	0.271026167302138	0.634823478165961	0.998085050758811
0.462271838509015	0.280004967098791	0.643685028113962	1.00520777104667
0.468770580849814	0.290739351618281	0.653871695854669	1.02046939879331
0.475269323190612	0.301541165063713	0.661318937716881	1.03066389399575
0.481768065531409	0.303832932667981	0.671828302231937	1.02978898979294
0.488266807872208	0.31837738093226	0.682010498223584	1.05306395258779
0.494765550213006	0.321767286966576	0.690741162267067	1.05174009756821
0.501264292553803	0.347307490141507	0.699094038721712	1.0651064991551
0.507763034894602	0.346602460181777	0.709735720406402	1.07436117051575
0.514261777235399	0.348345905996647	0.718850213997103	1.08004057264287
0.520760519576197	0.358465561832197	0.72811320081454	1.08617029997189
0.527259261916996	0.372075790577318	0.737292319925154	1.10762122589453
0.533758004257793	0.382345350985172	0.749104213153194	1.11834654500454
0.540256746598591	0.392986400021971	0.754956830865016	1.12583993837098
0.546755488939389	0.405767944302327	0.76735796410715	1.12669327954529
0.553254231280187	0.412636103395592	0.773318191556622	1.13486689215792
0.559752973620985	0.424103429461168	0.787045903347153	1.15207712168297
0.566251715961783	0.435928830847991	0.795247704694279	1.16101175015541
0.572750458302581	0.434466359025459	0.805681858705822	1.17002302454685
0.579249200643379	0.457220655146676	0.813392246320557	1.17449459781934
0.585747942984177	0.456125081091756	0.823157730439517	1.18836139175153
0.592246685324975	0.46902419525799	0.832772577110991	1.19967849402229
0.598745427665773	0.479839211297339	0.843358201402513	1.2049299109741
0.605244170006571	0.484738550035895	0.850147386792448	1.21590153209677
0.611742912347369	0.498690556988601	0.862622386123436	1.2187181221836
0.618241654688167	0.509970457627287	0.872372809996297	1.23107038612363
0.624740397028965	0.513314599528893	0.879194045718809	1.24123009235533
0.631239139369763	0.529457005535833	0.891052633568933	1.25226784117282
0.637737881710561	0.540210729558757	0.902044481867965	1.26084021688669
0.644236624051359	0.545918766343984	0.910495210114694	1.27185292567021
0.650735366392157	0.556271612755786	0.922314107050006	1.28010322392585
0.657234108732955	0.567361109040541	0.928289427037389	1.29160543504311
0.663732851073753	0.573493370329782	0.933544802765212	1.30075866434136
0.670231593414551	0.583852205384724	0.948664137543489	1.30582246603857
0.676730335755349	0.594064932607098	0.957034613246012	1.31916371850428
0.683229078096147	0.602711297527242	0.966038450478442	1.33192249934879
0.689727820436945	0.612699913864319	0.97973047754312	1.34361840912052
0.696226562777743	0.624138124516888	0.983910618084192	1.34163910686673
0.702725305118541	0.625495714866143	0.994982875659816	1.36490585662742
0.709224047459339	0.642772025489137	1.00371520849012	1.36309315140536
0.715722789800137	0.652627595899821	1.01318699650348	1.37451909185326
0.722221532140935	0.669032965509756	1.02286885186805	1.38418611314322
0.728720274481733	0.677507504155179	1.03291666775744	1.3907424196369
0.735219016822531	0.680091823518925	1.04330972243168	1.39622621173495
0.741717759163329	0.683539067866688	1.05036901576383	1.41651511136778
0.748216501504126	0.701540326787066	1.06203306120016	1.42924506835991
0.754715243844925	0.712292771916326	1.07256426882063	1.43037015803672
0.761213986185723	0.714256838815725	1.0825441287914	1.44237717959848
0.76771272852652	0.730830764848417	1.09018587805378	1.45221353913212
0.774211470867319	0.743851915595428	1.1004708242816	1.46400502882758
0.780710213208117	0.743677327510984	1.10843553783269	1.468776817646
0.787208955548914	0.759813878790192	1.11727003779922	1.47857163651385
0.793707697889713	0.757375510979984	1.12580018279019	1.48684173545772
0.80020644023051	0.772099936237656	1.13631138572053	1.49531192551417
0.806705182571308	0.784700776231631	1.14879692909278	1.5125232853262
0.813203924912107	0.794696461883029	1.15592819207696	1.51547146267208
0.819702667252904	0.814578150940254	1.16938214290852	1.52898210977321
0.826201409593702	0.822033306598056	1.17602412217836	1.53715039515154
0.832700151934501	0.817501001349276	1.18610780256326	1.55101183670757
0.839198894275298	0.833701258194882	1.19790668457594	1.55968819566657
0.845697636616096	0.841984236056037	1.20304854016842	1.56514092117073
0.852196378956894	0.851530696091564	1.21230021022368	1.57231818978765
0.858695121297692	0.859337294170681	1.22088537344453	1.5790382626733
0.86519386363849	0.867301122204468	1.23006923734069	1.59708532255581
0.871692605979288	0.875065623499706	1.24169462683957	1.60649049008992
0.878191348320086	0.882306637130638	1.25152457041187	1.61133422408591
0.884690090660884	0.894811171284641	1.26170274898019	1.62383777295516
0.891188833001682	0.905674251234444	1.27087105113881	1.63553765996044
0.89768757534248	0.915854506306193	1.2802080215243	1.63645586768786
0.904186317683278	0.922495082408915	1.28781287381391	1.6499497100223
0.910685060024076	0.937607221608663	1.29867737187869	1.6597866668782
0.917183802364874	0.946980803869411	1.30769849100293	1.67075055573136
0.923682544705672	0.956730700148757	1.31838462497591	1.67714129205997
0.93018128704647	0.96515018476696	1.32524057908576	1.68786464663639
0.936680029387268	0.974709073568321	1.3367879537788	1.69724607670941
0.943178771728066	0.986998625805885	1.34779173126834	1.71452444804947
0.949677514068864	0.99929606671009	1.35368303287266	1.71820313220628
0.956176256409662	1.00249913489407	1.36697096033098	1.72940277523297
0.96267499875046	1.00944295826391	1.37387442372614	1.73210516265338
0.969173741091258	1.01816191084964	1.38204747008509	1.7478678916733
0.975672483432056	1.03392291491628	1.39357225856041	1.7619202909814
0.982171225772854	1.034062555764	1.40508220015056	1.76346888295733
0.988669968113652	1.04833431337324	1.41119394909261	1.77154492634022
0.99516871045445	1.05811718526635	1.42240757747367	1.779932948749
1.00166745279525	1.06991237693825	1.43055652047291	1.79433998032575
1.00816619513605	1.07873728184793	1.44168563923149	1.80231832433053
1.01466493747684	1.08731617261754	1.45169579220683	1.81491345648579
1.02116367981764	1.10150039536749	1.4605493530497	1.82972309633714
1.02766242215844	1.11270259519231	1.46911912074122	1.83061450835942
1.03416116449924	1.11962815561593	1.48026748705587	1.84270041512402
1.04065990684004	1.12935117445517	1.49030569221149	1.85336872926749
1.04715864918083	1.13419993565716	1.50007703804425	1.86782824220947
1.05365739152163	1.14947745099637	1.51067647230135	1.868836519859
1.06015613386243	1.15227886058435	1.51784553313808	1.88279612917364
1.06665487620323	1.16392489700443	1.52427940169904	1.89327684743906
1.07315361854403	1.1755393987625	1.53792607054909	1.89655460990071
1.07965236088482	1.18723685712399	1.54839201710487	1.90797761121135
1.08615110322562	1.19311922845815	1.55143788542072	1.91466736604961
1.09264984556642	1.20702175361069	1.56663318620057	1.92903146645233
1.09914858790722	1.21266559723777	1.57518602042585	1.94070954959085
1.10564733024802	1.21785093211595	1.58419300515514	1.9474232674801
1.11214607258881	1.23793630221817	1.59502716943166	1.95243104463953
1.11864481492961	1.24028575471401	1.60220396969202	1.96211870642517
1.12514355727041	1.2562322249014	1.61235741035169	1.97319356602736
1.13164229961121	1.26286102919076	1.62321938317136	1.98814136154499
1.13814104195201	1.2749880995231	1.63116256943191	1.99157734534882
1.1446397842928	1.28523232126916	1.64010961212825	2.00406177926171
1.1511385266336	1.28931910262723	1.64924313664119	2.01322485365735
1.1576372689744	1.29888302564233	1.66360434302144	2.01715006920213
1.1641360113152	1.3038049448921	1.66577662342812	2.03040093685468
1.170634753656	1.3143948983235	1.67795055731096	2.0381783748369
1.17713349599679	1.33077552897196	1.69130628043466	2.0522130972912
1.18363223833759	1.33113674027562	1.6961027354619	2.05993126500037
1.19013098067839	1.34466460548072	1.70736849280216	2.07553920000075
1.19662972301919	1.35527395480241	1.71580164525081	2.07737975319328
1.20312846535999	1.36283616461518	1.72632738959391	2.09402118259587
1.20962720770078	1.37344365750286	1.73691165822512	2.09704233938453
1.21612595004158	1.3833320856221	1.7448512901295	2.10277006703859
1.22262469238238	1.39191601502643	1.75351455677305	2.11276590453866
1.22912343472318	1.40807698180616	1.76472232119347	2.12723788704425
1.23562217706398	1.40483739088247	1.7742221218594	2.13215682826677
1.24212091940477	1.43032459772499	1.78666145819802	2.147456286542
1.24861966174557	1.43050575568041	1.79273196536782	2.15173660954623
1.25511840408637	1.44210586940664	1.80698092786324	2.16281193679847
1.26161714642717	1.446592396447	1.81479473178392	2.16799963729061
1.26811588876796	1.45940233637865	1.82189095906125	2.18548971676875
1.27461463110876	1.46396316288551	1.83147382116585	2.19297453050272
1.28111337344956	1.47162557740922	1.83867177077678	2.19767579772875
1.28761211579036	1.48901966168602	1.8473176126701	2.21329919436632
1.29411085813116	1.50304619907538	1.86207324959203	2.22419561167224
1.30060960047195	1.50592852401951	1.86949485105154	2.23258764998471
1.30710834281275	1.5167605223659	1.87635529225444	2.23789704663616
1.31360708515355	1.52453584244773	1.88955697330004	2.25353668412614
1.32010582749435	1.53221851379701	1.89500940339876	2.25794517275283
1.32660456983515	1.54717681177494	1.90989879488445	2.27453337503572
1.33310331217594	1.55702461307963	1.91877399404246	2.27980086855185
1.33960205451674	1.56317857533212	1.92543842540783	2.28551510279907
1.34610079685754	1.57097267888951	1.93497288235301	2.29737702669376
1.35259953919834	1.57913323552014	1.94542200894936	2.31273236504921
1.35909828153914	1.5945369096684	1.95579240947442	2.31838653998241
1.36559702387993	1.59874245844821	1.96300420099699	2.31964966947
1.37209576622073	1.60894787505837	1.97306711552428	2.3284104777677
1.37859450856153	1.62578905807867	1.9839895750986	2.34745716783532
1.38509325090233	1.63264679943056	1.99269745188908	2.35223563078227
1.39159199324313	1.6363821842267	1.99900971323303	2.3595140302434
1.39809073558392	1.64335909601102	2.01159957323026	2.36917600984448
1.40458947792472	1.65619541738428	2.02138706901052	2.38672702371587
1.41108822026552	1.66624643161345	2.03071076437169	2.38954532747089
1.41758696260632	1.67861866726439	2.04170016182732	2.4020483986024
1.42408570494712	1.68660851789646	2.04810052921426	2.41375798033428
1.43058444728791	1.69648284583808	2.06036316461232	2.42204522451904
1.43708318962871	1.70932124104801	2.07057440258381	2.43278334749159
1.44358193196951	1.71745747906508	2.07981263696732	2.44066982776105
1.45008067431031	1.72621301066041	2.08930912311122	2.44741406715506
1.45657941665111	1.73809522531411	2.09992374047695	2.4570670103858
1.4630781589919	1.74944910988164	2.10570133563243	2.47598127903031
1.4695769013327	1.7496638947548	2.11655930972381	2.47849492958636
1.4760756436735	1.76797304193746	2.12749473820923	2.49086334204406
1.4825743860143	1.778076742817	2.13414951047918	2.49627853083608
1.4890731283551	1.78365067852857	2.14342731436651	2.50302434932035
1.49557187069589	1.79672724927743	2.15471850119262	2.52046196743829
1.50207061303669	1.80296092903374	2.16663431158182	2.52744567527938
1.50856935537749	1.81221345270535	2.17219115639496	2.5397963344482
1.51506809771829	1.82259551342392	2.18162621413501	2.54740392310292
1.52156684005909	1.83647800489343	2.19403824716494	2.55656980154461
1.52806558239988	1.83727483840927	2.2025283297855	2.56992868590705
1.53456432474068	1.85264796173402	2.21101146198143	2.576544466152
1.54106306708148	1.86439150436363	2.22210984708353	2.57949541956821
1.54756180942228	1.86736522115405	2.23145536174186	2.59581966145318
1.55406055176308	1.87673489442756	2.24138258809982	2.6031674962917
1.56055929410387	1.88318462486041	2.24708595166287	2.60969618946031
1.56705803644467	1.8945610409652	2.25695098322921	2.61665017609511
1.57355677878547	1.90569984194826	2.26634110110408	2.63561427271667
1.58005552112627	1.91646168390039	2.2750590658289	2.64014491192385
1.58655426346707	1.9183346362052	2.2871462289236	2.65130295839287
1.59305300580786	1.9266765513686	2.29693184720012	2.65446416441999
1.59955174814866	1.94418742333131	2.30764829638681	2.6694169593275
1.60605049048946	1.94918460972177	2.31798425857821	2.6759462901407
1.61254923283026	1.96723714691403	2.32404349662069	2.68445770892606
1.61904797517106	1.96227773570241	2.33212775338355	2.69678065792327
1.62554671751185	1.98054423204485	2.34238609504355	2.70017881663887
1.63204545985265	1.9909340725564	2.35190535720238	2.71736131528883
1.63854420219345	1.9960216497963	2.36201915142202	2.7288279171243
1.64504294453425	2.00650013944876	2.36975878978218	2.73380773861755
1.65154168687505	2.0180103566936	2.38212802905902	2.74717295033472
1.65804042921584	2.02798072333823	2.39132572660345	2.75275579638135
1.66453917155664	2.03994274934831	2.40606156416385	2.76876063568431
1.67103791389744	2.05042400790784	2.40982927814923	2.77496125975082
1.67753665623824	2.05348274110363	2.42381583575847	2.78467244240413
1.68403539857904	2.06441857065642	2.43063114823562	2.79553759017748
1.69053414091983	2.07659234625113	2.43905704597591	2.80256503335258
1.69703288326063	2.09174904259448	2.4505374341631	2.81105396126518
1.70353162560143	2.09245338494086	2.45711102417087	2.82161100123675
1.71003036794223	2.09592518480927	2.46728904126113	2.83364140008678
1.71652911028303	2.10966051084734	2.47524627126835	2.83794522965907
1.72302785262382	2.12472082638028	2.48781582973926	2.84985404067494
1.72952659496462	2.12798411652057	2.49605647111632	2.86014128594786
1.73602533730542	2.14202630511172	2.50522152575205	2.87106723890427
1.74252407964622	2.15057301643079	2.51452570316859	2.87766146330691
1.74902282198702	2.1587974002832	2.52289657284881	2.88883939328845
1.75552156432781	2.16989039758562	2.53704065439881	2.89441737296632
1.76202030666861	2.17840756796605	2.54213624223988	2.90376611499989
1.76851904900941	2.18676192192507	2.5532709627122	2.92387960309955
1.77501779135021	2.20189261017121	2.5628064920771	2.93227922893704
1.78151653369101	2.20618480834371	2.57439297377269	2.94356604917456
1.7880152760318	2.21528327918924	2.582396173723	2.94628345668021
1.7945140183726	2.22704065588054	2.59209230814188	2.95602720717317
1.8010127607134	2.2392872388002	2.59987986120347	2.96256297314732
1.8075115030542	2.25422748069716	2.61098945166592	2.97264783866144
1.814010245395	2.25604671611122	2.61682508636771	2.9842606449889
1.82050898773579	2.27173830157778	2.63106753459858	2.99640299760157
1.82700773007659	2.27371575563938	2.64013699440096	2.99855153028192
1.83350647241739	2.27888775881895	2.64774375645241	3.01357894303852
1.84000521475819	2.29305530090875	2.65700428817632	3.01909179466613
1.84650395709899	2.3044168511292	2.66916722078251	3.03024223854967
1.85300269943978	2.31364082775053	2.67744902029775	3.04273530601374
1.85950144178058	2.3238117928587	2.68828135057176	3.05231964890838
1.86600018412138	2.33282819192587	2.69746141832532	3.05845759977605
1.87249892646218	2.34037372048691	2.70590859576675	3.06831107369799
1.87899766880298	2.34998686693231	2.71341192577404	3.08131493985851
1.88549641114377	2.35873167357943	2.72384716193991	3.08762316859079
1.89199515348457	2.37138692080355	2.73186349964056	3.09960809770813
1.89849389582537	2.38106800698132	2.7438544244275	3.10249348098706
1.90499263816617	2.39158101937946	2.75155896560682	3.11562042419095
1.91149138050696	2.39544466406354	2.76480321712965	3.1315806594151
1.91799012284776	2.4019876009334	2.77219849575928	3.14120797560507
1.92448886518856	2.42073986473558	2.78104786227876	3.14564012709064
1.93098760752936	2.42068795334559	2.78976161330048	3.15363620803341
1.93748634987016	2.43635349396433	2.79896075228039	3.16321533790817
1.94398509221095	2.4404176291695	2.80937791894244	3.17336022960279
1.95048383455175	2.45224152746094	2.82013867106226	3.18435052302639
1.95698257689255	2.46605588445748	2.82573289281222	3.19272476125412
1.96348131923335	2.47337045553793	2.83873460986849	3.20434078522517
1.96998006157415	2.48159499026118	2.84797262681358	3.21707896107053
1.97647880391494	2.48836522446991	2.85735030034305	3.22014418857952
1.98297754625574	2.5001474730624	2.86398359063144	3.23257061445687
1.98947628859654	2.50939369798513	2.87635645792875	3.24309122991739
1.99597503093734	2.52111221477733	2.88699050988541	3.24752082534908
2.00247377327814	2.52919743709767	2.89324367278121	3.25443098537822
2.00897251561893	2.5395866060203	2.90602546856817	3.27085902509794
2.01547125795973	2.55302251284565	2.9127290165922	3.27731222750058
2.02197000030053	2.55804625532814	2.92762530012502	3.28980607753035
2.02846874264133	2.57504812309187	2.93546256305463	3.29823926338805
2.03496748498213	2.57885728108774	2.94206959074215	3.31495959677269
2.04146622732292	2.5860673533726	2.95430591669088	3.32559625592617
2.04796496966372	2.59008295058561	2.96041514112652	3.33278328982846
2.05446371200452	2.60565629758826	2.97006312684047	3.33694184023281
2.06096245434532	2.61450995495979	2.97898833596033	3.34877110425385
2.06746119668612	2.62817773109517	2.9899686144216	3.35775379009159
2.07395993902691	2.62899443167149	3.00196223480475	3.36390137255126
2.08045868136771	2.6399975579109	3.01022526708072	3.37278796085431
2.08695742370851	2.64522489774615	3.0146946536693	3.37595788201098
2.09345616604931	2.65832624844304	3.02901355682206	3.39676559551705
2.09995490839011	2.67150592424774	3.03739517807391	3.40713930718024
2.1064536507309	2.68066501122682	3.04698479931545	3.41260552033957
2.1129523930717	2.68844605831332	3.05405784312731	3.42383887310085
2.1194511354125	2.70032668480626	3.06288062176214	3.43093510797269
2.1259498777533	2.70864223099736	3.0748674106529	3.4393075736378
2.1324486200941	2.71861228152406	3.08542240620158	3.45605526211133
2.13894736243489	2.72906601044667	3.09594695313775	3.4595158573091
2.14544610477569	2.73973144848107	3.10306484227001	3.46989847416832
2.15194484711649	2.74160396339256	3.11535507714578	3.48336675832281
2.15844358945729	2.75329590089998	3.12222238752246	3.49404688173418
2.16494233179809	2.75945147623642	3.13557515249223	3.50012873871679
2.17144107413888	2.77505967269845	3.14215016636417	3.51177185531612
2.17793981647968	2.7798768943515	3.15104750462835	3.51971156775704
2.18443855882048	2.79166150579427	3.16056218325522	3.5326472020611
2.19093730116128	2.79636225209075	3.17065010485283	3.54268564416607
2.19743604350208	2.81166969220301	3.18181921149102	3.5427847420414
2.20393478584287	2.82893823229057	3.19225769445943	3.56276768663531
2.21043352818367	2.8367874314796	3.20026607708761	3.56395646342842
2.21693227052447	2.83812139092539	3.20701761166719	3.57795031966356
2.22343101286527	2.84789240962588	3.21702331352336	3.58581569121237
2.22992975520607	2.85857102672563	3.22485447334492	3.59573741758002
2.23642849754686	2.87200986533453	3.23544627905377	3.60994246965061
2.24292723988766	2.87403480322341	3.24437527636899	3.61690242700981
2.24942598222846	2.88669717246601	3.25835461106496	3.62745882071613
2.25592472456926	2.8994403887174	3.26450016025574	3.63727747774895
2.26242346691006	2.90904409309821	3.27669789866126	3.64637186243236
2.26892220925085	2.91575700307769	3.28254140712918	3.65148794440978
2.27542095159165	2.92206098931225	3.29520019708621	3.6691891679559
2.28191969393245	2.93614309207875	3.30238495570674	3.67016718820388
2.28841843627325	2.94629341246684	3.31307217591093	3.67953520935542
2.29491717861405	2.9490943447153	3.324455424986	3.68749227447793
2.30141592095484	2.96008292897212	3.33353181111262	3.70015631703623
2.30791466329564	2.97337358840845	3.34266881027824	3.70698408549117
2.31441340563644	2.98491706185766	3.35040663894402	3.7233249066316
2.32091214797724	2.99758115188382	3.36051857136188	3.72966304279227
2.32741089031804	2.9992182871016	3.36726389001041	3.73365108281392
2.33390963265883	3.00939628066971	3.37925798752846	3.75136533812816
2.34040837499963	3.02021897901521	3.3869913571535	3.75694061525455
2.34690711734043	3.02810916632489	3.39664400913919	3.76917735794004
2.35340585968123	3.04011394411776	3.41047247386462	3.77052147766329
2.35990460202203	3.05227883296615	3.41635820227191	3.78680980084052
2.36640334436282	3.05835944841715	3.42599101203623	3.80156525842992
2.37290208670362	3.06139809677138	3.43674003762881	3.80481021436834
2.37940082904442	3.07619477640809	3.44594054287481	3.81129321429451
2.38589957138522	3.08607804845383	3.45790757435413	3.82642243674029
2.39239831372602	3.09472791249612	3.46561508970162	3.83902305950686
2.39889705606681	3.10406784847246	3.47344398301006	3.84288106962842
2.40539579840761	3.11201521976476	3.48674659936473	3.85690290662312
2.41189454074841	3.11910463355004	3.49201983140719	3.86204084585798
2.41839328308921	3.13369627811082	3.50305350942169	3.87228720739564
2.42489202543001	3.14565919407663	3.51348718260027	3.88208385836786
2.4313907677708	3.14883409175054	3.52167402545302	3.89346782320131
2.4378895101116	3.1654265839386	3.53283618222871	3.9024927108101
2.4443882524524	3.17251057051021	3.54041510502882	3.91206757710183
2.4508869947932	3.18351571612969	3.55081839313364	3.92272981770996
2.457385737134	3.19283316488804	3.5595195825093	3.9286199925577
2.46388447947479	3.19623934096878	3.56848643866018	3.94068177923233
2.47038322181559	3.20953859373635	3.58086253024135	3.94539067235364
2.47688196415639	3.21840724913397	3.58659384908901	3.96300650342854
2.48338070649719	3.22826535133799	3.5984250204968	3.96456140032441
2.48987944883799	3.24031260510445	3.60829146765654	3.98303144885575
2.49637819117878	3.24611153440409	3.61912669652681	3.99411962547429
2.50287693351958	3.25534589519167	3.62746995512149	4.00155018395465
2.50937567586038	3.26549922976292	3.63348937102416	4.00331236072852
2.51587441820118	3.27482093055667	3.64589952840019	4.01509097102242
2.52237316054197	3.28044701004367	3.65373802524151	4.02517789701737
2.52887190288277	3.28507404476023	3.66287583897301	4.03163435605462
2.53537064522357	3.30234203925214	3.67262961175267	4.03869455664683
2.54186938756437	3.30692883169028	3.68474657186681	4.05442379589835
2.54836812990517	3.3202890866943	3.69338022395436	4.07248664198777
2.55486687224597	3.33546109765387	3.70545837996325	4.07606358148015
2.56136561458676	3.34108370687234	3.71232079122848	4.08070321670143
2.56786435692756	3.34945204675832	3.72138042509085	4.09667785682683
2.57436309926836	3.36293996264461	3.73208620212751	4.09951124510801
2.58086184160916	3.37141205927494	3.740790347125	4.11653749593876
2.58736058394995	3.37786787369641	3.74984862385392	4.12109813078735
2.59385932629075	3.38516112070237	3.76031440048902	4.13081495855193
2.60035806863155	3.39806320368307	3.76869226752011	4.14316042980835
2.60685681097235	3.40438030073826	3.78028957941561	4.14570721672893
2.61335555331315	3.4180585921203	3.78578091188153	4.16144891745994
2.61985429565394	3.42695873876355	3.79693188082479	4.16490667364356
2.62635303799474	3.43847305028035	3.80742678723148	4.1780589640265
2.63285178033554	3.44352901881125	3.81816775594856	4.1885994960625
2.63935052267634	3.45679349222747	3.82708612843595	4.1990049163608
2.64584926501714	3.45545003752173	3.83539688579939	4.20745288078185
2.65234800735793	3.47335867039009	3.84577586518822	4.21564114102322
2.65884674969873	3.48228393707297	3.85523083474052	4.22868455687076
2.66534549203953	3.48758326486292	3.86085752061033	4.23676714001516
2.67184423438033	3.49708437992579	3.87454910661571	4.24263792227891
2.67834297672113	3.50682727054538	3.88426716583582	4.25686041184748
2.68484171906192	3.51425981356934	3.89330964406501	4.26700644783329
2.69134046140272	3.52031634085456	3.90348708953317	4.27149525230586
2.69783920374352	3.5330561090482	3.91119869860636	4.28033837763411
2.70433794608432	3.55043726883189	3.92173677402742	4.2985922002605
2.71083668842512	3.55768715179392	3.93012721452423	4.30312361475707
2.71733543076591	3.56688214935253	3.94240094416752	4.3140341307461
2.72383417310671	3.58000525402708	3.94871596260546	4.32253071240689
2.73033291544751	3.58394036977324	3.95872065911978	4.33184432370664
2.73683165778831	3.59127854977611	3.97180235397795	4.34623503055332
2.74333040012911	3.60560866813963	3.97895956280109	4.35767936473618
2.7498291424699	3.60905502037245	3.98808788503249	4.36458681553246
2.7563278848107	3.62125292212456	3.99754790837446	4.37202162908747
2.7628266271515	3.63304821139231	4.0071522183931	4.3827435512572
2.7693253694923	3.63844076218347	4.01565664557767	4.39076106697404
2.7758241118331	3.64756410323532	4.02802348633595	4.40653299672747
2.78232285417389	3.66661627569852	4.03634982913056	4.42255476486613
2.78882159651469	3.66729984464177	4.0457219583868	4.42367463692529
2.79532033885549	3.67949936763559	4.05140522220346	4.42289048482365
2.80181908119629	3.68805677843676	4.06282394750959	4.43562642151437
2.80831782353709	3.69372957301335	4.0718298000399	4.45217457717074
2.81481656587788	3.70777050450327	4.08402638928778	4.45854016974198
2.82131530821868	3.71634970162583	4.09144706851565	4.47343455215744
2.82781405055948	3.72324870541612	4.09871597936947	4.4788242860858
2.83431279290028	3.73087690396449	4.11279354820975	4.48951587499984
2.84081153524108	3.74521719089437	4.11953091990861	4.50112017829839
2.84731027758187	3.75831393434153	4.1308622672166	4.50156588864014
2.85380901992267	3.7636052597222	4.14077290391297	4.52137505762483
2.86030776226347	3.76729941974777	4.14674656917773	4.53175150516038
2.86680650460427	3.78213139642025	4.15899219548048	4.53273736678852
2.87330524694507	3.79543694556259	4.16422772749367	4.54110871177349
2.87980398928586	3.7969879698754	4.17866927669022	4.55957274778111
2.88630273162666	3.81139284159595	4.18745603859118	4.56124472740427
2.89280147396746	3.81592018720835	4.1970612719361	4.57534610161371
2.89930021630826	3.82963387481834	4.20552594273562	4.57722999824207
2.90579895864906	3.83612719612916	4.21520065276789	4.59255713880665
2.91229770098985	3.85253789977676	4.22403512812123	4.60124665343253
2.91879644333065	3.85715837547126	4.23508004034353	4.60700481282735
2.92529518567145	3.86420358641503	4.24457750822849	4.6187193475751
2.93179392801225	3.87626768165056	4.25387950683483	4.62995020506746
2.93829267035305	3.88213564642025	4.2623927526421	4.64321698061701
2.94479141269384	3.89531165549727	4.27086458527161	4.6499071517995
2.95129015503464	3.90399052560608	4.28191461037423	4.6603125570596
2.95778889737544	3.91935260332483	4.2925539853598	4.67122502693832
2.96428763971624	3.92462460693028	4.30099210146734	4.6816931268643
2.97078638205704	3.93661379403991	4.30920869748378	4.68583244279984
2.97728512439783	3.93362854237085	4.31823765825179	4.70004733368905
2.98378386673863	3.95676962426179	4.33053642635507	4.7098747852393
2.99028260907943	3.95989814478008	4.33982323649532	4.71696051135073
2.99678135142023	3.97282438391879	4.34889263088061	4.72493420217533
3.00328009376103	3.9780987569855	4.35632664134159	4.73619507221064
3.00977883610182	3.98524644210316	4.36901380864413	4.74212692234683
3.01627757844262	3.99612299294515	4.37669936693415	4.75364918348239
3.02277632078342	4.00192063485084	4.3871211144561	4.76830898119495
3.02927506312422	4.01180949961391	4.39662149205735	4.77933106135256
3.03577380546501	4.02289860132495	4.40938058382995	4.78835943591107
3.04227254780581	4.03160478975098	4.41551493719157	4.79989624003181
3.04877129014661	4.04927535461636	4.42415801555616	4.80937520912024
3.05527003248741	4.05238734471454	4.43217831046304	4.81662674748121
3.06176877482821	4.05943974467005	4.44310689121742	4.82265103098205
3.06826751716901	4.06820493013816	4.45257978055686	4.82873339785568
3.0747662595098	4.08230829967067	4.4622705205716	4.83358870870089
3.0812650018506	4.09478804654403	4.46949044552482	4.8540492761092
3.0877637441914	4.101965140886	4.48330366569312	4.85860552449252
3.0942624865322	4.1154931818206	4.49335553632089	4.87129068634159
3.100761228873	4.11795288524031	4.49935129107096	4.87689567680095
3.10725997121379	4.12651913468848	4.51136603328203	4.89115778746253
3.11375871355459	4.13956017867833	4.51840270267953	4.89559846962574
3.12025745589539	4.15444671427623	4.52938709922209	4.90200583286749
3.12675619823619	4.16040441063713	4.53756967793998	4.91823836079767
3.13325494057698	4.16503485000766	4.54714950345797	4.92945435293772
3.13975368291778	4.17929706531363	4.55610061584475	4.93440869048256
3.14625242525858	4.18816903607942	4.56467990114666	4.94704036399537
3.15275116759938	4.1961566268141	4.57431499559699	4.95337686294574
3.15924990994018	4.20623429974858	4.58514335251699	4.96242939591558
3.16574865228098	4.22277781105782	4.5947920948005	4.98290738133438
3.17224739462177	4.22087288962725	4.60334884943225	4.98571946191389
3.17874613696257	4.23511201046889	4.61438022282818	4.9904407756183
3.18524487930337	4.24619471743501	4.62698260887525	5.01464181199139
3.19174362164417	4.25118640632767	4.6318071965047	5.00954180207276
3.19824236398496	4.26420130689463	4.6401023876234	5.02482736603073
3.20474110632576	4.27749723551798	4.65244914416354	5.03664102333155
3.21123984866656	4.28453799755847	4.65948853152453	5.04468826056309
3.21773859100736	4.28626607017332	4.67128398829505	5.05218234151255
3.22423733334816	4.29941499111586	4.68155749509339	5.06982678091898
3.23073607568895	4.30183284042071	4.68992529909776	5.08142916452057
3.23723481802975	4.31947649557554	4.70063751468402	5.08442931831818
3.24373356037055	4.31948680779032	4.71032392336192	5.09150404868238
3.25023230271135	4.34129497440189	4.71768577965198	5.09419592343888
3.25673104505215	4.34407675320447	4.7312994236756	5.11171412044632
3.26322978739295	4.35334420228288	4.73665148972598	5.12468267724291
3.26972852973374	4.36736558653997	4.75170393479031	5.12704497165528
3.27622727207454	4.37563823515877	4.7556142363489	5.13671309496148
3.28272601441534	4.37853205390232	4.76806128579404	5.15266910679417
3.28922475675614	4.3960189976309	4.77674946024368	5.15779054755381
3.29572349909693	4.40001044612202	4.78182355715608	5.17081506877314
3.30222224143773	4.41225998321426	4.79298492934928	5.17651776652529
3.30872098377853	4.41774309420902	4.80209721497285	5.18918351929406
3.31521972611933	4.42332938704655	4.81752172267503	5.19670319603018
3.32171846846013	4.43810086682123	4.82262757901549	5.20666757806958
3.32821721080092	4.44974206607837	4.83483031955872	5.21821730502351
3.33471595314172	4.45775045468532	4.84092746347322	5.22896218405911
3.34121469548252	4.46443841850908	4.85244302941649	5.24404783977737
3.34771343782332	4.47778587715198	4.86563101942902	5.247073087519
3.35421218016412	4.48806322011663	4.86979285374476	5.25436047350408
3.36071092250491	4.49945185218747	4.88214283271989	5.26659597101799
3.36720966484571	4.5107739906877	4.89442962822043	5.28231950257048
3.37370840718651	4.5169438367045	4.90169276021912	5.28418105992334
3.38020714952731	4.52908632701527	4.91068360636351	5.2997823356407
3.38670589186811	4.53228801089389	4.91605257958396	5.30696686516121
3.3932046342089	4.5438057873718	4.92754114595137	5.32048056760249
3.3997033765497	4.54984975074546	4.93909552234603	5.32796472336917
3.4062021188905	4.56328576559733	4.94716860911681	5.32845165572576
3.4127008612313	4.56587914169379	4.95714504886991	5.33353659228215
3.4191996035721	4.58121195182166	4.96783290854201	5.35682397891376
3.42569834591289	4.58453024652266	4.97288333005782	5.3544076935353
3.43219708825369	4.59451465262373	4.98499469604152	5.38077761767609
3.43869583059449	4.60708878031078	4.99365119287518	5.37718729063754
3.44519457293529	4.61687568315194	5.003706218826	5.38991556038783
3.45169331527609	4.62342973173761	5.01475544015535	5.39647632577153
3.45819205761688	4.6303006718761	5.02397036122962	5.41178319749737
3.46469079995768	4.6394558544986	5.0338867161356	5.4283322960154
3.47118954229848	4.65738109400036	5.04232380525445	5.43246212471156
3.47768828463928	4.66615008125794	5.05001342709774	5.43665688431819
3.48418702698008	4.67002713439812	5.05831039473543	5.4454434565115
3.49068576932087	4.67800490911785	5.06815185921027	5.45619993334924
3.49718451166167	4.69096910945389	5.07899509231987	5.4676115826769
3.50368325400247	4.70524104001053	5.09131204178827	5.47824859658854
3.51018199634327	4.71268215053572	5.10121132136922	5.48993898944114
3.51668073868407	4.72228745942596	5.10979552704514	5.49639034410655
3.52317948102486	4.73185060236222	5.12079693880196	5.50766062802915
3.52967822336566	4.73490414386764	5.12759107819201	5.51739229306681
3.53617696570646	4.74314796528177	5.13481971270782	5.5259168328311
3.54267570804726	4.75508497119878	5.14907982958567	5.53502707504666
3.54917445038806	4.77092546244155	5.15734507478931	5.54520767601881
3.55567319272885	4.77349959318818	5.16701257555542	5.56069838044453
3.56217193506965	4.78608200575139	5.17782260353433	5.56759750651016
3.56867067741045	4.7931032383588	5.18594519129316	5.57295908871118
3.57516941975125	4.80631779095842	5.19366501468686	5.58581794861057
3.58166816209205	4.81382509436695	5.2016582009373	5.60424338656766
3.58816690443284	4.81903265983662	5.20865024866582	5.59579309437015
3.59466564677364	4.83688568055474	5.22024639673963	5.61779843733719
3.60116438911444	4.83704292846371	5.22899256545743	5.62772444820083
3.60766313145524	4.85062377687275	5.23997238686373	5.63476588923554
3.61416187379604	4.85738393898532	5.25000088274011	5.64627993348243
3.62066061613683	4.8702401218346	5.26166842495888	5.64905778977096
3.62715935847763	4.87300557740188	5.27276568560829	5.66110644190559
3.63365810081843	4.89256420225033	5.28213854877893	5.67333945835172
3.64015684315923	4.89027155690736	5.28485817508033	5.67797978401982
3.64665558550003	4.90080330107718	5.29989516361594	5.68926896230243
3.65315432784082	4.90970435013789	5.30627557728235	5.70160167149787
3.65965307018162	4.92737533586716	5.31952106814598	5.71019610455585
3.66615181252242	4.93569247053999	5.32550295323947	5.7252930997973
3.67265055486322	4.94418284919146	5.33752047575006	5.7305041496887
3.67914929720402	4.95700325063888	5.34640310971493	5.74195496447074
3.68564803954481	4.96357425699633	5.3594410459809	5.75058592805281
3.69214678188561	4.97420864853644	5.36763119240092	5.75377126435671
3.69864552422641	4.980934926686	5.37458828014047	5.76870877455784
3.70514426656721	4.99067157087504	5.38179921060118	5.77176090972016
3.71164300890801	4.99750787882558	5.39402668103626	5.78409027910662
3.7181417512488	5.01287331393012	5.40212768130225	5.80283645669697
3.7246404935896	5.02223201862673	5.41141547559855	5.80732703823138
3.7311392359304	5.02538870400956	5.41755926683217	5.81471647209889
3.7376379782712	5.04369169654888	5.42966714915379	5.82393567268233
3.744136720612	5.04992223329709	5.4428649408175	5.8413023153509
3.75063546295279	5.06026172814898	5.45206708350235	5.84430667934369
3.75713420529359	5.06339660142983	5.45904885108837	5.85560525970897
3.76363294763439	5.07645847195123	5.46785124474922	5.86564461479416
3.77013168997519	5.08491116426391	5.47964010407103	5.87632041692197
3.77663043231599	5.09362432931534	5.48970588103398	5.87635804263805
3.78312917465678	5.10081841493799	5.49863616150815	5.89671852271044
3.78962791699758	5.11014747057711	5.5052314148508	5.90274888762946
3.79612665933838	5.12118156336143	5.51935969350579	5.91363806150103
3.80262540167918	5.13536524032906	5.52521106309038	5.92477822170635
3.80912414401997	5.13478181096603	5.53445337985504	5.93029739487127
3.81562288636077	5.15243749370525	5.54592743427433	5.93166764895733
3.82212162870157	5.16292823611241	5.55655242046865	5.94812039261751
3.82862037104237	5.1695188659232	5.56470613005695	5.96686217349051
3.83511911338317	5.18353713507303	5.57503522415559	5.96859702907433
3.84161785572396	5.18812219422609	5.58735108347669	5.97571976264926
3.84811659806476	5.20410661001743	5.59117705012441	5.98704007888641
3.85461534040556	5.20514198728131	5.60301835489085	5.99694540092023
3.86111408274636	5.20873055384557	5.61404735231007	6.00912503688023
3.86761282508716	5.23554784621468	5.62117604899752	6.01309778840762
3.87411156742795	5.23572096574364	5.63120038459014	6.03222940174266
3.88061030976875	5.24923371583506	5.63950615032658	6.03337452782754
3.88710905210955	5.24909608936403	5.65333341966989	6.05270302029732
3.89360779445035	5.26263290252008	5.66018938435993	6.06254823348864
3.90010653679115	5.27272342527789	5.67123595586752	6.06567657960194
3.90660527913194	5.27783136527968	5.67944475877865	6.08007547091332
3.91310402147274	5.29536486023268	5.68793383931342	6.08505617030198
3.91960276381354	5.29546075592824	5.6986783274961	6.10136029422259
3.92610150615434	5.31065926537186	5.70680542154048	6.10317306156553
3.93260024849514	5.31773619643069	5.71739229043063	6.11246088275808
3.93909899083593	5.33138826978057	5.72580414396807	6.12419290181592
3.94559773317673	5.33937060492573	5.73630882200054	6.13578474312876
3.95209647551753	5.35056334007533	5.74650542274011	6.14717583766911
3.95859521785833	5.35800189754954	5.75523640711859	6.1546893677038
3.96509396019913	5.35778079819678	5.76205132815703	6.16543961331103
3.97159270253992	5.37640443001746	5.77324578982017	6.1703193741547
3.97809144488072	5.3850453213378	5.78263704724588	6.18555836192139
3.98459018722152	5.39719432717478	5.79110247433491	6.19109985573732
3.99108892956232	5.41066167897017	5.80339592985474	6.19822712697439
3.99758767190312	5.41590699062163	5.81415603049137	6.21166185701626
4.00408641424391	5.42522776142359	5.82215161205819	6.21793422073989
4.01058515658471	5.43045201202936	5.83457680779829	6.2384165578923
4.01708389892551	5.43866834867875	5.83790092437453	6.23376494055755
4.02358264126631	5.44778127790805	5.85138948576232	6.2506378050601
4.03008138360711	5.46102547279456	5.86011641956952	6.26258379729654
4.0365801259479	5.47022241074332	5.87016711145574	6.27326921172353
4.0430788682887	5.47515469661864	5.88105348030981	6.28039091979331
4.0495776106295	5.49266677577126	5.88843330662463	6.28917219871212
4.0560763529703	5.49716538213013	5.9019888608699	6.29275810556422
4.0625750953111	5.50981833864707	5.90770989366171	6.3031113839787
4.06907383765189	5.51252587574375	5.91593916051914	6.31924479818517
4.07557257999269	5.52345849257024	5.92331333102499	6.32444486671455
4.08207132233349	5.53005983232003	5.93552373669639	6.33556170967753
4.08857006467429	5.53471715221698	5.94503505284739	6.34601645300401
4.09506880701509	5.55420778478747	5.9566364777286	6.36018434034075
4.10156754935588	5.56275556805324	5.96596143272646	6.36443773859946
4.10806629169668	5.56920704221815	5.9732604614593	6.37160580709586
4.11456503403748	5.58399618963605	5.98110670610106	6.39227010104319
4.12106377637828	5.58442476916173	5.98880066837166	6.39931285736998
4.12756251871908	5.59466856599932	5.99967334756572	6.39719251356787
4.13406126105987	5.61107511555767	6.01172659218705	6.41445541904047
4.14056000340067	5.6211097984835	6.01894294037601	6.41966785950447
4.14705874574147	5.6247889174213	6.03103683211738	6.43512416864745
4.15355748808227	5.63228239509554	6.0402238622954	6.43889516104263
4.16005623042307	5.64796230085293	6.04803591219291	6.44946806144778
4.16655497276386	5.64518851948952	6.05711705810287	6.45604267439596
4.17305371510466	5.65336845446515	6.06423554236148	6.47640253568633
4.17955245744546	5.66741441420524	6.07282071086416	6.486350969513
4.18605119978626	5.67499936802528	6.09023147290419	6.49604402617994
4.19254994212706	5.68962510157213	6.0926553764652	6.50560676375984
4.19904868446785	5.70071849330272	6.10582739969434	6.51821769923871
4.20554742680865	5.70321548330766	6.11441441706903	6.5223487387278
4.21204616914945	5.72202166496426	6.12511648093521	6.53153430934793
4.21854491149025	5.72804326730034	6.13901026183786	6.53671580481708
4.22504365383105	5.73842352696383	6.14616729474884	6.55300698727644
4.23154239617184	5.74250334870704	6.15244835397925	6.55670062795214
4.23804113851264	5.75690813427161	6.16322413938999	6.57436620693001
4.24453988085344	5.765582116805	6.17215446377039	6.57398354001541
4.25103862319424	5.77303163255058	6.17996004014147	6.58777602220882
4.25753736553504	5.79007761697365	6.19235799868603	6.60028599937796
4.26403610787583	5.79150424269737	6.20017780432273	6.60713416479035
4.27053485021663	5.80031694972894	6.21348360875188	6.62129628926091
4.27703359255743	5.81188316821912	6.21776802298143	6.62295723156066
4.28353233489823	5.82376063894268	6.23010392965475	6.63508149878209
4.29003107723902	5.82768092322887	6.23764653850059	6.64598479559032
4.29652981957982	5.83898878327641	6.25105617624778	6.65954385976786
4.30302856192062	5.85619335101209	6.25861283115275	6.66752685366541
4.30952730426142	5.86437641992443	6.26796213506921	6.67630568076996
4.31602604660222	5.86667579108248	6.27521677830517	6.68769360663375
4.32252478894302	5.87803102418374	6.28550024617706	6.69087506858818
4.32902353128381	5.88105556394863	6.29829943965849	6.70452124255555
4.33552227362461	5.89774503758383	6.30501943826908	6.71486673930761
4.34202101596541	5.90661458027512	6.31476657227033	6.71649529310536
4.34851975830621	5.91959029291543	6.32353238784882	6.73873675293106
4.35501850064701	5.92833045023123	6.33259578820339	6.73589858586355
4.3615172429878	5.93387496982687	6.34438938742012	6.75227333468276
4.3680159853286	5.94215520727772	6.35478358324224	6.7597605527411
4.3745147276694	5.96149948143263	6.36423715430301	6.77019641145474
4.3810134700102	5.96227679223137	6.37433689085734	6.78170717389021
4.38751221235099	5.96975104926323	6.38061956595926	6.79202698662577
4.39401095469179	5.97046930182654	6.39468535812041	6.79334057527888
4.40050969703259	5.98664713373515	6.39971219808456	6.80668472177724
4.40700843937339	6.0010389001311	6.4070991231909	6.82036270255473
4.41350718171419	6.00270146181194	6.41855489229769	6.83460409565326
4.42000592405499	6.01411651521628	6.4304822712019	6.84303655022518
4.42650466639578	6.03310192642418	6.44281732088356	6.85348199652433
4.43300340873658	6.04120456657709	6.44879015451046	6.85358510209578
4.43950215107738	6.04770030857148	6.45754716124007	6.87549864517145
4.44600089341818	6.04699127267785	6.46849794680277	6.87539154070277
4.45249963575898	6.06378403889485	6.47608297333926	6.88791694257006
4.45899837809977	6.0711276422425	6.48798735614518	6.89578535227636
4.46549712044057	6.08047337029169	6.4923557139057	6.90565312330537
4.47199586278137	6.09602293232369	6.50378597898831	6.91926839094467
4.47849460512217	6.10706394436701	6.51226329582893	6.9259607832897
4.48499334746296	6.10644956665204	6.52514727797413	6.93243872737554
4.49149208980376	6.1147409021609	6.53346036348822	6.94815663790034
4.49799083214456	6.1237868683066	6.54147999481485	6.9548682337469
4.50448957448536	6.13853803919523	6.54909563348062	6.96890273867034
4.51098831682616	6.15209668497123	6.56373096035538	6.97462063249092
4.51748705916695	6.15955942908078	6.57019284065895	6.97956864614221
4.52398580150775	6.16545398599506	6.58022848233813	6.99160988822953
4.53048454384855	6.17953811317121	6.58995273278057	7.0094114473921
4.53698328618935	6.18876750994224	6.60177693370902	7.01077712304984
4.54348202853015	6.20031303157207	6.61086493863329	7.02149697852481
4.54998077087095	6.21265493732533	6.61820237611276	7.03656933978661
4.55647951321174	6.21438408618683	6.62877480400652	7.04370234152997
4.56297825555254	6.2193303169428	6.64084055060594	7.05247738481572
4.56947699789334	6.23176931228498	6.64785897931121	7.05967003890194
4.57597574023414	6.24246227103557	6.65933823073199	7.07724876960566
4.58247448257493	6.25484325029885	6.66867669731284	7.09082851146365
4.58897322491573	6.25700537599505	6.67689124154719	7.09001291443106
