"mitochan"	"lwrNorm"	"medNorm"	"uprNorm"
-1.90327037354145	-4.82834821570151	-3.67693262352608	-2.51384075735071
-1.89685869040176	-4.81536445428348	-3.66526656895217	-2.52363830397556
-1.89044700726207	-4.81103804977512	-3.65517541969446	-2.501495475438
-1.88403532412239	-4.79774523869308	-3.63807679182408	-2.49239248981562
-1.8776236409827	-4.78667431628604	-3.62429891996104	-2.48570787526358
-1.87121195784301	-4.77396476079432	-3.61333729872808	-2.4646607667026
-1.86480027470333	-4.73913414697272	-3.5980082216149	-2.46240294943894
-1.85838859156364	-4.73447088538267	-3.58581957148528	-2.45333499710705
-1.85197690842395	-4.71640415061858	-3.57263788459572	-2.43486805252079
-1.84556522528426	-4.69808942636153	-3.56215017445611	-2.43011722269078
-1.83915354214458	-4.68558586003484	-3.54685960905804	-2.41247031490005
-1.83274185900489	-4.65225762175717	-3.53048654693489	-2.41184628509836
-1.8263301758652	-4.65085616018553	-3.52173942212031	-2.41401845826129
-1.81991849272552	-4.6396410568661	-3.51104757117818	-2.37708932590171
-1.81350680958583	-4.6153856540391	-3.49994580663749	-2.37487818935917
-1.80709512644614	-4.61111415601644	-3.48556754076656	-2.37292841047512
-1.80068344330645	-4.58964069627147	-3.47277902165906	-2.35384994189293
-1.79427176016677	-4.57171416939388	-3.45614140852575	-2.34543569573823
-1.78786007702708	-4.55541381735903	-3.44482753018406	-2.34309707238071
-1.78144839388739	-4.55669946523099	-3.43299529364461	-2.32371135810694
-1.7750367107477	-4.52738388049277	-3.42178878650007	-2.31398842592347
-1.76862502760802	-4.50866147832004	-3.4068261606038	-2.29440686532853
-1.76221334446833	-4.50133011905378	-3.39367085044236	-2.29265804232937
-1.75580166132864	-4.47985470680451	-3.38230044221079	-2.2834844828851
-1.74938997818896	-4.46938942368731	-3.36653494913042	-2.27074262467668
-1.74297829504927	-4.45833355264721	-3.35597583122712	-2.25492046446426
-1.73656661190958	-4.43852667326936	-3.34589007914233	-2.25130475195428
-1.73015492876989	-4.42017583790276	-3.33068284245761	-2.23067451285599
-1.72374324563021	-4.40210766172695	-3.31465463522414	-2.2285042854467
-1.71733156249052	-4.38576592333461	-3.30717503675084	-2.21293826673186
-1.71091987935083	-4.37370797183727	-3.28801948656391	-2.2171423764256
-1.70450819621115	-4.36066295555858	-3.27591240284951	-2.20968873899471
-1.69809651307146	-4.34896495840069	-3.26467279204064	-2.18652111242468
-1.69168482993177	-4.33245910999664	-3.25131985005486	-2.18093894704009
-1.68527314679208	-4.29824910789434	-3.23543614712799	-2.16704306623201
-1.6788614636524	-4.29958898524303	-3.22707886541997	-2.15640395589785
-1.67244978051271	-4.2799938213298	-3.20977856897263	-2.14801143520819
-1.66603809737302	-4.27532970593994	-3.20159734222907	-2.14040557379138
-1.65962641423334	-4.24848436675269	-3.18658335874493	-2.12356088871202
-1.65321473109365	-4.25053919462443	-3.17793274628024	-2.11001633607583
-1.64680304795396	-4.22828327495768	-3.16249420966443	-2.10102878007379
-1.64039136481427	-4.19552540256731	-3.15625090908546	-2.09599010471587
-1.63397968167459	-4.19501002613273	-3.13729224023021	-2.08719495175891
-1.6275679985349	-4.18439310782134	-3.12332459265204	-2.07190680651097
-1.62115631539521	-4.1569269421173	-3.11284875229657	-2.07166606610886
-1.61474463225553	-4.14891589732063	-3.09623804239006	-2.05772027903637
-1.60833294911584	-4.14071261343487	-3.08475942509332	-2.04139735043597
-1.60192126597615	-4.11420979588787	-3.07060627586596	-2.03211581926997
-1.59550958283646	-4.10048145111115	-3.05419669110689	-2.01716059208928
-1.58909789969678	-4.08167452191314	-3.04712122625774	-2.01178767435041
-1.58268621655709	-4.06824828910592	-3.03163228519925	-2.00876851542082
-1.5762745334174	-4.05891414278341	-3.02443037920012	-2.00578579053288
-1.56986285027771	-4.03847296567453	-3.01147034045114	-1.98172151851284
-1.56345116713803	-4.02566708913094	-2.99717920682829	-1.96439602725374
-1.55703948399834	-4.00715953170217	-2.97921878992738	-1.96701003718875
-1.55062780085865	-3.9985855552928	-2.97048930042028	-1.95485112517914
-1.54421611771897	-3.97504534812216	-2.95351731012432	-1.94601993715931
-1.53780443457928	-3.96943905261944	-2.94439254700014	-1.93377317352956
-1.53139275143959	-3.94839790020309	-2.92430052771384	-1.91731215260096
-1.5249810682999	-3.93023863213872	-2.91336757977373	-1.90397341434991
-1.51856938516022	-3.9251217353195	-2.90728292306003	-1.89523653055099
-1.51215770202053	-3.89769898710816	-2.89617357260695	-1.89468104102722
-1.50574601888084	-3.87357945301169	-2.87928390155766	-1.87510158940537
-1.49933433574116	-3.8686452380578	-2.86678113665121	-1.86249865866129
-1.49292265260147	-3.85931625914499	-2.85472575730936	-1.86392151911982
-1.48651096946178	-3.84448061708892	-2.8430676942381	-1.85140871389762
-1.48009928632209	-3.82903195979335	-2.8277864092409	-1.82991912172942
-1.47368760318241	-3.80442233058662	-2.81671071690524	-1.82218087738652
-1.46727592004272	-3.7920277635456	-2.7964780376455	-1.80910122255741
-1.46086423690303	-3.78608424068092	-2.78626149328047	-1.79922528133047
-1.45445255376335	-3.76700461408583	-2.77379925858556	-1.78687451881363
-1.44804087062366	-3.73022525809126	-2.7644796729088	-1.78619900696613
-1.44162918748397	-3.74298818278369	-2.74938037039054	-1.7805602834163
-1.43521750434428	-3.7149286451446	-2.73330037309289	-1.77216391006225
-1.4288058212046	-3.70211939670384	-2.72201696004907	-1.74463933069044
-1.42239413806491	-3.70231460664289	-2.71207086782022	-1.7438469393334
-1.41598245492522	-3.67466340550397	-2.70052695982197	-1.7329151207332
-1.40957077178554	-3.66037731462384	-2.68613965633879	-1.71666199138924
-1.40315908864585	-3.64256909982153	-2.67206076723337	-1.71309803412984
-1.39674740550616	-3.6248386694178	-2.66170647392989	-1.6939654126011
-1.39033572236647	-3.60714797894697	-2.64547471696002	-1.68348794474381
-1.38392403922679	-3.58618546290585	-2.630823111253	-1.67513099739714
-1.3775123560871	-3.57072782072349	-2.61795961841415	-1.67864219730447
-1.37110067294741	-3.57330170254827	-2.60749466366411	-1.66525302778286
-1.36468898980772	-3.55471044502165	-2.59729469941517	-1.64479762614913
-1.35827730666804	-3.52309592758092	-2.57662839015628	-1.63382045200421
-1.35186562352835	-3.51768292410153	-2.56589402508752	-1.61935609163335
-1.34545394038866	-3.49585268066353	-2.55840872668347	-1.60452919131244
-1.33904225724898	-3.48599845196315	-2.54641476081373	-1.59983201859035
-1.33263057410929	-3.47237607749304	-2.53023594220651	-1.59456919555351
-1.3262188909696	-3.45652484232054	-2.5194607042604	-1.57669893274591
-1.31980720782991	-3.44658346686222	-2.50835640849	-1.57280067103422
-1.31339552469023	-3.43833027697828	-2.49153027480137	-1.55924681417434
-1.30698384155054	-3.40880128005557	-2.48052618667811	-1.55474455743848
-1.30057215841085	-3.39119095914162	-2.46645761870603	-1.54647501055238
-1.29416047527117	-3.3855855211221	-2.45385975578989	-1.52991774455503
-1.28774879213148	-3.37400755951134	-2.44477698133749	-1.52073762191651
-1.28133710899179	-3.35037175844636	-2.42907434358667	-1.50797673908224
-1.2749254258521	-3.34235272761271	-2.4126949862863	-1.49128904455441
-1.26851374271242	-3.328759577695	-2.40540641064573	-1.47560126861274
-1.26210205957273	-3.31009499566721	-2.3882152570318	-1.4684261692699
-1.25569037643304	-3.28168643347685	-2.37595312576118	-1.46739551750347
-1.24927869329336	-3.2794988111395	-2.36334192654064	-1.4448136482287
-1.24286701015367	-3.26365686691063	-2.34996293441871	-1.43355644619166
-1.23645532701398	-3.254719298193	-2.33614595934812	-1.43205672600578
-1.23004364387429	-3.22661486810645	-2.32361256859366	-1.42839197594844
-1.22363196073461	-3.21925755730273	-2.30955809428104	-1.39988758118634
-1.21722027759492	-3.20401425973417	-2.29866858262256	-1.39163477175479
-1.21080859445523	-3.18395317750815	-2.28555429616451	-1.37957316314653
-1.20439691131554	-3.16788541485753	-2.27662463099462	-1.37156829232532
-1.19798522817586	-3.14965551295673	-2.26317161132893	-1.36924175987505
-1.19157354503617	-3.14501399902603	-2.25145893612521	-1.35738286690615
-1.18516186189648	-3.13893030144299	-2.23273670917896	-1.34927901379558
-1.1787501787568	-3.11922721233642	-2.21527472223663	-1.33393304859669
-1.17233849561711	-3.09853933511325	-2.20646369007651	-1.32550915155552
-1.16592681247742	-3.0866143501939	-2.19685039001774	-1.3087082725899
-1.15951512933773	-3.07112360984949	-2.18548111069163	-1.30007260318789
-1.15310344619805	-3.04230244054684	-2.17683600707789	-1.29058931530497
-1.14669176305836	-3.03821189115619	-2.15460162782349	-1.28039677126005
-1.14028007991867	-3.01814591410112	-2.14732702597881	-1.27816026226891
-1.13386839677899	-3.00695218951105	-2.12815994729099	-1.26282705591365
-1.1274567136393	-2.99051262845424	-2.11809533748541	-1.24547238362273
-1.12104503049961	-2.97309443606331	-2.11052604835498	-1.23313568421309
-1.11463334735992	-2.97016539787331	-2.09310152837746	-1.22629459513851
-1.10822166422024	-2.94342303973951	-2.0820013626813	-1.21850910530224
-1.10180998108055	-2.9240859574225	-2.06977865315892	-1.20485095256432
-1.09539829794086	-2.91813818399318	-2.05266525832581	-1.20060714871241
-1.08898661480118	-2.89372917578278	-2.04102241813514	-1.18970988978807
-1.08257493166149	-2.88834893758739	-2.03078589779699	-1.17535344794946
-1.0761632485218	-2.8688561971752	-2.01549736977582	-1.15599719814929
-1.06975156538211	-2.85402608429301	-2.00102592132552	-1.15109702679815
-1.06333988224243	-2.83664192157566	-1.9923997233138	-1.13466258044664
-1.05692819910274	-2.8291088835277	-1.97578249845946	-1.13245885783205
-1.05051651596305	-2.80844550629863	-1.96134135680754	-1.11272859066039
-1.04410483282336	-2.79872686562309	-1.95197685065684	-1.09829004683037
-1.03769314968368	-2.77490569264924	-1.93684651290611	-1.09740049857984
-1.03128146654399	-2.7770605521085	-1.91965548553124	-1.09105737430173
-1.0248697834043	-2.73882047951292	-1.91574185919392	-1.07587349714514
-1.01845810026462	-2.7491332555347	-1.89562093186717	-1.05073406739673
-1.01204641712493	-2.72418778683151	-1.8863127147621	-1.05137490596693
-1.00563473398524	-2.70240902616693	-1.87368743281468	-1.04347953790865
-0.999223050845555	-2.69404760407543	-1.8564638879573	-1.03473915311943
-0.992811367705867	-2.67380191632049	-1.84498138888177	-1.02520943039794
-0.98639968456618	-2.65968452798083	-1.834052547037	-1.00264097038671
-0.979988001426493	-2.64679640437251	-1.82254932976684	-0.993397793577886
-0.973576318286806	-2.64808977049294	-1.80611254434162	-0.991383547096784
-0.967164635147119	-2.64698227852795	-1.79608589578604	-0.979934154218966
-0.960752952007431	-2.60963950025112	-1.78361906619186	-0.971924891325051
-0.954341268867744	-2.60689915664826	-1.76902002626535	-0.954964885357625
-0.947929585728057	-2.57829057045246	-1.75652928136404	-0.944815190360733
-0.94151790258837	-2.56145577889524	-1.74670882047267	-0.936398617793948
-0.935106219448683	-2.55312904164273	-1.73288068197211	-0.919011318098785
-0.928694536308995	-2.53591500256079	-1.71663561617568	-0.912972441374822
-0.922282853169308	-2.51273790839812	-1.70357675897807	-0.895938414046288
-0.915871170029621	-2.51523629406445	-1.69588706325699	-0.887616806210108
-0.909459486889934	-2.49464324280624	-1.67815795867539	-0.869713933453026
-0.903047803750247	-2.48251662153439	-1.66492188307845	-0.868359150706342
-0.89663612061056	-2.46585702606393	-1.6555640265196	-0.857571294198802
-0.890224437470872	-2.44292565394987	-1.64315672161908	-0.845947255919266
-0.883812754331185	-2.42782412176088	-1.6306236710002	-0.833131290301645
-0.877401071191498	-2.41258505852801	-1.61197470595473	-0.813757170448496
-0.870989388051811	-2.39788133555391	-1.60315861286349	-0.812234528187516
-0.864577704912123	-2.38949806190995	-1.58873352905242	-0.796318877639168
-0.858166021772436	-2.36791918032138	-1.57578420610181	-0.784753882784196
-0.851754338632749	-2.35190073598406	-1.56726833208925	-0.77930869147249
-0.845342655493062	-2.33355949295697	-1.55101697464321	-0.770346758726008
-0.838930972353375	-2.32254138598423	-1.53801323035425	-0.754063812069893
-0.832519289213687	-2.31003798668254	-1.52254432903672	-0.744635265655158
-0.826107606074	-2.30161473271412	-1.51504200766596	-0.733572659989944
-0.819695922934313	-2.27929365756566	-1.50005324523416	-0.724365843284185
-0.813284239794626	-2.26656940470624	-1.48833836449087	-0.717912822638589
-0.806872556654939	-2.24615468958491	-1.47505872609672	-0.692456180600243
-0.800460873515252	-2.24368445792025	-1.46063253638576	-0.695743943784981
-0.794049190375564	-2.2238448007404	-1.44837102983739	-0.670639582894605
-0.787637507235877	-2.19986607437025	-1.42949405178065	-0.659933113652767
-0.78122582409619	-2.19926558934054	-1.42335483219762	-0.651969439166779
-0.774814140956503	-2.16917706586854	-1.41310538025145	-0.640320895668971
-0.768402457816816	-2.16895462744382	-1.39842025061673	-0.625842548690033
-0.761990774677128	-2.15162911249746	-1.38031079483992	-0.621283744952051
-0.755579091537441	-2.13961551244021	-1.37132901972528	-0.607695880891078
-0.749167408397754	-2.12566665629131	-1.35796119454072	-0.591524032411518
-0.742755725258067	-2.10591523674371	-1.34413036106679	-0.577074460678714
-0.73634404211838	-2.1005794953085	-1.33125829827955	-0.57323830428102
-0.729932358978692	-2.08347535387105	-1.31899224194667	-0.553885414235895
-0.723520675839005	-2.06632977703275	-1.3038370909686	-0.553147388385687
-0.717108992699318	-2.0540634453052	-1.29716603050722	-0.544754383805164
-0.710697309559631	-2.03657491464434	-1.2777784460551	-0.523098847928405
-0.704285626419944	-2.03055336938205	-1.27017216590917	-0.524858498720045
-0.697873943280257	-2.00682260926674	-1.25785933639571	-0.500938416244092
-0.691462260140569	-1.99170350476677	-1.24047806166323	-0.495923749676481
-0.685050577000882	-1.96927281769119	-1.2283466468413	-0.483238545869638
-0.678638893861195	-1.96874711113478	-1.21548915329393	-0.47059780884076
-0.672227210721508	-1.95142414927479	-1.20117442656202	-0.452504145147472
-0.66581552758182	-1.93378621631531	-1.19358487815001	-0.451421411829901
-0.659403844442133	-1.92214342630785	-1.17357461872817	-0.438684936957205
-0.652992161302446	-1.91345780289897	-1.16331429506213	-0.427903231441602
-0.646580478162759	-1.89607380715833	-1.15322145065474	-0.411404467889398
-0.640168795023072	-1.88317302202372	-1.14130566448485	-0.403216794728021
-0.633757111883384	-1.85546965867765	-1.12185281045265	-0.393838058657939
-0.627345428743697	-1.84149232385493	-1.11285592514872	-0.37863282966669
-0.62093374560401	-1.84911058998406	-1.1009670830297	-0.368051644266068
-0.614522062464323	-1.82598037736402	-1.0859691260373	-0.345609291703279
-0.608110379324636	-1.81444861876747	-1.07433334081232	-0.347480543872673
-0.601698696184949	-1.79628043741274	-1.06054177663547	-0.337733685970452
-0.595287013045261	-1.77573266438745	-1.04786114235883	-0.321347400982823
-0.588875329905574	-1.76108786632683	-1.0375526978461	-0.319562777532552
-0.582463646765887	-1.74677963292747	-1.02614823933829	-0.29663857917642
-0.5760519636262	-1.73052521066014	-1.01043712195668	-0.283511833267418
-0.569640280486513	-1.72324569423107	-0.994426469491071	-0.276490043804607
-0.563228597346825	-1.70273103138403	-0.982643379656825	-0.257092395692566
-0.556816914207138	-1.69353344433092	-0.968425541409081	-0.273003570042287
-0.550405231067451	-1.67768434829781	-0.957756711578404	-0.242571186187589
-0.543993547927764	-1.67356687322176	-0.945613953340823	-0.224397541099916
-0.537581864788077	-1.65458241141693	-0.93268287844797	-0.227607509815621
-0.531170181648389	-1.64086132339633	-0.920002185471544	-0.209526058306614
-0.524758498508702	-1.62245650813065	-0.909984277613401	-0.197631961870784
-0.518346815369015	-1.60318061340839	-0.893516923295458	-0.1777130886657
-0.511935132229328	-1.59850508921228	-0.886180267132502	-0.174842674347051
-0.505523449089641	-1.57579422811964	-0.866092651178743	-0.150459575776831
-0.499111765949954	-1.5623302791758	-0.854838790536938	-0.153736700605772
-0.492700082810266	-1.55268023969496	-0.843825050082891	-0.140580964921791
-0.486288399670579	-1.53769089260999	-0.827095605620391	-0.119258686970246
-0.479876716530892	-1.52226452651393	-0.816944129907085	-0.1201522524455
-0.473465033391205	-1.51949962626639	-0.800030002638706	-0.104090792028395
-0.467053350251518	-1.49438830895329	-0.787827318727541	-0.096823751719587
-0.46064166711183	-1.49557279685289	-0.78037460893494	-0.0874176869346011
-0.454229983972143	-1.47815328280764	-0.766068461273342	-0.0577402204991634
-0.447818300832456	-1.45840794922178	-0.751079678034431	-0.0628661562622424
-0.441406617692769	-1.4461625318502	-0.741862147999569	-0.0367726763631144
-0.434994934553081	-1.42444038258326	-0.728318940658596	-0.0352601366587696
-0.428583251413394	-1.40829055991286	-0.709579815202495	-0.0268636567749322
-0.422171568273707	-1.39323521705282	-0.700912745085636	-0.0118850301425698
-0.41575988513402	-1.382154086231	-0.688807897092695	0.00639722446897535
-0.409348201994333	-1.36811671707349	-0.675797493451099	0.015963977576898
-0.402936518854646	-1.36544976570762	-0.659242018070314	0.0340117821906813
-0.396524835714958	-1.34839763722487	-0.648908016829667	0.0384346486842831
-0.390113152575271	-1.32931342040928	-0.633750620010434	0.0474186103243575
-0.383701469435584	-1.31601911047379	-0.628177527200342	0.0658574889361899
-0.377289786295897	-1.31382154110595	-0.610126681025824	0.0781053999799015
-0.37087810315621	-1.28835269105786	-0.599925636072205	0.0860196317785455
-0.364466420016522	-1.27929329418815	-0.587485226286805	0.0996149724156046
-0.358054736876835	-1.25051985147285	-0.569247749398189	0.111641415589056
-0.351643053737148	-1.2451245361056	-0.557868696097009	0.129015314675461
-0.345231370597461	-1.22809084849223	-0.547835135141784	0.153213613366813
-0.338819687457774	-1.22259940618122	-0.533356243091904	0.14923870555365
-0.332408004318086	-1.20440450603082	-0.519871227436676	0.174659672928037
-0.325996321178399	-1.17954436215644	-0.507406900576096	0.171985054137321
-0.319584638038712	-1.18451981234266	-0.495972376357383	0.186451589046983
-0.313172954899025	-1.1743783595475	-0.47886531198969	0.201591804941401
-0.306761271759338	-1.14226731618141	-0.469830972445665	0.209942525441012
-0.300349588619651	-1.14494237810436	-0.454026719916832	0.22709896266691
-0.293937905479963	-1.12807071702888	-0.444207785400754	0.229629098208409
-0.287526222340276	-1.10804937561044	-0.431153137778821	0.246333161091033
-0.281114539200589	-1.1056076061728	-0.415064323483545	0.255742163545984
-0.274702856060902	-1.07987509479022	-0.405810194207242	0.272582326231241
-0.268291172921215	-1.08088139539051	-0.389795333706904	0.292842157982639
-0.261879489781527	-1.05659361447873	-0.378046631138852	0.297671158755459
-0.25546780664184	-1.04714072275309	-0.366423810806012	0.31726885286978
-0.249056123502153	-1.03594011600843	-0.353607115820345	0.323799644073956
-0.242644440362466	-1.02426684242498	-0.339033820666767	0.334270772848178
-0.236232757222778	-0.996668361464406	-0.324659972906838	0.346409014766688
-0.229821074083091	-0.994127676893088	-0.315234501433952	0.364077147455137
-0.223409390943404	-0.977599147629937	-0.304524506810336	0.370998050546389
-0.216997707803717	-0.970319728269121	-0.287636208238674	0.384185705736776
-0.21058602466403	-0.948379469716234	-0.272290032122826	0.392704457382548
-0.204174341524343	-0.936720096256384	-0.263044230303884	0.402913537913977
-0.197762658384655	-0.919436372882438	-0.249332937015821	0.416051701381479
-0.191350975244968	-0.904701120200068	-0.231653335578453	0.42393571302804
-0.184939292105281	-0.908603139846975	-0.221291975889441	0.444048141170414
-0.178527608965594	-0.874673042570268	-0.209202621840539	0.450742541845113
-0.172115925825907	-0.870808276723945	-0.196509078943778	0.474985506602639
-0.165704242686219	-0.857490499890967	-0.186867245175485	0.487196383894708
-0.159292559546532	-0.846371148060831	-0.174240220461765	0.501011240480315
-0.152880876406845	-0.834756850968219	-0.157709074584127	0.501959344042508
-0.146469193267158	-0.814011323347563	-0.150593621736273	0.521394166560312
-0.140057510127471	-0.799065137260112	-0.132233274892917	0.532169239583986
-0.133645826987783	-0.788238944543089	-0.120214575953268	0.550041529991026
-0.127234143848096	-0.775166395654972	-0.109785991920627	0.565773123493118
-0.120822460708409	-0.764217218951138	-0.097465410563881	0.576035827076789
-0.114410777568722	-0.75165250540934	-0.0806091842558051	0.579459799004989
-0.107999094429035	-0.734461097233016	-0.0681717374115054	0.598276208773669
-0.101587411289348	-0.728990435977308	-0.0581624469290182	0.607944280983194
-0.0951757281496604	-0.708386755025246	-0.0448820908786755	0.611805163328275
-0.0887640450099731	-0.703882763277305	-0.0311735977857788	0.627708511745311
-0.0823523618702859	-0.68602656943611	-0.0169449930773148	0.644548537943389
-0.0759406787305987	-0.667439711345684	-0.00623325121029587	0.658284415851083
-0.0695289955909115	-0.657874098889704	0.00642803438715968	0.660855507447646
-0.0631173124512243	-0.641344147172724	0.0198607675806986	0.685584385669828
-0.0567056293115371	-0.633994712904703	0.038946084229491	0.69967865419464
-0.0502939461718499	-0.625422209501745	0.0491557680873321	0.707760238864606
-0.0438822630321627	-0.605802294365437	0.0613926599734953	0.727056568368026
-0.0374705798924755	-0.608168858844297	0.0739486374902072	0.737413427117229
-0.0310588967527883	-0.586152241366553	0.092809435062186	0.756627997106641
-0.0246472136131011	-0.568466911277154	0.0976603753129118	0.769513580498247
-0.0182355304734139	-0.545672312499837	0.108517377188583	0.771306319237365
-0.0118238473337267	-0.544343663804159	0.126366134879176	0.793714287347425
-0.00541216419403945	-0.533240249912441	0.13749526381032	0.800624849499566
0.000999518945647537	-0.513471103854498	0.147870038379024	0.822953269018631
0.00741120208533474	-0.508703514653455	0.160924217957052	0.818050323048579
0.013822885225022	-0.487970031712539	0.175129201433584	0.838422524726915
0.0202345683647092	-0.481329067327221	0.189343167224358	0.848622062806989
0.0266462515043964	-0.475665588894977	0.200709653292521	0.864610717743064
0.0330579346440836	-0.456009297160422	0.212182983213584	0.874463116982117
0.0394696177837708	-0.446261754509756	0.226107211931031	0.893286647908864
0.045881300923458	-0.425781587402423	0.239697999756441	0.900619906397215
0.0522929840631452	-0.410814268017051	0.250485003016426	0.906826191340792
0.0587046672028324	-0.401725378081051	0.268824382306423	0.930567819204046
0.0651163503425196	-0.382471512091441	0.277722638050677	0.940295548754518
0.0715280334822068	-0.38196691741477	0.289246899050578	0.953528031608536
0.077939716621894	-0.362795635076134	0.30504594672284	0.964574215337444
0.0843513997615812	-0.357160604948944	0.315312360027759	0.979358739641732
0.0907630829012684	-0.339709060057162	0.333757941481047	1.00346891052508
0.0971747660409554	-0.33948045006684	0.344765645795174	1.01047543537405
0.103586449180643	-0.314911540987903	0.357966994775403	1.02017468828467
0.10999813232033	-0.299320280242186	0.371191800625203	1.02814884172781
0.116409815460017	-0.284174440457303	0.383238018381285	1.05481761098128
0.122821498599704	-0.277462161832075	0.393324432729305	1.07783043624393
0.129233181739392	-0.260044888328214	0.405444820368347	1.06639362557659
0.135644864879079	-0.255217711881358	0.420504754694077	1.08326264863114
0.142056548018766	-0.24098455019051	0.435608506466485	1.10449338957058
0.148468231158453	-0.227915544539453	0.442406821277573	1.10836863353336
0.15487991429814	-0.210316266365564	0.462918563090129	1.12614927274003
0.161291597437828	-0.206720194536697	0.47169605330579	1.13745144970212
0.167703280577514	-0.192974730821892	0.486187026353782	1.1563875429216
0.174114963717202	-0.167143525771303	0.498988759245321	1.16419789701322
0.180526646856889	-0.166704905560182	0.510455094725916	1.17088703022251
0.186938329996576	-0.153244608856044	0.521837335850328	1.19064771623182
0.193350013136263	-0.149873885011458	0.535085304117892	1.20817129548125
0.199761696275951	-0.123108304351624	0.546913838573241	1.23235702556989
0.206173379415638	-0.114340037619266	0.562311714470589	1.23846055593749
0.212585062555325	-0.101539829741086	0.576383804388085	1.24155391357168
0.218996745695012	-0.0934177387898198	0.587750204839455	1.26098884559257
0.2254084288347	-0.0759000831452633	0.599754376679438	1.27883101209741
0.231820111974387	-0.0673786156877069	0.618707768553099	1.28586278831382
0.238231795114074	-0.0523572610357796	0.6242967465305	1.30230246040485
0.244643478253761	-0.0506419089454473	0.636756427290111	1.31875284771801
0.251055161393448	-0.0339591429024282	0.652875789330062	1.33403500073578
0.257466844533135	-0.0185643488288948	0.66224269631667	1.35019629400998
0.263878527672822	-0.0054092299888086	0.679160171313998	1.36204463801708
0.27029021081251	0.0126956097858206	0.692904790937998	1.36744831106661
0.276701893952197	0.0156684308316584	0.704392447930383	1.38649784230537
0.283113577091884	0.0317193920759704	0.715098089322084	1.39550976741816
0.289525260231571	0.044524991881725	0.732306294375851	1.40516016528897
0.295936943371259	0.0534876416721715	0.739510092494512	1.41997971311402
0.302348626510946	0.066953970885867	0.754183679556722	1.4378098849931
0.308760309650633	0.0870345499736865	0.766681924473375	1.43987079903466
0.31517199279032	0.0952724588665517	0.785947570392042	1.46164724361446
0.321583675930007	0.109510203424901	0.794180205202101	1.48420009878774
0.327995359069694	0.11088207837771	0.806261122963192	1.4975075099973
0.334407042209382	0.125972139414464	0.822193048519246	1.49105361923996
0.340818725349069	0.146289454290734	0.832591666970387	1.51261381393213
0.347230408488756	0.146706391523545	0.840586295854186	1.53849940261929
0.353642091628443	0.163163090317882	0.857780909954095	1.54153084625173
0.36005377476813	0.177335054614353	0.8708729230912	1.55728330865826
0.366465457907818	0.197873382670222	0.883904506681103	1.57232817525607
0.372877141047505	0.205418606544633	0.897097397921046	1.58856935423336
0.379288824187192	0.21867912074071	0.908971206571934	1.59744983500903
0.385700507326879	0.230442019711533	0.917942748266268	1.62457898625279
0.392112190466567	0.238079360283518	0.933500603728529	1.63371487681611
0.398523873606254	0.251906231500287	0.944453325626627	1.64900561989019
0.404935556745941	0.266494123334285	0.963404448667946	1.65331137203429
0.411347239885628	0.273686432513551	0.973334746793569	1.67544565034601
0.417758923025315	0.288484566171086	0.98493644616613	1.67607875223395
0.424170606165002	0.302707056617173	1.00060492975197	1.688956020321
0.43058228930469	0.306020813249273	1.01370184790035	1.70294757328919
0.436993972444377	0.330114386104961	1.0245699292827	1.72989227680507
0.443405655584064	0.32936648042444	1.04034593938692	1.73857405335077
0.449817338723751	0.348759149400802	1.05064567777248	1.75772955891047
0.456229021863438	0.357547236466806	1.06403581977109	1.75933977782092
0.462640705003126	0.367238319507871	1.07833288707542	1.78606237391795
0.469052388142813	0.380903231780112	1.09108731791509	1.80351110826715
0.4754640712825	0.397802567036861	1.10297978463712	1.8070980315739
0.481875754422187	0.413900047002012	1.11796380958621	1.8311675827713
0.488287437561874	0.415894493429446	1.12643829905543	1.83989114102136
0.494699120701561	0.429259090845278	1.139387589729	1.84352268128126
0.501110803841249	0.437834122071759	1.15732292688736	1.86168491916239
0.507522486980936	0.445579616444846	1.16639223914248	1.87307924647352
0.513934170120623	0.466423473134666	1.18117775072121	1.89801677858373
0.52034585326031	0.481148349735628	1.19489284509766	1.91736569884922
0.526757536399998	0.482672972511573	1.20553335994718	1.91223903910222
0.533169219539685	0.504994291597319	1.21953175895983	1.92592931922309
0.539580902679372	0.511485011771729	1.23427837239128	1.94996952570225
0.545992585819059	0.516285779541173	1.2457030300925	1.96157484395613
0.552404268958747	0.542462416123103	1.25883544525643	1.97039206745415
0.558815952098433	0.552142963383644	1.27457921489053	1.99005242041068
0.56522763523812	0.55976064277445	1.28248740397473	2.00397833533175
0.571639318377808	0.56553147363251	1.29803567256844	2.0197174052015
0.578051001517495	0.582160646410617	1.30816568873997	2.03388396173278
0.584462684657182	0.588494509570638	1.32528051585329	2.05620748445081
0.590874367796869	0.608809312989453	1.33396688651353	2.06157150458961
0.597286050936557	0.612825768386021	1.3503951255651	2.07848503642758
0.603697734076244	0.625398144750785	1.36255455699521	2.09310904071138
0.610109417215931	0.639132148466651	1.37298958912909	2.11410202598085
0.616521100355618	0.643808271609575	1.38261113059477	2.12001489159502
0.622932783495306	0.66114814379628	1.39706599212309	2.13508591322983
0.629344466634993	0.670591138003269	1.41472137399958	2.15756707419208
0.63575614977468	0.687662980315089	1.41948350296527	2.16091664809344
0.642167832914367	0.694233594945868	1.44093435142167	2.18344562651672
0.648579516054054	0.70793704814651	1.45166495493118	2.19765601931729
0.654991199193741	0.717075979366584	1.46541696575318	2.20427334363885
0.661402882333429	0.732176852011033	1.47745184052587	2.22298254310867
0.667814565473116	0.746247344674314	1.49214793991474	2.22884649310666
0.674226248612803	0.755683469967828	1.50426469968116	2.25552629918429
0.68063793175249	0.764889223713554	1.51409228630156	2.26417274133152
0.687049614892177	0.780298692292541	1.52704904627879	2.2801223040376
0.693461298031865	0.787464569758775	1.53999063645242	2.28730404241906
0.699872981171552	0.799838747439958	1.55893397266767	2.30945085720453
0.706284664311239	0.820193589311738	1.56404555720112	2.3176460672218
0.712696347450926	0.828551073215988	1.57578993836065	2.33243478005529
0.719108030590613	0.842633028913693	1.59339812352977	2.35689213563577
0.7255197137303	0.851624884411526	1.60212304144584	2.3670925900295
0.731931396869988	0.864594624669904	1.62176989762398	2.39186335472949
0.738343080009675	0.873735271559803	1.62924044609223	2.39634703911286
0.744754763149362	0.882366696539715	1.64459246106455	2.41984420177734
0.751166446289049	0.889163765230272	1.65641082342123	2.42709242349628
0.757578129428737	0.899762103980477	1.67169913313198	2.43543500592003
0.763989812568424	0.912828284086673	1.68091296958594	2.45634029347183
0.770401495708111	0.928240139898914	1.69435717181806	2.46225325722542
0.776813178847798	0.933095526316439	1.70765379342911	2.48172834763075
0.783224861987485	0.961073936478396	1.7261382694325	2.49274953752103
0.789636545127173	0.958905164251688	1.73380226793779	2.51536515948882
0.79604822826686	0.977466237145882	1.74713632229306	2.52158824591348
0.802459911406547	0.991873862184563	1.75734495738037	2.52768955311193
0.808871594546234	0.988750530258159	1.77124317218977	2.5565606997683
0.815283277685921	1.00912693559198	1.7822991072963	2.56134386723616
0.821694960825608	1.01422317152145	1.79863797695945	2.58625540316299
0.828106643965296	1.03073399948493	1.81155085027717	2.59265007595035
0.834518327104983	1.03976096119394	1.82334836499089	2.61329994634245
0.84093001024467	1.04868849931753	1.8406887890928	2.63424488094231
0.847341693384357	1.06125082727425	1.84821797090499	2.65188763442992
0.853753376524045	1.08053486656574	1.86813667564238	2.65559911369436
0.860165059663732	1.08369011422627	1.87564583203565	2.67461544896681
0.866576742803419	1.08367971929794	1.88834404831536	2.69757024703542
0.872988425943106	1.11268258802877	1.90131820670545	2.70365607430224
0.879400109082793	1.10568994421693	1.91349722484742	2.71011711584113
0.88581179222248	1.12237554382082	1.92794899752016	2.7377556506118
0.892223475362167	1.13333367311768	1.93906720923606	2.74407984739125
0.898635158501855	1.14711668871244	1.95487919777333	2.76474192150651
0.905046841641542	1.17386903902165	1.96917832933358	2.77969148658822
0.911458524781229	1.17330642977188	1.97950344685183	2.78730943588609
0.917870207920916	1.18171155885801	1.99203425302089	2.79807995999416
0.924281891060604	1.20078514654454	2.00293346495736	2.81571307390547
0.930693574200291	1.20391175930828	2.02356752732651	2.82955904505556
0.937105257339978	1.20982405333383	2.02948816872403	2.85170618370773
0.943516940479665	1.23607154433406	2.04037136029386	2.85635464250571
0.949928623619352	1.23110709582651	2.05815464020905	2.88200054060676
0.956340306759039	1.25890808400171	2.0716115210219	2.90283079002917
0.962751989898727	1.25389980933165	2.08165570467244	2.89668493434137
0.969163673038414	1.26948775216356	2.0951301837228	2.93881133020576
0.975575356178101	1.28671782469693	2.10580755232729	2.94237432171109
0.981987039317788	1.30130328519337	2.12123143376562	2.96051568133078
0.988398722457475	1.30733939127345	2.13213309863127	2.96888304851968
0.994810405597163	1.2966537318953	2.14112515517645	2.9789787069588
1.00122208873685	1.32643479526952	2.15602753099956	2.99895841773463
1.00763377187654	1.34712412942748	2.16995694177496	3.00628614895453
1.01404545501622	1.35814863995262	2.18504499512211	3.03155230704724
1.02045713815591	1.36186117269957	2.19995565717427	3.04358705735226
1.0268688212956	1.37111967664164	2.21210415976033	3.05488637732242
1.03328050443529	1.37742797074354	2.22121044301105	3.07878071295403
1.03969218757497	1.40081803978849	2.23750890540408	3.0783401132761
1.04610387071466	1.40940044879852	2.24350035289713	3.09866699661221
1.05251555385435	1.41162442815118	2.26760972216051	3.11857326002041
1.05892723699403	1.42685258495108	2.27370048210711	3.12588438157547
1.06533892013372	1.44117703657135	2.28982113582154	3.14042898930793
1.07175060327341	1.45549877245748	2.30435413982273	3.154840128585
1.0781622864131	1.44997727046718	2.31025504956765	3.1808765260782
1.08457396955278	1.46500314033507	2.32540778887196	3.18844437038643
1.09098565269247	1.48038135620284	2.33522231730246	3.20542404458232
1.09739733583216	1.50219750018111	2.34799463570478	3.22242835089341
1.10380901897185	1.50301081517019	2.36760709012946	3.23037177655251
1.11022070211153	1.51117118908852	2.38174276904899	3.25123394165192
1.11663238525122	1.52440948116553	2.38990904261353	3.25214851876888
1.12304406839091	1.53228071820709	2.40083246698951	3.28395011472191
1.12945575153059	1.54619366904806	2.41651101927138	3.28942571653044
1.13586743467028	1.56257646372597	2.42753966630824	3.31576581791516
1.14227911780997	1.57063294131258	2.4426346675263	3.31856817564349
1.14869080094966	1.57380796143167	2.45203419994388	3.33761688180949
1.15510248408934	1.58907739675199	2.46876294915267	3.34863042066772
1.16151416722903	1.60175337945381	2.48466154511787	3.35885179267064
1.16792585036872	1.61638503927289	2.49448821382294	3.38940429740333
1.1743375335084	1.61259668967812	2.50457929028224	3.39804355734297
1.18074921664809	1.64064493769947	2.5187221629156	3.40300796730264
1.18716089978778	1.64865572817243	2.53419472165659	3.41806632329448
1.19357258292747	1.66137931251941	2.5468422439347	3.44900744206822
1.19998426606715	1.67106698683675	2.55791844653856	3.46711275160155
1.20639594920684	1.68968316982913	2.57346253864512	3.46693840374187
1.21280763234653	1.68675062253899	2.57804719474778	3.49863535490417
1.21921931548621	1.69765147668938	2.5988049505584	3.49624551956541
1.2256309986259	1.70358406147219	2.61036250038361	3.52684676408902
1.23204268176559	1.71633700156797	2.62273259170895	3.53136630308728
1.23845436490528	1.73573945897065	2.63619795492106	3.54307865506076
1.24486604804496	1.73598860401459	2.6484572132787	3.56542025704023
1.25127773118465	1.74489294777549	2.65788491964232	3.58507536154132
1.25768941432434	1.75935615238863	2.66961894195126	3.59035090456589
1.26410109746402	1.78024473084449	2.68498245021799	3.59849706255124
1.27051278060371	1.77927703388178	2.69908858659802	3.62767995006913
1.2769244637434	1.79271494696851	2.71802882401208	3.62409169430265
1.28333614688309	1.80393587848872	2.72936431505514	3.66884175477554
1.28974783002277	1.81039734421092	2.73978922436126	3.68050994129558
1.29615951316246	1.83182892252502	2.75353090064094	3.68789659325346
1.30257119630215	1.84165977148518	2.76619252833669	3.69553118206569
1.30898287944184	1.84275294240999	2.77818012110563	3.71581979577396
1.31539456258152	1.85307535593309	2.78556245695227	3.72152976912046
1.32180624572121	1.86073734067083	2.80024821963967	3.74170764204281
1.3282179288609	1.87179458432161	2.81545553697971	3.75787750732056
1.33462961200058	1.8878749281407	2.82779833077715	3.77607783114089
1.34104129514027	1.90297556758412	2.84182695812585	3.79585164022709
1.34745297827996	1.90405108894299	2.85395413811291	3.79732458873986
1.35386466141965	1.92070417605189	2.86807359211472	3.81303671825871
1.36027634455933	1.94234201612566	2.87899295033865	3.83811543710708
1.36668802769902	1.94239196153722	2.89113244377933	3.85287130008168
1.37309971083871	1.9521580701463	2.90686116661333	3.86209983804917
1.37951139397839	1.96212143404932	2.91795277731376	3.86950554340801
1.38592307711808	1.97555271756668	2.92896479557877	3.89478460806427
1.39233476025777	1.98391828095277	2.94482349754467	3.91332033903685
1.39874644339746	2.00004098510611	2.95353674084121	3.92851775241654
1.40515812653714	2.01091736865316	2.9666221521129	3.95472998676386
1.41156980967683	2.01286266479949	2.98491955389589	3.95871138473237
1.41798149281652	2.03334693631251	2.99630108567594	3.9771647301709
1.4243931759562	2.03588957634958	3.00781258893795	3.9881776475072
1.43080485909589	2.0381913615979	3.02069684173072	4.00759231903842
1.43721654223558	2.05808088577363	3.04039403879388	4.0167862429704
1.44362822537527	2.07585033623571	3.05460518939706	4.03699421704464
1.45003990851495	2.08199149980963	3.06151246639122	4.06640539297723
1.45645159165464	2.08837995687483	3.07649681881451	4.05650532794525
1.46286327479433	2.10570425898845	3.08853494658713	4.08487632468496
1.46927495793402	2.11410678169335	3.09840299577287	4.09142323588647
1.4756866410737	2.12651027484241	3.11387703105713	4.10202994897918
1.48209832421339	2.13531551955557	3.12818397862494	4.12112088554439
1.48851000735308	2.15265131212067	3.13745041604542	4.14356584446506
1.49492169049276	2.15590971745794	3.14837221514971	4.15554354056039
1.50133337363245	2.16367660790996	3.1664577599814	4.16228683838691
1.50774505677214	2.17547490522084	3.17679808420109	4.18053877198602
1.51415673991183	2.18249763515556	3.18879095517857	4.19655015062154
1.52056842305151	2.18976740820269	3.20208708192205	4.22061895205551
1.5269801061912	2.2146478908091	3.21556367572526	4.22335132471719
1.53339178933089	2.21298153217119	3.2252489121036	4.24467711018037
1.53980347247057	2.22558657688707	3.23926954246139	4.25807302763089
1.54621515561026	2.24586579854198	3.25573377734262	4.27080072387986
1.55262683874995	2.24774526892549	3.26733888073514	4.29743443012617
1.55903852188964	2.2551276496992	3.28606048626387	4.31057780607336
1.56545020502932	2.27901568013677	3.29137772002208	4.3342479199275
1.57186188816901	2.27673895161494	3.31107829381701	4.32281033975318
1.5782735713087	2.28345856597066	3.32105448289477	4.3569565290675
1.58468525444838	2.29272942770404	3.33174494981015	4.38110255594907
1.59109693758807	2.3155882299682	3.34231018739906	4.38625000826498
1.59750862072776	2.31043831443127	3.36365521519705	4.39230314096978
1.60392030386745	2.32775413788815	3.36953060884478	4.41566790928493
1.61033198700713	2.33648018443057	3.38420007801158	4.43693975122759
1.61674367014682	2.35848923040332	3.39623085160762	4.45888755326225
1.62315535328651	2.35644996897663	3.40841539061873	4.45970980843918
1.62956703642619	2.38145576679074	3.42385069684595	4.47048119582315
1.63597871956588	2.39397755090113	3.43270960361925	4.4986728316469
1.64239040270557	2.38415443174611	3.44876213865919	4.50869773450312
1.64880208584526	2.40720978354161	3.45664069236514	4.52645726568961
1.65521376898494	2.4215027676253	3.47886702796501	4.54122154567695
1.66162545212463	2.44361772591086	3.48850862981524	4.54380792087355
1.66803713526432	2.43965489167194	3.50024445902544	4.5738510626263
1.67444881840401	2.4410955501723	3.51337936982295	4.58720935928606
1.68086050154369	2.45311162921274	3.52161628845871	4.60072156560536
1.68727218468338	2.47075411785725	3.53479510569897	4.62025350876477
1.69368386782307	2.47174328435106	3.55043485020675	4.63182301100988
1.70009555096275	2.48946359630037	3.56326235602461	4.65266894098034
1.70650723410244	2.4994853563971	3.57935115497676	4.65410216820283
1.71291891724213	2.50673047605117	3.59133524847872	4.67232500028122
1.71933060038182	2.52121132293935	3.60021388576078	4.70545409460307
1.7257422835215	2.54413091650373	3.61996148324298	4.71404593721073
1.73215396666119	2.54680726693606	3.62387445224343	4.7214668256624
1.73856564980088	2.54559187290043	3.6417760236798	4.74127724663276
1.74497733294056	2.55899855602993	3.6554122446332	4.75491716047801
1.75138901608025	2.57774936319901	3.66626183125112	4.77698539823531
1.75780069921994	2.58404919745854	3.67484763607934	4.80280571792773
1.76421238235963	2.58493895954519	3.69130669593726	4.79286367107473
1.77062406549931	2.60789147231142	3.69968600447755	4.82250904470849
1.777035748639	2.60784641740522	3.72322489982025	4.83498449071159
1.78344743177869	2.62023512697896	3.73140580163783	4.83729641588718
1.78985911491837	2.62571814358025	3.74480085371088	4.86642221025218
1.79627079805806	2.64773589143418	3.75690966932716	4.87412661004963
1.80268248119775	2.6644547671188	3.7698999662872	4.88466751549495
1.80909416433744	2.67008322878329	3.77980458898715	4.90896046039456
1.81550584747712	2.68749494326622	3.79467864131374	4.93511052708284
1.82191753061681	2.67172774672026	3.80860391639366	4.94484526669651
1.8283292137565	2.6893370548364	3.8219130780842	4.94280601798775
1.83474089689618	2.72542779016878	3.8332416982624	4.95457417470656
1.84115258003587	2.71707924605853	3.84682732898835	4.99634525922804
1.84756426317556	2.73045357838106	3.86128417096463	4.99281832806449
1.85397594631525	2.73894360203257	3.87969531029821	5.02105693613347
1.86038762945493	2.7423297943641	3.89116732633278	5.02696257645005
1.86679931259462	2.75126066639599	3.89637095689438	5.04134481412294
1.87321099573431	2.76596239193159	3.91179619147237	5.05636112893805
1.879622678874	2.78225945359482	3.92432957539366	5.0756897328029
1.88603436201368	2.77657846264732	3.93706388594976	5.09988683892165
1.89244604515337	2.79337894002433	3.94969616843038	5.11252126263249
1.89885772829306	2.81030588968381	3.96266583902679	5.12933948174831
1.90526941143274	2.81314299610221	3.97792902488609	5.14170700800578
1.91168109457243	2.8358012621392	3.99025716036294	5.15525012461647
1.91809277771212	2.83660310022833	4.00095884722294	5.16216803920699
1.92450446085181	2.8532844564972	4.01583646463865	5.18594296015365
1.93091614399149	2.87620532516555	4.02761886165818	5.19726254702096
1.93732782713118	2.87882938913091	4.04386990857295	5.22198390409006
1.94373951027087	2.87832083836019	4.05714683358856	5.22696175985379
1.95015119341055	2.89960608358747	4.06578726055113	5.25120665261015
1.95656287655024	2.89714589398681	4.07761665690901	5.26837803550397
1.96297455968993	2.89809895901779	4.09476114882286	5.2748349272789
1.96938624282962	2.90814825183694	4.10787120412663	5.30165008177074
1.9757979259693	2.93885510253868	4.11804702350369	5.31559345822518
1.98220960910899	2.93820161380027	4.13000411833097	5.33112310104994
1.98862129224868	2.95134984840565	4.14395325410689	5.33846224845437
1.99503297538836	2.97768378980531	4.16165142979663	5.36082895838335
2.00144465852805	2.98913145068436	4.17633963608416	5.3633736976799
2.00785634166774	2.98547652026162	4.18064262376636	5.37163295960121
2.01426802480743	2.99696638210412	4.19663656406903	5.40328920037743
2.02067970794711	2.99552586443906	4.21004948611338	5.43567635289553
2.0270913910868	3.01779774981268	4.22145729636192	5.43185856948849
2.03350307422649	3.0251008844646	4.23821374369788	5.45299639454242
2.03991475736618	3.02312391852886	4.24865038974953	5.47232080416694
2.04632644050586	3.03021994381866	4.26058802509369	5.49327362909922
2.05273812364555	3.05508868210062	4.26961011033588	5.49464494600464
2.05914980678524	3.06262908340392	4.28899578458423	5.50231733760526
2.06556148992492	3.08091603656237	4.29865696012762	5.52950622018344
2.07197317306461	3.08700644806472	4.31155496135183	5.53625117265062
2.0783848562043	3.09891103163707	4.32223681636222	5.5772082108566
2.08479653934399	3.11360344893157	4.33699673499349	5.56960446721666
2.09120822248367	3.10512415971766	4.34639824518831	5.59202695180688
2.09761990562336	3.12306378042441	4.36830514270393	5.60284147517729
2.10403158876305	3.14175340922725	4.37204508737927	5.63701353404492
2.11044327190273	3.14560901244178	4.38479673535833	5.63816867845753
2.11685495504242	3.1528936523102	4.40168139229418	5.6478332665223
2.12326663818211	3.17560294126456	4.4171981493026	5.66240648944139
2.1296783213218	3.17126099754904	4.42900919655016	5.69388636904421
2.13609000446148	3.19861853917208	4.43900031374904	5.7154762113178
2.14250168760117	3.19222576872662	4.45660115202591	5.72721884602934
2.14891337074086	3.21299387103528	4.46762413528863	5.72927238456712
2.15532505388054	3.21950303990266	4.47842917963337	5.75451803447193
2.16173673702023	3.23462441602231	4.4924602976609	5.75226003681404
2.16814842015992	3.24974842094374	4.50179680702055	5.77793522863028
2.17456010329961	3.25808473369676	4.5218972746234	5.79621068021358
2.18097178643929	3.27552877530786	4.53153696982451	5.80247528879296
2.18738346957898	3.26599249851834	4.54647451166315	5.83550332866571
2.19379515271867	3.26782523884228	4.55702727111171	5.85648853606154
2.20020683585836	3.29054350149095	4.57019326522627	5.85255077662866
2.20661851899804	3.28610808678528	4.57754197279362	5.87563582055259
2.21303020213773	3.30367262627341	4.59786124526221	5.90001784560231
2.21944188527742	3.31823770051912	4.60357183611787	5.90737702461031
2.2258535684171	3.32283703276658	4.61782892955738	5.90132865424462
2.23226525155679	3.34427031569702	4.63035124450267	5.9429494766548
2.23867693469648	3.34295087657033	4.64626381786396	5.95203746873256
2.24508861783617	3.34385736919501	4.65908673154494	5.96761085838857
2.25150030097585	3.361579098059	4.66817406134956	5.98930000081241
2.25791198411554	3.36586976222241	4.68358685146129	5.99384355689394
2.26432366725523	3.38816943631895	4.69704191368998	6.01214811440875
2.27073535039491	3.39995722599042	4.70713047067645	6.04000450999681
2.2771470335346	3.40126289809364	4.72152766359047	6.04321781898066
2.28355871667429	3.42912023368001	4.73516269378271	6.06504467741322
2.28997039981398	3.42348461080298	4.74334581376798	6.08536036355706
2.29638208295366	3.43641564947124	4.76013408073915	6.09636386148949
2.30279376609335	3.4536495247991	4.7757061515094	6.11749483849772
2.30920544923304	3.45440591930274	4.792105734504	6.13031375692096
2.31561713237272	3.46443228242647	4.80100550910741	6.141233278175
2.32202881551241	3.48238585101004	4.81071523984415	6.15106117213173
2.3284404986521	3.49173823714258	4.82632330558419	6.181930590656
2.33485218179179	3.49949710335538	4.83661473043373	6.17713810121085
2.34126386493147	3.51663408262104	4.85709448212933	6.20965260189105
2.34767554807116	3.52367474180626	4.86521916680978	6.2229585707802
2.35408723121085	3.53449285555852	4.87359086491368	6.22758918906099
2.36049891435054	3.54241255724856	4.89096774655144	6.24452225719808
2.36691059749022	3.54772943125872	4.90514567784272	6.26787714339973
2.37332228062991	3.56552554668955	4.92098388804119	6.28322266096443
2.3797339637696	3.57840252108029	4.93099225114485	6.28248238493329
2.38614564690928	3.59563412298025	4.94415567924754	6.30959410842499
2.39255733004897	3.58462171823455	4.95540596160335	6.32472621572439
2.39896901318866	3.60211479311882	4.96525099081243	6.34910821223729
2.40538069632835	3.61420690188354	4.97743615807926	6.36044657304494
2.41179237946803	3.61586865846704	4.99235052137034	6.38017353154754
2.41820406260772	3.63939126541768	5.01360090843098	6.39379947286544
2.42461574574741	3.65034341134796	5.02237976986605	6.41086948664809
2.43102742888709	3.65417348030364	5.03114131746941	6.42498041196209
2.43743911202678	3.65644083684066	5.0443755229508	6.44124849363484
2.44385079516647	3.68000938285985	5.05684582268319	6.46141023904328
2.45026247830616	3.66315709667119	5.07267018579568	6.4720118642695
2.45667416144584	3.6937591126221	5.08068258520898	6.48163695753857
2.46308584458553	3.6944037516006	5.09929789455503	6.51133439471706
2.46949752772522	3.71477225865106	5.11102423273314	6.5142121413045
2.4759092108649	3.71639467920388	5.12058149265339	6.52958111893187
2.48232089400459	3.72040484595297	5.12849808378056	6.55540446769828
2.48873257714428	3.74242052534634	5.14947133004639	6.5539982544792
2.49514426028397	3.74806366267451	5.16052286122941	6.58187945690092
2.50155594342365	3.75411175191317	5.17632189902154	6.59646173379212
2.50796762656334	3.77033912687551	5.18415592454017	6.60398936838891
2.51437930970303	3.77878798325627	5.20235259161218	6.63427245599728
2.52079099284272	3.78750206232454	5.21425750389595	6.64439626957848
2.5272026759824	3.80805553617988	5.22894277225559	6.65434048016197
2.53361435912209	3.80070846905527	5.24664829241701	6.67613045296917
2.54002604226178	3.82717261350326	5.2524660351333	6.70054584711056
2.54643772540146	3.83414441997307	5.26459446133919	6.71086360750363
2.55284940854115	3.85574460005458	5.27794725123048	6.71865142408636
2.55926109168084	3.86184596092169	5.2864480466032	6.73803980167144
2.56567277482052	3.87353527953965	5.3063133396444	6.75561123976211
2.57208445796021	3.86727459906129	5.31293383667976	6.76683497321003
2.5784961410999	3.88826269640015	5.32928459607101	6.79352279781729
2.58490782423959	3.88550045327165	5.3424581703962	6.79102858023672
2.59131950737927	3.90456325234973	5.35707165121669	6.79348860771877
2.59773119051896	3.90768170014773	5.37068381363432	6.82655892691219
2.60414287365865	3.92459860133202	5.38160231983125	6.85016487965049
2.61055455679834	3.93431448524188	5.40094734879627	6.86659298602318
2.61696623993802	3.95291307352721	5.40788256081892	6.86721467956955
2.62337792307771	3.95894463651428	5.42506213983235	6.88342346010384
2.6297896062174	3.97327222208231	5.43529040433408	6.91221556425701
2.63620128935708	3.98860996024835	5.44752545766228	6.92927001259382
2.64261297249677	3.97746021198253	5.45479285406064	6.9432108716224
2.64902465563646	3.9785450057638	5.47439638590825	6.95374905459878
2.65543633877615	4.00044789621962	5.48522403744758	6.98193701594863
2.66184802191583	4.01625695889669	5.49412378144575	6.99693643179401
2.66825970505552	4.02888206091962	5.50886092609228	7.00364691920947
2.67467138819521	4.0251259471039	5.52401007060841	7.01300113710686
2.68108307133489	4.04197972268644	5.54066166999527	7.04496802433247
2.68749475447458	4.0533830929118	5.54983461995483	7.0693038830697
2.69390643761427	4.0635999017558	5.56756897788668	7.05887055087219
2.70031812075396	4.07467258913901	5.57008714624109	7.09143484890264
2.70672980389364	4.09322055792819	5.58931405952151	7.09489410168468
2.71314148703333	4.10920217535252	5.60173695576584	7.1197143298049
2.71955317017302	4.117181819843	5.61663748454997	7.14601856352958
2.7259648533127	4.12367809512984	5.62666461125725	7.14686965091357
2.73237653645239	4.11825448999486	5.64000533794077	7.17726354925392
2.73878821959208	4.12974561836243	5.64776988256337	7.17453847076461
2.74519990273177	4.15091906499809	5.67038985341246	7.18627933148344
2.75161158587145	4.1443146436789	5.68408348542513	7.2167024723199
2.75802326901114	4.15340579819742	5.68155838912031	7.22755386610765
2.76443495215083	4.17842877017038	5.7006903174882	7.2423393047618
2.77084663529052	4.18472335732441	5.71186078312504	7.25968488250847
2.7772583184302	4.19132664729597	5.72882029969345	7.27519923647307
2.78367000156989	4.20282336532107	5.74157504341941	7.30652594588715
2.79008168470958	4.20388025242389	5.7607629481455	7.31364266714851
2.79649336784926	4.22278867913127	5.76388726273512	7.30546143763246
2.80290505098895	4.22461626137626	5.77983573825027	7.3209286382559
2.80931673412864	4.2503774175361	5.7908312786956	7.35701055667684
2.81572841726833	4.2533255327294	5.80645632285095	7.35634980201383
2.82214010040801	4.25198362268763	5.8189276937867	7.37277832696205
2.8285517835477	4.27972050823838	5.83198914631038	7.39939733790358
2.83496346668739	4.2822050861027	5.84418777862144	7.42111060988986
2.84137514982707	4.28640805539542	5.85393145432461	7.43524267052683
2.84778683296676	4.30047470103968	5.86988865534511	7.45621373518722
2.85419851610645	4.3216091525896	5.88493628099963	7.47131727019014
2.86061019924614	4.32031032272819	5.89706812987354	7.46452691371876
2.86702188238582	4.33766780091355	5.91159001900915	7.4955043191934
2.87343356552551	4.35816973949083	5.91969541108493	7.50318792557589
2.8798452486652	4.37163807162556	5.93696605151983	7.52346576227425
2.88625693180488	4.33956774799903	5.9503421215722	7.53628905753322
2.89266861494457	4.38419326610263	5.96072884966349	7.56920512010496
2.89908029808426	4.37728579656812	5.97555230082205	7.57098729505882
2.90549198122395	4.3952260224145	5.99329002336557	7.58902378530055
2.91190366436363	4.39335211443946	6.00323612680699	7.62391571088204
2.91831534750332	4.42682761506724	6.00887286381156	7.61299353799706
2.92472703064301	4.42251821420095	6.02860072807613	7.62497658073305
2.9311387137827	4.43054259271246	6.0391568905698	7.64413296124299
2.93755039692238	4.44596868697204	6.05005719297307	7.66074144764822
2.94396208006207	4.4446146437161	6.06045558312557	7.6736738898645
2.95037376320176	4.4599291267585	6.07661075124664	7.69416069834666
2.95678544634144	4.48854287756514	6.08862539895234	7.71951197387307
2.96319712948113	4.48215203667416	6.09998963544033	7.73463494719353
2.96960881262082	4.49482138355819	6.11152645909043	7.75055837213583
2.97602049576051	4.50280697885851	6.13434584081383	7.7586336138032
2.98243217890019	4.51009643877848	6.13680279396246	7.79813509177177
2.98884386203988	4.51641962799516	6.15365143629567	7.80649654977765
2.99525554517957	4.54448945090139	6.17192697311957	7.82744365943162
3.00166722831925	4.53634483718024	6.18214243275309	7.82059038194413
3.00807891145894	4.55405361212715	6.19659156025814	7.83467844060101
3.01449059459863	4.56112397295439	6.20433561832869	7.8638900234019
3.02090227773832	4.5924547026669	6.21994607424266	7.87105040345283
3.027313960878	4.58101287535567	6.23330261117325	7.88979755540817
3.03372564401769	4.59841696865098	6.25003462206001	7.8976121868926
3.04013732715738	4.59059160401573	6.25950565291224	7.91899053180609
3.04654901029706	4.61440099578214	6.2651372082903	7.94115482065622
3.05296069343675	4.61759567027393	6.28030106758994	7.94131043343765
3.05937237657644	4.62638197458246	6.295948730677	7.96368083683998
3.06578405971613	4.63698930485975	6.31262838917326	7.99060764160787
3.07219574285581	4.65831045168304	6.32038527747207	7.99696855836905
3.0786074259955	4.67425877794703	6.33389323510898	8.01806999912271
3.08501910913519	4.6631174573402	6.34749539073797	8.01844980756742
3.09143079227488	4.682502194076	6.36138756616067	8.03313480216358
3.09784247541456	4.70160260444918	6.37032670610572	8.06526674748911
3.10425415855425	4.7099490044774	6.38594571081605	8.09190651630833
3.11066584169394	4.70419455954915	6.3978547583889	8.09141723967405
3.11707752483362	4.72741458957775	6.41137877194013	8.11001433684558
3.12348920797331	4.71326828702001	6.42631778943785	8.13233943300063
3.129900891113	4.75279546165128	6.43661098727943	8.14275422938473
3.13631257425269	4.76348411212154	6.45395104876142	8.14976640256014
3.14272425739237	4.76045604190113	6.46421337113056	8.17404393841755
3.14913594053206	4.77089263972919	6.48140232762171	8.20104236397713
3.15554762367175	4.77539745988107	6.48725631497364	8.21898760230182
3.16195930681143	4.79524993655433	6.50853134211386	8.20897276960566
3.16837098995112	4.80256505342649	6.51827734856915	8.24639098273944
3.17478267309081	4.80534735674261	6.52936341514019	8.25110788069401
3.1811943562305	4.81219340073928	6.54427365604408	8.26976760701296
3.18760603937018	4.82134491573631	6.55884267519422	8.28483107768439
3.19401772250987	4.83476712817107	6.56878578588708	8.29196176112857
3.20042940564956	4.84663869346852	6.58239497013279	8.30894501000046
3.20684108878924	4.87152132455357	6.59203972849207	8.33579116288408
3.21325277192893	4.86178938250376	6.61158654389425	8.34207626223312
3.21966445506862	4.87976046177546	6.62213397701298	8.34659513242796
3.22607613820831	4.89709798906759	6.63268312088955	8.39044605225254
3.23248782134799	4.88988076406947	6.64389853386746	8.38176038118558
3.23889950448768	4.91534103583231	6.65466979883272	8.41969707706757
3.24531118762737	4.92181412898421	6.67054007338821	8.4232243123227
3.25172287076705	4.92938604663732	6.68424117007547	8.45887930273462
3.25813455390674	4.94718483640354	6.6929314062131	8.45243514917211
3.26454623704643	4.95861499184348	6.71389155082212	8.47295039519297
3.27095792018612	4.96208411411406	6.72273098831295	8.4964615260071
3.2773696033258	4.96444571499618	6.72909251967762	8.50825036623906
3.28378128646549	4.97373403816821	6.75067663442232	8.5124891215287
3.29019296960518	4.98977766929471	6.75716117277927	8.54234020374989
3.29660465274487	4.99994261373945	6.77565202560129	8.55587985881261
3.30301633588455	5.01474139416331	6.78525574404329	8.57878008553197
3.30942801902424	5.00737254818604	6.79821691719136	8.58760798865646
3.31583970216393	5.01513885078949	6.80877189292346	8.57890408806372
3.32225138530361	5.03998049482071	6.82679450248871	8.61460658216457
3.3286630684433	5.05672853838071	6.83494762402957	8.62328825529135
3.33507475158299	5.06662543134261	6.85753450275426	8.63996926065196
3.34148643472268	5.07621748549333	6.86063374269983	8.66655076269621
3.34789811786236	5.09104686243918	6.87472685095017	8.68291171435491
3.35430980100205	5.08559718179837	6.88624218967726	8.68740077496435
3.36072148414174	5.10445563216228	6.90682194724257	8.70331584532611
3.36713316728142	5.09587930937696	6.91428838842573	8.73307083538358
3.37354485042111	5.12810520425828	6.92321891901277	8.76781096226096
3.3799565335608	5.12751704997055	6.9406998757667	8.7723626723362
3.38636821670049	5.15115567433147	6.94946437674171	8.75757389510619
3.39277989984017	5.15382856608845	6.96534821592049	8.79727473503039
3.39919158297986	5.16897977178047	6.97672477586662	8.79621939202588
3.40560326611955	5.16901149420118	6.99580486356293	8.83092085757362
3.41201494925923	5.18383865990976	7.00426432450243	8.84886564516104
3.41842663239892	5.19089439931774	7.02073522194225	8.86051591907798
3.42483831553861	5.213208819771	7.02976151099676	8.87524084907023
3.4312499986783	5.20817950388332	7.04768566431626	8.89210827115784
3.43766168181798	5.2207083584227	7.05401428201116	8.89921907187913
3.44407336495767	5.23123304411475	7.06384471365839	8.9122926872914
3.45048504809736	5.24286839730785	7.08298145959953	8.95169260382545
3.45689673123705	5.26004317909238	7.0987551139723	8.95938823453907
3.46330841437673	5.27052639097416	7.10827084778089	8.98003036919382
3.46972009751642	5.25983064641681	7.12439984893922	8.98718017041222
3.47613178065611	5.27456679611199	7.13198984583627	8.98791362805253
3.48254346379579	5.29059702203128	7.15303391552211	9.00733263844579
3.48895514693548	5.29533721265956	7.16038302059375	9.03456954516733
3.49536683007517	5.31884526272625	7.17292848137714	9.03546795052159
3.50177851321486	5.31335416843297	7.18066660766084	9.05011735540907
3.50819019635454	5.32942351995843	7.19797279721671	9.06037398011531
3.51460187949423	5.33218183724647	7.2147603441789	9.10347948219691
3.52101356263392	5.35705792339056	7.22356767360451	9.10481656183268
3.5274252457736	5.35127925459078	7.23440220781235	9.12538841539063
3.53383692891329	5.36158306233481	7.24375615189973	9.13350395201969
3.54024861205298	5.38525420438643	7.25274662948808	9.14552811280923
3.54666029519267	5.37838598515937	7.27840049328804	9.16896535580055
3.55307197833235	5.38909834030316	7.28854023963446	9.18771652641082
3.55948366147204	5.39856816848735	7.30344438743358	9.20203347564476
3.56589534461173	5.43126845064364	7.32147569365588	9.21651300016699
3.57230702775141	5.40789391575489	7.32954473747778	9.25089818827069
3.5787187108911	5.43451912991982	7.34628091658529	9.23733515557044
3.58513039403079	5.44780384800015	7.35742061986994	9.27599983573631
3.59154207717048	5.46352303903261	7.36398682804165	9.29347101917653
3.59795376031016	5.46046009582773	7.37839517851379	9.28797469202271
3.60436544344985	5.477312258631	7.39283679847258	9.29547258791441
3.61077712658954	5.47363183049326	7.40658753836374	9.33544463881114
3.61718880972923	5.4986017746747	7.4155189501458	9.3562405056682
3.62360049286891	5.50389313074201	7.43076504021279	9.35384731898988
3.6300121760086	5.51649864696003	7.44143777122632	9.38131086340377
3.63642385914829	5.52679895723541	7.44848290155569	9.38092565885461
3.64283554228797	5.53902955512319	7.47263453007498	9.44232832890914
3.64924722542766	5.55473940649013	7.47951296612521	9.4380702963597
3.65565890856735	5.560063664762	7.49078283039453	9.45025841308196
3.66207059170703	5.57826108917257	7.5089005828622	9.45484804561819
3.66848227484672	5.57397254097872	7.52897605022756	9.46356216486582
3.67489395798641	5.57459001732823	7.53159938311874	9.4811020178824
3.6813056411261	5.59697146070675	7.54616342593594	9.50483579080924
3.68771732426578	5.61533882070624	7.56104381895958	9.53814065573584
3.69412900740547	5.62117900259591	7.56795889016878	9.551222687518
3.70054069054516	5.64004011993453	7.58482181403566	9.57529077300148
3.70695237368485	5.63985307863801	7.59915054556065	9.56848452787183
3.71336405682453	5.64435385205435	7.61302016282829	9.58565806036323
3.71977573996422	5.65564482476356	7.62472097751523	9.60167124168606
3.72618742310391	5.67314560243124	7.63754975235657	9.61836905003533
3.73259910624359	5.67816757484708	7.64477251236127	9.64294061678341
3.73901078938328	5.67498031758473	7.66365029357457	9.67125862688887
3.74542247252297	5.70836048011524	7.67708148072054	9.67793737111211
3.75183415566266	5.70565251827172	7.68736020576464	9.69530095002631
3.75824583880234	5.7141978170808	7.69739962813295	9.6993461180315
3.76465752194203	5.72642738116934	7.71566701529988	9.72707232046219
3.77106920508172	5.74039141510208	7.72941001316975	9.73259272352239
3.77748088822141	5.75096755165859	7.73696850175767	9.73956081360111
3.78389257136109	5.74930675782164	7.75305708962442	9.75471676686843
3.79030425450078	5.76544557638871	7.76634848191851	9.77843818380096
3.79671593764047	5.76311071530847	7.78274530785389	9.79441589656264
3.80312762078015	5.77407344030638	7.79121351388831	9.8005010014912
3.80953930391984	5.80581612464518	7.8052920833379	9.82496142298822
3.81595098705953	5.80028342781965	7.81375404948347	9.85514009013115
3.82236267019921	5.81123898850641	7.82888840176123	9.84791667602451
3.8287743533389	5.83694949398296	7.83817600263243	9.8733600874451
3.83518603647859	5.82941645974626	7.85781678020139	9.89025760427928
3.84159771961828	5.85767640693623	7.87092813754623	9.90672215916369
3.84800940275796	5.85794031349665	7.8854348469091	9.94129514158899
3.85442108589765	5.86334183792137	7.89235562021974	9.93030550675755
3.86083276903734	5.89304404982394	7.90285432703728	9.94934259867804
3.86724445217703	5.88648196930953	7.92373378186404	9.99632534978447
3.87365613531671	5.89730917866674	7.93510688362219	9.98991574568873
3.8800678184564	5.89487618932246	7.94284354927698	10.0031578643904
3.88647950159609	5.90253382578286	7.96259496868198	10.0150223804937
3.89289118473577	5.92735981986328	7.9729277969469	10.0495684746887
3.89930286787546	5.94015828537639	7.98732246038989	10.0513914403259
3.90571455101515	5.95108043809837	8.00447968011205	10.0682106533987
3.91212623415484	5.94680707447338	8.01187162183807	10.0684689152836
3.91853791729452	5.97237752072203	8.02231691759662	10.0893691330428
3.92494960043421	5.95685096210964	8.03334686505655	10.1202713948931
3.9313612835739	5.98124402501938	8.04578594187907	10.1265904815254
3.93777296671359	5.98188371250148	8.06031675000906	10.1382776882748
3.94418464985327	5.99843683530744	8.07316866776566	10.1553988991291
3.95059633299296	6.00344499336019	8.09378240789739	10.1668373952145
3.95700801613265	6.02916167473914	8.10161526133199	10.1709085630309
3.96341969927233	6.03274779594278	8.10425180163838	10.1987504681116
3.96983138241202	6.04237605827901	8.12106882605758	10.2314641165212
3.97624306555171	6.05231741108744	8.14657616850542	10.2406585638535
3.98265474869139	6.06626334250017	8.15740087386258	10.2602267018477
3.98906643183108	6.0741874801302	8.15808811629324	10.2604178213271
3.99547811497077	6.07644114138864	8.17185735437139	10.284043881322
4.00188979811046	6.09199407765576	8.1918502837116	10.2947302165153
4.00830148125014	6.10016140982639	8.20665702374221	10.3322814622638
4.01471316438983	6.12100751092827	8.21414375024928	10.3385719768627
4.02112484752952	6.11565485539728	8.23325268159167	10.3530848726344
4.02753653066921	6.12723717191073	8.24180389078144	10.3765955650019
4.03394821380889	6.13420884983736	8.25825886830384	10.3962749755623
4.04035989694858	6.14237314004435	8.26505593614542	10.383938170211
4.04677158008827	6.15084298818526	8.2752416158136	10.3996521147332
4.05318326322795	6.1809261646791	8.29359960321007	10.4520276660823
4.05959494636764	6.19409726232668	8.30567943633157	10.4537991141727
4.06600662950733	6.1881900108131	8.31892267723934	10.4600364452069
4.07241831264701	6.18773153394585	8.3272148273602	10.4564309679884
4.0788299957867	6.2170959143703	8.34550791875698	10.5043016226941
4.08524167892639	6.21490532382126	8.35103990607988	10.5144093948583
4.09165336206608	6.24331585729378	8.36918716185452	10.5196696003139
4.09806504520576	6.23798145394018	8.38782319819524	10.5621301700867
4.10447672834545	6.25046635819909	8.39603514906103	10.5468424711621
4.11088841148514	6.25921207205603	8.40401213145199	10.5879394587721
4.11730009462483	6.24854335349644	8.42809513089058	10.5883685561756
4.12371177776451	6.26681872152887	8.43058825300033	10.5974983768346
4.1301234609042	6.2761203270259	8.45106543455766	10.631818570044
4.13653514404389	6.29282358117933	8.46275688580503	10.624403622073
4.14294682718358	6.3167668618435	8.4783805075654	10.651971459649
4.14935851032326	6.30737593353637	8.48951930178062	10.6612104583514
4.15577019346295	6.32030371914926	8.50369832489488	10.6833138588395
4.16218187660264	6.32997088989033	8.51082368939301	10.7033517003425
4.16859355974232	6.34921198737338	8.51735328535123	10.7209801982261
4.17500524288201	6.35080643089068	8.53693833553696	10.7384125146613
4.1814169260217	6.35363171713682	8.55983365531907	10.7403300725157
4.18782860916139	6.36815068441171	8.56715441343129	10.7839656702372
4.19424029230107	6.37978663066705	8.57678847793436	10.7656717434776
4.20065197544076	6.4167022213985	8.59437551281706	10.7860391984767
4.20706365858045	6.40488631500049	8.60516343503539	10.7998100935632
4.21347534172013	6.43050855312669	8.61309033966611	10.8257176668278
4.21988702485982	6.43078338237747	8.62569505694979	10.8367024068728
4.22629870799951	6.43099859409028	8.63257632076918	10.8708060134568
4.23271039113919	6.44160396637618	8.65896264988572	10.874517501766
4.23912207427888	6.4400837692441	8.66363715229495	10.8944673985379
4.24553375741857	6.48524261397631	8.68450617663571	10.8869814865298
4.25194544055826	6.46425115970209	8.6967247446194	10.9205014084251
4.25835712369794	6.50125791058122	8.70928408486571	10.9302029011884
4.26476880683763	6.50254182001125	8.71816828703965	10.9670990419321
4.27118048997732	6.51061614881925	8.73295654285391	10.9837733817569
4.27759217311701	6.49726628692737	8.74190053160861	10.9830554307328
4.28400385625669	6.5424863868598	8.75807582916573	10.999917440861
4.29041553939638	6.53604023770064	8.77170126657329	11.0146780177631
4.29682722253607	6.54649402856433	8.78084865520833	11.0421498398449
4.30323890567576	6.56100823838037	8.80070215923613	11.0805033282184
4.30965058881544	6.54168073080527	8.80612880092817	11.0808264381839
4.31606227195513	6.5674238990987	8.81924939159924	11.0725714027111
4.32247395509482	6.5855933137041	8.83618053893735	11.1072824529815
4.3288856382345	6.59852235033639	8.85195540517191	11.1165801679364
4.33529732137419	6.59828941430415	8.86663211130162	11.1229884587516
4.34170900451388	6.61830267766549	8.88113158921571	11.1681504536728
4.34812068765357	6.61359546597856	8.884376579729	11.1611367713146
4.35453237079325	6.61999044813389	8.90292465641229	11.1617315617955
4.36094405393294	6.63132291420031	8.91476992040574	11.1975230748005
4.36735573707263	6.65404246104169	8.92943890158375	11.2190513337905
4.37376742021231	6.66024649563134	8.94431283826683	11.2133485565473
4.380179103352	6.66853168269049	8.94673991745755	11.2376602309872
4.38659078649169	6.68205626882367	8.96081836476167	11.2477934634105
4.39300246963137	6.69773074938537	8.97381911609364	11.2843407434947
4.39941415277106	6.68942068740238	8.98861122618333	11.2985540338737
4.40582583591075	6.71143560983815	8.99909090826666	11.3142078117296
4.41223751905044	6.71515194617742	9.01336551828898	11.327071862784
4.41864920219012	6.71818874696248	9.02614819471159	11.329074563621
4.42506088532981	6.74035455114317	9.04571836243379	11.3605651216694
4.4314725684695	6.74922036405702	9.05793518719956	11.3609468777402
4.43788425160919	6.7380094486319	9.07144766998871	11.404723970566
4.44429593474887	6.76113810232578	9.07746887346807	11.4100784166672
4.45070761788856	6.79260304965484	9.094064526421	11.4039612436033
4.45711930102825	6.78227667258234	9.10801539773168	11.4369646724752
4.46353098416794	6.82058446109509	9.12213308101223	11.442164027864
4.46994266730762	6.80970631507704	9.12544651875982	11.4508532781411
4.47635435044731	6.8155521693621	9.14185138209383	11.4805643676322
4.482766033587	6.83901232786219	9.15951137669013	11.4870707701136
4.48917771672668	6.83659562700019	9.16457201762092	11.5220876948787
4.49558939986637	6.85778500772756	9.18161423489155	11.5428285700589
4.50200108300606	6.84908983423554	9.19406393352694	11.5534709014215
