"mitochan"	"lwrNorm"	"medNorm"	"uprNorm"
-1.90327037354145	-3.06181880571149	-2.64091548137477	-2.22105551014063
-1.89692877396533	-3.05385355566863	-2.63239728849009	-2.21090246956512
-1.89058717438921	-3.04204695604322	-2.61964612146508	-2.20540965636818
-1.88424557481309	-3.02478953292271	-2.61198880226621	-2.1923564878729
-1.87790397523697	-3.02111347963879	-2.6051197058583	-2.18565744317181
-1.87156237566085	-3.00605862782897	-2.59497232166351	-2.17315406851097
-1.86522077608473	-3.00145878352305	-2.586621125722	-2.17268519957937
-1.85887917650861	-2.99293552036687	-2.57755864283517	-2.15669388389009
-1.85253757693249	-2.98660981089512	-2.56632198005847	-2.14228358087958
-1.84619597735637	-2.97276937544141	-2.55567079518635	-2.13877898662989
-1.83985437778025	-2.95601438945685	-2.54687247492302	-2.12488218062957
-1.83351277820413	-2.95253873392418	-2.53934662634052	-2.12268327332931
-1.82717117862801	-2.94494918385997	-2.53202712502046	-2.11388660651425
-1.8208295790519	-2.93828804123559	-2.52106174633769	-2.09881629663121
-1.81448797947578	-2.91755171942541	-2.50913666568316	-2.09398541195251
-1.80814637989966	-2.91546212963124	-2.49756648380296	-2.08793559435704
-1.80180478032354	-2.90344320802446	-2.49260565118253	-2.07389817178164
-1.79546318074742	-2.9023560205067	-2.48097648261746	-2.05912512887896
-1.7891215811713	-2.88290002471037	-2.47138867751124	-2.06059151298444
-1.78277998159518	-2.86602291495945	-2.46131947743871	-2.04389995061871
-1.77643838201906	-2.87113758524001	-2.45317306313707	-2.03717023670816
-1.77009678244294	-2.85977321983655	-2.44251904519786	-2.02030708157336
-1.76375518286682	-2.84233528052313	-2.43229063877434	-2.01689305027682
-1.7574135832907	-2.83628835958171	-2.42297560466135	-2.01556819066886
-1.75107198371458	-2.83068651883791	-2.4118512617768	-2.00255106336228
-1.74473038413846	-2.8150734162332	-2.40432454773953	-1.99098474889051
-1.73838878456234	-2.81098433201532	-2.39667205795754	-1.98006148920898
-1.73204718498622	-2.80065842284939	-2.38726714857636	-1.98293815627421
-1.7257055854101	-2.78198337283377	-2.37508595835024	-1.96582138639927
-1.71936398583398	-2.78180375614383	-2.36808418063379	-1.95107085654548
-1.71302238625786	-2.7686717860432	-2.35723977051941	-1.94688112378561
-1.70668078668174	-2.76746587488754	-2.34720270658799	-1.93798083962191
-1.70033918710562	-2.74782401572847	-2.33893524645657	-1.92794703808089
-1.69399758752951	-2.74039731773674	-2.32803123535111	-1.92100861980975
-1.68765598795339	-2.72852569160374	-2.32087065106205	-1.90685463136424
-1.68131438837727	-2.72124781392314	-2.31017798395806	-1.90345750747575
-1.67497278880115	-2.70689540323107	-2.300456103998	-1.89194155324931
-1.66863118922503	-2.69552160943598	-2.29172626604089	-1.87547386836577
-1.66228958964891	-2.69155492850375	-2.27703755498017	-1.8768279719027
-1.65594799007279	-2.68112582206124	-2.27172177636203	-1.86536784581377
-1.64960639049667	-2.67765345914433	-2.26419270931761	-1.85443550206307
-1.64326479092055	-2.65690470813441	-2.25131717304781	-1.83646160486246
-1.63692319134443	-2.65507981641292	-2.24468461392639	-1.8354197418868
-1.63058159176831	-2.64766216776976	-2.23454806988304	-1.82565103621718
-1.62423999219219	-2.62895519046259	-2.22371699382816	-1.80989493653721
-1.61789839261607	-2.62336512182156	-2.2129575207458	-1.80963014420252
-1.61155679303995	-2.60899726389226	-2.20610368043467	-1.79437885525825
-1.60521519346383	-2.60046287209612	-2.19522978430213	-1.78908127363188
-1.59887359388771	-2.59303706737035	-2.18655503906767	-1.77847388952145
-1.59253199431159	-2.58595439991546	-2.17675046959126	-1.77491408585644
-1.58619039473547	-2.56892943884472	-2.16670082052429	-1.75404965680575
-1.57984879515935	-2.56634679402371	-2.15792780295183	-1.75739661030401
-1.57350719558323	-2.55942672371449	-2.14959960103732	-1.74115179869612
-1.56716559600711	-2.54229813471668	-2.13475139521195	-1.73773715278534
-1.560823996431	-2.53159581354356	-2.1288318379141	-1.72344620188554
-1.55448239685488	-2.52419498130827	-2.11953991325998	-1.71097871161122
-1.54814079727876	-2.51454804678366	-2.11203029109938	-1.71062668715068
-1.54179919770264	-2.49782706717234	-2.10077807822227	-1.69218997403279
-1.53545759812652	-2.49357392031291	-2.09239350210204	-1.69003335228967
-1.5291159985504	-2.4886798379645	-2.08235456217164	-1.67767338031483
-1.52277439897428	-2.469041444563	-2.07477086012154	-1.66885129163667
-1.51643279939816	-2.46156136751352	-2.06303356358608	-1.65428766447746
-1.51009119982204	-2.45578802272438	-2.05126373535354	-1.6477412703197
-1.50374960024592	-2.44396923898737	-2.04035228399883	-1.63764695139606
-1.4974080006698	-2.44408270372639	-2.03320599093511	-1.63157276037867
-1.49106640109368	-2.41834705453865	-2.02591230904526	-1.62330794105579
-1.48472480151756	-2.41859451407914	-2.0176846488159	-1.61387257202538
-1.47838320194144	-2.41307645412294	-2.0066545705193	-1.60240365943068
-1.47204160236532	-2.39306174501743	-1.99471758048403	-1.59101160194389
-1.4657000027892	-2.39034658849962	-1.98808207290304	-1.58533656870339
-1.45935840321308	-2.38078800488098	-1.97771298092454	-1.57366848858614
-1.45301680363696	-2.3687958324957	-1.96930840173538	-1.56496263935502
-1.44667520406084	-2.35648812073895	-1.95542056635194	-1.55501121360942
-1.44033360448472	-2.34452000440776	-1.95009236167405	-1.54446003079833
-1.43399200490861	-2.34244303247441	-1.94052325128649	-1.53524386340663
-1.42765040533249	-2.33025000879706	-1.93200874705927	-1.5294203851796
-1.42130880575637	-2.31778425683554	-1.91827010395034	-1.52010219632373
-1.41496720618025	-2.30429119521422	-1.90899244358655	-1.50369234841035
-1.40862560660413	-2.30450989346732	-1.90167551325765	-1.50461567982724
-1.40228400702801	-2.29036752670801	-1.89276031008828	-1.49905865969643
-1.39594240745189	-2.28230190085043	-1.88077608577257	-1.47371453179618
-1.38960080787577	-2.27086683794885	-1.87169800814093	-1.47515356158605
-1.38325920829965	-2.26784057678173	-1.86319269898075	-1.46727918551341
-1.37691760872353	-2.24838365347965	-1.85408613176872	-1.45300464433365
-1.37057600914741	-2.24057000675776	-1.84288810399884	-1.43762617782551
-1.36423440957129	-2.24101932484105	-1.83576937001913	-1.435730592969
-1.35789280999517	-2.22945249866295	-1.82223345219278	-1.42318264563343
-1.35155121041905	-2.21231520657528	-1.81523845801729	-1.41752898640639
-1.34520961084293	-2.20831512287557	-1.80648163576549	-1.40485888243428
-1.33886801126681	-2.20069129865588	-1.79730856552577	-1.39543779556014
-1.33252641169069	-2.18118274709295	-1.78431933949524	-1.37771125316772
-1.32618481211457	-2.1723699022057	-1.77741853861376	-1.37478826247226
-1.31984321253845	-2.16165851803769	-1.76932617183135	-1.37440172927103
-1.31350161296233	-2.15628394240509	-1.75859877474529	-1.36132905345951
-1.30716001338621	-2.14788376754413	-1.7481864737205	-1.34709814143493
-1.3008184138101	-2.13259619720911	-1.73844805240191	-1.351181458089
-1.29447681423398	-2.12850065388273	-1.73051054893491	-1.32740228931837
-1.28813521465786	-2.12098712168365	-1.7187475498855	-1.32505145121434
-1.28179361508174	-2.11203110930852	-1.71085382136934	-1.31351278238666
-1.27545201550562	-2.0959845693741	-1.70290407281116	-1.31067584931647
-1.2691104159295	-2.08734595236322	-1.69393351851213	-1.3001357234235
-1.26276881635338	-2.08099963616989	-1.68273766350303	-1.28593569505606
-1.25642721677726	-2.07272923288501	-1.67068352247464	-1.27562018172568
-1.25008561720114	-2.0578578393464	-1.6615142021232	-1.26930303226818
-1.24374401762502	-2.04780655349572	-1.65449621180854	-1.26217406249391
-1.2374024180489	-2.04047417757379	-1.64429979328956	-1.24641882739523
-1.23106081847278	-2.03232273430849	-1.63601009027438	-1.24671670782379
-1.22471921889666	-2.01914644029182	-1.62597093889969	-1.23560777104259
-1.21837761932054	-2.0068842061441	-1.61796412028106	-1.22387207656175
-1.21203601974442	-2.00268186324216	-1.606228868014	-1.21722196753989
-1.2056944201683	-1.99554631168507	-1.59682063075658	-1.20237773405621
-1.19935282059218	-1.97796879485403	-1.58719752300512	-1.19832461226629
-1.19301122101606	-1.96551730108014	-1.57663231711945	-1.18413877627306
-1.18666962143994	-1.96422833304301	-1.56922970669317	-1.17945472752916
-1.18032802186382	-1.95337797277037	-1.55590563914495	-1.16104339262098
-1.17398642228771	-1.94442890225574	-1.55076610404546	-1.15618860730315
-1.16764482271159	-1.9364131707682	-1.53783203448919	-1.14883896182346
-1.16130322313547	-1.9195643720302	-1.53101328894201	-1.13360179577956
-1.15496162355935	-1.91332934693226	-1.52208464591339	-1.13155541446708
-1.14862002398323	-1.90305600297905	-1.50794229962101	-1.11760404543766
-1.14227842440711	-1.89380979161014	-1.50207773002472	-1.10899194917746
-1.13593682483099	-1.88967021976542	-1.49160731558911	-1.1060927756637
-1.12959522525487	-1.87497361947073	-1.48406491136904	-1.08738412331738
-1.12325362567875	-1.85768270443385	-1.47167714992048	-1.08280041166312
-1.11691202610263	-1.85437919279318	-1.46313722851696	-1.07025545037771
-1.11057042652651	-1.84635612599412	-1.45344937435913	-1.06171609124599
-1.10422882695039	-1.83231826935006	-1.44338559852299	-1.05158548390806
-1.09788722737427	-1.82388747842697	-1.43794987967893	-1.04622281894836
-1.09154562779815	-1.81644445142374	-1.42460755502556	-1.03403572495072
-1.08520402822203	-1.80443676164442	-1.41432159227255	-1.02843199851528
-1.07886242864591	-1.79001872381602	-1.40375075589281	-1.02091445350311
-1.07252082906979	-1.78413123734203	-1.39863276076808	-1.00458859084074
-1.06617922949367	-1.77596715208651	-1.38895968921341	-1.00122806992782
-1.05983762991755	-1.76523212841865	-1.37844656968282	-0.980196930822958
-1.05349603034143	-1.76223609714323	-1.36783266352275	-0.979994652616746
-1.04715443076531	-1.75087865957464	-1.35654345349354	-0.968007938567079
-1.0408128311892	-1.7336016597105	-1.34835065831388	-0.960068571357378
-1.03447123161308	-1.73043868523609	-1.33942764318149	-0.944715261349766
-1.02812963203696	-1.72179550501564	-1.33062773658764	-0.943986401883303
-1.02178803246084	-1.70949996612213	-1.31922804289742	-0.932712343122427
-1.01544643288472	-1.69504494550809	-1.31197406458709	-0.92991022063569
-1.0091048333086	-1.68718171570695	-1.30074903825328	-0.91873861066213
-1.00276323373248	-1.67991913860145	-1.29154982488159	-0.901097803994412
-0.996421634156359	-1.67118976470079	-1.27981848192122	-0.896932925663534
-0.990080034580239	-1.66077360422191	-1.27362998013272	-0.88791968180473
-0.98373843500412	-1.64909133462263	-1.26341787723957	-0.876830997581017
-0.977396835428	-1.64116531898627	-1.2545437455903	-0.870013520988131
-0.971055235851881	-1.62919314251878	-1.2430516620844	-0.863089061422679
-0.964713636275761	-1.62446088534566	-1.2372751415758	-0.848976985645483
-0.958372036699642	-1.6116771148676	-1.225971335126	-0.83757940581484
-0.952030437123522	-1.595884203987	-1.21308367816416	-0.828400166284928
-0.945688837547403	-1.59153594446193	-1.20570903835182	-0.82319246861373
-0.939347237971283	-1.5843829455239	-1.19788454862301	-0.813293631257413
-0.933005638395163	-1.57275530238121	-1.18694480217467	-0.808330804570886
-0.926664038819044	-1.55728816814953	-1.17776482435138	-0.795660409638922
-0.920322439242925	-1.55709939719698	-1.16764713488599	-0.784608339528226
-0.913980839666805	-1.54520199588282	-1.15743684566053	-0.768655615922862
-0.907639240090686	-1.53619125581842	-1.15053831631028	-0.760711117441238
-0.901297640514566	-1.52731208127199	-1.14002876129703	-0.756151734251078
-0.894956040938446	-1.5136373479061	-1.12962854428358	-0.745007650804776
-0.888614441362327	-1.50310885658983	-1.11931485537492	-0.741906239864651
-0.882272841786207	-1.4949061069947	-1.11608389564402	-0.729524607375658
-0.875931242210088	-1.48620306991443	-1.10006088899624	-0.720452705217836
-0.869589642633968	-1.48345511997627	-1.09268536777363	-0.709447269120449
-0.863248043057849	-1.45689096558876	-1.08194212621846	-0.699745034325632
-0.856906443481729	-1.45909252531019	-1.07316697358915	-0.692568689458974
-0.85056484390561	-1.44348090585522	-1.06609563478102	-0.676890410722659
-0.84422324432949	-1.43519401748078	-1.05431738646318	-0.677359787519631
-0.837881644753371	-1.43114643323263	-1.04561996830226	-0.662541422322154
-0.831540045177251	-1.41738985162208	-1.03612463519883	-0.648950887578233
-0.825198445601132	-1.40604318879733	-1.02980393516824	-0.649771142782356
-0.818856846025012	-1.40668575185673	-1.01496938849184	-0.627183346140144
-0.812515246448893	-1.39108801731735	-1.00523076872412	-0.627150865086682
-0.806173646872773	-1.38818679681627	-0.998667231144211	-0.6165552039446
-0.799832047296654	-1.36841297737253	-0.985340797442112	-0.604418142182831
-0.793490447720534	-1.35716841745226	-0.978758394798142	-0.597251010051796
-0.787148848144415	-1.34757826404528	-0.970837827050092	-0.586881977036373
-0.780807248568295	-1.33751820327467	-0.960808365749537	-0.576755452509479
-0.774465648992176	-1.33683670378844	-0.951296356085498	-0.572320471879822
-0.768124049416056	-1.32281524124012	-0.94058892166434	-0.558325957109073
-0.761782449839937	-1.31904372274375	-0.930420868950687	-0.546214348427123
-0.755440850263817	-1.30671378720743	-0.918627128715382	-0.536339413501305
-0.749099250687698	-1.29033506279597	-0.912947060232761	-0.536655255203259
-0.742757651111578	-1.28230775285785	-0.905312613068323	-0.520492096753879
-0.736416051535459	-1.26978891690272	-0.890536204005292	-0.512251312509018
-0.730074451959339	-1.26979817403408	-0.884932487250703	-0.499084801594424
-0.72373285238322	-1.25014147528039	-0.874889508524787	-0.496714943290074
-0.7173912528071	-1.23908991977753	-0.867384664958876	-0.485033535561577
-0.711049653230981	-1.23754059671643	-0.857763677727331	-0.4739200746273
-0.704708053654861	-1.22541348794352	-0.846356518481468	-0.462979298251166
-0.698366454078742	-1.22048537692093	-0.83495817763848	-0.460108701522643
-0.692024854502622	-1.20498859578856	-0.825572418816635	-0.447990866231581
-0.685683254926503	-1.19479153634869	-0.814194211933735	-0.439158048593904
-0.679341655350383	-1.18311728544882	-0.808471866145627	-0.425760816686811
-0.673000055774263	-1.18267154930765	-0.798985695244014	-0.419989159616274
-0.666658456198144	-1.15982012704274	-0.788715197052352	-0.408936384806514
-0.660316856622025	-1.16138837877115	-0.780968252698445	-0.399330994715607
-0.653975257045905	-1.14846491477366	-0.769629858161667	-0.386680907736096
-0.647633657469785	-1.14082025771267	-0.759128145365745	-0.380309599980645
-0.641292057893666	-1.12998143594127	-0.75032122420638	-0.369457705366602
-0.634950458317546	-1.11729701670148	-0.741426369120501	-0.359063061850944
-0.628608858741427	-1.11123673335624	-0.73106833450133	-0.349124757663104
-0.622267259165307	-1.09855844093018	-0.720983816349526	-0.346524484488795
-0.615925659589188	-1.08637211807668	-0.709401021898193	-0.331681861622535
-0.609584060013068	-1.08456190562725	-0.701864874782165	-0.331834716155003
-0.603242460436949	-1.07041085149347	-0.694411597545037	-0.316282367213146
-0.596900860860829	-1.07039044907448	-0.687374204216811	-0.307526230815979
-0.59055926128471	-1.05529119286499	-0.674361035812221	-0.299083285053875
-0.58421766170859	-1.03883768482745	-0.660522035832615	-0.294250210192594
-0.577876062132471	-1.03680175299774	-0.65275102628763	-0.274818631650621
-0.571534462556351	-1.02356550079405	-0.646306337394505	-0.27122352330176
-0.565192862980232	-1.01755549690793	-0.636855297566156	-0.25973307748069
-0.558851263404112	-1.00129633069961	-0.624404030697062	-0.242991449274753
-0.552509663827993	-0.994317693276354	-0.619258845680357	-0.239629947495229
-0.546168064251873	-0.98495870448184	-0.606490443627201	-0.231364359770959
-0.539826464675754	-0.97538613511559	-0.596502592380539	-0.225586783347189
-0.533484865099634	-0.96480024157369	-0.589370899330607	-0.210562218980474
-0.527143265523515	-0.954033959209166	-0.579424782900947	-0.206118653343536
-0.520801665947395	-0.933583641892282	-0.566719471169775	-0.197172915853736
-0.514460066371276	-0.936812982762116	-0.557369378088803	-0.184882824959637
-0.508118466795156	-0.927252271089966	-0.548276900297451	-0.177648631959906
-0.501776867219037	-0.914428365672698	-0.539836538869333	-0.172377225579104
-0.495435267642917	-0.902469605477545	-0.532801227455035	-0.156467673815411
-0.489093668066798	-0.892428508935822	-0.520634065752196	-0.146424053461462
-0.482752068490678	-0.88663890284206	-0.510095774734528	-0.136491647320959
-0.476410468914559	-0.874708236399439	-0.503151513591563	-0.131801652735358
-0.470068869338439	-0.870314439420814	-0.493906612634029	-0.118275279888823
-0.46372726976232	-0.859232515778892	-0.482146240367672	-0.111127870212012
-0.4573856701862	-0.843237569718445	-0.473038740523627	-0.0995573905489368
-0.451044070610081	-0.839361963746007	-0.465345490744423	-0.0894049823120364
-0.444702471033961	-0.828248797615844	-0.456109416003656	-0.0831718388538687
-0.438360871457842	-0.813283309502964	-0.446737613733368	-0.0731624423343
-0.432019271881722	-0.810477899419801	-0.434716348067811	-0.0642487711308468
-0.425677672305603	-0.801235401954911	-0.425521542154128	-0.0484422561365427
-0.419336072729483	-0.794051887053618	-0.41650748021968	-0.0422233957527369
-0.412994473153363	-0.78289727383211	-0.410250277372278	-0.0349055903830053
-0.406652873577244	-0.7680539577938	-0.398875397292793	-0.027939331219497
-0.400311274001125	-0.755446378743856	-0.390191551652716	-0.0185461358139613
-0.393969674425005	-0.749381957037061	-0.378954070619881	-0.00899640937998342
-0.387628074848885	-0.748379166136594	-0.37014020536463	-0.0028029771458227
-0.381286475272766	-0.732760278399452	-0.358950968016276	0.0117032254325886
-0.374944875696646	-0.720692408695083	-0.349297006960685	0.0212487393389614
-0.368603276120527	-0.71812118947654	-0.340897527732589	0.0314569016265706
-0.362261676544407	-0.701763142247634	-0.333128375686204	0.0388030448630795
-0.355920076968288	-0.693706001182749	-0.322780156415971	0.0472599123338272
-0.349578477392168	-0.686900658606877	-0.316549022982392	0.052761552100151
-0.343236877816049	-0.681157940883032	-0.303217790371317	0.0625081603837886
-0.336895278239929	-0.670891587379932	-0.293281941143679	0.0785281099100697
-0.33055367866381	-0.657599585282476	-0.285392935743784	0.085112910587856
-0.32421207908769	-0.6420372846917	-0.274252722935666	0.0958432222265314
-0.317870479511571	-0.632400264746064	-0.265351444580851	0.104934551985763
-0.311528879935451	-0.630352341030665	-0.254481890275922	0.114005198485389
-0.305187280359332	-0.619938879935171	-0.244515800916648	0.123696085018342
-0.298845680783212	-0.607838438511786	-0.236766642763124	0.129554792020181
-0.292504081207093	-0.597192473399128	-0.225579959176019	0.142633825103917
-0.286162481630973	-0.58546950543467	-0.216565984807932	0.151762134557333
-0.279820882054854	-0.574541263864047	-0.207448644977864	0.158649363586371
-0.273479282478734	-0.561875842296989	-0.194881161297916	0.172765073111075
-0.267137682902615	-0.558623012735344	-0.188298158058392	0.175501192758883
-0.260796083326495	-0.548389931442114	-0.179348453927858	0.192788951870009
-0.254454483750376	-0.539580360810005	-0.165566237356691	0.199411357269422
-0.248112884174256	-0.533826720553471	-0.161834710904211	0.214382453596902
-0.241771284598137	-0.521018616070891	-0.153130860609094	0.215471940629681
-0.235429685022017	-0.512584085315759	-0.142292490689951	0.230949163323638
-0.229088085445898	-0.501357954413116	-0.132978635059276	0.238037704046719
-0.222746485869778	-0.498981584600469	-0.121779517362999	0.244775756886238
-0.216404886293659	-0.484849578207234	-0.113843421083756	0.250189115376307
-0.210063286717539	-0.469316409386068	-0.106395112368339	0.263028237013267
-0.20372168714142	-0.459443645200906	-0.0944685456601607	0.275234764914632
-0.1973800875653	-0.451120965632401	-0.0842334770752244	0.28813593680031
-0.191038487989181	-0.442479677865324	-0.0751122374896315	0.288676019669393
-0.184696888413061	-0.438879948796275	-0.0668190561323432	0.305052882207813
-0.178355288836942	-0.423884407409249	-0.0559647866242348	0.313954105866082
-0.172013689260822	-0.41600302702775	-0.0430116199971972	0.318380847398637
-0.165672089684703	-0.405726911711049	-0.0405483172930714	0.327760801298022
-0.159330490108583	-0.392514928815135	-0.0270305310990525	0.344750773268767
-0.152988890532463	-0.383970228914288	-0.0164214804323393	0.352773978847674
-0.146647290956344	-0.369148783474058	-0.00724745342578548	0.357266318656874
-0.140305691380225	-0.368770311286415	0.000741207748857838	0.361460972494488
-0.133964091804105	-0.350978529670959	0.0116154461958159	0.375598303033734
-0.127622492227985	-0.351118160121232	0.0163770709259642	0.379863647862727
-0.121280892651866	-0.337319742806539	0.0307956509870107	0.401166683666445
-0.114939293075746	-0.330160229324194	0.0414043176290951	0.400063489864853
-0.108597693499627	-0.31667163498883	0.0457549547210115	0.415471790442266
-0.102256093923508	-0.304667502107315	0.0616681348521965	0.423723857409743
-0.095914494347388	-0.293660000737797	0.0679343247695868	0.438228579360213
-0.0895728947712684	-0.28773117081095	0.0762214380710939	0.448693931386226
-0.0832312951951488	-0.278495780892361	0.0827622094241466	0.450701213729818
-0.0768896956190295	-0.275246219358123	0.0957700720739059	0.45347627179426
-0.0705480960429099	-0.25807220979484	0.105520815090274	0.474474317321688
-0.0642064964667903	-0.247833603062178	0.113190760991095	0.476868456376284
-0.0578648968906708	-0.232009423282085	0.122760739613976	0.491842495569361
-0.0515232973145514	-0.226714797482756	0.135754995422066	0.501519559789386
-0.0451816977384318	-0.221599255445097	0.145207612296452	0.510999491060087
-0.0388400981623123	-0.215418770453101	0.156283030120257	0.517475397992637
-0.0324984985861929	-0.196443430029997	0.164170406007109	0.530168821070435
-0.0261568990100733	-0.191564663499295	0.173089825293478	0.533233081322804
-0.0198152994339538	-0.184775048832902	0.181798173004569	0.543837058280287
-0.0134736998578342	-0.177292028948808	0.187297243197499	0.555892062588304
-0.00713210028171485	-0.164467434462794	0.200079035275984	0.567300451550084
-0.000790500705595276	-0.160546104814266	0.208980390769818	0.573080092476264
0.0055510988705243	-0.145742957956027	0.218706036437577	0.587308881359159
0.0118926984466439	-0.134419985861852	0.229381216940326	0.595080747586597
0.0182342980227632	-0.118574988297204	0.238289691730211	0.605288875017776
0.0245758975988828	-0.121387205598692	0.25180127196363	0.616861130520886
0.0309174971750024	-0.108079709238247	0.257170628772408	0.624491736951967
0.0372590967511219	-0.0974877193071164	0.268014201504923	0.636587659572792
0.0436006963272413	-0.0888777333332494	0.274462577991315	0.642369612483002
0.0499422959033609	-0.0857175171720142	0.288021322239651	0.650695140873846
0.0562838954794804	-0.073274615436893	0.295781323430583	0.656013871223767
0.0626254950555998	-0.0621208354147087	0.304167520120468	0.669563708912949
0.0689670946317194	-0.0495200310946889	0.315856144593728	0.680312852512234
0.0753086942078389	-0.0398976602745606	0.324437719391394	0.692607235979653
0.0816502937839585	-0.0329494269887264	0.33153038530196	0.698803908825134
0.0879918933600778	-0.0198303577920262	0.344327220589756	0.703748559455023
0.0943334929361974	-0.0152485922450311	0.352160036720824	0.716644048565595
0.100675092512317	-0.000611033269258502	0.360918175851489	0.727512730859055
0.107016692088437	0.00575910749810216	0.371112771843094	0.734511550402238
0.113358291664556	0.0151160857775876	0.381501564208609	0.750034105698781
0.119699891240676	0.0254346300831819	0.39198484178897	0.760202182107504
0.126041490816795	0.0342852538462773	0.399022104792232	0.764441165287764
0.132383090392914	0.0498194434341549	0.411150689912888	0.776337549799099
0.138724689969034	0.0526872623214993	0.421238179690906	0.784527503188354
0.145066289545154	0.0639677684867557	0.429687697686295	0.791561557994878
0.151407889121273	0.0749972938230637	0.438097996747887	0.801176573978637
0.157749488697393	0.0792548339129863	0.447213887711028	0.818101346364261
0.164091088273512	0.0940085936810853	0.457026072568147	0.818652358631105
0.170432687849631	0.100724865494022	0.465984997170976	0.826202607742479
0.176774287425751	0.114447668335562	0.47711531666769	0.834669933073973
0.183115887001871	0.125025662667548	0.486709220869833	0.850493998878047
0.18945748657799	0.130164628437985	0.495858637639588	0.865378867551211
0.19579908615411	0.143647992273689	0.50447855581016	0.867122864904183
0.202140685730229	0.152681363385106	0.51628809695299	0.870544732809574
0.208482285306349	0.15527434807662	0.52412231884732	0.889766272862765
0.214823884882468	0.166365392420828	0.534724026203114	0.893871755480412
0.221165484458588	0.182953102312616	0.542715903476408	0.903138705883455
0.227507084034707	0.188476986389707	0.553995098870067	0.915039252565448
0.233848683610827	0.198662124207184	0.562638970623754	0.920141175438295
0.240190283186946	0.215134899892944	0.575793744952411	0.934271318998316
0.246531882763066	0.216626242296829	0.580669496521548	0.939421088104444
0.252873482339185	0.225141971920832	0.592592958960002	0.948992612672411
0.259215081915305	0.24024155999649	0.60005752873998	0.961563793409246
0.265556681491424	0.247216841390365	0.608550578906716	0.966937381607489
0.271898281067544	0.257777158602243	0.61833063935141	0.973851199570295
0.278239880643663	0.264364664518552	0.62791249023565	0.984658545284313
0.284581480219783	0.277234197316292	0.637771618909549	0.997328932201359
0.290923079795902	0.287351894205587	0.644211735440649	1.00973601878006
0.297264679372022	0.297580264388286	0.656203484321884	1.01543308713656
0.303606278948141	0.298019496706529	0.666291112086377	1.02610129462326
0.309947878524261	0.311544516467104	0.676535076478349	1.04190475915228
0.31628947810038	0.312864452208448	0.685351672544589	1.0474339032679
0.3226310776765	0.335820158338608	0.693987460805573	1.05327465543474
0.32897267725262	0.341767711854397	0.704083963315588	1.06226912410627
0.335314276828739	0.355467230528521	0.713893430347683	1.0760974635727
0.341655876404858	0.364657578251502	0.725695002391765	1.09331364362178
0.347997475980978	0.376816182542441	0.735235974013341	1.0979856353175
0.354339075557097	0.386036058360821	0.740418779294427	1.10334295315013
0.360680675133217	0.395782986802352	0.749723094859096	1.10498968604617
0.367022274709337	0.396064263791254	0.76009728110327	1.1162611094339
0.373363874285456	0.415228275998422	0.773743081747425	1.13194566682553
0.379705473861575	0.413745738260048	0.77891672552305	1.14158861583939
0.386047073437695	0.434182537162773	0.788947207839512	1.15021602980582
0.392388673013814	0.442104612086631	0.80129800578476	1.1633863705632
0.398730272589934	0.451692795322279	0.81147814398031	1.17080959903214
0.405071872166054	0.461177717616724	0.819538702053493	1.17844912675745
0.411413471742173	0.46401297257468	0.828703053185993	1.18698229657228
0.417755071318293	0.477666534425701	0.840684058012908	1.19641986315244
0.424096670894412	0.484536220953651	0.850195505227334	1.20822808847974
0.430438270470531	0.498802644985281	0.858226196410238	1.22030996929309
0.436779870046651	0.50180739514006	0.868711589300948	1.22887106964067
0.443121469622771	0.519812156151143	0.874620961343596	1.22661309487602
0.44946306919889	0.52805497878841	0.887646004308964	1.24367011308581
0.45580466877501	0.53849820969102	0.897659639408603	1.25303121081205
0.462146268351129	0.542559706197083	0.903442388324254	1.26778890030048
0.468487867927249	0.554732035717082	0.911769406047626	1.2677974709507
0.474829467503368	0.561596466810224	0.924484043243011	1.28169685939423
0.481171067079488	0.575416206302487	0.932831577464187	1.28915458042436
0.487512666655607	0.576011045525783	0.942007500660564	1.30205172154352
0.493854266231727	0.593115224149138	0.952323850780757	1.30360685094966
0.500195865807846	0.604755217611905	0.962053831681469	1.31925105936973
0.506537465383966	0.612529021794671	0.968134493839142	1.32851062010736
0.512879064960085	0.620978033438133	0.981410720107004	1.34027301983145
0.519220664536205	0.63562233035726	0.991082614798084	1.34607749158039
0.525562264112324	0.638367352562836	0.999753856017978	1.35898493395192
0.531903863688444	0.650442745103026	1.00571135637009	1.37130420778703
0.538245463264563	0.657575853926524	1.01704262910626	1.37692207019999
0.544587062840683	0.662782811835649	1.02870305803618	1.38539654313972
0.550928662416802	0.680498127015731	1.03635734479042	1.39081174673413
0.557270261992922	0.687104542613473	1.04956346642636	1.40534988972681
0.563611861569041	0.695740582680283	1.05183557508746	1.41567553240143
0.569953461145161	0.707634035393111	1.06498428201874	1.42391621356481
0.57629506072128	0.718194139721864	1.07462932919217	1.43108387331533
0.5826366602974	0.724097144131128	1.08674244219993	1.43617711670847
0.58897825987352	0.741471627029311	1.09833162423577	1.45092476535069
0.595319859449639	0.741517259071601	1.10455694000529	1.46687410192413
0.601661459025758	0.754003920974735	1.11968968856187	1.47781572543475
0.608003058601878	0.767129700468534	1.12450845586079	1.48259950959523
0.614344658177997	0.778229203708551	1.13591115085624	1.49239192602163
0.620686257754117	0.780629685919489	1.14044438225785	1.49818327930698
0.627027857330237	0.79785225088448	1.15285964055064	1.5096263473448
0.633369456906356	0.802622065569542	1.16159008904389	1.51823148476341
0.639711056482475	0.817100571042763	1.17219442215519	1.52672038317356
0.646052656058595	0.825349896762539	1.18186139678831	1.54068351986232
0.652394255634714	0.831449709987431	1.19270841227067	1.54904070873772
0.658735855210834	0.842406518334303	1.19788841095532	1.55686143129051
0.665077454786954	0.852283087991947	1.20763382756663	1.57052139691581
0.671419054363073	0.856025384247815	1.22224646162886	1.57302505095071
0.677760653939193	0.877300374958053	1.22756369667565	1.58077396455161
0.684102253515312	0.876613043875606	1.2363554811044	1.5990333752116
0.690443853091431	0.89402701151536	1.24822723534999	1.60934880222422
0.696785452667551	0.896635420633355	1.2545542838	1.61754932961667
0.703127052243671	0.906196509723053	1.26379590946082	1.62445485242535
0.70946865181979	0.91348047283951	1.27460883821156	1.63271380103837
0.71581025139591	0.930318525269411	1.28520765610074	1.63895603495812
0.722151850972029	0.936536447716672	1.29312344076731	1.64792054838106
0.728493450548149	0.943704978098647	1.30343262087826	1.65814615971805
0.734835050124268	0.960600357424636	1.31393949808592	1.6701214894856
0.741176649700388	0.966458784276007	1.32400417184342	1.68054838332896
0.747518249276507	0.977826702140779	1.3337580092875	1.68562235704865
0.753859848852627	0.983765872925958	1.34146056696787	1.69998539058089
0.760201448428746	0.989774470621018	1.3513833676923	1.71201877815498
0.766543048004866	1.0021703345264	1.35874066784778	1.71467275741304
0.772884647580985	1.01793436246683	1.37016521153582	1.72459120372519
0.779226247157105	1.01804086281575	1.38023955452198	1.7338099328104
0.785567846733224	1.03166937615091	1.38911003442972	1.7436338658459
0.791909446309344	1.04354414540519	1.3984083471472	1.76140707498301
0.798251045885463	1.04915827660879	1.40914376110307	1.76525172239175
0.804592645461583	1.06632545294461	1.41872963450887	1.77534214157099
0.810934245037702	1.06868564841112	1.4285278171821	1.77990131983201
0.817275844613822	1.07998502801607	1.43508947310609	1.79616659924753
0.823617444189941	1.08702154285851	1.44613078020529	1.80373745243642
0.829959043766061	1.09350276395051	1.45489669176829	1.811367006719
0.83630064334218	1.1007275183797	1.46675417134245	1.82296028442887
0.8426422429183	1.12352034329103	1.47450861404133	1.83545182535105
0.84898384249442	1.12591201630256	1.48147146195767	1.83842022067555
0.855325442070539	1.13789720050993	1.49120771307056	1.8516906358423
0.861667041646658	1.14466488853903	1.50254386102016	1.85734827814835
0.868008641222778	1.16105828660987	1.51403060762545	1.87566625302867
0.874350240798897	1.15959151044854	1.52335920837741	1.87687844002114
0.880691840375017	1.17018711553352	1.53036852486527	1.89136823051137
0.887033439951137	1.18808958507889	1.54534986371641	1.90330959223208
0.893375039527256	1.19236626734525	1.55159120608216	1.90742915185155
0.899716639103375	1.20270845676209	1.55972217016647	1.91848123016314
0.906058238679495	1.21474086729156	1.57006653387272	1.92532139705758
0.912399838255614	1.22397161331529	1.58134848148764	1.93786732921069
0.918741437831734	1.23589875086873	1.59088994603135	1.94498205509001
0.925083037407854	1.24107749739654	1.59714916405802	1.94665913136736
0.931424636983973	1.25015740256654	1.60609832456822	1.96507385641581
0.937766236560093	1.2608147991298	1.61717100166507	1.97411692895548
0.944107836136212	1.2661104231544	1.62821886429578	1.98205804314895
0.950449435712331	1.27678601440002	1.63630298013663	1.99237611484555
0.956791035288451	1.28632265877343	1.64771613812227	2.00792222579765
0.963132634864571	1.29813292922575	1.65419537204801	2.01097042439891
0.96947423444069	1.30813516639524	1.66449742575702	2.01766400009934
0.97581583401681	1.31856996183388	1.67226371096541	2.03019713888152
0.982157433592929	1.32499243986847	1.68301461228212	2.03807560257277
0.988499033169049	1.33443314756898	1.69080065781249	2.04661412785983
0.994840632745168	1.35383689742818	1.70418746127494	2.06445194570114
1.00118223232129	1.35500513172761	1.7095351584901	2.06848578521106
1.00752383189741	1.35949573705392	1.7190618237441	2.0737939138952
1.01386543147353	1.37372563035428	1.73397409220737	2.09201207401494
1.02020703104965	1.3913075842578	1.73990447090329	2.09430476962032
1.02654863062577	1.39350908397453	1.74951916851071	2.10174676732396
1.03289023020189	1.40036476227444	1.7598463025354	2.12209362443122
1.039231829778	1.40896886504331	1.76882211473965	2.12779148293959
1.04557342935412	1.42679710303093	1.77840959787265	2.13316151061303
1.05191502893024	1.43464844666747	1.78856331441987	2.14351004659611
1.05825662850636	1.44024673338269	1.79898866983276	2.15724764811114
1.06459822808248	1.45228266801567	1.80721836692414	2.1665353171325
1.0709398276586	1.45460538368324	1.81499050386439	2.17327194927409
1.07728142723472	1.47544361760792	1.82554988927761	2.18033752389685
1.08362302681084	1.48641366912618	1.83728631938905	2.19164176621345
1.08996462638696	1.48258980001901	1.84427208019591	2.19973771769901
1.09630622596308	1.49435511170155	1.85510835548545	2.20755986863225
1.1026478255392	1.51633298739047	1.86726566280194	2.22233873954281
1.10898942511532	1.51842709682402	1.87615495483712	2.23791613399988
1.11533102469144	1.53093355714264	1.88710625186331	2.23863577343212
1.12167262426756	1.53423672706722	1.89354140148447	2.25005489673399
1.12801422384368	1.54790984768441	1.90327992588731	2.26402581863635
1.1343558234198	1.55309094245495	1.91463566775589	2.26970269250684
1.14069742299592	1.56247131841388	1.92059342227743	2.27862825494198
1.14703902257204	1.57867118108436	1.93275247209407	2.28236144887091
1.15338062214816	1.58581638640748	1.94067226830101	2.2907995003574
1.15972222172428	1.59209384239891	1.95057947948662	2.30986638541206
1.1660638213004	1.60084219238392	1.95671365663996	2.31950504027818
1.17240542087651	1.60743025178278	1.97092586398449	2.32976394956393
1.17874702045263	1.62026487207367	1.97914121523124	2.34213502157091
1.18508862002875	1.63746431617285	1.98949601016762	2.34624625274972
1.19143021960487	1.64206393563421	1.99568228027089	2.35081962605525
1.19777181918099	1.65413664154537	2.007535312858	2.36192013144661
1.20411341875711	1.65932478838866	2.01805190038623	2.37438506188986
1.21045501833323	1.66792261468444	2.02826216617209	2.38324296312716
1.21679661790935	1.67687911792271	2.03354369014305	2.39206287088767
1.22313821748547	1.68367974058039	2.04733701589037	2.4032696237915
1.22947981706159	1.69938913165789	2.05615768481782	2.41967403434875
1.23582141663771	1.7059853121757	2.06703448670264	2.42291418598167
1.24216301621383	1.71463598792331	2.07435777656527	2.43255910998934
1.24850461578995	1.72635316549862	2.08493769209742	2.44265360460394
1.25484621536607	1.73740753248541	2.09290625241426	2.44691938315675
1.26118781494219	1.74226840478337	2.10235994661203	2.46293133978553
1.26752941451831	1.75538085962009	2.10998995847779	2.46621973173956
1.27387101409443	1.75861688416313	2.11781894698857	2.47154850065529
1.28021261367055	1.77639188804491	2.13174092381569	2.48316002447062
1.28655421324667	1.77985092030996	2.1407075915927	2.4978448257724
1.29289581282279	1.79516482956425	2.14844802457206	2.50185704735277
1.2992374123989	1.80356456348663	2.16059039973729	2.51867355615406
1.30557901197502	1.81295987216904	2.16750457940661	2.52080414706018
1.31192061155114	1.82150676768114	2.17891916261815	2.53538512333443
1.31826221112726	1.83083413526006	2.18931444234208	2.54494779322065
1.32460381070338	1.84194434449756	2.19551468894688	2.5586353941711
1.3309454102795	1.85464218413424	2.21087970675495	2.56612052188926
1.33728700985562	1.8632511349743	2.21521858130301	2.57406010806414
1.34362860943174	1.86904873639536	2.22550772950446	2.58294997236303
1.34997020900786	1.88003786467225	2.23279501600467	2.59074302026524
1.35631180858398	1.88462855875762	2.24353560662209	2.60233958173559
1.3626534081601	1.8987821723672	2.25853491644342	2.61043865182229
1.36899500773622	1.91050657172675	2.26587294939896	2.62288694255169
1.37533660731234	1.91943797491351	2.27488456198296	2.62817022427074
1.38167820688846	1.9286183164937	2.28680488997937	2.63727286097995
1.38801980646458	1.93796594619785	2.29408288516312	2.66097667009077
1.3943614060407	1.94484147653888	2.30407951923007	2.65782490769155
1.40070300561682	1.95420215234473	2.31320311610125	2.67142544563819
1.40704460519294	1.96171943899966	2.32124535661667	2.67798345761185
1.41338620476906	1.96908642470412	2.3327564986599	2.68486670794165
1.41972780434518	1.97895118693528	2.34138248373823	2.69363256024039
1.4260694039213	1.99124145083636	2.3513259001759	2.7037982573686
1.43241100349741	1.99997815849518	2.3591443907895	2.71031484574569
1.43875260307353	2.01295348189312	2.36889350445045	2.73200746438888
1.44509420264965	2.01783275183635	2.37860954523839	2.73848261728578
1.45143580222577	2.02768125709121	2.3880760873887	2.74590803940321
1.45777740180189	2.04752347720963	2.39760326013819	2.75436750543679
1.46411900137801	2.04739113211076	2.4064136890944	2.76114932589317
1.47046060095413	2.05811818160288	2.41769596436078	2.7744581865345
1.47680220053025	2.06777993455964	2.42346182216211	2.78223866441788
1.48314380010637	2.07912987578383	2.43535887639307	2.79174455704619
1.48948539968249	2.08516882390891	2.44703070451049	2.80311788499581
1.49582699925861	2.09436665978869	2.45024677289634	2.81709592492208
1.50216859883473	2.10672006187728	2.46457273312933	2.8247360712387
1.50851019841085	2.11357613791964	2.47310473749919	2.83195198514733
1.51485179798697	2.12301907099294	2.48336072258411	2.84331869467952
1.52119339756309	2.13697485756489	2.49169508729364	2.84761237229225
1.52753499713921	2.14823108026254	2.50144839649214	2.86685912039226
1.53387659671533	2.1529397600484	2.51202727210142	2.87290094662934
1.54021819629145	2.16104112287387	2.52102635662967	2.87986024336374
1.54655979586757	2.17650485238885	2.53044471711116	2.88816762435728
1.55290139544369	2.17343062984633	2.53923264270253	2.90365859398062
1.5592429950198	2.18989641989195	2.54712774263587	2.90268744669893
1.56558459459592	2.19801976380361	2.55795023308521	2.91863224376835
1.57192619417204	2.20891579976536	2.56547371437484	2.92384532315731
1.57826779374816	2.22144169671781	2.57808653405293	2.93809636436958
1.58460939332428	2.22468692050757	2.58413247261797	2.94109075164577
1.5909509929004	2.23685293600938	2.5929371723095	2.95717610037941
1.59729259247652	2.24538843018802	2.60483685176142	2.96159550052139
1.60363419205264	2.25765041295495	2.6186387235847	2.97527057756892
1.60997579162876	2.27102049644824	2.6247268589125	2.9818362645984
1.61631739120488	2.27574967116512	2.63340482980008	2.99997290065357
1.622658990781	2.28561982824553	2.64544726111614	3.00395028013255
1.62900059035712	2.29702620841223	2.65805795347785	3.01054117190088
1.63534218993324	2.3033043350423	2.66462647215625	3.02490807971511
1.64168378950936	2.3116884747706	2.67352022738672	3.03334038761219
1.64802538908548	2.31408242439095	2.68105385177417	3.04270454123693
1.6543669886616	2.33273790592132	2.69302057268556	3.0489537903818
1.66070858823772	2.34174956503344	2.69956547208879	3.06728700116699
1.66705018781384	2.35173942954043	2.71092791698469	3.07247836694697
1.67339178738996	2.35803629599292	2.72078095785288	3.07721289385523
1.67973338696608	2.3743579752147	2.73080109041548	3.09042145481977
1.6860749865422	2.37660270186849	2.74171762506906	3.10194744121906
1.69241658611831	2.38583887713235	2.74955089607966	3.11188507264916
1.69875818569443	2.3965494981966	2.76118143184468	3.12053279961702
1.70509978527055	2.41164607023921	2.76956857227397	3.12823796467792
1.71144138484667	2.41816265330678	2.77661191158783	3.13820592859572
1.71778298442279	2.43269720180754	2.78679485468672	3.15238243227601
1.72412458399891	2.43204567058001	2.79363576868653	3.1490072274114
1.73046618357503	2.44750529534305	2.80544369507203	3.16969829426096
1.73680778315115	2.4531356287486	2.81652941045624	3.1767523096225
1.74314938272727	2.46632659600692	2.82595459794237	3.18758899194189
1.74949098230339	2.47332325773186	2.83733096548025	3.20319781754321
1.75583258187951	2.48048500355667	2.84482544090787	3.20339249743338
1.76217418145563	2.49392516301629	2.85465363812076	3.21543362626926
1.76851578103175	2.50643872276818	2.8646421689941	3.2211736298396
1.77485738060787	2.51290301673636	2.87342233259482	3.22992409284267
1.78119898018399	2.52510166536242	2.88208429194461	3.24527324304651
1.78754057976011	2.53161890506483	2.89263501927134	3.25703582258705
1.79388217933623	2.54972128398544	2.90318895543656	3.25750437023789
1.80022377891235	2.54827222232968	2.91018921459047	3.26641901011315
1.80656537848847	2.56349904460864	2.92015564080118	3.27852186658267
1.81290697806459	2.56629428582316	2.92937529309553	3.29267860791465
1.8192485776407	2.58193194760173	2.93960903010744	3.30419947951455
1.82559017721682	2.58653549627363	2.95008063871545	3.30821663096884
1.83193177679294	2.59364656916405	2.95678451745629	3.31593474501045
1.83827337636906	2.60672139437936	2.96844319499634	3.32581208492086
1.84461497594518	2.61586360007698	2.97948162980129	3.34566863774298
1.8509565755213	2.62567254839826	2.98633389865342	3.34294347417172
1.85729817509742	2.64165073139991	3.00043576726722	3.36181299266903
1.86363977467354	2.63790041032202	3.00619258501096	3.36822925196052
1.86998137424966	2.65384945461164	3.01658886871588	3.37348076513004
1.87632297382578	2.65926936151223	3.02363963395192	3.37940601237474
1.8826645734019	2.67264589646826	3.03326056022839	3.39085909753125
1.88900617297802	2.68014382136282	3.04571270878331	3.40525272358305
1.89534777255414	2.69025260145183	3.05216582620697	3.40883357092553
1.90168937213026	2.70471752254575	3.06329256981064	3.42230894957177
1.90803097170638	2.70830477845485	3.07383978676685	3.43751694527733
1.9143725712825	2.71776396570058	3.07986077681376	3.44378512325766
1.92071417085862	2.73456434936678	3.09068677825686	3.45190156967545
1.92705577043474	2.7342931873228	3.10330883930068	3.46572535894063
1.93339737001086	2.75261933132428	3.10895389450435	3.4717676677463
1.93973896958698	2.75329992920812	3.12001629470834	3.47928442075464
1.9460805691631	2.76681955955101	3.12844630812113	3.49345857254234
1.95242216873921	2.7766024812727	3.13941411298822	3.5016085149753
1.95876376831533	2.78444714847419	3.14749323765096	3.50521455220493
1.96510536789145	2.79531510394178	3.16082116787505	3.51917596633908
1.97144696746757	2.8018639567404	3.16598184183076	3.52812202872255
1.97778856704369	2.81542266624259	3.17880672785141	3.53947820549948
1.98413016661981	2.82299650871357	3.18907304475564	3.54808281294186
1.99047176619593	2.8338849319265	3.19342260696314	3.55843590161945
1.99681336577205	2.83719143243902	3.20266741436221	3.56513267850323
2.00315496534817	2.85009742781229	3.21654425063034	3.58141751414463
2.00949656492429	2.86086200919381	3.22668761541578	3.5812659623872
2.01583816450041	2.870176139704	3.23637056748967	3.59540637462821
2.02217976407653	2.87951349454432	3.24375619355711	3.60811732128736
2.02852136365265	2.89755547699188	3.25605202901954	3.62306759694264
2.03486296322877	2.89041337187802	3.26261126473797	3.62580608834962
2.04120456280489	2.91097872631232	3.2706834834128	3.63310517547213
2.04754616238101	2.92316525445624	3.28185655560552	3.64122469786393
2.05388776195713	2.92810445586417	3.29059459861754	3.65175633470756
2.06022936153325	2.93456569218453	3.30135877874619	3.66073483493347
2.06657096110937	2.94538410651331	3.31032739736306	3.67012493030921
2.07291256068549	2.95992818930651	3.32094125652275	3.68718066145873
2.0792541602616	2.96497549515121	3.33117930525011	3.69455075033772
2.08559575983772	2.97566977128284	3.33720774374277	3.70032166567029
2.09193735941384	2.98647703559046	3.34690317129055	3.70950694096854
2.09827895898996	2.9901221304446	3.35973719801649	3.7242623413095
2.10462055856608	3.00293544539831	3.36677421180192	3.73543860139141
2.1109621581422	3.01803123980969	3.37821163709097	3.74140839370527
2.11730375771832	3.02031759430801	3.38805231301074	3.7540642162433
2.12364535729444	3.02860217083496	3.39318196588993	3.7594588395594
2.12998695687056	3.04696643270668	3.40539149707612	3.77428764882325
2.13632855644668	3.0440972495655	3.41566549579912	3.78630780495448
2.1426701560228	3.05350554635288	3.42240292552457	3.79209034091088
2.14901175559892	3.06867498870674	3.43571390150823	3.80317295698398
2.15535335517504	3.07710233008232	3.44161457467996	3.80584080265958
2.16169495475116	3.08076075185046	3.45332662699998	3.81826078529689
2.16803655432728	3.0991143265397	3.46254913121954	3.82648260765791
2.1743781539034	3.10811129655105	3.4712930680677	3.83342481576554
2.18071975347952	3.11225240924653	3.48139737336567	3.84582938478613
2.18706135305564	3.12511463160405	3.48993655753651	3.85702079922585
2.19340295263176	3.13675553831231	3.49814040537408	3.86646702671412
2.19974455220788	3.14920018147017	3.50854161665842	3.8780028323403
2.20608615178399	3.15159545477933	3.51996258638872	3.88343516415472
2.21242775136011	3.15815339108551	3.52863203120902	3.89744929401394
2.21876935093623	3.17056646278832	3.53865696283838	3.90947083709452
2.22511095051235	3.18517495687647	3.54578855860299	3.91902332431741
2.23145255008847	3.18906870789931	3.55780986981143	3.92778574188596
2.23779414966459	3.19573799161487	3.56593232369701	3.9309637913666
2.24413574924071	3.20614028206981	3.57652561609045	3.94183961964919
2.25047734881683	3.21942587081563	3.5864858016921	3.95447752327931
2.25681894839295	3.23096310862806	3.5969876463236	3.96141386235283
2.26316054796907	3.23924254410519	3.60481002937802	3.973765014354
2.26950214754519	3.23990126883885	3.60901868304027	3.97972386899359
2.27584374712131	3.25528738054502	3.62650646097651	3.98810487080648
2.28218534669743	3.25508208304804	3.63365157582072	4.00551165615298
2.28852694627355	3.28170322457945	3.64079337543502	4.01139026683839
2.29486854584967	3.27965110365698	3.65257699552829	4.01900435119019
2.30121014542579	3.29764336566955	3.66194946071253	4.03112371124183
2.30755174500191	3.30268420944582	3.67162193967414	4.04038913375912
2.31389334457803	3.3145383443772	3.68015727797603	4.04725932515289
2.32023494415415	3.31898737933528	3.69115371145377	4.06741838132674
2.32657654373027	3.33008436192763	3.70128900315306	4.06889513066811
2.33291814330639	3.33962033873677	3.70902016274583	4.08000397850545
2.3392597428825	3.35409125972247	3.72072987531746	4.09098634353105
2.34560134245862	3.35888616279301	3.72836155377916	4.09890282279338
2.35194294203474	3.37655556244846	3.73878552830652	4.11237543398899
2.35828454161086	3.37620397537076	3.74925006805832	4.11787758701735
2.36462614118698	3.38717782314236	3.75636666943974	4.12558519265755
2.3709677407631	3.40188788752479	3.76458025080892	4.13436823181943
2.37730934033922	3.40190257227014	3.77396238725908	4.14546755495377
2.38365093991534	3.41278697166971	3.78750952541474	4.15218965449633
2.38999253949146	3.42132826106479	3.79319106355018	4.16217090789356
2.39633413906758	3.43210907915004	3.80579892421927	4.16928403961965
2.4026757386437	3.4483579700932	3.81720553080799	4.19287794596381
2.40901733821982	3.45336907780379	3.82491825722153	4.19678052781541
2.41535893779594	3.46870308091181	3.83362739407081	4.20121487825765
2.42170053737206	3.47203562897871	3.84277131114321	4.20783829655313
2.42804213694818	3.48635546363072	3.85232545010834	4.21786066601302
2.4343837365243	3.48800625298094	3.86348936676039	4.2323947875816
2.44072533610042	3.50391591717442	3.86890048504894	4.23523990185749
2.44706693567654	3.5102495467572	3.87823976750297	4.25072896118849
2.45340853525266	3.51853738489243	3.89173956652781	4.26081679457087
2.45975013482878	3.53063911955791	3.89925455424965	4.2710439464208
2.4660917344049	3.54242946987162	3.90309198979038	4.28043815729541
2.47243333398101	3.54515878888738	3.91452641874845	4.29099447441986
2.47877493355713	3.55525866377016	3.92967679661318	4.29568702582588
2.48511653313325	3.56249123546776	3.93883051328885	4.30475066874251
2.49145813270937	3.56996106533314	3.9473972990925	4.3167080294145
2.49779973228549	3.58855476756387	3.95885984519535	4.32693711991306
2.50414133186161	3.58966582541032	3.96393444848118	4.34026755531822
2.51048293143773	3.59673149165893	3.9754902541572	4.35117079206033
2.51682453101385	3.60992089296931	3.98564843388086	4.35836714476266
2.52316613058997	3.61833196703785	3.99635170736451	4.36589622541516
2.52950773016609	3.63634043975269	4.00396866873884	4.37936525092651
2.53584932974221	3.63427989885211	4.01282387507236	4.39443821536909
2.54219092931833	3.64989557359267	4.02106105109194	4.39498905249258
2.54853252889445	3.66102694986813	4.03243962137353	4.40268916075662
2.55487412847057	3.67217908307661	4.04147016536497	4.41507715341684
2.56121572804669	3.68265467255944	4.05130050873541	4.42960323651978
2.56755732762281	3.6876405533346	4.06086478290559	4.43575297174188
2.57389892719893	3.69691958669324	4.06809553175357	4.44962741952649
2.58024052677505	3.70911018514019	4.08352336165151	4.45104860992366
2.58658212635117	3.71290615170155	4.08823690525074	4.47030034706564
2.59292372592728	3.72441743842828	4.10097386871014	4.47388099358396
2.59926532550341	3.72904242418471	4.10667558265871	4.47853226061082
2.60560692507952	3.74481441632493	4.11715336578511	4.49219780627398
2.61194852465564	3.75531013745153	4.12636152113636	4.504762281166
2.61829012423176	3.76259704555128	4.13964912216135	4.51393164275624
2.62463172380788	3.76841226167031	4.14543805022959	4.52479960693258
2.630973323384	3.78146155984624	4.15494996347628	4.53226666389938
2.63731492296012	3.78882869497283	4.1639768132639	4.54522968891027
2.64365652253624	3.79419005276236	4.17633001124224	4.55287055564731
2.64999812211236	3.81708084020886	4.18826924350954	4.56526995368912
2.65633972168848	3.81784539569251	4.19488013532272	4.56993675116503
2.6626813212646	3.82469680802528	4.19925712762799	4.5760892249225
2.66902292084072	3.83442506491728	4.21032206514359	4.59100183003624
2.67536452041684	3.84406467847192	4.22493395902841	4.59853806537291
2.68170611999296	3.85543408462695	4.23539402221366	4.60915743606819
2.68804771956908	3.86507122014195	4.24509547328832	4.61995088445567
2.6943893191452	3.87435685205004	4.25249924763268	4.629641900334
2.70073091872132	3.88606145236972	4.26096860741274	4.63445562516533
2.70707251829744	3.89632064764573	4.26875927585072	4.65088715865562
2.71341411787356	3.90692764176825	4.27840410087495	4.65575463459855
2.71975571744968	3.91144562195426	4.2856512408269	4.66451165459572
2.72609731702579	3.92210703169365	4.29384795741509	4.67203061615515
2.73243891660191	3.92292214001083	4.30969209052165	4.68816537631664
2.73878051617803	3.93667144896417	4.31769217559986	4.69376889557765
2.74512211575415	3.94739931259278	4.32895659993335	4.71356498185278
2.75146371533027	3.95572879587013	4.3413020137731	4.71694790518463
2.75780531490639	3.9659477381666	4.34686125549659	4.7263175611918
2.76414691448251	3.97693432373804	4.35725667313325	4.73996968270366
2.77048851405863	3.98378833693884	4.36805980472401	4.75143013431857
2.77683011363475	3.99847871028553	4.37601737588211	4.75485953742368
2.78317171321087	4.00362144487636	4.38464653184292	4.75675564078512
2.78951331278699	4.01234141357296	4.39675562981061	4.77465170713757
2.79585491236311	4.02741404389898	4.40454555965373	4.78331589096492
2.80219651193923	4.03372724844466	4.41511345591083	4.78616014948532
2.80853811151535	4.04373209664406	4.42045358343795	4.80026040766334
2.81487971109147	4.04861746411739	4.43270136877857	4.81209971874202
2.82122131066759	4.05874230209515	4.44466174942672	4.81785070718239
2.82756291024371	4.07622704413135	4.45324317637603	4.83381726478503
2.83390450981983	4.08419949827136	4.4606222086466	4.84012675069846
2.84024610939595	4.09112064161231	4.47078763301169	4.85077089418422
2.84658770897207	4.10333650515412	4.47904970698726	4.86349731321671
2.85292930854819	4.11133241065425	4.48928256292687	4.87007958777824
2.8592709081243	4.12241954533373	4.49972029878977	4.87950783567305
2.86561250770042	4.12132314746285	4.50825057864298	4.89243440137499
2.87195410727654	4.1356600330036	4.51817849723376	4.89990528407969
2.87829570685266	4.15225047324899	4.52943238033228	4.90946860815072
2.88463730642878	4.15446654315783	4.53872143223664	4.92230826779662
2.8909789060049	4.1611263847185	4.54786337045989	4.92297854771874
2.89732050558102	4.17004888012625	4.55513136221072	4.94040401582713
2.90366210515714	4.19205959820349	4.56644992777285	4.95008528782499
2.91000370473326	4.19817132449862	4.57805127319394	4.95503240570018
2.91634530430938	4.20072657403454	4.57900368911794	4.96516681343729
2.9226869038855	4.20868510058641	4.59489293398149	4.97918627088785
2.92902850346162	4.22042689422317	4.60275861680508	4.98604548800975
2.93537010303774	4.23153946207054	4.6155732150221	4.99664230373754
2.94171170261386	4.24018884789071	4.62425671236546	5.00403014282906
2.94805330218998	4.24549593804769	4.63098201747244	5.01527259249159
2.9543949017661	4.26131028224492	4.63991825715654	5.0219998981806
2.96073650134222	4.26296120511677	4.64903198423752	5.03103354915879
2.96707810091834	4.28048354475384	4.65901590421437	5.04750915185871
2.97341970049446	4.29506005416995	4.66901061317063	5.04953169911521
2.97976130007058	4.29467497551479	4.67845410961773	5.06413223218674
2.9861028996467	4.29805717441602	4.68779314475368	5.07496196549819
2.99244449922281	4.31180759340618	4.70098509726971	5.07748589931164
2.99878609879893	4.32595412734924	4.7059664259595	5.09215341068047
3.00512769837505	4.33098446402423	4.71716174295876	5.10388891878656
3.01146929795117	4.34940260430346	4.72934076329424	5.11557122090807
3.01781089752729	4.35748998678263	4.73650498469365	5.12026801077121
3.02415249710341	4.36043180797575	4.74168998913358	5.126206054245
3.03049409667953	4.37289709460345	4.75461688162753	5.14078142900503
3.03683569625565	4.37662134265824	4.76385393870317	5.15216570512298
3.04317729583177	4.3872605989615	4.77557831207492	5.16495678754743
3.04951889540789	4.40141426187127	4.78313636405331	5.16467817938949
3.05586049498401	4.40763297886141	4.79538646935017	5.18670053872266
3.06220209456013	4.41783993026561	4.80633781224423	5.1921275683162
3.06854369413625	4.43203660530998	4.8141428627091	5.19994214854282
3.07488529371237	4.43201088113602	4.82235969917761	5.20427034733018
3.08122689328849	4.44500411365501	4.83131504643957	5.21418460957594
3.08756849286461	4.45940832760603	4.8399221833746	5.2228417909938
3.09391009244073	4.46779859152437	4.85129072894471	5.24099748271036
3.10025169201685	4.47091053129503	4.86193082708799	5.25340050424111
3.10659329159297	4.48194170532911	4.86862984126699	5.24904867229017
3.11293489116908	4.49814091621942	4.87954245445157	5.266506656127
3.11927649074521	4.49741183941682	4.8858259932099	5.27084693737026
3.12561809032132	4.50797261560203	4.90139688111573	5.28885126209856
3.13195968989744	4.52438537918539	4.90737957501759	5.29461780232104
3.13830128947356	4.53038768865752	4.91791973506762	5.30400367902586
3.14464288904968	4.53570404095785	4.92711974269014	5.31743797451046
3.1509844886258	4.54599701580708	4.93613631540562	5.32501846223525
3.15732608820192	4.55079377943334	4.94511058483663	5.3315148110544
3.16366768777804	4.56957201367876	4.95558793602947	5.3438374181392
3.17000928735416	4.58366073777221	4.96471674820931	5.35641945923455
3.17635088693028	4.58842790663888	4.97633963598901	5.3694624178175
3.1826924865064	4.58753132474963	4.98644943228311	5.37764985897865
3.18903408608252	4.60620260021665	4.99540848627006	5.38519019273556
3.19537568565864	4.60252865345619	5.00093378559108	5.39475715604909
3.20171728523476	4.62525149146045	5.01005572002928	5.402863749715
3.20805888481088	4.6336306406987	5.02343753656969	5.41244719319352
3.214400484387	4.64517350485958	5.02895399217327	5.42129025562771
3.22074208396312	4.65066204754124	5.04406379907691	5.439102197654
3.22708368353924	4.656043661797	5.05034379227056	5.4416042161615
3.23342528311536	4.66917631591762	5.05899390424654	5.45512626883672
3.23976688269148	4.68102362319253	5.07037158372147	5.46843578414222
3.24610848226759	4.68098892803487	5.08089672113801	5.47398739326914
3.25245008184371	4.69739115199589	5.08662777775002	5.4803905837929
3.25879168141983	4.70770523038301	5.10178104733449	5.4934077796857
3.26513328099595	4.71713805863807	5.10804806430291	5.49870914120718
3.27147488057207	4.72669154783977	5.11617886877002	5.50701169520667
3.27781648014819	4.72928538358785	5.12733454539166	5.51941704319176
3.28415807972431	4.74473407598393	5.13686203801216	5.52969596335075
3.29049967930043	4.7536217232939	5.14396432277902	5.54670573897902
3.29684127887655	4.75842862785313	5.15328508887223	5.545578406532
3.30318287845267	4.7706229973142	5.1663451111814	5.56097836882677
3.30952447802879	4.77916916007439	5.17311194332985	5.57118742289101
3.31586607760491	4.78598308685619	5.18193569530431	5.57466488099926
3.32220767718103	4.79888471011558	5.19350745830471	5.59245283991661
3.32854927675715	4.80940815473706	5.20493157898947	5.59611223035801
3.33489087633327	4.81674576312699	5.21176460045864	5.60695508902463
3.34123247590939	4.8306982054414	5.21857223808701	5.61271489398436
3.34757407548551	4.83267339803748	5.22607874804337	5.62268511468461
3.35391567506163	4.84597451367789	5.23878714268604	5.63267464468098
3.36025727463775	4.85149364323722	5.25070676806299	5.64240915580919
3.36659887421387	4.86657339899317	5.25795086336291	5.6606309287049
3.37294047378999	4.87020256793831	5.26668434372919	5.66146323473328
3.3792820733661	4.88007270251575	5.27935866009058	5.67736412294798
3.38562367294222	4.89041739254263	5.28892158418504	5.68394986435189
3.39196527251834	4.90085597648495	5.29943976650502	5.69997389067806
3.39830687209446	4.90776310332933	5.30671597750886	5.70353859747365
3.40464847167058	4.92327171691415	5.31677334833219	5.7079371077374
3.4109900712467	4.92550005337169	5.32601707902254	5.71330984091288
3.41733167082282	4.93116974127819	5.3324947154094	5.73401540260762
3.42367327039894	4.95122385149668	5.34781307997519	5.73697087980733
3.43001486997506	4.96177940875689	5.35494251071842	5.75295897678273
3.43635646955118	4.96715000577789	5.36514775089502	5.76233625386738
3.4426980691273	4.98057441458708	5.37510404973779	5.76747874138902
3.44903966870342	4.99183240869069	5.38283300442692	5.78295997630045
3.45538126827954	5.00252600621352	5.39209461078523	5.78642401468868
3.46172286785566	5.00522581450108	5.40161941661226	5.79912217146781
3.46806446743178	5.00860855687118	5.41141972942486	5.80759386212873
3.4744060670079	5.02307499829672	5.42216557691149	5.82248255244076
3.48074766658402	5.02436696515289	5.43018968810693	5.82715119919871
3.48708926616014	5.03565510716514	5.44245269548407	5.8421748723304
3.49343086573626	5.04456176303995	5.44702534668305	5.85363384068338
3.49977246531238	5.05853555447371	5.46250468607082	5.85772700746137
3.5061140648885	5.06895258955047	5.46954156028455	5.86876222126033
3.51245566446461	5.07932545383892	5.47718465433235	5.87562396921317
3.51879726404073	5.0870583287459	5.49201213217569	5.88482143000123
3.52513886361685	5.09393070199024	5.49887239071905	5.89620926408132
3.53148046319297	5.09759851818434	5.50322864068736	5.90514987554422
3.53782206276909	5.12091503365017	5.51505846136749	5.91419182431677
3.54416366234521	5.12471168512367	5.52399808953373	5.93324464125582
3.55050526192133	5.13720128419928	5.53508656175563	5.93442063423329
3.55684686149745	5.14511761165851	5.54558501183799	5.9465318874781
3.56318846107357	5.14866574630532	5.55418402644219	5.95869077213096
3.56953006064969	5.15895125068706	5.5646627194775	5.96813238591231
3.57587166022581	5.17211657753744	5.57354161681255	5.97855224741292
3.58221325980193	5.17873106976697	5.58402284850872	5.98373979231706
3.58855485937805	5.19069166117288	5.59402964894387	5.99536490937978
3.59489645895417	5.19415940346594	5.60321349972689	6.00032334583918
3.60123805853029	5.20916695777203	5.60997690422819	6.01510051913917
3.60757965810641	5.21824147489897	5.61965866628675	6.02551003822801
3.61392125768253	5.23003726059473	5.63022456446917	6.03199972525382
3.62026285725865	5.23046610052424	5.6387330227069	6.04975519191051
3.62660445683477	5.23846287276272	5.64953966569623	6.05112027761895
3.63294605641088	5.25699500212176	5.65646524253792	6.06815316390638
3.63928765598701	5.26468211240341	5.66936499297048	6.07366732461392
3.64562925556312	5.27792752714155	5.6774977859126	6.08165303516521
3.65197085513924	5.27656847646568	5.68908207490714	6.09728604512273
3.65831245471536	5.29536858403846	5.69901279117836	6.10751987478668
3.66465405429148	5.30379363028677	5.70517106845741	6.11334425177768
3.6709956538676	5.30408857460401	5.71948123048676	6.11766805317549
3.67733725344372	5.32151940533786	5.72631922275107	6.13621864954215
3.68367885301984	5.32889161423836	5.73432195085165	6.13683279952043
3.69002045259596	5.33528504514597	5.74446071482547	6.14864828499721
3.69636205217208	5.34777293346232	5.75206692417353	6.16314324036313
3.7027036517482	5.35615865691334	5.76374076284963	6.17378207166967
3.70904525132432	5.35978581106698	5.77108139335601	6.17654888515685
3.71538685090044	5.37282856911248	5.78530166424075	6.18604598498222
3.72172845047656	5.38473251688015	5.79433048447371	6.19636232765767
3.72807005005268	5.38904226173503	5.80244864630464	6.20802302307501
3.7344116496288	5.404724326468	5.81059354420196	6.21475968733758
3.74075324920492	5.4093392394154	5.81792852833096	6.22487984406696
3.74709484878104	5.4204096810841	5.83118295878422	6.2463102404936
3.75343644835716	5.43470287989246	5.83887258341059	6.24198801888801
3.75977804793328	5.43764385456755	5.85002026024539	6.25207143438403
3.76611964750939	5.44762016127671	5.86089872378848	6.26074744632295
3.77246124708551	5.47071883672491	5.86823998721914	6.27710373374163
3.77880284666163	5.46739602320751	5.8792032218655	6.2825991944105
3.78514444623775	5.47081935368332	5.88595670150723	6.29537303666022
3.79148604581387	5.49137452251916	5.89773442089376	6.31151069615118
3.79782764538999	5.4991672399034	5.90856404634672	6.31888084943937
3.80416924496611	5.49550887547468	5.9136614060114	6.32548218365904
3.81051084454223	5.50873659637647	5.92492608741642	6.3342563924937
3.81685244411835	5.52293635171466	5.9326191312989	6.34417922484229
3.82319404369447	5.53224004039032	5.94192181570405	6.35083017310624
3.82953564327059	5.54517091465285	5.95279738428301	6.37438110349951
3.83587724284671	5.55296762441916	5.96214388066684	6.36942829562718
3.84221884242283	5.56205306269843	5.97195401360653	6.3873379852709
3.84856044199895	5.57207253374691	5.98204825899983	6.38811534661201
3.85490204157507	5.58006697223632	5.99117182970949	6.40688411570326
3.86124364115119	5.58706750526179	5.99928487605512	6.41816956970645
3.86758524072731	5.59575652949787	6.00823145591877	6.43098898423961
3.87392684030343	5.60824172707684	6.02275474926992	6.4310703583926
3.88026843987955	5.61695675106747	6.03014553328865	6.44066150268278
3.88661003945567	5.62071206180373	6.03706566654628	6.45135951919266
3.89295163903179	5.63434373521345	6.04810813453399	6.46371907603935
3.8992932386079	5.6438445358868	6.05975281947526	6.47494154126114
3.90563483818402	5.65313151305737	6.06712965288995	6.48327563122619
3.91197643776014	5.66087992485817	6.07715352477299	6.49379502470563
3.91831803733626	5.67357628570979	6.08593373308511	6.50388029384701
3.92465963691238	5.67467820966139	6.10035069002633	6.50926426437121
3.9310012364885	5.69068283678932	6.10601352585711	6.52007978997423
3.93734283606462	5.69801907665687	6.11253032366205	6.52623026218361
3.94368443564074	5.71064180821677	6.12667374002277	6.54210935953889
3.95002603521686	5.71824270132007	6.13406796688178	6.54855223765495
3.95636763479298	5.72388081638621	6.1436849470646	6.56651476096861
3.9627092343691	5.7294510842397	6.15301935345114	6.56921727720162
3.96905083394522	5.74528703321013	6.16416239509503	6.58266565754901
3.97539243352134	5.76021840504505	6.17311650016903	6.59076710806689
3.98173403309746	5.76402254916078	6.18037471358301	6.60154542676156
3.98807563267358	5.76719632469882	6.18918473079006	6.60659453922674
3.9944172322497	5.77326630878889	6.19805789076522	6.6142509123244
4.00075883182582	5.79224200260462	6.21117633364202	6.62213434250279
4.00710043140194	5.80114849690121	6.21971624882476	6.63522407365693
4.01344203097806	5.81070946548263	6.22781078554538	6.6493086675862
4.01978363055418	5.81521420620875	6.23995144898205	6.65386444275668
4.0261252301303	5.82476487344965	6.24752945896699	6.66718059485628
4.03246682970642	5.83854982538895	6.26049032896329	6.68085023939449
4.03880842928253	5.84868654518724	6.26549571876737	6.69014138860598
4.04515002885865	5.85301846621526	6.28064044435689	6.69737386011081
4.05149162843477	5.86846122668857	6.28773761778054	6.70052726663077
4.05783322801089	5.88044040550968	6.29586543386181	6.71983966086439
4.06417482758701	5.88141562813391	6.30682846217107	6.72795874910614
4.07051642716313	5.89817162850247	6.31600217996218	6.7386945211003
4.07685802673925	5.90825906889992	6.32399517445043	6.74034562062354
4.08319962631537	5.91258152191141	6.33475012496513	6.76488090878194
4.08954122589149	5.92374279024024	6.34687541915218	6.7595280278234
4.09588282546761	5.93321018983919	6.35278626692819	6.77124613725079
4.10222442504373	5.93913224015251	6.36206666610305	6.77467423168677
4.10856602461985	5.95677058325226	6.37300332620842	6.79809178676876
4.11490762419597	5.96275501616135	6.38277031348272	6.80204827940404
4.12124922377209	5.96434062106659	6.38990540598612	6.80894281976765
4.12759082334821	5.98112141637426	6.40166223355952	6.82617941370368
4.13393242292433	5.98864519164674	6.41156415487355	6.82884919691624
4.14027402250045	5.99696039216206	6.41887607708686	6.84681260378104
4.14661562207657	6.00687794062635	6.43128046969026	6.85429549358483
4.15295722165268	6.01501152442447	6.44014986739826	6.8676039290065
4.15929882122881	6.02014094919574	6.44773613761974	6.87072581625877
4.16564042080492	6.02860022393562	6.45738296842326	6.87889282012843
4.17198202038104	6.0442658970012	6.4675066088426	6.88950625333327
4.17832361995716	6.05301899562839	6.47663189784276	6.90655460596443
4.18466521953328	6.06046184747184	6.48885973829075	6.91051216024889
4.1910068191094	6.06238686125958	6.49760938175757	6.92462939257456
4.19734841868552	6.08078547053848	6.50169156431562	6.93286023114936
4.20369001826164	6.07995495626893	6.51729587519001	6.94322076387146
4.21003161783776	6.09070313682366	6.52141428506804	6.95573933574401
4.21637321741388	6.10974486009298	6.53791017838511	6.95559682981283
4.22271481699	6.11267118793257	6.54047081507196	6.96541131325601
4.22905641656612	6.12686501907824	6.5526928890457	6.97683778802634
4.23539801614224	6.13067274233547	6.56234520115782	6.98709378007358
4.24173961571836	6.13699864167342	6.56999992604722	7.00670740903154
4.24808121529448	6.15324390136391	6.58170121812171	7.00801531055506
4.2544228148706	6.15964747014902	6.59034658524974	7.02458514964005
4.26076441444672	6.16464295974948	6.59761688610457	7.02739157924536
4.26710601402284	6.17871695394938	6.60764024840779	7.03153472467591
4.27344761359896	6.19225853607228	6.62223958214355	7.05318975254827
4.27978921317507	6.20458869918551	6.62801413077079	7.05649238358894
4.28613081275119	6.20269210728887	6.63693155965403	7.07454350428645
4.29247241232731	6.21462397393053	6.65003457356239	7.07589032706644
4.29881401190343	6.2264926838214	6.65807227980402	7.09083314813338
4.30515561147955	6.23232765104334	6.66551519956526	7.09283253647499
4.31149721105567	6.24615899559277	6.67806813189973	7.10491534437462
4.31783881063179	6.25540321915042	6.68891859154263	7.12379571124248
4.32418041020791	6.26361308293099	6.69275147806785	7.1261018695252
4.33052200978403	6.26795134675481	6.70699781336638	7.13585640230123
4.33686360936015	6.2826682384527	6.71611020370386	7.14944205682038
4.34320520893627	6.28994204220048	6.72647079288846	7.15946288579975
4.34954680851239	6.29802231916993	6.73346125292501	7.16444931291872
4.35588840808851	6.30669667692087	6.74371056329385	7.17844260673028
4.36223000766463	6.32115061235143	6.75193001588534	7.19219695935939
4.36857160724075	6.33107451779518	6.7643139841393	7.19469139680812
4.37491320681687	6.34131984453151	6.76830173583699	7.19610025997292
4.38125480639299	6.34659974965054	6.77949899995361	7.21330296188495
4.38759640596911	6.35729981378927	6.79166956680151	7.2293858499907
4.39393800554523	6.36552727563181	6.80265042977678	7.23609195776551
4.40027960512135	6.37532483775059	6.81155676622067	7.24475212996577
4.40662120469747	6.37887677085993	6.82036242315326	7.25693899735567
4.41296280427358	6.38935072250379	6.82926901712005	7.26188636414894
4.4193044038497	6.39964114686373	6.83750356563017	7.27344203973597
4.42564600342582	6.41886996603691	6.84728160503294	7.28311206756924
4.43198760300194	6.41649556889162	6.86075482322719	7.29669695822815
