"mitochan"	"lwrNorm"	"medNorm"	"uprNorm"
-1.90327037354145	-2.68291461484671	-2.22674281844057	-1.76230968170142
-1.89617175054776	-2.66832709713391	-2.21529159494823	-1.75278223274644
-1.88907312755408	-2.6649640192338	-2.20523990249292	-1.74643485420432
-1.88197450456039	-2.65689737743918	-2.2001933321651	-1.73379243210225
-1.8748758815667	-2.64441926119031	-2.19158093107744	-1.73322737832301
-1.86777725857302	-2.62935733958523	-2.17524723268692	-1.72146073028479
-1.86067863557933	-2.62213935509722	-2.16995605014222	-1.71530461504948
-1.85358001258564	-2.61852251461851	-2.15910155048479	-1.70290443379389
-1.84648138959196	-2.6039756121492	-2.149739150867	-1.68640267256582
-1.83938276659827	-2.59644369925103	-2.14040223278994	-1.68429271939125
-1.83228414360459	-2.57887792849983	-2.1313087084893	-1.67494232321481
-1.8251855206109	-2.57387593510077	-2.12302028678743	-1.6599892797424
-1.81808689761721	-2.56404348982774	-2.11082807771403	-1.66360524634539
-1.81098827462353	-2.55418404731479	-2.10150680676272	-1.64655601894237
-1.80388965162984	-2.54797467180082	-2.09228772652732	-1.63239182699277
-1.79679102863615	-2.53920035549156	-2.08568776649678	-1.62732640813495
-1.78969240564247	-2.52627491459491	-2.07399909168743	-1.61645544504083
-1.78259378264878	-2.52032542857112	-2.06687681343075	-1.60810337062969
-1.77549515965509	-2.50382405798872	-2.05692058807156	-1.60168586950007
-1.76839653666141	-2.4942632743606	-2.04793971331109	-1.59265110998141
-1.76129791366772	-2.49059971618197	-2.03709030869508	-1.58606668796635
-1.75419929067404	-2.47481473534824	-2.02717345415089	-1.58580415796909
-1.74710066768035	-2.45900617155487	-2.01563116054736	-1.56499194715891
-1.74000204468666	-2.46378447312406	-2.00653959201269	-1.55791465362
-1.73290342169298	-2.44667274522843	-1.99943812317238	-1.55009583708292
-1.72580479869929	-2.43218054097034	-1.9907244734403	-1.54012071888853
-1.7187061757056	-2.4333419050834	-1.98058316972472	-1.53093778153502
-1.71160755271192	-2.41422416137759	-1.97107484580855	-1.52182982672933
-1.70450892971823	-2.41041161689304	-1.95761537541149	-1.5113021505532
-1.69741030672454	-2.39662955067477	-1.95129569344308	-1.50333555098943
-1.69031168373086	-2.39552044159721	-1.94129752157007	-1.48834644430536
-1.68321306073717	-2.37943547199197	-1.93154851175336	-1.47928719785273
-1.67611443774349	-2.37145812200794	-1.9246592426522	-1.47048818479808
-1.6690158147498	-2.36183371012992	-1.91515150803688	-1.46293313693301
-1.66191719175611	-2.34691149796286	-1.90439927073551	-1.4601271208416
-1.65481856876243	-2.33748104973193	-1.8956173814541	-1.4444002352692
-1.64771994576874	-2.33107682464846	-1.88657310339894	-1.44064412738777
-1.64062132277505	-2.32254967508962	-1.87585878340611	-1.43073720352099
-1.63352269978137	-2.30523189723935	-1.86331727442948	-1.42745152300812
-1.62642407678768	-2.29591074494685	-1.85860007347067	-1.41056044483598
-1.61932545379399	-2.29734758099007	-1.84721420434666	-1.40003079877072
-1.61222683080031	-2.28065884789877	-1.83609533730971	-1.39446550829585
-1.60512820780662	-2.26946324288772	-1.82594019807129	-1.37621282655887
-1.59802958481294	-2.26378976602698	-1.8189590789701	-1.37087399249346
-1.59093096181925	-2.25455567825699	-1.81174767289171	-1.36412313607757
-1.58383233882556	-2.25112594232184	-1.79973783606173	-1.3586975295633
-1.57673371583188	-2.23428430295123	-1.79139002485296	-1.35476636676672
-1.56963509283819	-2.22455741293953	-1.78053472722984	-1.3364594059742
-1.5625364698445	-2.21381412504397	-1.76869657196064	-1.33004655784761
-1.55543784685082	-2.2058662289132	-1.76290549300381	-1.32206086763058
-1.54833922385713	-2.19852604793634	-1.75567338203794	-1.30515337490631
-1.54124060086344	-2.18793679122371	-1.74448818630468	-1.29928737201448
-1.53414197786976	-2.17873734342347	-1.73964203233961	-1.29791841256699
-1.52704335487607	-2.16160010151847	-1.724835529129	-1.28349757542973
-1.51994473188239	-2.1448973606666	-1.71484111661576	-1.27325411010571
-1.5128461088887	-2.14443327311008	-1.70714345533387	-1.27198675298178
-1.50574748589501	-2.13184308150747	-1.69601105708733	-1.2574929125505
-1.49864886290133	-2.12744956465267	-1.68555793062175	-1.24426999867561
-1.49155023990764	-2.12116799265861	-1.67769246198159	-1.23347934694771
-1.48445161691395	-2.10940274734389	-1.66695126288531	-1.22787956640435
-1.47735299392027	-2.10605223798061	-1.65734835330515	-1.21635278931232
-1.47025437092658	-2.08816062652285	-1.64970046320559	-1.21251230710575
-1.46315574793289	-2.07972956727851	-1.64179460429143	-1.19821595556619
-1.45605712493921	-2.0655262370578	-1.63093555740635	-1.19361625408025
-1.44895850194552	-2.05507216716709	-1.61983465076413	-1.18044588002047
-1.44185987895184	-2.04573780434075	-1.61192192353117	-1.16930682602733
-1.43476125595815	-2.03731182184674	-1.60221908827644	-1.1658939412052
-1.42766263296446	-2.02770808169999	-1.59378401643364	-1.15879971779797
-1.42056400997078	-2.01859112684628	-1.58507082978082	-1.14922896344106
-1.41346538697709	-2.00359904434207	-1.57045510160126	-1.13530874106904
-1.4063667639834	-1.98847697130402	-1.55987506891652	-1.12486241547296
-1.39926814098972	-1.99172902634682	-1.55800604340172	-1.11790701957602
-1.39216951799603	-1.97913456788377	-1.54784505196199	-1.10584150755717
-1.38507089500234	-1.96470269523154	-1.53532131687889	-1.10247909281515
-1.37797227200866	-1.96496926508423	-1.52857986550005	-1.08841639486308
-1.37087364901497	-1.95194873545927	-1.51553125715497	-1.07717918493684
-1.36377502602129	-1.94059199945549	-1.50856163340241	-1.06957797195939
-1.3566764030276	-1.92942851868181	-1.4977518516324	-1.0649804719319
-1.34957778003391	-1.91920889429115	-1.48876975548335	-1.05944908074411
-1.34247915704023	-1.910861443828	-1.48126944690036	-1.04761465867341
-1.33538053404654	-1.89849395272487	-1.47095125923751	-1.03706728540445
-1.32828191105285	-1.89126928304435	-1.46230593629991	-1.02878526365632
-1.32118328805917	-1.88322799954128	-1.44838740365091	-1.01640069241446
-1.31408466506548	-1.87146990938022	-1.44087327767461	-1.00640415515949
-1.30698604207179	-1.86012611640813	-1.42963950254152	-0.999833301688022
-1.29988741907811	-1.85822693305642	-1.42480591936204	-0.991404479968513
-1.29278879608442	-1.84464587941729	-1.41540305949596	-0.984083318524118
-1.28569017309074	-1.82815909713055	-1.40530586240262	-0.977138319933121
-1.27859155009705	-1.82177073759304	-1.3949370646151	-0.967476517062707
-1.27149292710336	-1.82470377791789	-1.38613878820837	-0.962299576937394
-1.26439430410968	-1.80678004694252	-1.3767569809178	-0.947456085992898
-1.25729568111599	-1.79943243227982	-1.36622352097624	-0.937844633941141
-1.2501970581223	-1.78260564538773	-1.35569624642502	-0.926146845069037
-1.24309843512862	-1.77146066197601	-1.3456131936463	-0.916683208947824
-1.23599981213493	-1.7658624344102	-1.33883580152116	-0.919208623230204
-1.22890118914124	-1.75657071900135	-1.32742743626502	-0.898212081558566
-1.22180256614756	-1.74853990250023	-1.31618785220839	-0.892829720309837
-1.21470394315387	-1.74159520113111	-1.30851343617873	-0.877050690186092
-1.20760532016019	-1.73100277192015	-1.30264602046799	-0.870978241197101
-1.2005066971665	-1.72039834242229	-1.2911484467821	-0.866689884570572
-1.19340807417281	-1.7078360312001	-1.27810542373347	-0.860265896986184
-1.18630945117913	-1.6976205718813	-1.27035991141726	-0.840330339631731
-1.17921082818544	-1.6900089621889	-1.2628258951889	-0.838615482551358
-1.17211220519175	-1.67717382621957	-1.25282940095097	-0.833293688434289
-1.16501358219807	-1.66561030055765	-1.2426788245912	-0.814569944648417
-1.15791495920438	-1.66961306801974	-1.23503722372894	-0.810975542239582
-1.15081633621069	-1.64155919354216	-1.22416114836169	-0.802023794215354
-1.14371771321701	-1.63976245986564	-1.21468005690849	-0.786815159276261
-1.13661909022332	-1.62836054630707	-1.20420012117052	-0.786670208286857
-1.12952046722964	-1.62333171001462	-1.19781213168962	-0.775302999189585
-1.12242184423595	-1.60556823892156	-1.18947730517471	-0.763292593788534
-1.11532322124226	-1.59900383502583	-1.17808970102556	-0.756246564770661
-1.10822459824858	-1.59045320839096	-1.1691981802472	-0.748570046731014
-1.10112597525489	-1.58058455992748	-1.15669837191434	-0.736464348466915
-1.0940273522612	-1.57265977919235	-1.15094103477152	-0.730197645777075
-1.08692872926752	-1.56123785760091	-1.14041172292158	-0.72102684113781
-1.07983010627383	-1.554497894842	-1.1329388565177	-0.710092981349579
-1.07273148328014	-1.5381687640307	-1.12082008421917	-0.707518723854986
-1.06563286028646	-1.53332591711589	-1.11042960390076	-0.689434806917049
-1.05853423729277	-1.51971019274136	-1.09904631461445	-0.679976544422892
-1.05143561429909	-1.51842126421368	-1.09329353265232	-0.670459298292718
-1.0443369913054	-1.50659786305922	-1.08282688587765	-0.669005589914616
-1.03723836831171	-1.49247856211145	-1.0727072251801	-0.655066871158221
-1.03013974531803	-1.48210558185859	-1.0658264085443	-0.650313183295715
-1.02304112232434	-1.48093647455399	-1.05657039379911	-0.636524484728976
-1.01594249933065	-1.46544098401689	-1.04701483169341	-0.620669343896687
-1.00884387633697	-1.45559867212695	-1.03472862420672	-0.616621027993371
-1.00174525334328	-1.44030232528755	-1.02601405758246	-0.600927215489421
-0.994646630349594	-1.43113699272916	-1.01975951129052	-0.606185546338876
-0.987548007355908	-1.42878171832663	-1.00802760621012	-0.593772919950758
-0.980449384362222	-1.41428018687688	-0.997766201948389	-0.583447912276861
-0.973350761368535	-1.40417154530207	-0.988277471278505	-0.569894209561774
-0.966252138374849	-1.39955122920077	-0.979193759374194	-0.565048699634765
-0.959153515381162	-1.38352036581018	-0.96969161655126	-0.551418474404943
-0.952054892387476	-1.37764066175101	-0.958822910914783	-0.544510530462113
-0.94495626939379	-1.36548705735995	-0.952079697851925	-0.54258543384123
-0.937857646400103	-1.36156172491368	-0.943128456570412	-0.518608155551743
-0.930759023406417	-1.33723917992096	-0.932139961469446	-0.517947960398786
-0.923660400412731	-1.3320023866585	-0.922668035388752	-0.504684706746497
-0.916561777419044	-1.32249989993632	-0.914809874357806	-0.497444980339788
-0.909463154425358	-1.31777899166079	-0.901892714414761	-0.490021905327274
-0.902364531431672	-1.30951882193165	-0.896357369142567	-0.483997378607511
-0.895265908437985	-1.29674463576664	-0.88750579931276	-0.471445279139825
-0.888167285444299	-1.29089782839277	-0.877826926129957	-0.463213185534425
-0.881068662450612	-1.28165221861043	-0.87037298356725	-0.451529647115254
-0.873970039456926	-1.26522315909846	-0.857376628413599	-0.435874706172086
-0.86687141646324	-1.26272256555018	-0.847623080071495	-0.431065250157035
-0.859772793469553	-1.24576989608692	-0.838947066891768	-0.425247137363162
-0.852674170475867	-1.23737270108142	-0.828175570903625	-0.414057757146021
-0.845575547482181	-1.23192726982532	-0.817828142150304	-0.400533994894281
-0.838476924488494	-1.22756524016547	-0.808980338853016	-0.402026023332923
-0.831378301494808	-1.20757553730972	-0.798897223599427	-0.389474884573528
-0.824279678501121	-1.20223513008225	-0.791024302345518	-0.384687217559254
-0.817181055507435	-1.19301411130542	-0.781535006252693	-0.368448962459861
-0.810082432513749	-1.1819310786672	-0.769483141874988	-0.366707735041134
-0.802983809520062	-1.16450080442151	-0.760543929924414	-0.352999292305802
-0.795885186526376	-1.16774764392892	-0.751336447739341	-0.340851897204164
-0.78878656353269	-1.15274659226613	-0.743170331980563	-0.330345166242175
-0.781687940539003	-1.14298073990403	-0.729238234160563	-0.325215998566392
-0.774589317545317	-1.13031976067031	-0.725159123920226	-0.312340915430677
-0.76749069455163	-1.12566474685686	-0.71488507959083	-0.310642012871809
-0.760392071557944	-1.11579080632975	-0.703497938020236	-0.295796123565049
-0.753293448564258	-1.108202262133	-0.696618697246482	-0.28578317926219
-0.746194825570571	-1.09688163898636	-0.685953391611035	-0.276971438369065
-0.739096202576885	-1.08926949420132	-0.680211881046989	-0.272637974474137
-0.731997579583199	-1.07798901461157	-0.669454710998823	-0.263286131654095
-0.724898956589512	-1.06730986496634	-0.659080379344938	-0.253140623842145
-0.717800333595826	-1.05390472996959	-0.650265544094648	-0.240474318253728
-0.71070171060214	-1.04807059375404	-0.637489431817248	-0.232805933971023
-0.703603087608453	-1.04159412147928	-0.630414193516205	-0.222218812405389
-0.696504464614767	-1.02356598315413	-0.619510525389278	-0.213021234680368
-0.68940584162108	-1.02070767411608	-0.612278531803086	-0.207847389149084
-0.682307218627394	-1.01313529906012	-0.600268326213726	-0.19225623151147
-0.675208595633708	-1.00475534842989	-0.594999290686208	-0.188549112950752
-0.668109972640021	-0.982729376298949	-0.580019365330231	-0.179190015258869
-0.661011349646335	-0.982695520272536	-0.575589381832227	-0.164894155801572
-0.653912726652649	-0.970689872867931	-0.561604203405528	-0.154561035034058
-0.646814103658962	-0.960495417115953	-0.55493206052902	-0.144891138720576
-0.639715480665276	-0.946363056288859	-0.544958387049325	-0.142567237859779
-0.63261685767159	-0.941976234761509	-0.535865061660166	-0.139473770025212
-0.625518234677903	-0.936600171375782	-0.524901685348815	-0.121146354941908
-0.618419611684217	-0.926527043718896	-0.518609286340112	-0.117778009948374
-0.61132098869053	-0.911538351531428	-0.509861798353802	-0.10444623343782
-0.604222365696844	-0.901237667893087	-0.501169184484609	-0.097970025908938
-0.597123742703158	-0.886224158316451	-0.492534838840093	-0.0900681196156401
-0.590025119709471	-0.888132280638305	-0.478529245806412	-0.0769182171096459
-0.582926496715785	-0.877925165061832	-0.472224842475946	-0.0696872327196885
-0.575827873722099	-0.865868676105902	-0.458628654124344	-0.0561391828620848
-0.568729250728412	-0.855263554268724	-0.453629228258006	-0.0516507919390931
-0.561630627734726	-0.842257629353357	-0.440932498106028	-0.0445407254483623
-0.55453200474104	-0.834229406536819	-0.435333171333093	-0.0404167912566614
-0.547433381747353	-0.823994097173796	-0.42358160009399	-0.0217837596402367
-0.540334758753667	-0.814068811583128	-0.41435055940553	-0.0136630826332981
-0.53323613575998	-0.809891263444057	-0.404240189552236	-0.00501500980317261
-0.526137512766294	-0.791748594454988	-0.395450109041891	0.00856324503315547
-0.519038889772608	-0.781607592078741	-0.382561475719752	0.0154888620296733
-0.511940266778921	-0.776661041446952	-0.375942806594907	0.0273957270766292
-0.504841643785235	-0.765400931059433	-0.366180759690903	0.0290250619881947
-0.497743020791549	-0.752702185774343	-0.35613093532007	0.051460709489532
-0.490644397797862	-0.737520935188595	-0.34787596337638	0.0487545829865082
-0.483545774804176	-0.732890492654196	-0.335905007298571	0.0631707786525273
-0.47644715181049	-0.722381661616663	-0.329499080727993	0.0687335621507961
-0.469348528816803	-0.711998129419284	-0.318353992804287	0.0775310800385475
-0.462249905823117	-0.70891278366051	-0.307917418503626	0.091016085555717
-0.45515128282943	-0.695548007455727	-0.29963621267843	0.0995929194712599
-0.448052659835744	-0.687552794593513	-0.290738803108453	0.108007498668887
-0.440954036842058	-0.680859205367343	-0.281091310801577	0.117469149383115
-0.433855413848371	-0.669659308837363	-0.268097989783012	0.12932611095737
-0.426756790854685	-0.664875794401494	-0.263631344966754	0.141017445945405
-0.419658167860999	-0.650599728435681	-0.250074514075317	0.144267937690099
-0.412559544867312	-0.639990235536216	-0.242956836042866	0.147314183440167
-0.405460921873626	-0.631703745351717	-0.231510492092953	0.167537030770085
-0.39836229887994	-0.616580528532513	-0.223047771720231	0.173021068394384
-0.391263675886253	-0.611699025115199	-0.214369772991274	0.180774782166411
-0.384165052892567	-0.604405445398982	-0.206310651882319	0.19262569534594
-0.37706642989888	-0.591945006158932	-0.193051270840795	0.200314091444287
-0.369967806905194	-0.58113692570765	-0.18572009235084	0.208417196069855
-0.362869183911508	-0.574187773348659	-0.17537465480189	0.212475749991149
-0.355770560917821	-0.559662503229017	-0.168115418518413	0.228716612735578
-0.348671937924135	-0.554204178665914	-0.157891164753778	0.239369365862047
-0.341573314930449	-0.541560881007167	-0.147804414906967	0.242034630830721
-0.334474691936762	-0.530449134352893	-0.137407281652722	0.251334657192209
-0.327376068943076	-0.521124811102943	-0.132839422939757	0.269804184644628
-0.32027744594939	-0.510073781613472	-0.121633345305286	0.271833330444995
-0.313178822955703	-0.506985159015136	-0.112011411724068	0.282307200030706
-0.306080199962017	-0.500548619777456	-0.0996255372639032	0.290295007464042
-0.29898157696833	-0.486094584336846	-0.0921829927735777	0.300436429254814
-0.291882953974644	-0.480341368322884	-0.0833546528984668	0.308530146002217
-0.284784330980958	-0.467706578520927	-0.0719319609810507	0.321226081792364
-0.277685707987271	-0.460701642793384	-0.0655410771241671	0.335498075669923
-0.270587084993585	-0.448048861129674	-0.0534956028971433	0.338770251727486
-0.263488461999899	-0.435256752497521	-0.0446790018977492	0.341393533953656
-0.256389839006212	-0.428195113483852	-0.0369039441447408	0.360690395852612
-0.249291216012526	-0.410973461927588	-0.025405104854279	0.365646409534768
-0.24219259301884	-0.412138131860768	-0.0162876158539585	0.370879656206562
-0.235093970025153	-0.397165420873006	-0.00887114513725544	0.382596432580139
-0.227995347031467	-0.389204587504045	0.00355191090923658	0.39849119334631
-0.22089672403778	-0.380606149265517	0.0133350431966561	0.403156811155096
-0.213798101044094	-0.376476840600581	0.020630478945016	0.409934627569913
-0.206699478050408	-0.364085393931193	0.0304044740295134	0.418453178909165
-0.199600855056721	-0.349075854475529	0.0387301552292356	0.43730010804219
-0.192502232063035	-0.348162142690247	0.0503034453766103	0.442304520857599
-0.185403609069349	-0.326668776864354	0.0605353490192818	0.448614942126687
-0.178304986075662	-0.320380127162314	0.0677037697851268	0.459531671214325
-0.171206363081976	-0.309011914238664	0.076342668113697	0.470630691037334
-0.16410774008829	-0.29927926547152	0.0880917472756228	0.479051321490017
-0.157009117094603	-0.290372236718215	0.0966293273618325	0.49513125390489
-0.149910494100917	-0.286122739133496	0.106349263276393	0.492043612237613
-0.14281187110723	-0.272651075025731	0.115588486376412	0.497161841116994
-0.135713248113544	-0.259503413130313	0.127327530872059	0.512555343041954
-0.128614625119858	-0.252115264341472	0.132079673531974	0.514251354341798
-0.121516002126171	-0.250337316751007	0.141628772732413	0.537369356011411
-0.114417379132485	-0.238127438345491	0.152700513751294	0.538151482398614
-0.107318756138799	-0.22014039631297	0.16096064045456	0.553746622199201
-0.100220133145112	-0.21486621299789	0.172183358607171	0.562265993912531
-0.093121510151426	-0.212489183112974	0.180442284486196	0.569885019118953
-0.0860228871577395	-0.194609908617496	0.189183870189749	0.576392577584361
-0.0789242641640531	-0.192237619058285	0.197741026757186	0.585772070405271
-0.0718256411703668	-0.183697483507032	0.210736168347254	0.596695047200029
-0.0647270181766804	-0.167449341869822	0.21641810701783	0.602238050056449
-0.0576283951829941	-0.162974580617598	0.228955412492472	0.613260805565362
-0.0505297721893077	-0.147144766654969	0.239162857547735	0.624323228145761
-0.0434311491956214	-0.134377533753756	0.246701775583437	0.635069689650863
-0.0363325262019349	-0.118704905692247	0.255980784408562	0.639458758921756
-0.0292339032082487	-0.127683543676348	0.265169063635433	0.651509193001039
-0.0221352802145622	-0.112251670713864	0.275707749051388	0.662355025271899
-0.015036657220876	-0.0974469313800333	0.285745460027972	0.666137672629766
-0.00793803422718953	-0.0902307006318039	0.294113733128122	0.677324795708273
-0.000839411233503062	-0.077434130175435	0.302867804828785	0.687631780379357
0.00625921176018318	-0.0678233411485602	0.310536312312343	0.692750689188204
0.0133578347538696	-0.0600875140362193	0.323190515411221	0.701762408421752
0.0204564577475559	-0.0482136398112633	0.331695938289589	0.713883851546751
0.0275550807412424	-0.0454965250285174	0.340194357942158	0.727122374767637
0.0346537037349286	-0.0313498194407014	0.351788510757474	0.736535114862596
0.0417523267286151	-0.0220974780666649	0.359602234594492	0.740129852054803
0.0488509497223013	-0.0123324807213303	0.369100843564515	0.758765137101122
0.0559495727159878	-0.00133477625077593	0.375443690216622	0.757094553280778
0.063048195709674	0.00348488525550129	0.385597393195628	0.768942941595045
0.0701468187033605	0.0135777321759259	0.398434396146268	0.784570326372959
0.0772454416970469	0.0225902757926968	0.406779783195951	0.789899203537728
0.0843440646907332	0.0411684213166463	0.415642875567654	0.798161823359949
0.0914426876844197	0.0469591885342086	0.426056046642664	0.814084925220314
0.0985413106781059	0.0549740537824536	0.435050404037965	0.813583688250705
0.105639933671792	0.0628903753055392	0.443983544432928	0.830263108550399
0.112738556665479	0.0713366869818766	0.456497459570277	0.837573211141726
0.119837179659165	0.0897191661844058	0.462919749708463	0.843988173368783
0.126935802652851	0.09221606571893	0.47624312502833	0.852125720418188
0.134034425646538	0.104110285359303	0.482038361239298	0.863988938897445
0.141133048640224	0.103974179792714	0.49005599440747	0.870993966047002
0.148231671633911	0.118910312666255	0.505159422369257	0.881890612800674
0.155330294627597	0.131640239563042	0.511733955307527	0.892748272012156
0.162428917621283	0.139107681322028	0.521743993255564	0.902013503325962
0.16952754061497	0.149976062491251	0.532556909465529	0.906185480595402
0.176626163608656	0.160138773020202	0.543114926686582	0.921705078492766
0.183724786602342	0.162044109115857	0.548116799586738	0.926868380568914
0.190823409596029	0.175705955226704	0.557462415825903	0.941756589614133
0.197922032589715	0.190597045712075	0.570410901423972	0.952209198956251
0.205020655583402	0.200046593336373	0.57544427593123	0.957423661999595
0.212119278577088	0.199335080487005	0.585966177637346	0.969113442190237
0.219217901570774	0.221395518743942	0.601485890148654	0.978423229429485
0.22631652456446	0.220859633528916	0.608764345058204	0.985882066005221
0.233415147558147	0.235639087131029	0.616802429597424	0.994799074143309
0.240513770551833	0.239179774791015	0.623086588120253	1.00497335846039
0.247612393545519	0.254293041971353	0.636022559104859	1.01671124458557
0.254711016539206	0.263487780023376	0.64102610316619	1.02092386669237
0.261809639532892	0.279578027087593	0.652484823488289	1.02655198910272
0.268908262526579	0.291491479822477	0.664192300298612	1.04376046032906
0.276006885520265	0.290405276631124	0.67367202138213	1.05234581033503
0.283105508513951	0.305164003776882	0.684943726231347	1.06738744055671
0.290204131507638	0.317340159356878	0.690446435314069	1.06398436914817
0.297302754501324	0.326205467173232	0.700207958873215	1.08029165388871
0.304401377495011	0.335724555917958	0.709364873088884	1.0954088776597
0.311500000488697	0.34176904001178	0.719621363416258	1.09867086338691
0.318598623482383	0.350739759834525	0.727795852174838	1.10712040195012
0.32569724647607	0.36261137711611	0.736641969372966	1.11033717188015
0.332795869469756	0.369302488834422	0.748164613996885	1.12117455706548
0.339894492463442	0.381758341884083	0.757758418648366	1.13561143053674
0.346993115457129	0.386619748294213	0.766010299274806	1.144594287031
0.354091738450815	0.402171269761233	0.774560492692617	1.1498535907315
0.361190361444502	0.41010779041584	0.785756855745931	1.16403737389146
0.368288984438188	0.419461078164169	0.793378476118445	1.16613907784555
0.375387607431874	0.431976641690625	0.80373851009123	1.1798406608677
0.382486230425561	0.435488869341937	0.816148842322027	1.18940600586385
0.389584853419247	0.451143699132298	0.820784377613984	1.20402541191231
0.396683476412933	0.452468914573683	0.829500698758227	1.20570513309775
0.403782099406619	0.464065058622426	0.840521353228214	1.22097363783687
0.410880722400306	0.476612397688656	0.850426719702644	1.22031258624849
0.417979345393992	0.481696571992165	0.861845207767131	1.23897373635522
0.425077968387679	0.493329363126308	0.868601343475286	1.25273613154364
0.432176591381365	0.503584502997896	0.877897769353366	1.2572782062749
0.439275214375051	0.508439754687013	0.888632915101363	1.2658831788011
0.446373837368738	0.528417480781469	0.901235639495987	1.26907153011166
0.453472460362424	0.534480106038722	0.908185604104935	1.28017050425022
0.460571083356111	0.54486488299524	0.916862599385372	1.29437669452718
0.467669706349797	0.549137576772989	0.926615575817402	1.30086313233155
0.474768329343483	0.557164611025578	0.934418920384913	1.31157008942188
0.48186695233717	0.574055506774598	0.943672876880207	1.32463218924181
0.488965575330856	0.578402947982837	0.954691755907449	1.32625218899024
0.496064198324542	0.587168447668013	0.968216550960019	1.33225166575921
0.503162821318229	0.599288439286227	0.972588744726637	1.349417272259
0.510261444311915	0.608420029144652	0.984655663268288	1.36078538202014
0.517360067305602	0.618448581928789	0.99057392043799	1.3648772292521
0.524458690299288	0.622732156537633	1.0022985417582	1.37737169785296
0.531557313292974	0.634169002100724	1.01146389589975	1.38333809493354
0.538655936286661	0.653615947789918	1.02224368857821	1.38854742231103
0.545754559280347	0.661306818384754	1.02985975007419	1.4023975245008
0.552853182274033	0.659230482468029	1.04073167931348	1.41085848782874
0.559951805267719	0.678423483121382	1.04630883470638	1.42058448329343
0.567050428261406	0.677580069625151	1.05845440899074	1.42881214757391
0.574149051255092	0.691014927514696	1.06842493233582	1.44476829897703
0.581247674248779	0.703699299137514	1.07541237817048	1.4436932682592
0.588346297242465	0.716432821406838	1.08476671339025	1.45607180228909
0.595444920236151	0.717788876975582	1.09590226578404	1.46829527968309
0.602543543229838	0.737756861658856	1.1036271480825	1.47061122107817
0.609642166223524	0.741993569056523	1.11243831483192	1.48630950536275
0.616740789217211	0.749418288854998	1.12416736058751	1.49386054018015
0.623839412210897	0.764783579379883	1.13439725814261	1.49730072252025
0.630938035204583	0.770122554997828	1.14293428748165	1.5096543491282
0.63803665819827	0.781301126515077	1.15472993492921	1.52399228222417
0.645135281191956	0.794202392138731	1.16111675371236	1.53084951530545
0.652233904185642	0.807459303981488	1.17343377277706	1.54347026778212
0.659332527179329	0.809047200728728	1.1801815689788	1.54720093540776
0.666431150173015	0.820854286062757	1.19348796859966	1.55709246792627
0.673529773166702	0.834281230853934	1.19862738057553	1.57302473067854
0.680628396160388	0.838223752819107	1.21287740838417	1.58693396798649
0.687727019154074	0.848092047981036	1.22083763447358	1.58812204767777
0.694825642147761	0.857152787481028	1.23021715995614	1.59679359187575
0.701924265141447	0.864919980368071	1.23792742828652	1.60197957056098
0.709022888135133	0.876205879644177	1.24758935314673	1.61079931336097
0.716121511128819	0.885339627356945	1.2566703711167	1.62871794068017
0.723220134122506	0.897603376241074	1.26505253352208	1.63645336842188
0.730318757116192	0.907194655092311	1.2747353914717	1.64438114816921
0.737417380109879	0.915569861469928	1.28567541286338	1.65697693458223
0.744516003103565	0.923855998251577	1.2946992542994	1.66621081307156
0.751614626097251	0.9297976723793	1.3052075831334	1.67490824947754
0.758713249090938	0.943763568278132	1.3128776870615	1.67796829567605
0.765811872084624	0.953851255085905	1.32452667528287	1.69522990174661
0.772910495078311	0.96185435220625	1.33417557167821	1.70438668507155
0.780009118071997	0.962015791539144	1.34294831266385	1.70796079688541
0.787107741065683	0.987658477168554	1.35197631098124	1.72357070199708
0.79420636405937	0.98619425871717	1.36194312936847	1.73217054150149
0.801304987053056	0.998791924764661	1.36904037253336	1.74229644976059
0.808403610046742	1.00822042687366	1.38133401336556	1.74662997286259
0.815502233040429	1.01981526292751	1.38773424758337	1.75618972915394
0.822600856034115	1.02928125597877	1.39779164122274	1.76937132662415
0.829699479027802	1.0325832307756	1.40810641231338	1.77414282305648
0.836798102021488	1.04380363276429	1.41795357822753	1.78496930658745
0.843896725015174	1.05583775794681	1.42044748484593	1.79284923290678
0.850995348008861	1.07214710469234	1.43466892298528	1.80535767851579
0.858093971002547	1.06962111810342	1.44543659811967	1.82204325379652
0.865192593996233	1.08647372338039	1.45533980555421	1.82502963032579
0.87229121698992	1.08985535146384	1.46623784590214	1.83274207179688
0.879389839983606	1.10877494137409	1.47202850379809	1.84054689508578
0.886488462977292	1.11150836800485	1.48187107094574	1.85404109428454
0.893587085970979	1.12423162005789	1.49172524075872	1.86522270859508
0.900685708964665	1.13140626462087	1.50045372381831	1.86930578327438
0.907784331958351	1.14708297068085	1.51118223555038	1.88652667260128
0.914882954952038	1.15253240499309	1.52151296122164	1.88825351030309
0.921981577945724	1.15710219180425	1.52706174590231	1.89812308810644
0.929080200939411	1.17291433326278	1.54081880482331	1.90645350846623
0.936178823933097	1.17553803647438	1.54948943576339	1.91686263860151
0.943277446926783	1.18837976175887	1.5595024563622	1.9258014404512
0.95037606992047	1.20251693606193	1.56627988528038	1.93364193708854
0.957474692914156	1.20771331836187	1.58002797203468	1.94998688777443
0.964573315907842	1.21890789236608	1.58761125044281	1.9583554577265
0.971671938901529	1.2293857038197	1.59593694246545	1.96600181730793
0.978770561895215	1.23456055558392	1.60626795441462	1.97141243715423
0.985869184888902	1.24180472090321	1.61330868981057	1.98432975037492
0.992967807882588	1.25907919920741	1.62415624160404	1.99113039349641
1.00006643087627	1.26530305754417	1.63397080600265	2.00596368898425
1.00716505386996	1.27412556866452	1.64395712401156	2.01015437308625
1.01426367686365	1.28490179482288	1.65055265501531	2.01987739623036
1.02136229985733	1.29462446733762	1.66206856989747	2.0232464009907
1.02846092285102	1.30258144898157	1.67416980235916	2.03846387092561
1.03555954584471	1.32044809475104	1.6831879338074	2.04829754007544
1.04265816883839	1.32335039307758	1.688480343829	2.0560699753705
1.04975679183208	1.33032983703256	1.69889689750769	2.06402030187857
1.05685541482577	1.34194308835748	1.70743206536706	2.07928289422273
1.06395403781945	1.35070053360687	1.71883629808888	2.08865319453175
1.07105266081314	1.36367008442302	1.72788113105727	2.10044502381516
1.07815128380682	1.37170762833907	1.73800391419092	2.10444039766107
1.08524990680051	1.37900822873487	1.74780684792168	2.10961153156946
1.0923485297942	1.38581726840184	1.75528314757519	2.12629879036626
1.09944715278788	1.39940200976482	1.76517508634171	2.13421308541979
1.10654577578157	1.40774065661489	1.77908865754137	2.14497164019507
1.11364439877526	1.41489128942427	1.78664345788654	2.15014955342061
1.12074302176894	1.42550188770213	1.79422280321763	2.16352813225642
1.12784164476263	1.43145484327097	1.80307347135307	2.17642774478545
1.13494026775632	1.45297847255882	1.81075854951598	2.17852344403349
1.14203889075	1.4606418835892	1.82417955390877	2.1852475753413
1.14913751374369	1.46905660233295	1.83371894051649	2.20156420218066
1.15623613673737	1.47149302329132	1.84180579350711	2.20285859505411
1.16333475973106	1.48013985584387	1.85200675618836	2.21917732098718
1.17043338272475	1.49760119722671	1.86077373754303	2.2283668329765
1.17753200571843	1.50626028602053	1.8687838502205	2.23637211101131
1.18463062871212	1.50852557078189	1.87752279198106	2.24244333918217
1.19172925170581	1.52449570160435	1.88889580265528	2.25159082112938
1.19882787469949	1.5280139529056	1.89617986987745	2.26374781478859
1.20592649769318	1.53919718535182	1.90478918905917	2.27630808772913
1.21302512068687	1.55430477479838	1.91937623528114	2.28403638333337
1.22012374368055	1.56778336157725	1.92587686675556	2.29022044933782
1.22722236667424	1.56638413152354	1.93810598077045	2.30536493310054
1.23432098966792	1.57719913140733	1.94613878170451	2.31533384064715
1.24141961266161	1.59167559127029	1.95564895254208	2.3183461549317
1.2485182356553	1.60002036345261	1.96332382413352	2.32788704112434
1.25561685864898	1.60631370534477	1.97137488128835	2.33651562146052
1.26271548164267	1.61536146431037	1.98023844398912	2.34395733998047
1.26981410463636	1.62456504066576	1.99450461189249	2.35682883668227
1.27691272763004	1.63488051687978	2.00288498829138	2.36783191357933
1.28401135062373	1.63837002676269	2.01324483132689	2.38186660269297
1.29110997361742	1.65408357433337	2.0215144612866	2.38592678269425
1.2982085966111	1.66507541233117	2.03079525723611	2.40091449205974
1.30530721960479	1.67333591154019	2.04026710402447	2.40643325041703
1.31240584259847	1.6852812342551	2.05351269780072	2.41358202409844
1.31950446559216	1.68844143164238	2.059512653373	2.42190510723239
1.32660308858585	1.70000786825573	2.07064222301656	2.43551729773876
1.33370171157953	1.71185218986736	2.07737506340924	2.44382681429351
1.34080033457322	1.71633841306884	2.08638408388568	2.44818997805896
1.34789895756691	1.73609759396679	2.09542351312557	2.45817302342245
1.35499758056059	1.74209807039043	2.1057983069107	2.47604141569806
1.36209620355428	1.75146701001504	2.1162405142598	2.48068402516583
1.36919482654797	1.75844712774298	2.12128774884467	2.48545364467932
1.37629344954165	1.77219118390228	2.13336949285681	2.49678667546052
1.38339207253534	1.78012542336088	2.14347128054077	2.50776345979025
1.39049069552902	1.78466600336294	2.15301680292913	2.51455296544587
1.39758931852271	1.79607880109407	2.16282067735939	2.52242262765376
1.4046879415164	1.80458749814394	2.17334509920412	2.53737715123626
1.41178656451008	1.81673741178729	2.18145584405667	2.55312173160907
1.41888518750377	1.82063422273507	2.19144498802633	2.54965155482059
1.42598381049746	1.82710698458565	2.20098361201212	2.56790324331539
1.43308243349114	1.84138898750939	2.20921877266923	2.58436563539739
1.44018105648483	1.85291591882553	2.21780605232128	2.58774314848375
1.44727967947852	1.86774425113707	2.22944154739509	2.58829797738451
1.4543783024722	1.87475041269837	2.23768325925419	2.60119481257075
1.46147692546589	1.88200128266394	2.24871505902276	2.61064827835793
1.46857554845957	1.88897393749845	2.25568403740979	2.62476228273547
1.47567417145326	1.90150977552583	2.26741889041698	2.63202595165719
1.48277279444695	1.90969276597052	2.27704058095358	2.64258914833026
1.48987141744063	1.91196527661245	2.28448592743196	2.65781086328971
1.49697004043432	1.92804392658148	2.29220131173114	2.66645277639562
1.50406866342801	1.93613805196042	2.303993562265	2.66739382951549
1.51116728642169	1.94553840977354	2.31508352427943	2.68521886900156
1.51826590941538	1.96201347648958	2.32268018143821	2.68708711835574
1.52536453240907	1.9588765301171	2.33073395143036	2.69630978585111
1.53246315540275	1.97102777593847	2.34473467909661	2.70479538625062
1.53956177839644	1.98553144521182	2.35120668853443	2.72615745638238
1.54666040139012	1.99980722966276	2.3609155035961	2.73032114754423
1.55375902438381	2.00148163101611	2.37180720301285	2.73612603387106
1.5608576473775	2.0135076930624	2.37900738617154	2.74221546462285
1.56795627037118	2.02561690216382	2.38821415335422	2.75062400468186
1.57505489336487	2.02915957541816	2.39879618445085	2.7652248392294
1.58215351635856	2.04500257606536	2.40725061172338	2.77726729280001
1.58925213935224	2.05008828288181	2.42017520831544	2.78348158009846
1.59635076234593	2.0545382464127	2.42629708478994	2.79359538724955
1.60344938533962	2.07001200408053	2.43547355861404	2.80129306728747
1.6105480083333	2.08055007667668	2.44849445833076	2.81254032327641
1.61764663132699	2.08715669790968	2.45522472084342	2.82051369246696
1.62474525432067	2.09334446595922	2.46379805748016	2.82370796445415
1.63184387731436	2.11393985620037	2.47552984215677	2.84183997493088
1.63894250030805	2.11741620146181	2.48194435649039	2.85121717494106
1.64604112330173	2.12256354133379	2.49346224286178	2.86571059498266
1.65313974629542	2.13517657325227	2.49862322165049	2.86569129841463
1.66023836928911	2.14842995998123	2.51107689402918	2.87488967852661
1.66733699228279	2.15200654797043	2.52079389402793	2.88491770928992
1.67443561527648	2.16016964203694	2.52882364251107	2.89472937750201
1.68153423827017	2.17277591992308	2.54135748664542	2.9170503121524
1.68863286126385	2.18424685867695	2.5512670114129	2.91353509054714
1.69573148425754	2.19186908594688	2.55790438066694	2.92463334268416
1.70283010725122	2.20309989753703	2.56820726300848	2.93260134124725
1.70992873024491	2.21452849532302	2.58026085306914	2.94589578980807
1.7170273532386	2.22516367735187	2.58636550412006	2.95656968477441
1.72412597623228	2.22327736758087	2.595260048467	2.95839508997044
1.73122459922597	2.2349928397757	2.60358288914245	2.97232550256512
1.73832322221966	2.24821938510057	2.61743396004079	2.97710915724668
1.74542184521334	2.25855646313111	2.62375999801156	2.99571802707819
1.75252046820703	2.2686606018151	2.63533548247092	3.00642652087284
1.75961909120072	2.27772767120524	2.64757376366543	3.00602530197906
1.7667177141944	2.28269367471308	2.65243686278895	3.02181553848575
1.77381633718809	2.29877248252942	2.66238293475304	3.03017910048959
1.78091496018177	2.29962582261242	2.67197761730478	3.03950976475089
1.78801358317546	2.32084638250075	2.67985753812621	3.04984883341759
1.79511220616915	2.32622767804759	2.68965669390218	3.0572472831995
1.80221082916283	2.3288041447168	2.70072069215492	3.06774797071583
1.80930945215652	2.34636692462926	2.71162205545214	3.07634699969621
1.81640807515021	2.35055521271271	2.71677421489654	3.09482024927384
1.82350669814389	2.36367671671118	2.72793933285771	3.09907128875604
1.83060532113758	2.36605167382412	2.73886947136091	3.10753955172206
1.83770394413127	2.3784657017773	2.747693498976	3.11345263396403
1.84480256712495	2.3927331672478	2.75533523493756	3.12438941865631
1.85190119011864	2.39726013245165	2.76614200881913	3.13733741911316
1.85899981311232	2.41272919715529	2.77610798350647	3.13830204487301
1.86609843610601	2.41699907621201	2.78618865133089	3.15593986691939
1.8731970590997	2.42700830809895	2.79343146087814	3.16494816152714
1.88029568209338	2.4403474718143	2.80350017338918	3.16262394982982
1.88739430508707	2.44673963072951	2.81239455861501	3.18560706871653
1.89449292808076	2.45062854778514	2.82272082088145	3.18600258483421
1.90159155107444	2.46816069656709	2.83319198810501	3.20370027602368
1.90869017406813	2.47375167033201	2.8433648187604	3.20939804390738
1.91578879706182	2.49093254313198	2.84895542673839	3.2206477299424
1.9228874200555	2.49153038020442	2.86046529388495	3.23144276534403
1.92998604304919	2.49909618238061	2.87032826611618	3.23800835025297
1.93708466604287	2.51447693772548	2.8798115198428	3.24888075943741
1.94418328903656	2.52218827078623	2.89041937009866	3.25600281402934
1.95128191203025	2.53113519832454	2.89851332340625	3.27138875090134
1.95838053502393	2.54209102193747	2.90792210884948	3.27503878475564
1.96547915801762	2.54689402382614	2.91864788112211	3.29501920228779
1.97257778101131	2.55798488530773	2.92588017072252	3.29017290151252
1.97967640400499	2.57163436759072	2.93471264436579	3.30292622443481
1.98677502699868	2.58058959867242	2.94510999755994	3.3127946137313
1.99387364999237	2.58529277998283	2.95554265266033	3.32762314904478
2.00097227298605	2.59983307593055	2.96632663012972	3.33823689087531
2.00807089597974	2.61174669620237	2.97633600122282	3.34456870982866
2.01516951897342	2.61086762316519	2.98419383217386	3.34721402235504
2.02226814196711	2.62756360355576	2.99353739633754	3.36617023062098
2.0293667649608	2.63159007066073	2.99998075390478	3.37028789200174
2.03646538795448	2.63887585135486	3.008082360119	3.38103744550985
2.04356401094817	2.6474420553061	3.02207355424339	3.38212356966766
2.05066263394186	2.65815278177024	3.03223165723378	3.39999408790672
2.05776125693554	2.66517066210443	3.0386446489023	3.40758846035759
2.06485987992923	2.68317893952185	3.05076268514366	3.41641619642716
2.07195850292292	2.68888152653628	3.05826043108605	3.42833874470999
2.0790571259166	2.7007602258013	3.0693812023878	3.43466678372535
2.08615574891029	2.70670609615957	3.07839196767668	3.4451568160931
2.09325437190397	2.70900505936625	3.0894272074492	3.45785385727785
2.10035299489766	2.73511039828157	3.09623435576521	3.46065811258054
2.10745161789135	2.7375043984466	3.1073701970538	3.48147736580063
2.11455024088503	2.74778046458086	3.11696252914393	3.48134177443677
2.12164886387872	2.75483231763533	3.12280471498551	3.49076352695724
2.12874748687241	2.76127428040817	3.13318043067019	3.50441425887033
2.13584610986609	2.77708770616803	3.14500067184119	3.5177336744484
2.14294473285978	2.78335612577298	3.15444093017223	3.52169609191098
2.15004335585347	2.79366669827548	3.16328596889425	3.53185350551866
2.15714197884715	2.80321838880998	3.17339962694536	3.5419254425738
2.16424060184084	2.81748178999799	3.18360262460101	3.55666795501392
2.17133922483452	2.81780775391094	3.19132591587446	3.55949322675139
2.17843784782821	2.8274031614485	3.2004365915864	3.57101516215138
2.1855364708219	2.83757031119741	3.21059277081248	3.5820472965246
2.19263509381558	2.85031090957415	3.21983958644224	3.59388044766312
2.19973371680927	2.86109738426666	3.22842110688789	3.59743295124299
2.20683233980296	2.86033694937905	3.24028285283942	3.61425875695568
2.21393096279664	2.87886453017047	3.24891420885926	3.62555796118115
2.22102958579033	2.88844728468203	3.25696780508674	3.63136039893218
2.22812820878402	2.89264659848932	3.26565230428089	3.64206387926492
2.2352268317777	2.90677076380621	3.27852436637293	3.64908598578288
2.24232545477139	2.91413890610285	3.28419861761791	3.65989034249574
2.24942407776507	2.92529781862209	3.29619534051588	3.67196848584957
2.25652270075876	2.93536430963216	3.30356934408352	3.68037928429928
2.26362132375245	2.94686101830079	3.31368783814365	3.68840570901357
2.27071994674613	2.94957603406452	3.31929641809926	3.6895490074352
2.27781856973982	2.96418958685371	3.33365103647472	3.71077783408036
2.28491719273351	2.96714663947105	3.34259180175245	3.71168798952643
2.29201581572719	2.97777318184119	3.35195776919639	3.72407487674427
2.29911443872088	2.98189504951538	3.36119846152616	3.73382962077367
2.30621306171457	2.99691954341441	3.36958803716358	3.73977150157461
2.31331168470825	3.00098102463429	3.37845310128645	3.75670589768108
2.32041030770194	3.01819941315552	3.39082729923285	3.76233506861573
2.32750893069562	3.02179963891114	3.39881902938065	3.77291980860039
2.33460755368931	3.03936976459479	3.40822367843169	3.78247538384297
2.341706176683	3.04450786358696	3.41655338786758	3.79286330904357
2.34880479967668	3.05371026862955	3.43002260831651	3.80160177609793
2.35590342267037	3.05610855218017	3.43630979032871	3.81792545731425
2.36300204566406	3.07344885220735	3.44811715353838	3.81654798576273
2.37010066865774	3.07975706110303	3.45754222456672	3.82507119319477
2.37719929165143	3.08572408567779	3.46853996390901	3.83653161079142
2.38429791464512	3.09848791650703	3.47322996589816	3.84637481062571
2.3913965376388	3.11697157608164	3.48557885432359	3.8587202728071
2.39849516063249	3.12552936040093	3.49573429310846	3.87047477929511
2.40559378362617	3.12918705501149	3.49976429142432	3.87552639554894
2.41269240661986	3.13782357074172	3.51272412618682	3.88884299904126
2.41979102961355	3.14896851200913	3.52038136859807	3.89260359247629
2.42688965260723	3.15637048749663	3.52944075518208	3.90609216422037
2.43398827560092	3.16767551901751	3.53793376797279	3.91009155789433
2.44108689859461	3.17803485997447	3.54948023919308	3.92046777034736
2.44818552158829	3.17915683116013	3.55989679111911	3.93666548681426
2.45528414458198	3.19135898359161	3.56755581862217	3.9407367698201
2.46238276757567	3.20294977149775	3.58018054625474	3.95366056762217
2.46948139056935	3.20973884878504	3.59044699972076	3.97046783776969
2.47658001356304	3.22133779931142	3.59681839243275	3.97357535709052
2.48367863655672	3.22886028727886	3.60511949701481	3.98658426646896
2.49077725955041	3.23435855765212	3.61697797344334	3.98831235238514
2.4978758825441	3.24753871571656	3.62669561947444	4.00528462447311
2.50497450553778	3.25613794532787	3.63511062092813	4.00939500109886
2.51207312853147	3.26669590566891	3.6436107602083	4.02103355102492
2.51917175152516	3.27746758627763	3.65233437326708	4.03300604135045
2.52627037451884	3.28881455231705	3.66298615759192	4.04104693388232
2.53336899751253	3.29383766127038	3.6718741146883	4.05405639491897
2.54046762050622	3.30315201563082	3.68211201532939	4.05272908720441
2.5475662434999	3.3140874574837	3.69067892159835	4.06423609827466
2.55466486649359	3.32370879523826	3.70093504265287	4.07902736300756
2.56176348948727	3.33518849969311	3.70877137756311	4.08636216845874
2.56886211248096	3.33965041292312	3.72006664156532	4.0932905463795
2.57596073547465	3.35099463799603	3.72793825623835	4.11014234612998
2.58305935846833	3.35585112161777	3.74008449425415	4.11960156251538
2.59015798146202	3.36841249946294	3.74773783638873	4.12403252888824
2.59725660445571	3.38264942045689	3.7590744119612	4.13423833335891
2.60435522744939	3.38710907474009	3.76872250357067	4.14167464705344
2.61145385044308	3.40398415044395	3.77809122008409	4.15446450169765
2.61855247343677	3.40911870331896	3.78456748383664	4.16492149194132
2.62565109643045	3.41457677126966	3.79312872790694	4.17244138796523
2.63274971942414	3.424835564321	3.80369906688266	4.18535064903606
2.63984834241782	3.43543285525728	3.81479366066145	4.18775255840254
2.64694696541151	3.44840816777534	3.82591228677529	4.20409055079554
2.6540455884052	3.45967794793412	3.83499645868005	4.21282828486395
2.66114421139888	3.46076723393213	3.84218924193428	4.2247958246313
2.66824283439257	3.47280526156042	3.85360164132936	4.22830834363615
2.67534145738626	3.4820470608221	3.85989704199294	4.23835697182649
2.68244008037994	3.49182902206023	3.86965832374896	4.2532675022787
2.68953870337363	3.50257614181184	3.87966168388276	4.25942625155183
2.69663732636732	3.50417905221947	3.88692998182483	4.27142454807653
2.703735949361	3.52368773161803	3.89806510353242	4.27652795372135
2.71083457235469	3.53017064073951	3.91003432697673	4.29406766695223
2.71793319534837	3.5336184986657	3.91527010309057	4.30034895340578
2.72503181834206	3.54448090413042	3.92644686049035	4.30963351977299
2.73213044133575	3.55123789062269	3.93654016140909	4.3243087792719
2.73922906432943	3.56414442322989	3.94771250026497	4.32490477924413
2.74632768732312	3.57665734184562	3.95690448283406	4.33812235667243
2.75342631031681	3.57558300097053	3.96462860147264	4.35225243259328
2.76052493331049	3.59458903445493	3.97590149743863	4.35737406703888
2.76762355630418	3.60354617739344	3.98218617818033	4.35938172270598
2.77472217929787	3.61224239731561	3.99334937174625	4.36915503696569
2.78182080229155	3.61880563008603	4.00046259101366	4.38324938575571
2.78891942528524	3.62975770501127	4.01321419401605	4.3937917077326
2.79601804827892	3.63371353421081	4.01968341841342	4.40299505545076
2.80311667127261	3.65172703494636	4.03178808379306	4.40581628166555
2.8102152942663	3.65485960367721	4.03851503143046	4.4286682639176
2.81731391725998	3.67060744575761	4.05388581510192	4.43438320786203
2.82441254025367	3.67857715840138	4.05394425318356	4.43666581805333
2.83151116324736	3.68762024907108	4.06862555586519	4.44864169444294
2.83860978624104	3.69813048643529	4.07671681096421	4.46436586985982
2.84570840923473	3.70552591642342	4.08670836717121	4.47102775624009
2.85280703222842	3.71541457250998	4.09645557856292	4.47634937149313
2.8599056552221	3.72661281770283	4.10999869426813	4.49582666642151
2.86700427821579	3.73599605027417	4.11528431819994	4.49883927975894
2.87410290120947	3.74208032281363	4.12595256762207	4.51257403147053
2.88120152420316	3.75359749237085	4.13557010677948	4.51833555378584
2.88830014719685	3.75872468326109	4.14442444521049	4.52967124826711
2.89539877019053	3.77274363908855	4.15519518170585	4.54318012871438
2.90249739318422	3.77625596133493	4.16049046374293	4.54945806513409
2.90959601617791	3.78296837578137	4.17508403081451	4.55755165406446
2.91669463917159	3.79771864570891	4.18254565726849	4.57290416593059
2.92379326216528	3.80552197646358	4.19022443285527	4.58474142345032
2.93089188515897	3.81700032080174	4.19962886400074	4.58569193275882
2.93799050815265	3.81736892197863	4.20920059381457	4.59516642630854
2.94508913114634	3.83854475467438	4.22179036782949	4.61050719381108
2.95218775414002	3.8453755870244	4.22975301247288	4.61662801184815
2.95928637713371	3.84893460680947	4.23643194824218	4.62397900005186
2.9663850001274	3.85995290924241	4.24843806644042	4.63504119315661
2.97348362312108	3.8726101674185	4.25814908248257	4.64969462823901
2.98058224611477	3.87831673149658	4.26742967271839	4.65277931099185
2.98768086910846	3.88975237541528	4.27426161730981	4.66173526699565
2.99477949210214	3.89798361246454	4.28678867068433	4.67517877133948
3.00187811509583	3.90823843360176	4.29356761055575	4.67866259133166
3.00897673808952	3.91026452908106	4.30021239437186	4.69204777186264
3.0160753610832	3.92508660146838	4.3147408908349	4.70468501236969
3.02317398407689	3.93701861484174	4.32549984950626	4.70713912503893
3.03027260707057	3.943916469626	4.33281570677253	4.71752997881444
3.03737123006426	3.9553062938362	4.34293827431107	4.73040681206706
3.04446985305795	3.95536254616641	4.3485454909822	4.7410297766606
3.05156847605163	3.96665071334582	4.36298943434409	4.75276651545479
3.05866709904532	3.98680646476681	4.37059872527468	4.75355500730646
3.06576572203901	3.99396173738672	4.38073901266263	4.77388614090123
3.07286434503269	3.99813932151263	4.38837700275755	4.77756133280012
3.07996296802638	4.00753577364195	4.39913554722702	4.78696879509506
3.08706159102007	4.01086912563391	4.40870213007029	4.7985027240818
3.09416021401375	4.03104465554629	4.41867540307927	4.81426480757761
3.10125883700744	4.03705825737962	4.42769237329305	4.82504814371024
3.10835746000112	4.03506787143702	4.43457629884474	4.82814833045414
3.11545608299481	4.05815543207601	4.44508813070216	4.8353258468639
3.1225547059885	4.06778056125122	4.45677160748107	4.85098828064105
3.12965332898218	4.07434360091153	4.46272691951357	4.85366398922609
3.13675195197587	4.08507413920272	4.4757377693085	4.86903133489323
3.14385057496956	4.09101856117162	4.48525931591786	4.87977303975969
3.15094919796324	4.09566467739085	4.49103029107996	4.88533893268772
3.15804782095693	4.1104589073608	4.50494459743403	4.8964630916905
3.16514644395062	4.11489411699589	4.50923729542784	4.8995218546118
3.1722450669443	4.1245606959736	4.52232897847173	4.91258399215502
3.17934368993799	4.14065045566779	4.53180538665454	4.92435638207263
3.18644231293167	4.14051710919656	4.54032770141909	4.93143271579878
3.19354093592536	4.16398314608267	4.55036638002959	4.94558570461581
3.20063955891905	4.16625717555007	4.56008515818818	4.94632315513726
3.20773818191273	4.18051475274215	4.56679021570405	4.96581065066457
3.21483680490642	4.18046868643163	4.57942407708961	4.97136395006489
3.22193542790011	4.19014723174279	4.58738643505314	4.97912797144596
3.22903405089379	4.20015555563373	4.59862021451366	4.99391788810366
3.23613267388748	4.2184363245095	4.60711028637544	5.00532709041129
3.24323129688117	4.21548916936436	4.611606456364	5.00569083334817
3.25032991987485	4.2338352644042	4.62606852410581	5.02510285338922
3.25742854286854	4.23828023326762	4.6348394455853	5.03021210676891
3.26452716586223	4.24521745201722	4.64277591514289	5.03969959992103
3.27162578885591	4.2624703099584	4.65532194282354	5.04671763879652
3.2787244118496	4.26249611511809	4.6625092354553	5.05551389044498
3.28582303484328	4.27660320874138	4.67378811572904	5.07265805120876
3.29292165783697	4.28078280518657	4.67963789984512	5.07651959204953
3.30002028083066	4.29720552594221	4.69006419237064	5.08935389289157
3.30711890382434	4.30285492951922	4.70017650899325	5.10396222813639
3.31421752681803	4.31072328099437	4.71107574461235	5.10561728317906
3.32131614981172	4.32742906749361	4.71880653300125	5.11160144756491
3.3284147728054	4.33548374662967	4.72531489519565	5.12742535297416
3.33551339579909	4.33681653310324	4.73995295337607	5.14227129494463
3.34261201879277	4.35434174511685	4.74709530991693	5.14491627301132
3.34971064178646	4.36085690498488	4.75937998489953	5.15920104149199
3.35680926478015	4.37373920830063	4.76388287527029	5.1649628525367
3.36390788777383	4.38193360490737	4.77623476537852	5.17644669393626
3.37100651076752	4.38797576992908	4.78310695530887	5.19203188031107
3.37810513376121	4.39127031036417	4.79281915224162	5.19772452206802
3.38520375675489	4.41518742041554	4.80501397305879	5.20560082745624
3.39230237974858	4.41503879062202	4.81247998646554	5.20881464233546
3.39940100274227	4.42335240955659	4.82399861757548	5.22617057451919
3.40649962573595	4.43056159489839	4.83142436058191	5.23309731253586
3.41359824872964	4.44022632310449	4.84181897902685	5.24338136179187
3.42069687172332	4.45287211076119	4.85316051048162	5.25630042671494
3.42779549471701	4.46186047014937	4.85828453091237	5.25940483754292
3.4348941177107	4.47151790616318	4.87038065555459	5.27472134471212
3.44199274070438	4.47785042133464	4.87973535893625	5.27902653399196
3.44909136369807	4.48860052247303	4.89080444596585	5.29234896001322
3.45618998669176	4.49007129001325	4.90346549478864	5.30843394742708
3.46328860968544	4.50664775151879	4.90714621639232	5.30733973918786
3.47038723267913	4.52185452216857	4.91804708438812	5.31988709157381
3.47748585567282	4.52733532788348	4.92756265813443	5.3267369693506
3.4845844786665	4.53453663730215	4.93790484949086	5.34061752466443
3.49168310166019	4.5390559989941	4.94799160390886	5.34477739946644
3.49878172465387	4.54668777814179	4.95637937962023	5.36566347343756
3.50588034764756	4.56362147543002	4.96173621233109	5.36849147145303
3.51297897064125	4.56795628747371	4.97243103666553	5.38154711340482
3.52007759363493	4.57635063664081	4.98209369054531	5.39249434183635
3.52717621662862	4.59371475952844	4.99221449383518	5.39972472996546
3.53427483962231	4.59662162608969	5.00041086605287	5.40393638292337
3.54137346261599	4.60562526691099	5.01314758727835	5.41699175777428
3.54847208560968	4.61946266853645	5.02180011855607	5.42939444024174
3.55557070860337	4.62645818486126	5.03200026945391	5.44261586362251
3.56266933159705	4.6337113544989	5.04199142507097	5.44359883210538
3.56976795459074	4.63805696211747	5.05160268817488	5.46146391358733
3.57686657758443	4.66008413751191	5.06417293701823	5.46568923027579
3.58396520057811	4.66264388647475	5.07171159113502	5.47154520909458
3.5910638235718	4.67521497922336	5.07564154063435	5.48743946706268
3.59816244656548	4.68866316516768	5.08800154304945	5.49128950461378
3.60526106955917	4.67907606874063	5.09645270174326	5.50840914849489
3.61235969255286	4.69475194378508	5.10606774952911	5.51065117943976
3.61945831554654	4.7147987054389	5.11742515349175	5.52193741568767
3.62655693854023	4.71695662700969	5.12362248505249	5.53396731237147
3.63365556153392	4.73007101452845	5.13307958409084	5.55596794666751
3.6407541845276	4.72824050347594	5.14271659386221	5.55396105436541
3.64785280752129	4.74350001393349	5.15285680816675	5.55625821450108
3.65495143051497	4.75979402010961	5.16374735106217	5.57108710258502
3.66205005350866	4.7613502846713	5.17285212064134	5.58293040083739
3.66914867650235	4.76815553492091	5.18265772433175	5.58681690110877
3.67624729949603	4.78158688773817	5.19024921936574	5.59490170865906
3.68334592248972	4.78911026489547	5.20012451822021	5.60783550252264
3.69044454548341	4.79542731968801	5.21116462429738	5.6176456494951
3.69754316847709	4.80307352375936	5.21906223783037	5.63332186467391
3.70464179147078	4.8176455973264	5.2297749962966	5.64371489066551
3.71174041446447	4.8242590738478	5.23772326884524	5.65203535704433
3.71883903745815	4.82863182527244	5.24740629643814	5.66170673657191
3.72593766045184	4.85356079855828	5.25790994610741	5.67430322644398
3.73303628344552	4.86486739613466	5.27227171897407	5.67859618054803
3.74013490643921	4.86425850061255	5.27393538954194	5.69054407348655
3.7472335294329	4.87186280637841	5.28650781411348	5.70166839282498
3.75433215242658	4.88183431576761	5.29558476136109	5.71639774568212
3.76143077542027	4.89490977280157	5.30433191315828	5.7167985044721
3.76852939841396	4.90052093718844	5.31243866527082	5.72634316278936
3.77562802140764	4.91516253912416	5.32004538804262	5.74505788322178
3.78272664440133	4.91647486697946	5.33206031626979	5.7470379423781
3.78982526739502	4.94142027450501	5.34267708542714	5.7545763449291
3.7969238903887	4.9343271209563	5.35233792952907	5.76332586551431
3.80402251338239	4.94389296798697	5.36272737792209	5.77496303631518
3.81112113637607	4.95995803622383	5.37038826989848	5.78290159803876
3.81821975936976	4.96732357963468	5.38113796814949	5.79767001092671
3.82531838236345	4.97615598465532	5.3930059258624	5.80926853931293
3.83241700535713	4.98526278558285	5.39725513156044	5.80691885967756
3.83951562835082	4.99108308239448	5.40702284181539	5.82496459117088
3.84661425134451	5.00716808521523	5.41748317627029	5.83723462082167
3.85371287433819	5.00494218615938	5.4262989385915	5.84437486445341
3.86081149733188	5.01388948472624	5.43861303859028	5.85596084785803
3.86791012032557	5.02888922618231	5.44498257051118	5.85968038062222
3.87500874331925	5.03656387953638	5.45463037764078	5.8734669593654
3.88210736631294	5.0429130040674	5.467686792356	5.88796958212549
3.88920598930663	5.0596969206656	5.47640605054947	5.89294722395106
3.89630461230031	5.06538387078647	5.48088561605398	5.90363024033893
3.903403235294	5.07507648838216	5.4934217699818	5.91015617757126
3.91050185828768	5.08171470407356	5.50094984014571	5.91891698949221
3.91760048128137	5.09576410069107	5.51004026289229	5.93010297072629
3.92469910427506	5.1037852517682	5.52188001428171	5.93611692012518
3.93179772726874	5.11045857021975	5.52930926271717	5.94965153961334
3.93889635026243	5.12507152769264	5.54330036243539	5.9644132899632
3.94599497325612	5.12434426904314	5.54907599015653	5.97396095337137
3.9530935962498	5.13730940578168	5.55856297125287	5.97600752462905
3.96019221924349	5.14868799254564	5.56958762664248	5.99230034610395
3.96729084223717	5.1630675774844	5.57829894250481	5.99534328726764
3.97438946523086	5.16332089007224	5.58861240636761	6.00766755119562
3.98148808822455	5.17656592909875	5.59885578356625	6.00864804058615
3.98858671121823	5.18378547617883	5.60553323669927	6.03043509330348
3.99568533421192	5.19007727855584	5.61662492562744	6.04393616762748
4.00278395720561	5.20428626650355	5.62386651234448	6.04912037319311
4.00988258019929	5.21083537450124	5.63833764941643	6.05398081518446
4.01698120319298	5.22874426521827	5.64411386131231	6.06556792594533
4.02407982618667	5.22865769822579	5.65398084628921	6.07813612856468
4.03117844918035	5.24323688948016	5.66347545366839	6.08983027299849
4.03827707217404	5.24705042458854	5.67179289668838	6.09525365755761
4.04537569516772	5.25956539612226	5.6863113015869	6.10893098003725
4.05247431816141	5.26063440979529	5.69254500321235	6.11603475996359
4.0595729411551	5.27257295747913	5.70030095253094	6.11993971151495
4.06667156414878	5.2819857903147	5.70879254681584	6.13407239556601
4.07377018714247	5.29824028262347	5.7202780479477	6.14413562841431
4.08086881013616	5.30746400752423	5.72991605215402	6.14915935855256
4.08796743312984	5.30816757478298	5.73760326525008	6.16654205095666
4.09506605612353	5.3187711704236	5.74741811977002	6.17973672821041
4.10216467911722	5.33700662771523	5.75703167009852	6.1832099569838
4.1092633021109	5.34457738929998	5.76602798601067	6.19124143221356
4.11636192510459	5.34221533847872	5.77465578835141	6.21213306374893
4.12346054809827	5.35998536024625	5.79038103361192	6.21370990988749
4.13055917109196	5.36852759570297	5.79706201587263	6.22505198782212
4.13765779408565	5.3811418491287	5.80296870804299	6.22921123669964
4.14475641707933	5.3888001303006	5.81595888861303	6.25403350222126
4.15185504007302	5.39715922265187	5.82342521037646	6.24614037924518
4.15895366306671	5.40484384721592	5.83347600121675	6.25950213266931
4.16605228606039	5.41415236736129	5.84478776326817	6.26844019839486
4.17315090905408	5.42538949016049	5.85400673435909	6.286395085269
4.18024953204777	5.43832500882673	5.86009663801253	6.29518299812785
4.18734815504145	5.43880394077813	5.87094297342827	6.29784695531647
4.19444677803514	5.44822546207055	5.88278328143079	6.31859065701162
4.20154540102883	5.463441761615	5.89341914511048	6.32519074680253
4.20864402402251	5.46297888500826	5.89921191729476	6.32922333664105
4.2157426470162	5.4859185785583	5.90575356035234	6.33467322668823
4.22284127000988	5.48585375390565	5.92195082115299	6.35467115724103
4.22993989300357	5.49029183177151	5.92777632794402	6.36033029918055
4.23703851599726	5.50927633296836	5.93876171997703	6.36977079368351
4.24413713899094	5.50639674980048	5.9464043741958	6.38287453600718
4.25123576198463	5.51770245569051	5.95653650710468	6.38516124735998
4.25833438497832	5.52954959989908	5.96505090650887	6.39990467820847
4.265433007972	5.54144931680422	5.97462690046038	6.40914956256032
4.27253163096569	5.55041352336632	5.98283917336456	6.42157198410848
4.27963025395938	5.55577533566657	5.99519694726393	6.42891126547697
4.28672887695306	5.5639791273432	6.0008503832999	6.43569705125165
4.29382749994675	5.57496736543702	6.01126729197321	6.4500425562495
4.30092612294043	5.59143298042986	6.02249725583459	6.45213333742817
4.30802474593412	5.59776657072645	6.02959893209306	6.4733720123459
4.31512336892781	5.60489431705623	6.03914534174549	6.47245953534669
4.32222199192149	5.61513654545386	6.04972945251533	6.48992012317821
4.32932061491518	5.62455329748618	6.06023743332555	6.49799777228686
4.33641923790887	5.6339377747319	6.06765121062848	6.51236083183287
4.34351786090255	5.6477299187758	6.07706159914397	6.51410985694486
4.35061648389624	5.64962654851393	6.08982372002402	6.52483172584602
4.35771510688993	5.66424452608351	6.09751080878898	6.53897621991463
4.36481372988361	5.66723881118434	6.10603905459944	6.54193719684594
4.3719123528773	5.68307180909178	6.11432657994144	6.55223216555444
4.37901097587098	5.68053997489549	6.12660102455709	6.56702724064531
4.38610959886467	5.68869829776048	6.1375288746676	6.57719473565791
4.39320822185836	5.70978949667554	6.14573919881639	6.57643027850597
4.40030684485204	5.71464211819709	6.1533835484152	6.59828847607538
4.40740546784573	5.71862319730646	6.16061390579968	6.60381499413568
4.41450409083942	5.72997485246115	6.17265588509536	6.61059102596565
4.4216027138331	5.73232305998863	6.18363410461262	6.62262722497436
4.42870133682679	5.74121918160991	6.19097094551344	6.63538280897694
4.43579995982047	5.75747894658784	6.2015235807801	6.64620258781849
4.44289858281416	5.76554595079181	6.21073704469137	6.65375243124034
4.44999720580785	5.77352056637148	6.22050548746652	6.6648291323319
4.45709582880153	5.78106057986321	6.22695215643375	6.67391250293962
4.46419445179522	5.79088767203812	6.23900358803444	6.68532615290696
4.47129307478891	5.79891039614707	6.24823852522459	6.69260075015158
4.47839169778259	5.8089540696486	6.25847064882203	6.70756718588143
4.48549032077628	5.82234872751494	6.26578350185282	6.7096058372608
4.49258894376996	5.83215141217833	6.27860399189902	6.72382704877559
4.49968756676365	5.84469572015511	6.28318106863937	6.73394353316155
4.50678618975734	5.85275864098583	6.29520910115087	6.74401147402879
4.51388481275102	5.86316320836186	6.30453571027189	6.74503754913588
4.52098343574471	5.86992911497242	6.31515075234876	6.76112924697386
4.5280820587384	5.87977815206396	6.32208826300746	6.77033309547786
4.53518068173208	5.88330096503589	6.32955078322106	6.77626935112793
4.54227930472577	5.89294780261342	6.34180511528601	6.79909755584782
4.54937792771946	5.89970797586027	6.34723061506809	6.80219099969613
4.55647655071314	5.92222571220264	6.36228934125181	6.80368091723345
4.56357517370683	5.9262962213487	6.36912610333878	6.8253031519843
4.57067379670052	5.92379487412511	6.38146046450643	6.83372830708136
4.5777724196942	5.94868716511253	6.38765286048976	6.84058217144738
4.58487104268789	5.9547714626645	6.40026673099534	6.8471028784377
4.59196966568157	5.95820864321019	6.40982182273485	6.85245250977958
4.59906828867526	5.9628734421638	6.41895827165677	6.86560498918812
4.60616691166895	5.97747322903243	6.426881591443	6.88203198481086
4.61326553466263	5.98891278827549	6.44020357621518	6.8938472987086
4.62036415765632	5.99956567153392	6.446940484847	6.89121302960613
4.62746278065001	5.99898027008173	6.45643136221128	6.90530875500589
4.63456140364369	6.00996238700741	6.4646154643458	6.91101628759873
4.64166002663738	6.02895886336921	6.47408453345795	6.92218055682394
4.64875864963107	6.03660478521298	6.4834842563541	6.93379119113571
4.65585727262475	6.03767988537705	6.49129601422828	6.94769968971457
4.66295589561844	6.04522474187541	6.50225993263999	6.95501531878786
4.67005451861212	6.06419994230546	6.51217376949558	6.96305567182023
4.67715314160581	6.06829460660682	6.52276361713061	6.97996694228209
4.6842517645995	6.07281020588749	6.53185034675703	6.9853150405846
4.69135038759318	6.08752374529164	6.54220615073604	6.99214351736975
4.69844901058687	6.09839489998164	6.54947730616873	7.01211291190855
4.70554763358056	6.10523735920407	6.55613013757948	7.00729842803572
4.71264625657424	6.11724179514202	6.57174212416972	7.01829573028591
4.71974487956793	6.12231088727644	6.5781007248103	7.02884893696639
4.72684350256162	6.13986479030447	6.58692073910858	7.0388034196442
4.7339421255553	6.14321218751994	6.59798607868138	7.05608802791283
4.74104074854899	6.15438994921275	6.60532488403301	7.06459366605715
4.74813937154267	6.15076930198758	6.61478427822631	7.07759049556992
4.75523799453636	6.16460961379385	6.63031641815576	7.08284854945522
4.76233661753005	6.17842059425111	6.63189539156341	7.09121996738396
4.76943524052373	6.18278840394821	6.64134188294072	7.10452558803546
4.77653386351742	6.18728045063523	6.6548970658813	7.11437202437397
4.78363248651111	6.20479518132925	6.66410213414617	7.12068198453899
4.79073110950479	6.20962024331084	6.6748730632317	7.13134554814915
4.79782973249848	6.21681321692329	6.68085896294613	7.14350063358855
4.80492835549217	6.23410115036913	6.69393931797826	7.15896320831754
4.81202697848585	6.23652234416156	6.70249105932875	7.15771567355253
4.81912560147954	6.25057185925467	6.7092162704356	7.16825328579916
4.82622422447323	6.25841597882241	6.72077021612448	7.17963083615632
4.83332284746691	6.27352555354214	6.7269290111583	7.19858321093735
4.8404214704606	6.27682653170225	6.73820100309309	7.20133031734433
4.84752009345428	6.28210101981403	6.74700361409792	7.20753336087582
4.85461871644797	6.2929973711483	6.76131757310709	7.21814546709348
4.86171733944166	6.30254731920664	6.76699562576784	7.2255420229496
4.86881596243534	6.31191222524974	6.77724371969727	7.23766547228613
4.87591458542903	6.32521303276445	6.78735082181787	7.24947928805215
4.88301320842272	6.33474558270314	6.79051973799329	7.25655737892326
4.8901118314164	6.34293697645481	6.80453172025787	7.27335578204887
4.89721045441009	6.3439836217383	6.812862100505	7.27394289167908
4.90430907740378	6.35324545036278	6.82427465741241	7.28976933057053
4.91140770039746	6.37501744021777	6.83436362493319	7.30502316300746
4.91850632339115	6.37292827637876	6.84253791443083	7.30175364052604
4.92560494638483	6.3867322508333	6.84793458023955	7.31816971073124
4.93270356937852	6.39707854104586	6.85957611014588	7.32587032074351
4.93980219237221	6.400884793896	6.87127621622537	7.33222625369471
4.94690081536589	6.40889542290985	6.88149209861751	7.35604194165231
4.95399943835958	6.41714951473278	6.88939265769576	7.36184767318477
4.96109806135327	6.42955854551538	6.90113593946985	7.36789599760194
4.96819668434695	6.43665883561333	6.90761744832096	7.37908334061347
4.97529530734064	6.4479665891041	6.91354599804473	7.38768624903706
4.98239393033433	6.46269199271274	6.92765000297787	7.40155923735544
4.98949255332801	6.46811857284053	6.93692026247238	7.4079657599706
4.9965911763217	6.4733104528649	6.94473951766978	7.40776313371309
5.00368979931538	6.4768815439533	6.956136066549	7.43003283046913
5.01078842230907	6.49085515275555	6.9630518296671	7.43529855974438
5.01788704530276	6.50859800705163	6.97527813372499	7.44492137791165
5.02498566829644	6.5198000710109	6.9883089997518	7.45388202967056
5.03208429129013	6.51816363541673	6.99166425600918	7.46735911463645
5.03918291428382	6.52593947490371	7.00454855017261	7.4810251935919
5.0462815372775	6.53012935538256	7.01267872762864	7.48046668514092
5.05338016027119	6.55419416963916	7.01971870038174	7.49891485241886
5.06047878326487	6.55643893042953	7.03019074214618	7.50206024407474
5.06757740625856	6.56161669281409	7.04014998892181	7.51255339587793
5.07467602925225	6.57529195078982	7.04989395926844	7.52488074264817
5.08177465224593	6.58673721830857	7.06058012167761	7.53744865233387
5.08887327523962	6.592044432132	7.07066858130344	7.5481319908615
5.09597189823331	6.59874336395888	7.07811657056569	7.5563240517499
5.10307052122699	6.61389534445986	7.0864502209384	7.56624060516866
5.11016914422068	6.61232329607029	7.09860334207027	7.56553104439944
5.11726776721436	6.61985343899746	7.10484175834157	7.57990253380761
5.12436639020805	6.63484173839369	7.11928396613401	7.58644726087508
5.13146501320174	6.65759971099901	7.12833546085808	7.59715129196947
5.13856363619542	6.65944817941071	7.13664403476865	7.62047116209193
5.14566225918911	6.65942619852332	7.14694122747188	7.61671912742313
5.1527608821828	6.68150116264363	7.1517976581349	7.63276078126638
5.15985950517648	6.68101122172076	7.16395324464903	7.63987771973308
5.16695812817017	6.70007479391162	7.17560189652405	7.64706094884993
5.17405675116386	6.70867641702901	7.1819985958966	7.6627761722694
5.18115537415754	6.71234800594934	7.1952018949767	7.66972314303983
5.18825399715123	6.72301905263496	7.20054270367078	7.68090045300285
