"mitochan"	"lwrNorm"	"medNorm"	"uprNorm"
-1.90327037354145	-2.94313060079572	-2.50848175527118	-2.07718503305031
-1.89616204912226	-2.92698932629189	-2.49759391082191	-2.05909574491165
-1.88905372470308	-2.91895490014639	-2.4840225025726	-2.05483803421643
-1.88194540028389	-2.90656359696579	-2.4727828074993	-2.03735951207097
-1.8748370758647	-2.89395330512795	-2.46648801053214	-2.03740323964383
-1.86772875144552	-2.88871465358349	-2.45860244884325	-2.01926205875164
-1.86062042702633	-2.87814858261848	-2.44124413826707	-2.01520777690437
-1.85351210260715	-2.86768150189897	-2.43559627807273	-1.99685536660322
-1.84640377818796	-2.84613032829577	-2.42034228642033	-1.99131647192597
-1.83929545376877	-2.84138035683805	-2.41054500233035	-1.98058517745812
-1.83218712934959	-2.83658039080026	-2.39716157397385	-1.97032590683325
-1.8250788049304	-2.82854646831561	-2.39170393863203	-1.96594237449032
-1.81797048051122	-2.81680314914375	-2.38495380163265	-1.94868551985893
-1.81086215609203	-2.80395702367583	-2.37177099383826	-1.94479293062777
-1.80375383167284	-2.79407540024467	-2.35554486166261	-1.92845003920213
-1.79664550725366	-2.77330415774885	-2.34985409054498	-1.91600604344663
-1.78953718283447	-2.76315645935128	-2.33497528238498	-1.90182914689357
-1.78242885841529	-2.75963854306907	-2.32948911204419	-1.89698871175333
-1.7753205339961	-2.7481255681518	-2.31260871488398	-1.87726220654066
-1.76821220957691	-2.73792863995159	-2.30799929392112	-1.87504597568379
-1.76110388515773	-2.71888978793723	-2.29659690184925	-1.86274096971987
-1.75399556073854	-2.71000210615305	-2.2861535202524	-1.86174817812199
-1.74688723631936	-2.69946173948809	-2.27242516806107	-1.84596905437652
-1.73977891190017	-2.68943982519814	-2.26342084051411	-1.83285761391931
-1.73267058748098	-2.68681910047447	-2.24957423476604	-1.82906017070499
-1.7255622630618	-2.66930653083361	-2.24361268375774	-1.81589316563435
-1.71845393864261	-2.66301269214335	-2.23176720932714	-1.80730103013626
-1.71134561422343	-2.65864702800406	-2.22047126068481	-1.79451872671855
-1.70423728980424	-2.64102012951927	-2.21143172479673	-1.77939787751862
-1.69712896538505	-2.6214502202562	-2.20283599168653	-1.77159890824068
-1.69002064096587	-2.61779520084753	-2.19099182847297	-1.76142993270176
-1.68291231654668	-2.60016294654258	-2.1771151823051	-1.74875591551561
-1.6758039921275	-2.59625926588109	-2.16722495896211	-1.74125929950323
-1.66869566770831	-2.58153212798532	-2.15391226904229	-1.73227085732213
-1.66158734328912	-2.57134623462593	-2.14776440415187	-1.72485532870471
-1.65447901886994	-2.56228308854073	-2.13482615512803	-1.7121228811654
-1.64737069445075	-2.54493507454737	-2.12110898793936	-1.69316928521268
-1.64026237003157	-2.53466680302821	-2.1129142035798	-1.68573379741302
-1.63315404561238	-2.52794045636487	-2.106452312253	-1.68627165138191
-1.62604572119319	-2.51461298297731	-2.09682141428901	-1.67018251959968
-1.61893739677401	-2.50307465658582	-2.08373069149852	-1.66120129604127
-1.61182907235482	-2.49553727851371	-2.07279738880298	-1.65318818493655
-1.60472074793564	-2.47842114140062	-2.05817307433539	-1.63823438902557
-1.59761242351645	-2.47442114108716	-2.04959678982547	-1.62702082404776
-1.59050409909726	-2.46151141186831	-2.03960183039508	-1.61450201645062
-1.58339577467808	-2.44876562293102	-2.02828752753276	-1.60775638606803
-1.57628745025889	-2.43916392279229	-2.0161207147476	-1.59377456454193
-1.56917912583971	-2.43934118893688	-2.00832461330282	-1.59116201133496
-1.56207080142052	-2.42302222037988	-1.99538326686887	-1.57415995761091
-1.55496247700133	-2.40553026269011	-1.98626407944782	-1.56178824233259
-1.54785415258215	-2.40070738470411	-1.97569919432641	-1.54489666241366
-1.54074582816296	-2.38268693002193	-1.96758012199383	-1.5477197768434
-1.53363750374378	-2.3738526214945	-1.95528666523495	-1.53899255574069
-1.52652917932459	-2.35582457376031	-1.9426317631932	-1.5307901911662
-1.5194208549054	-2.35212143015978	-1.93231008310636	-1.5098630005417
-1.51231253048622	-2.34314124669183	-1.92319975411436	-1.49873113382122
-1.50520420606703	-2.33538745514635	-1.91288136086348	-1.49218131806873
-1.49809588164785	-2.32126432145469	-1.90111884790656	-1.47742617005962
-1.49098755722866	-2.31086026797703	-1.89213559663631	-1.47220749798938
-1.48387923280947	-2.30938897680156	-1.87976200761453	-1.45789313034467
-1.47677090839029	-2.28775976416288	-1.86470457136368	-1.44169295677042
-1.4696625839711	-2.27721043138258	-1.86153596240002	-1.44061631416465
-1.46255425955192	-2.26141496186192	-1.85078259489164	-1.4297890020105
-1.45544593513273	-2.25301944807202	-1.83842145276979	-1.41736595197343
-1.44833761071354	-2.24481922069054	-1.8284443258352	-1.40621490454704
-1.44122928629436	-2.23766514601256	-1.81861867896763	-1.40360827382234
-1.43412096187517	-2.23286821278381	-1.80698716094912	-1.39020933087907
-1.42701263745599	-2.20986868746518	-1.7928888383449	-1.37298190840875
-1.4199043130368	-2.20683113641298	-1.78148079486234	-1.3639177578239
-1.41279598861761	-2.19502187031304	-1.77574823346226	-1.35240395469691
-1.40568766419843	-2.18296925283819	-1.76266583228265	-1.33952358901015
-1.39857933977924	-2.16837517662854	-1.75263171772919	-1.33961489156804
-1.39147101536006	-2.16511609317541	-1.73937629575396	-1.32053962793138
-1.38436269094087	-2.15182510488605	-1.72827958000007	-1.31556619354228
-1.37725436652168	-2.14116705704149	-1.72162845495161	-1.30167176155648
-1.3701460421025	-2.12946137899937	-1.71223805070332	-1.29386630393381
-1.36303771768331	-2.11716934281491	-1.69998670295986	-1.28888035273105
-1.35592939326413	-2.11038949482946	-1.68708215313367	-1.27349161264392
-1.34882106884494	-2.09454579688306	-1.68081216808486	-1.26658918220401
-1.34171274442575	-2.07752332755682	-1.66841238287989	-1.25122024578928
-1.33460442000657	-2.072429243767	-1.6552776221643	-1.24264643206068
-1.32749609558738	-2.05907231154964	-1.64459951852031	-1.22666958672725
-1.3203877711682	-2.04241997940733	-1.63695867386565	-1.21174636186186
-1.31327944674901	-2.0386687792885	-1.62444789043518	-1.20366933321241
-1.30617112232982	-2.03373930011238	-1.61669540351408	-1.19251208577711
-1.29906279791064	-2.01707233516829	-1.60204272494903	-1.18415341362995
-1.29195447349145	-2.00977045202395	-1.59040889051851	-1.17494487422447
-1.28484614907227	-1.99095406243924	-1.58411004422529	-1.17408420822622
-1.27773782465308	-1.98820721185998	-1.57005017022571	-1.15886551922772
-1.27062950023389	-1.97449980407698	-1.56369273457185	-1.14683933363218
-1.26352117581471	-1.96129095834882	-1.55628752798888	-1.13776151823561
-1.25641285139552	-1.94656155039623	-1.53649493304534	-1.12356962575521
-1.24930452697634	-1.94463996678021	-1.53059255813646	-1.12304404064328
-1.24219620255715	-1.92746757140689	-1.517880483706	-1.11059945121573
-1.23508787813796	-1.92062524413065	-1.51220216622249	-1.10489080304493
-1.22797955371878	-1.91511592255229	-1.49843797644684	-1.08852123532363
-1.22087122929959	-1.90048433527799	-1.48880682310042	-1.07564719051298
-1.21376290488041	-1.88682263915844	-1.47686346176319	-1.05342552875575
-1.20665458046122	-1.88552103862972	-1.46409212594119	-1.0530665868817
-1.19954625604203	-1.87139885142546	-1.45641380336636	-1.04385987913839
-1.19243793162285	-1.86092060322652	-1.44769599262383	-1.03442258600688
-1.18532960720366	-1.84251422750281	-1.4342191106383	-1.02371048385085
-1.17822128278448	-1.8346383384438	-1.42535379781847	-1.01646130555647
-1.17111295836529	-1.82322886058895	-1.41413227640101	-0.999763966546785
-1.1640046339461	-1.80604254125099	-1.404569927739	-0.988442286245247
-1.15689630952692	-1.80256282200169	-1.38838174428078	-0.979347496686905
-1.14978798510773	-1.79180353635498	-1.38160432377128	-0.974196743815585
-1.14267966068855	-1.78163208961565	-1.37179191139978	-0.95747280296352
-1.13557133626936	-1.76973510928778	-1.35616051874235	-0.950240732924731
-1.12846301185017	-1.75733147510406	-1.35126475153211	-0.934620183607669
-1.12135468743099	-1.74538733615722	-1.33646693532935	-0.926759311920843
-1.1142463630118	-1.73763173575803	-1.32678759824029	-0.911704992567607
-1.10713803859262	-1.72635182648302	-1.31702028034287	-0.906546437993458
-1.10002971417343	-1.71917894983323	-1.30216842349729	-0.895003795898735
-1.09292138975424	-1.70517201704357	-1.29532844021639	-0.889089677305325
-1.08581306533506	-1.69616335867177	-1.27935666082074	-0.876486233210676
-1.07870474091587	-1.68395838154772	-1.27479770619999	-0.86648926629907
-1.07159641649669	-1.66481845622799	-1.25996992046714	-0.85389576826097
-1.0644880920775	-1.65402168809894	-1.2518033242525	-0.840191313454945
-1.05737976765831	-1.64571234800068	-1.24705177699286	-0.833538454513005
-1.05027144323913	-1.6437776792894	-1.23384768624605	-0.818267626163361
-1.04316311881994	-1.63735474627169	-1.22061641812554	-0.811874540649669
-1.03605479440076	-1.61289476853215	-1.21012992368545	-0.798210936248135
-1.02894646998157	-1.61307964639084	-1.20128384630091	-0.790872305981049
-1.02183814556238	-1.59650506612786	-1.18892000490893	-0.782829070435524
-1.0147298211432	-1.58803986974726	-1.1778464178792	-0.777880239299885
-1.00762149672401	-1.57428398507349	-1.16744782596461	-0.759796508736931
-1.00051317230483	-1.55720243306114	-1.15893717126983	-0.75068101626833
-0.99340484788564	-1.55001800114004	-1.14476465807544	-0.739391864305757
-0.986296523466454	-1.53875631519742	-1.13668502156674	-0.733695628786084
-0.979188199047268	-1.52696174783694	-1.12309097629098	-0.721025711576674
-0.972079874628082	-1.52249859183597	-1.1147033192313	-0.712205556411402
-0.964971550208896	-1.51068772744375	-1.10250118104546	-0.693980848648702
-0.95786322578971	-1.50727773125463	-1.09153599322023	-0.687729760210481
-0.950754901370524	-1.48859752138718	-1.08218190659331	-0.677928443820457
-0.943646576951338	-1.47341316730654	-1.07531815980362	-0.664001362461361
-0.936538252532152	-1.46925245857307	-1.06105038829786	-0.661412285251129
-0.929429928112966	-1.45076429894673	-1.04853608665681	-0.644639607646326
-0.92232160369378	-1.45085702652964	-1.04054228276586	-0.634389867565492
-0.915213279274594	-1.42850551382095	-1.02753908607344	-0.624237403044635
-0.908104954855408	-1.42635828374431	-1.01793874185242	-0.608937978830577
-0.900996630436222	-1.41284866112538	-1.0086520695409	-0.59874375413877
-0.893888306017036	-1.40760125126725	-1.00096275207515	-0.601051322729204
-0.88677998159785	-1.39204271678297	-0.985519838487563	-0.584329447368978
-0.879671657178664	-1.38347371415127	-0.975018623175926	-0.575531500971676
-0.872563332759478	-1.36641741845461	-0.966122902753722	-0.566101295967286
-0.865455008340292	-1.35917760036292	-0.951519504562999	-0.551776902839909
-0.858346683921106	-1.33997361012335	-0.941428301957771	-0.543741272938006
-0.85123835950192	-1.33941746625461	-0.933347445722903	-0.526677356218593
-0.844130035082734	-1.32755932668317	-0.920065389289923	-0.525126808273262
-0.837021710663548	-1.30936062502977	-0.911139595579632	-0.510095560771606
-0.829913386244362	-1.30577057271671	-0.899161235136944	-0.503731100489139
-0.822805061825176	-1.28390332078126	-0.890654781412156	-0.499447271177419
-0.81569673740599	-1.28547908501697	-0.885078668841702	-0.479837362286823
-0.808588412986804	-1.27439053475701	-0.869462880606215	-0.472520839141492
-0.801480088567618	-1.26030087294032	-0.858538271476737	-0.464836741486685
-0.794371764148432	-1.24746266209969	-0.850762025650729	-0.448723342486636
-0.787263439729246	-1.245568073087	-0.839753923794611	-0.438943030977266
-0.78015511531006	-1.22491528943911	-0.825083939440798	-0.427757107496537
-0.773046790890874	-1.22188390412405	-0.818208289587172	-0.415215087313984
-0.765938466471688	-1.20901799483028	-0.807083411154217	-0.403755125975826
-0.758830142052502	-1.18665350185941	-0.793988146268806	-0.401718446042299
-0.751721817633316	-1.18761676261228	-0.78873854920286	-0.386072091168867
-0.74461349321413	-1.17407731873355	-0.772245503062971	-0.370686641022542
-0.737505168794944	-1.16766620491831	-0.765863382932656	-0.368007588504401
-0.730396844375758	-1.15343006599682	-0.754290597092824	-0.350536693803551
-0.723288519956572	-1.14342132917991	-0.743761817864744	-0.342177238495802
-0.716180195537386	-1.1313947253422	-0.733141001236225	-0.336630644186857
-0.7090718711182	-1.1257164953729	-0.720408304107973	-0.324324517900066
-0.701963546699014	-1.1047885815573	-0.707698197906506	-0.31496981678258
-0.694855222279828	-1.08861700004007	-0.698852175021147	-0.303879273695702
-0.687746897860642	-1.08064234760136	-0.690013242175378	-0.28954777982289
-0.680638573441456	-1.07765517016431	-0.679201503039314	-0.278559688165266
-0.67353024902227	-1.06572586666963	-0.672726228751411	-0.271728899230842
-0.666421924603084	-1.05524504746556	-0.658861800829199	-0.255659217098753
-0.659313600183898	-1.0503642607825	-0.647281000666417	-0.24620884086241
-0.652205275764712	-1.03621062244738	-0.637437717817085	-0.241242731287325
-0.645096951345526	-1.01690339806606	-0.625246909265081	-0.231247289654399
-0.63798862692634	-1.01418742425476	-0.612092396048769	-0.219954836257338
-0.630880302507154	-1.00001466967175	-0.604813283078099	-0.208469993115605
-0.623771978087968	-0.991363547336932	-0.595891538167426	-0.193066015128489
-0.616663653668782	-0.980559803048098	-0.582620044320832	-0.189965134039012
-0.609555329249596	-0.966676198002635	-0.570914532097914	-0.175177768866839
-0.60244700483041	-0.959292649147078	-0.559845329587023	-0.168460310620024
-0.595338680411224	-0.949975251973951	-0.550565504573397	-0.159480480349994
-0.588230355992038	-0.93833023292532	-0.539056035299509	-0.143344738323692
-0.581122031572852	-0.928334343941605	-0.530067773658262	-0.132779789233182
-0.574013707153666	-0.913016067815149	-0.517900720708032	-0.117251714748203
-0.56690538273448	-0.902916689654701	-0.51051959112127	-0.114915958553134
-0.559797058315294	-0.89718761264832	-0.496308364599696	-0.106607497497077
-0.552688733896108	-0.885768846265376	-0.488854848695853	-0.090639846981751
-0.545580409476921	-0.875359468417113	-0.47682693864558	-0.0834195960034909
-0.538472085057736	-0.866792085380708	-0.466803668318042	-0.0712737008768582
-0.53136376063855	-0.85059532806359	-0.455709336915163	-0.0611986985690489
-0.524255436219363	-0.842246712882281	-0.4426906269408	-0.047855794650933
-0.517147111800178	-0.833509302939811	-0.433618835568637	-0.0398101552019629
-0.510038787380992	-0.817974246360391	-0.423136342510231	-0.027765192248049
-0.502930462961805	-0.800943826794879	-0.41249056558608	-0.0205900206055685
-0.49582213854262	-0.793329218956886	-0.403224486357007	-0.00683757652161003
-0.488713814123434	-0.783904278317476	-0.391991767570304	0.00439403180511916
-0.481605489704247	-0.773487597351414	-0.381817890196939	0.0103410363875508
-0.474497165285061	-0.760437609561487	-0.366379044056138	0.0253963189781248
-0.467388840865876	-0.752830757623752	-0.365580460994048	0.0356960700226096
-0.460280516446689	-0.747129764859313	-0.352036365709005	0.0430215392464884
-0.453172192027503	-0.728533612323656	-0.33525830375484	0.0591405950751389
-0.446063867608318	-0.725341528686755	-0.331689095754277	0.0621948605900758
-0.438955543189131	-0.715909169775476	-0.31879555088415	0.0770316259564829
-0.431847218769945	-0.70433785941123	-0.307747438872743	0.0802917889911795
-0.42473889435076	-0.692439875026624	-0.298507855026347	0.0915992082901338
-0.417630569931573	-0.666106046688572	-0.286364456978229	0.110691862295515
-0.410522245512387	-0.666687550738627	-0.274419929014106	0.114150762163257
-0.403413921093201	-0.656207989502999	-0.266707996829768	0.122164494220944
-0.396305596674015	-0.648004174612156	-0.256669360111356	0.138021783466596
-0.389197272254829	-0.630069074815075	-0.241360492765658	0.143599887154787
-0.382088947835643	-0.628809175240275	-0.23287201345729	0.160024341894081
-0.374980623416457	-0.614144288114426	-0.221006142318148	0.171053867176787
-0.367872298997271	-0.603568201893774	-0.211680051296978	0.176008751604595
-0.360763974578085	-0.590337615263996	-0.202264270849405	0.187594819923735
-0.353655650158899	-0.582428452735072	-0.190017539336926	0.198204414288237
-0.346547325739713	-0.566962505064078	-0.180716092901238	0.210799222095228
-0.339439001320527	-0.560656163570688	-0.16679756387163	0.217794355271306
-0.332330676901341	-0.549054433043348	-0.157700710124439	0.236502555920763
-0.325222352482155	-0.540685021275064	-0.147943286543872	0.245997864312658
-0.318114028062969	-0.527095810539277	-0.134492980175913	0.259527897929964
-0.311005703643783	-0.516996254098959	-0.124881690537165	0.267240508088379
-0.303897379224597	-0.501354961317965	-0.115578498001352	0.277891106027804
-0.296789054805411	-0.490416008434663	-0.105089388973274	0.284738271405124
-0.289680730386225	-0.481931814486221	-0.096017314278968	0.300761832429568
-0.282572405967039	-0.468664093656191	-0.0828988136580762	0.301608540904415
-0.275464081547853	-0.464222518458621	-0.0709358704738943	0.321981308715685
-0.268355757128667	-0.455265035994479	-0.0614854718165228	0.325090494591651
-0.261247432709481	-0.440718611738112	-0.0547687187016157	0.339364290828924
-0.254139108290295	-0.43204120728934	-0.0409403316187615	0.348538466497265
-0.247030783871109	-0.422180234801873	-0.0277531858671711	0.360062541666955
-0.239922459451923	-0.407006014838448	-0.0169304882150615	0.368140894994731
-0.232814135032737	-0.395344572810082	-0.0117631946454739	0.375572959331575
-0.225705810613551	-0.385926766291658	0.00460570381052226	0.394952441674637
-0.218597486194365	-0.377842577421878	0.0106457406463059	0.401158960431718
-0.211489161775179	-0.356851333937345	0.0244018088192581	0.413244355004622
-0.204380837355993	-0.355145363007012	0.0319605368770756	0.423698762348929
-0.197272512936807	-0.342115176823584	0.0423898155482634	0.433408923783079
-0.190164188517621	-0.339485935549883	0.0535177180179632	0.438087398433328
-0.183055864098435	-0.320635613642214	0.0667560122222728	0.451526056830406
-0.175947539679249	-0.313709670784583	0.0764370542262286	0.467825786474736
-0.168839215260063	-0.305357406205031	0.0853873802390918	0.475193124335316
-0.161730890840877	-0.288446890091351	0.100236049348559	0.482412176579944
-0.154622566421691	-0.279821657053415	0.111024741130079	0.50226555943223
-0.147514242002505	-0.26533645854369	0.120509192825899	0.502770177349111
-0.140405917583319	-0.247317498166206	0.126965679844615	0.514741251957078
-0.133297593164133	-0.245828073520354	0.139482362537881	0.521304371534626
-0.126189268744947	-0.240018053037304	0.149349688055452	0.536034513534476
-0.119080944325761	-0.228348996392559	0.158341093103548	0.547186591291611
-0.111972619906575	-0.219372966547357	0.170720506952542	0.561802520371665
-0.104864295487389	-0.211552087436753	0.180762774209804	0.566448032654616
-0.097755971068203	-0.196353694061653	0.191798305669571	0.570761519242061
-0.0906476466490171	-0.179266490685471	0.203777057560987	0.592484315901089
-0.0835393222298311	-0.166056824634386	0.214377834118291	0.596507633585026
-0.076430997810645	-0.167633034833673	0.225153609129593	0.612485452329412
-0.0693226733914591	-0.151651023228578	0.235887799167048	0.624406111496678
-0.0622143489722731	-0.138693961825807	0.249555858314914	0.635327021866567
-0.055106024553087	-0.125220526207042	0.257286795684614	0.642656633011264
-0.0479977001339011	-0.114702573534316	0.264779339172426	0.65132880000846
-0.0408893757147151	-0.103391810597451	0.279724772893923	0.665888793696897
-0.033781051295529	-0.104969093879242	0.285144285163876	0.674757150044711
-0.0266727268763429	-0.088707378689829	0.300818977672094	0.686107965318499
-0.0195644024571571	-0.0761014283775269	0.313207629843085	0.693626571272197
-0.012456078037971	-0.0682459202957779	0.318043595021251	0.707586761441864
-0.00534775361878492	-0.0559693219167382	0.330356721762723	0.714614399978139
0.00176057080040093	-0.0407416877412942	0.341160394585818	0.724364005611966
0.008868895219587	-0.0301981562172575	0.352463610541836	0.732194829748528
0.0159772196387731	-0.0225310354140773	0.363573536986884	0.744201860976942
0.0230855440579589	-0.00920364723194119	0.372148451063031	0.753587004651486
0.030193868477145	0.00215703010099063	0.383930437363747	0.771776091455618
0.0373021928963311	0.0160820101831364	0.394939694077046	0.780466413640263
0.0444105173155172	0.0215385802633259	0.403225688947585	0.793570481994159
0.051518841734703	0.0363875381556379	0.41880867684648	0.80412582361635
0.0586271661538891	0.0410344830191292	0.428356340880429	0.812267225362225
0.0657354905730752	0.0542921300870387	0.437037803402501	0.820178232632426
0.072843814992261	0.0603811534367761	0.444637522162949	0.829940106785907
0.0799521394114471	0.0796872778586318	0.455727940068185	0.83622770648304
0.0870604638306332	0.0835685723830125	0.467200276678977	0.850070077991895
0.094168788249819	0.0983579096204275	0.47934904913948	0.867188988838272
0.101277112669005	0.106696880276679	0.488227380572129	0.866636355690107
0.108385437088191	0.121637456689257	0.502846166589017	0.885830731609911
0.115493761507377	0.122844448988996	0.513987646867913	0.898754320276276
0.122602085926563	0.139308694742468	0.523849363258441	0.907760883556047
0.129710410345749	0.151855649285148	0.532869578884975	0.916603640517691
0.136818734764935	0.164499862325822	0.545237455334082	0.924284196303326
0.143927059184121	0.167613775513546	0.552685157397418	0.938775029447753
0.151035383603307	0.185560857840269	0.563813936795879	0.951282185200419
0.158143708022493	0.193691108958914	0.575517956111125	0.958659747936039
0.165252032441679	0.200274644533292	0.586104066638042	0.96513492186698
0.172360356860865	0.215003037868523	0.597798236886634	0.97972964281109
0.179468681280051	0.22260093132489	0.606877240583763	0.98828148717686
0.186577005699237	0.236314044994491	0.618504944551615	1.00356821796604
0.193685330118423	0.24697162745656	0.626642132419751	1.00927651175242
0.200793654537609	0.254690464406759	0.64059005314289	1.02226327571849
0.207901978956795	0.271183604758631	0.648445742184367	1.03134094323635
0.215010303375981	0.278431647975063	0.660222042495376	1.04086144100677
0.222118627795167	0.288397052292185	0.671742391595264	1.05231764700788
0.229226952214353	0.299419453885884	0.684134840442766	1.07062075332769
0.236335276633539	0.301448692723776	0.696178033473725	1.07611055135445
0.243443601052725	0.316118445706982	0.702006032829785	1.08004619453184
0.250551925471911	0.331256614413733	0.712731148989263	1.09815082334793
0.257660249891097	0.346774672507966	0.723708391605272	1.11124246093543
0.264768574310283	0.351715879065887	0.735377287288803	1.11728919811839
0.271876898729469	0.35790589621767	0.744715874710292	1.12443822683421
0.278985223148655	0.375973851137871	0.755375199753005	1.13467613427844
0.286093547567841	0.384543992139657	0.768226072064372	1.14896306816742
0.293201871987027	0.396386295251628	0.779765743896381	1.1670454761568
0.300310196406213	0.416200234126014	0.784813686116515	1.17343442044148
0.307418520825399	0.412482995920764	0.797950289654755	1.17986583920997
0.314526845244585	0.432967980461725	0.812578464575713	1.1899160529015
0.321635169663771	0.436252675128087	0.819547615834901	1.19962404757203
0.328743494082957	0.450641671715609	0.831256727503938	1.2127443904076
0.335851818502143	0.462220233759908	0.839848863561227	1.22155077702945
0.342960142921329	0.477160349644914	0.850260399434022	1.22747473531074
0.350068467340515	0.485621842213327	0.862907517921206	1.24333227096415
0.357176791759701	0.49800851476462	0.869309000430611	1.25288936471803
0.364285116178888	0.504170201505242	0.885073656654599	1.2644984484691
0.371393440598073	0.515118508248407	0.896371411257174	1.2783247460397
0.378501765017259	0.522059450337665	0.905414729500515	1.28158854588819
0.385610089436446	0.529667656363603	0.917592583757848	1.29393185839266
0.392718413855631	0.542314153834801	0.926883279989058	1.30973354472549
0.399826738274817	0.559832837031997	0.939722060112251	1.31560960228042
0.406935062694004	0.571062330843384	0.948828204177381	1.32751120341978
0.414043387113189	0.58127191610986	0.957102739323565	1.337436787667
0.421151711532375	0.585636844271871	0.96622472906083	1.34087923745209
0.428260035951562	0.599256356998495	0.97639244093732	1.35764690720174
0.435368360370747	0.606216033817915	0.988505680045735	1.3731639467252
0.442476684789933	0.619161929518251	1.00442746047688	1.37809594426295
0.44958500920912	0.629774459482205	1.01224350384257	1.39029067496384
0.456693333628305	0.640258211673538	1.0187173481972	1.40351124721053
0.463801658047491	0.651957817223748	1.03321776860586	1.40775961761999
0.470909982466678	0.66038345127845	1.04401048093204	1.42280843696159
0.478018306885863	0.671961072680522	1.05342896709904	1.43276745665782
0.485126631305049	0.690723044748043	1.06659009384825	1.44489490873704
0.492234955724236	0.69497903416436	1.07363025750698	1.44795854875043
0.499343280143421	0.705337173148175	1.08539811915937	1.46050085819798
0.506451604562608	0.71937707853932	1.09618677159678	1.47926499143044
0.513559928981794	0.724164541497346	1.10662974829415	1.48877017999109
0.520668253400979	0.738968555333748	1.11869300037131	1.49463460703462
0.527776577820166	0.75200315561567	1.1298069112697	1.50099461714724
0.534884902239352	0.761071120790205	1.13852000901876	1.51847516650027
0.541993226658537	0.76264211915324	1.14666185158571	1.52785819204663
0.549101551077724	0.777561961467788	1.1626331603401	1.53825979860137
0.55620987549691	0.798230436073635	1.1724298226118	1.54583573115005
0.563318199916095	0.80004138101922	1.18000642276383	1.5603335616143
0.570426524335282	0.821574763827889	1.19462540962137	1.56969380924216
0.577534848754468	0.82749603986711	1.20319706681475	1.58046656644994
0.584643173173653	0.828220381683472	1.21287161545065	1.58958314487782
0.59175149759284	0.841824904778637	1.22738716501836	1.59734559789811
0.598859822012026	0.852161643352705	1.23628095902205	1.61151359113128
0.605968146431211	0.87087278803757	1.24569485033795	1.62077620958284
0.613076470850398	0.871113012501073	1.25481875262952	1.63558286270778
0.620184795269584	0.883500932328795	1.26637520682004	1.63484716171407
0.627293119688769	0.900842467086804	1.2770806427092	1.65338673849685
0.634401444107956	0.911793747305216	1.28805643958945	1.663091725089
0.641509768527142	0.913062253681594	1.29881125007811	1.67696612671712
0.648618092946328	0.931273412229186	1.30933609242853	1.68824378149358
0.655726417365514	0.941296016177045	1.31804890141345	1.69757062878135
0.6628347417847	0.953673494052748	1.3273477423551	1.70364387059168
0.669943066203886	0.963544286694154	1.34064007257547	1.71938568448258
0.677051390623072	0.975126369122042	1.35194903381034	1.72782485373148
0.684159715042258	0.990213010705816	1.36095481921259	1.73270037428435
0.691268039461444	0.993457679981565	1.3722239848395	1.75107225611083
0.69837636388063	1.00951209343624	1.38357866078401	1.76131854862649
0.705484688299816	1.01704677064827	1.39753381704263	1.77376592153395
0.712593012719002	1.02893014020729	1.4025470829886	1.781053117788
0.719701337138188	1.03962528878716	1.41598098172301	1.793407383438
0.726809661557374	1.04784999819894	1.42388801930082	1.80886202189963
0.73391798597656	1.06188170537265	1.43527323795503	1.81472337006407
0.741026310395746	1.07042327944984	1.44599311281822	1.8197970463554
0.748134634814932	1.08635910759997	1.45607107456618	1.83377352911981
0.755242959234118	1.09240376976234	1.46975552558482	1.84238043544688
0.762351283653304	1.10505277728265	1.47992826822449	1.8550835003935
0.76945960807249	1.1186958571484	1.48931481230008	1.8676694230688
0.776567932491676	1.1208798388234	1.50106658141511	1.87278110514921
0.783676256910862	1.13153421569216	1.51152632675856	1.8901640546499
0.790784581330048	1.14878831573815	1.51763877685659	1.89266264744488
0.797892905749234	1.15402558210554	1.53445988074108	1.91107165771974
0.80500123016842	1.17550035749946	1.54406713872358	1.91856305463555
0.812109554587606	1.18541760726163	1.55402052052015	1.93235736544315
0.819217879006792	1.18872215777935	1.56492472708906	1.93871067134854
0.826326203425978	1.20098624896821	1.5770819724912	1.95571445371784
0.833434527845164	1.21418942219161	1.58600519945445	1.95669140302723
0.84054285226435	1.21824436184649	1.59470434307238	1.9795345509767
0.847651176683536	1.23531741462615	1.60757221799089	1.97952195724334
0.854759501102722	1.23561406526956	1.61378806127731	1.99101507084819
0.861867825521908	1.24660009106897	1.62772768703629	1.99688816081287
0.868976149941094	1.26510823620213	1.63698960791448	2.01800266272019
0.87608447436028	1.27712327335678	1.65230547287728	2.02627994825049
0.883192798779466	1.28055014128289	1.66035893773786	2.02917114246639
0.890301123198652	1.29506490370962	1.66867892421491	2.04602157769692
0.897409447617838	1.30170422692239	1.68342347831912	2.05950018761891
0.904517772037024	1.31539298151897	1.69063599822254	2.0655033944595
0.91162609645621	1.32501720051956	1.70188532362492	2.07709629269848
0.918734420875396	1.33571748232593	1.71022201145678	2.09217282378001
0.925842745294582	1.35117065030106	1.72504631927095	2.10573184662496
0.932951069713768	1.35609051622518	1.73522185448068	2.10858728119873
0.940059394132954	1.3679236031385	1.74796629987517	2.12485091202186
0.94716771855214	1.38112221610451	1.75707233665992	2.13295909054662
0.954276042971326	1.39117345499991	1.76503506121567	2.13616419321507
0.961384367390512	1.40684804293297	1.77762429191307	2.15581538007438
0.968492691809698	1.40644648881901	1.78920824646807	2.16392436160686
0.975601016228884	1.42001010318257	1.79990357121981	2.17791203260213
0.98270934064807	1.42718648201806	1.80843538860754	2.1863214478483
0.989817665067256	1.44288054457001	1.81867995322405	2.19309856734398
0.996925989486442	1.45664696096291	1.83243655272969	2.20666141357144
1.00403431390563	1.46134382485571	1.84301228813244	2.21587795346003
1.01114263832481	1.47627900081448	1.8503511349888	2.22648677980991
1.018250962744	1.48465772101203	1.86135784063602	2.23226989445643
1.02535928716319	1.4963304368584	1.87142422893285	2.2467645060611
1.03246761158237	1.50545859680211	1.88304144631141	2.26069112124059
1.03957593600156	1.51532993377079	1.89485628627601	2.26697329395901
1.04668426042074	1.5269774986999	1.90168812003757	2.28270552209933
1.05379258483993	1.5432935127754	1.91319190080917	2.28993503420776
1.06090090925912	1.54539999152063	1.92446774100719	2.30340912869768
1.0680092336783	1.56017643200512	1.93589780854088	2.31163973300347
1.07511755809749	1.56992889641947	1.94528925347012	2.32369694667574
1.08222588251667	1.58806618853827	1.96017254739469	2.33807409334206
1.08933420693586	1.59110557447761	1.96858229624801	2.33935583487869
1.09644253135505	1.60278474284205	1.97935849112972	2.35317087030623
1.10355085577423	1.61888059174174	1.99242612259662	2.366793017053
1.11065918019342	1.62336970074466	1.99874857827238	2.37322406357628
1.1177675046126	1.63948795374805	2.01283523372001	2.39099548375209
1.12487582903179	1.64535004436671	2.02210845907635	2.39893296568426
1.13198415345098	1.65897970532546	2.03539183695914	2.40766874747814
1.13909247787016	1.67056685145786	2.04394125829958	2.42221113560473
1.14620080228935	1.67955889972444	2.05229792015625	2.43165584613597
1.15330912670853	1.68540669003133	2.06399269209469	2.43257250308138
1.16041745112772	1.69877921846004	2.07492427231218	2.44819325127888
1.16752577554691	1.70718016259863	2.086065538595	2.45971660964533
1.17463409996609	1.72000693176573	2.09473301885756	2.47258586935311
1.18174242438528	1.72380883625528	2.10780921161281	2.47861601895876
1.18885074880446	1.73625773970117	2.11916420066658	2.49157064818615
1.19595907322365	1.74801523259708	2.12441471566743	2.50260825592849
1.20306739764284	1.75998004466004	2.13848842419697	2.51321581475205
1.21017572206202	1.77317445667231	2.14859250760769	2.52586122389954
1.21728404648121	1.78203260936196	2.15849882572568	2.5344866979681
1.22439237090039	1.79139536783419	2.16672059998185	2.53928561352151
1.23150069531958	1.80833635393916	2.18068077273169	2.55785481366146
1.23860901973877	1.81168260273051	2.1922708714051	2.56597837105784
1.24571734415795	1.82068874178038	2.2012583911665	2.58227376922414
1.25282566857714	1.83392460687159	2.2118306100576	2.58331596066196
1.25993399299632	1.84054860118273	2.22374630794939	2.60373173872132
1.26704231741551	1.85276661132632	2.23200751403598	2.61059935390705
1.2741506418347	1.86974152873774	2.24532591337521	2.62473334357949
1.28125896625388	1.8739567618895	2.25592130420656	2.62762593639973
1.28836729067307	1.88936138284632	2.26548857267697	2.64063959927039
1.29547561509225	1.89642641865778	2.27651934999291	2.65022086219645
1.30258393951144	1.91516411606116	2.28484365237099	2.6570237693275
1.30969226393063	1.91906806201558	2.29805751274518	2.67289028848533
1.31680058834981	1.93343193661583	2.30614916880629	2.68909852573167
1.323908912769	1.9497926409551	2.31541074405743	2.69113422158132
1.33101723718818	1.95101884464052	2.32989477256612	2.70343328832729
1.33812556160737	1.95339960533128	2.33724150986567	2.7081400886283
1.34523388602656	1.97548695520655	2.35096123374779	2.72627385607428
1.35234221044574	1.98513191005425	2.36040329288591	2.73229168884743
1.35945053486493	1.99505111970655	2.37009378839669	2.75513721664431
1.36655885928411	2.00512139212804	2.38472097724539	2.75310420624783
1.3736671837033	2.01970895262858	2.39260406015065	2.76425700502199
1.38077550812249	2.02794043167774	2.4040784419378	2.77738515541176
1.38788383254167	2.04120482566983	2.41595412124672	2.79009968486097
1.39499215696086	2.04504174675698	2.42633774746952	2.79645017009086
1.40210048138004	2.05578367587525	2.43181394055283	2.82338488017149
1.40920880579923	2.06636891393129	2.44827820566596	2.8207701682263
1.41631713021842	2.06898453533349	2.45670667571557	2.83305621825742
1.4234254546376	2.09277710737924	2.4713117440033	2.84479444932942
1.43053377905679	2.10428972520844	2.4803773511212	2.85336023945445
1.43764210347597	2.11892520339311	2.48653770538809	2.85945993459352
1.44475042789516	2.12097779746988	2.50163888796381	2.87631732194528
1.45185875231435	2.13193492300437	2.50656018627795	2.8807632467398
1.45896707673353	2.14395455546287	2.52154471139585	2.89537646329337
1.46607540115272	2.15546243604124	2.53209798064271	2.90268948165804
1.4731837255719	2.17089325174103	2.54212104062979	2.92272293044669
1.48029204999109	2.17754018586514	2.55277765182767	2.92556443792091
1.48740037441028	2.19401993724863	2.56099555836619	2.93529628416322
1.49450869882946	2.20029632420896	2.574995588601	2.94883361242797
1.50161702324865	2.2102815220832	2.58318136725968	2.95700424348232
1.50872534766783	2.21825177047617	2.59520664891558	2.97386484648679
1.51583367208702	2.22996471515774	2.6059888644955	2.98047966289063
1.52294199650621	2.24141891673034	2.61452509021126	2.98762474462257
1.53005032092539	2.24867993451512	2.62709286415506	3.00317261759266
1.53715864534458	2.26675042801749	2.63825963366917	3.01552094979674
1.54426696976376	2.27169542105311	2.65118931342131	3.02890096633504
1.55137529418295	2.2847855435917	2.66120562367381	3.03061696770953
1.55848361860214	2.28997939062655	2.6694224558517	3.04759735503998
1.56559194302132	2.30593876448812	2.67800926705683	3.04959645845344
1.57270026744051	2.31516721853704	2.68904962922518	3.06784951742543
1.57980859185969	2.31621627552585	2.70548845013163	3.0774523956856
1.58691691627888	2.33681174720374	2.71188742119042	3.08333870260791
1.59402524069807	2.34262921421146	2.72288973481554	3.09885077761884
1.60113356511725	2.3641997435317	2.73802752268281	3.10851072509411
1.60824188953644	2.37641226175114	2.74484494542303	3.12217252876846
1.61535021395562	2.38025687334139	2.7544670398046	3.13635651779711
1.62245853837481	2.38848338551419	2.76554168916526	3.14619246342092
1.629566862794	2.3955526397703	2.77500836956157	3.15193022916626
1.63667518721318	2.41723137123248	2.78812987202878	3.15837190551036
1.64378351163237	2.41970025132975	2.79796065946927	3.17515107887159
1.65089183605155	2.43776999966836	2.80801202659412	3.18399973149925
1.65800016047074	2.44200618778833	2.81838792932426	3.199768243348
1.66510848488993	2.45294701768111	2.82735844161657	3.20880012737887
1.67221680930911	2.46421494953435	2.8395812429789	3.21091932338013
1.6793251337283	2.47366495969742	2.84859825508368	3.22329370554823
1.68643345814748	2.48658103471578	2.86005626138476	3.23483575592446
1.69354178256667	2.49628103758806	2.86950277650294	3.24250966690191
1.70065010698586	2.507043812876	2.88159190244345	3.26234697605941
1.70775843140504	2.51570177016019	2.89334437971415	3.27054954326774
1.71486675582423	2.52252257802278	2.90271550848581	3.28224822557129
1.72197508024341	2.53745579261838	2.91345370062567	3.29092552305048
1.7290834046626	2.55001386848235	2.92680354327181	3.29897844319694
1.73619172908179	2.5556970649329	2.93600925852628	3.30757361482254
1.74330005350097	2.56358533915339	2.94535491255749	3.32674187851409
1.75040837792016	2.57633258495166	2.9530357038383	3.32766022390154
1.75751670233934	2.59876008700832	2.96926365224743	3.34892101214562
1.76462502675853	2.59486020036163	2.97902476748584	3.34993165232482
1.77173335117772	2.60563953460478	2.98515636236267	3.36389300355389
1.7788416755969	2.62011269183967	3.00042099176701	3.37982953077484
1.78595000001609	2.64072060372136	3.01070656061137	3.38900645509029
1.79305832443527	2.64020691431053	3.02324945145827	3.40388041152952
1.80016664885446	2.65521178905882	3.02953763644359	3.40904558990004
1.80727497327365	2.66255535211691	3.04045151201568	3.41889084439819
1.81438329769283	2.67277789521177	3.0533897731273	3.42362594357468
1.82149162211202	2.6825608668915	3.0614961790218	3.44565124582802
1.82859994653121	2.70039428986044	3.07328626222036	3.44696695729624
1.83570827095039	2.70892887895558	3.08386896822527	3.45923332178669
1.84281659536958	2.71685122281947	3.0939619849552	3.46756353774922
1.84992491978876	2.73052489828278	3.10452510326793	3.48422259569914
1.85703324420795	2.74109730436786	3.11873982134215	3.50215149942344
1.86414156862713	2.75383043353858	3.12366704199616	3.50956364113968
1.87124989304632	2.75626981829149	3.13781201094668	3.51771344217251
1.87835821746551	2.76857160754804	3.14759703950131	3.52729652415792
1.88546654188469	2.78203033794907	3.15879937889228	3.53391173269686
1.89257486630388	2.7902011620749	3.16888385485014	3.54907066087514
1.89968319072306	2.7991264865045	3.18072379229148	3.56037725830734
1.90679151514225	2.81508215166485	3.19151864046635	3.56115968721508
1.91389983956144	2.82249960580831	3.20238950528686	3.57905006302659
1.92100816398062	2.83134807711656	3.21288419037507	3.58924898050543
1.92811648839981	2.84175502425052	3.21880903563924	3.59561087778959
1.935224812819	2.85891404925666	3.22788137536977	3.6098796965974
1.94233313723818	2.86055153179824	3.24406304732209	3.62280388208374
1.94944146165737	2.87323940919612	3.25465458622657	3.62905046313611
1.95654978607655	2.88236032233426	3.26397266786535	3.64960348913893
1.96365811049574	2.89026134874801	3.27714196594828	3.65606892349079
1.97076643491493	2.9167001357584	3.28681603803323	3.66472732349301
1.97787475933411	2.91577824582633	3.29875824827486	3.67804604627653
1.9849830837533	2.92389048460402	3.3067261923898	3.68117499741807
1.99209140817248	2.93346821242953	3.31755459293928	3.69553916819715
1.99919973259167	2.94873748549529	3.32650047110026	3.70183212211687
2.00630805701085	2.95728358705396	3.33906838102392	3.71360892039085
2.01341638143004	2.97697279141614	3.34935078048154	3.73281445008078
2.02052470584923	2.98359663196589	3.36181005159123	3.73549130854146
2.02763303026841	2.98977759857442	3.36899807167272	3.74979759705913
2.0347413546876	3.00673068132898	3.3826687393499	3.76331802358708
2.04184967910679	3.0195126423877	3.39352543532833	3.77482346016886
2.04895800352597	3.02140331422342	3.40407097998741	3.77916761852689
2.05606632794516	3.03173622619038	3.41327074089424	3.79451306843845
2.06317465236434	3.04292001574259	3.42247336875308	3.8060252712845
2.07028297678353	3.05376501092681	3.43550492309374	3.81028841173608
2.07739130120272	3.06534241356494	3.44542964208632	3.82520568245314
2.0844996256219	3.07186238718176	3.45444625561495	3.83713258289935
2.09160795004109	3.08567038984673	3.46632633883408	3.84836073332564
2.09871627446027	3.09685907881935	3.47752522374093	3.86190417293048
2.10582459887946	3.10864972180774	3.48878244678186	3.86808915300308
2.11293292329864	3.12093992569565	3.49958085622751	3.88337830888632
2.12004124771783	3.12548237559464	3.50756146638879	3.89127961322734
2.12714957213702	3.14062188063477	3.51934411723825	3.89776110765627
2.1342578965562	3.15717055350669	3.52944975471589	3.90812181273315
2.14136622097539	3.16304081875287	3.5415857709236	3.9184085099615
2.14847454539458	3.1632684910737	3.55252929590537	3.93509308016663
2.15558286981376	3.18413884517869	3.5637047600306	3.9446705841671
2.16269119423295	3.19168081756588	3.57613668877379	3.95714220777474
2.16979951865213	3.20203968126927	3.58521917032502	3.96426017740948
2.17690784307132	3.21478194002232	3.59220285492375	3.97182100101537
2.18401616749051	3.22912217539388	3.60363400266814	3.97858068407818
2.19112449190969	3.23601579768929	3.61791732117918	3.99943287514381
2.19823281632888	3.24289454195393	3.62533262579734	4.01014066730581
2.20534114074806	3.25004401123393	3.63776061678827	4.01637711792223
2.21244946516725	3.26526869934799	3.64541136877474	4.0308227488675
2.21955778958643	3.2778983166766	3.65640023982876	4.03796682325078
2.22666611400562	3.28275154130271	3.66940254030405	4.04324664218241
2.23377443842481	3.29598309354039	3.68211919072989	4.05473501883997
2.24088276284399	3.30247830377644	3.69007356830495	4.06621733575187
2.24799108726318	3.32062271734861	3.69769241032378	4.07583269014035
2.25509941168237	3.32480388705429	3.71099431020564	4.09119392874395
2.26220773610155	3.33602655677193	3.72044526523145	4.10907197782534
2.26931606052074	3.3403040890574	3.73195549095492	4.10794649486569
2.27642438493992	3.36025789591784	3.74386237885965	4.12654693785816
2.28353270935911	3.36664051155434	3.75252502184765	4.13344922723346
2.2906410337783	3.38202285159804	3.76286705270032	4.14934464287801
2.29774935819748	3.39281039392716	3.77578993173176	4.15773410319121
2.30485768261667	3.40737701273863	3.78231673827261	4.17025221441042
2.31196600703585	3.41510884586975	3.80142388152625	4.18040684155348
2.31907433145504	3.42349142717691	3.80705164646269	4.19036792926466
2.32618265587423	3.43322035260243	3.81765313335678	4.19952125927359
2.33329098029341	3.44866415586968	3.82677019645579	4.20882626993787
2.3403993047126	3.46045419989793	3.83713136490689	4.22460600971878
2.34750762913178	3.46413414553244	3.84937495230069	4.23286092376853
2.35461595355097	3.47399473153502	3.86112219541406	4.24999551217329
2.36172427797016	3.49260774101862	3.8717743922424	4.24368358561493
2.36883260238934	3.49562887985275	3.88119837906057	4.26643361388533
2.37594092680853	3.50646117200705	3.89353588817497	4.27258478282864
2.38304925122771	3.51772675795252	3.9004579425834	4.28694193178816
2.3901575756469	3.53011006278262	3.91375641041329	4.29686150029947
2.39726590006609	3.54411003995476	3.92261792510243	4.317864974411
2.40437422448527	3.55342009130046	3.93476443063063	4.31993939599592
2.41148254890446	3.5594798437696	3.94585345354498	4.32654013101699
2.41859087332364	3.57273335232761	3.95652542658752	4.33717683649484
2.42569919774283	3.57363240072627	3.96184850926491	4.34326619961251
2.43280752216202	3.60236178555648	3.97940370518721	4.36654829927718
2.4399158465812	3.60566052838319	3.98801644609413	4.37044002267164
2.44702417100039	3.62081169518269	3.99888192504067	4.38251386876802
2.45413249541957	3.61913807149796	4.00841816982339	4.39401748255748
2.46124081983876	3.63918046838919	4.01900241730303	4.40208217475384
2.46834914425795	3.64330207284567	4.03283894938102	4.41642725330379
2.47545746867713	3.65390494513585	4.04027954514306	4.42534086394905
2.48256579309632	3.66914491097819	4.05305678824823	4.43718263485349
2.4896741175155	3.67280826041189	4.06073149190552	4.4477419136136
2.49678244193469	3.68875738670615	4.07091203885872	4.45100605644473
2.50389076635388	3.69598095499093	4.08075350175399	4.46858163700155
2.51099909077306	3.71235690665698	4.09541902298113	4.48013232523331
2.51810741519225	3.71721393623304	4.1016874822154	4.48880810814267
2.52521573961143	3.72800104445671	4.11485403734649	4.4998536725865
2.53232406403062	3.73481011980131	4.12699660197416	4.50946996313474
2.53943238844981	3.75237133846584	4.13360824450058	4.51960626617708
2.54654071286899	3.7546909665283	4.1505612800077	4.53519471902368
2.55364903728818	3.77312644825636	4.15782296515886	4.54572501553956
2.56075736170736	3.78024165489603	4.17111933638313	4.55513878245814
2.56786568612655	3.79207899824703	4.17894449688379	4.55906549526253
2.57497401054574	3.80827175028288	4.18944871679081	4.5781756120104
2.58208233496492	3.81168702456576	4.20018592400658	4.59071044064668
2.58919065938411	3.82491258256908	4.21193835332728	4.60142877671274
2.59629898380329	3.82904312521888	4.22082812200577	4.60643290749106
2.60340730822248	3.85219835260016	4.23105130430533	4.61810389381399
2.61051563264167	3.85468345990929	4.24429496982378	4.63322649912824
2.61762395706085	3.8658549092356	4.25346640680233	4.64592051623567
2.62473228148004	3.87657901266792	4.26721561313109	4.64936804879024
2.63184060589922	3.87878830420844	4.27338444842131	4.66035647448851
2.63894893031841	3.89617773090644	4.28531372767186	4.674036035674
2.6460572547376	3.90411441806348	4.29719494809248	4.67893056574556
2.65316557915678	3.91699959084156	4.30561633328006	4.69732348868192
2.66027390357597	3.93369179813307	4.31813525328516	4.70893164932283
2.66738222799515	3.94582513753152	4.32475670381599	4.71817365046143
2.67449055241434	3.9532899916794	4.33742899461963	4.72440041513871
2.68159887683353	3.96692798986954	4.34839823472598	4.74075167903815
2.68870720125271	3.97235055502365	4.35904356572729	4.74926433435048
2.6958155256719	3.97849532956325	4.36809479201698	4.76228008623178
2.70292385009108	3.98721099302329	4.3776185348656	4.76685309654244
2.71003217451027	4.00255746308312	4.39149606109634	4.78465541489301
2.71714049892946	4.01144168070137	4.40032645141882	4.79448330707133
2.72424882334864	4.01661690532136	4.40985557996465	4.80284723966912
2.73135714776783	4.03748573700706	4.42318809499749	4.81161329226305
2.73846547218701	4.04977099525418	4.43325088259606	4.81961740269013
2.7455737966062	4.05419055978097	4.44450671515619	4.83578692789002
2.75268212102539	4.0630728594176	4.45350713710163	4.83876313477507
2.75979044544457	4.07201598222362	4.46596289238061	4.85052070022057
2.76689876986376	4.0857616510822	4.47507501229006	4.86694855749568
2.77400709428294	4.10180383591221	4.48673150346398	4.87844708179907
2.78111541870213	4.10231543213339	4.49861052088728	4.88285681898235
2.78822374312132	4.1154031811079	4.50958896329059	4.90109906716364
2.7953320675405	4.12189736000994	4.52086661419975	4.90699579582894
2.80244039195969	4.14071163117448	4.53059658617174	4.92851351492243
2.80954871637887	4.15161291580982	4.54449106459764	4.93206370235831
2.81665704079806	4.15813927490996	4.54696303779043	4.93715934015109
2.82376536521725	4.17487227594172	4.5617841571487	4.9514924701928
2.83087368963643	4.17873392041492	4.56912888822093	4.95467455392523
2.83798201405562	4.19230947461007	4.58345042831491	4.9750006577017
2.8450903384748	4.1961214860146	4.59111152544359	4.98078672209686
2.85219866289399	4.21209744705044	4.60252101487157	4.98893960948354
2.85930698731318	4.22005546482198	4.61529078316952	5.00774827416292
2.86641531173236	4.23992253598253	4.62489490207025	5.01402649699941
2.87352363615155	4.23852685353181	4.63562337521039	5.02605457708462
2.88063196057073	4.25374176076525	4.64785606815061	5.03569192088923
2.88774028498992	4.26450536787232	4.65466091583948	5.04646410942781
2.89484860940911	4.27907009104945	4.668345404535	5.06415560256046
2.90195693382829	4.29018313821163	4.67662790346502	5.06864727939045
2.90906525824748	4.29892607456644	4.69135746870138	5.07901690061027
2.91617358266666	4.30437788770904	4.69897962835934	5.09261711076113
2.92328190708585	4.31742858402442	4.71357571436741	5.10785980082355
2.93039023150504	4.33097096669867	4.72149302715621	5.12050112705804
2.93749855592422	4.34124645965988	4.73287850862106	5.11766398942385
2.94460688034341	4.34840510265745	4.74024894216337	5.13548696497954
2.95171520476259	4.36079210639834	4.74991476139575	5.14891164214737
2.95882352918178	4.36991122972151	4.76566647817709	5.15701602204763
2.96593185360097	4.38526179269339	4.77334561534756	5.16778130622132
2.97304017802015	4.39302687109758	4.78610393821372	5.1885349926281
2.98014850243934	4.40347931781087	4.79845236471452	5.19496369278851
2.98725682685852	4.40685377725255	4.80618468471153	5.19796975376897
2.99436515127771	4.41980883022155	4.81644519853667	5.21411471523665
3.0014734756969	4.43879461171495	4.82546949722281	5.22327226308083
3.00858180011608	4.44183326109043	4.83790594597605	5.23006381137358
3.01569012453527	4.44896474814792	4.84902532486846	5.24651484838501
3.02279844895445	4.46629146288864	4.85573210969102	5.24323313141836
3.02990677337364	4.47450627493285	4.86811101199943	5.26392976207888
3.03701509779283	4.4788544156296	4.88289669445006	5.27180120564691
3.04412342221201	4.49422078467279	4.89121529926566	5.29170366122159
3.0512317466312	4.505729306731	4.89848049822097	5.28981159325457
3.05834007105038	4.52419829160256	4.91131700875158	5.30493638857017
3.06544839546957	4.52666221894729	4.92499592127854	5.32078561781764
3.07255671988876	4.53650654658711	4.93180188043826	5.32660486215755
3.07966504430794	4.55339909107518	4.94512334759269	5.34365185944744
3.08677336872713	4.5601898280227	4.95318800967525	5.35422267826065
3.09388169314631	4.56693413967352	4.96486158483412	5.35206957394222
3.1009900175655	4.5836602680373	4.97793324976247	5.37582428333843
3.10809834198469	4.59287270207821	4.98886883928413	5.38893145674645
3.11520666640387	4.60212527945472	4.99695137349052	5.40025547906757
3.12231499082306	4.61568142340986	5.01006558250029	5.41007822029652
3.12942331524224	4.62566498480258	5.01840292781473	5.40958633138214
3.13653163966143	4.63138760395296	5.02903225879867	5.43055614061457
3.14363996408062	4.64684688907056	5.03687071190899	5.43509209526751
3.1507482884998	4.65555511028018	5.05172618447308	5.44665552233604
3.15785661291899	4.65439491171366	5.06139918855348	5.46303092341636
3.16496493733817	4.6691735768649	5.07119497101124	5.47213709847365
3.17207326175736	4.67402175423449	5.079818427493	5.47795169456317
3.17918158617655	4.70488844116574	5.09772989325228	5.48612753680567
3.18628991059573	4.7034891266125	5.10701331533897	5.50253946801847
3.19339823501492	4.71642342760942	5.1150728353283	5.51333178366091
3.2005065594341	4.73343033279315	5.12416853437832	5.52829434505316
3.20761488385329	4.73507587417745	5.13591681588999	5.53334913157713
3.21472320827248	4.74836666174072	5.1455859440945	5.54164682819876
3.22183153269166	4.75797026312708	5.15993174622152	5.55942494620629
3.22893985711085	4.77583765892782	5.16733494688515	5.57151972242467
3.23604818153003	4.77726516055306	5.1762903538236	5.57865321218076
3.24315650594922	4.79281960821127	5.19003902518071	5.5927074480617
3.25026483036841	4.80072615557287	5.20064071858165	5.59348219492283
3.25737315478759	4.81357014015371	5.20797166630112	5.60418114426092
3.26448147920678	4.8195069024736	5.21850680448943	5.62445780226088
3.27158980362596	4.82595649532056	5.22753734622008	5.63505832117995
3.27869812804515	4.84475448162979	5.2410131902681	5.6384976076699
3.28580645246434	4.84833198215738	5.24877803814423	5.65635494222285
3.29291477688352	4.86360223087616	5.26229656929041	5.66392226816769
3.30002310130271	4.87610586523965	5.27317726792585	5.67258843457829
3.30713142572189	4.88269713780862	5.28540506678451	5.68693013752983
3.31423975014108	4.89516777183229	5.2953544751885	5.69521504210506
3.32134807456027	4.90604529717779	5.30372358273469	5.70741336039445
3.32845639897945	4.91333887148964	5.31818466185498	5.72466813371865
3.33556472339864	4.92691064604214	5.32519217533766	5.73364654043376
3.34267304781782	4.92511394669935	5.33991243739819	5.73126128636327
3.34978137223701	4.93431112983317	5.34665460293848	5.74861177350991
3.3568896966562	4.95364946509843	5.36081850448414	5.76197443312128
3.36399802107538	4.96843437825809	5.37360126062227	5.77641146137185
3.37110634549457	4.97564926516692	5.38058964201195	5.7768738999194
3.37821466991375	4.99466197533794	5.39099658749745	5.79885188916735
3.38532299433294	5.00324551167761	5.4004356173741	5.81068834392332
3.39243131875213	5.00955279924995	5.41065611142144	5.81261987260405
3.39953964317131	5.01844711946711	5.42516714949697	5.82623528917791
3.4066479675905	5.03420124430748	5.43288803513638	5.83457066460624
3.41375629200968	5.03880573800086	5.44305187879655	5.84229526699997
3.42086461642887	5.04647998136126	5.45582155025953	5.85437793080164
3.42797294084806	5.06041548040073	5.46577684698564	5.86848330626829
3.43508126526724	5.07636326466461	5.47889236272544	5.8693581260327
3.44218958968643	5.0857732180325	5.48351657407093	5.89209783137421
3.44929791410561	5.09446070520158	5.49762915278016	5.90235528299324
3.4564062385248	5.10917107982099	5.50795415260966	5.90896745197061
3.46351456294399	5.11632418691878	5.51930512464123	5.92525187993712
3.47062288736317	5.12438607837288	5.52888057110208	5.93485604451487
3.47773121178236	5.12885834344747	5.54337832081818	5.94729242014678
3.48483953620154	5.14828706210378	5.55147480926334	5.95415738686491
3.49194786062073	5.15723232442452	5.55840715453028	5.97050685115255
3.49905618503992	5.16396695576221	5.56855712861714	5.97941126957219
3.5061645094591	5.1821286488611	5.57891179791207	5.98759829513907
3.51327283387829	5.18102424707417	5.59246852310016	5.99751733645409
3.52038115829747	5.20058326364498	5.60385591115865	6.01080133710144
3.52748948271666	5.20368399328206	5.61328732882762	6.02168845768632
3.53459780713585	5.22217044047082	5.62452044680586	6.02591848047398
3.54170613155503	5.22697680752229	5.63353369632059	6.04452182272567
3.54881445597422	5.23952801458021	5.64628565850074	6.05424173068958
3.5559227803934	5.25077744044074	5.6567277295713	6.06872899408541
3.56303110481259	5.25771733102808	5.66511050194267	6.07344579809366
3.57013942923178	5.27306468892031	5.67996792552099	6.09351541960273
3.57724775365096	5.28061018914064	5.68570839266836	6.09145225470719
3.58435607807015	5.2916433604013	5.70092517508004	6.10383492964975
3.59146440248933	5.30530770053021	5.70847528242635	6.10957391273671
3.59857272690852	5.31563691586541	5.71824178489218	6.12853061241056
3.60568105132771	5.32094781215994	5.72792077513652	6.14155209470448
3.61278937574689	5.33215284361068	5.73854014866618	6.14945919441957
3.61989770016608	5.34138154428054	5.75139810679255	6.15875072569353
3.62700602458526	5.34976560419014	5.76330515092702	6.17685580553825
3.63411434900445	5.36685774685468	5.77397524935046	6.18475057525383
3.64122267342364	5.37318830730954	5.78431481295085	6.19610103898669
3.64833099784282	5.39044262378077	5.7932065284198	6.20658237239572
3.65543932226201	5.39449822241721	5.80695892393434	6.22036402488877
3.66254764668119	5.41080097064112	5.81719311948473	6.23189683594541
3.66965597110038	5.41685306022904	5.82647527570448	6.23591001341451
3.67676429551957	5.42911224343759	5.83766811487187	6.24630456363684
3.68387261993875	5.43560509997225	5.84967351570718	6.25889417200138
3.69098094435794	5.44423947039686	5.85760245798343	6.27102661806796
3.69808926877712	5.46126434881099	5.86962108842446	6.28586078441811
3.70519759319631	5.46273154787637	5.87755833547473	6.29299515043175
3.7123059176155	5.47692018977505	5.88793405489388	6.3037029770271
3.71941424203468	5.48203960425103	5.89976638897598	6.31822058364954
3.72652256645387	5.49262916321146	5.90957814892577	6.32208950686034
3.73363089087305	5.51355039367029	5.92275659435771	6.33844682593812
3.74073921529224	5.52206977057129	5.92942094705474	6.34860305048956
3.74784753971143	5.53632742473918	5.94758545988729	6.35850000428704
3.75495586413061	5.54004392215778	5.95558574179102	6.36188918646714
3.7620641885498	5.54853575161356	5.96341846542571	6.37092965812548
3.76917251296898	5.56161090780251	5.97321978173239	6.37790836023068
3.77628083738817	5.56586941654455	5.98469310071895	6.39758388654901
3.78338916180736	5.58376971281757	5.99786168232799	6.40814877776346
3.79049748622654	5.58900591521989	6.00525209042456	6.42701209406892
3.79760581064573	5.59849685354223	6.01665981385331	6.42496979445189
3.80471413506491	5.61656262777061	6.02702127060248	6.44378913704522
3.8118224594841	5.62108432366986	6.03990057208558	6.45151866139662
3.81893078390329	5.62642923380695	6.0493764453865	6.46468018569853
3.82603910832247	5.64683325542121	6.0607264362536	6.47713371873908
3.83314743274166	5.64948723110754	6.06823622776336	6.48559227665319
3.84025575716084	5.65954397865403	6.0801496080042	6.49118307343464
3.84736408158003	5.67945167155944	6.09238431766188	6.50186072948246
3.85447240599922	5.69134195244428	6.10259224009898	6.51297789750659
3.8615807304184	5.69775550785679	6.11710075843094	6.53441600534821
3.86868905483759	5.70537989651323	6.12298338530832	6.54177239603484
3.87579737925678	5.72370729303721	6.13368762646663	6.55630496693984
3.88290570367596	5.72298393179416	6.14417785575839	6.56982008322932
3.89001402809515	5.7476277253406	6.16107808967715	6.57754900246869
3.89712235251433	5.74527532632687	6.16394532576903	6.5855794351057
3.90423067693352	5.75901937353663	6.17593394894688	6.59775738810721
3.9113390013527	5.76045834430917	6.18704417011221	6.6079982746393
3.91844732577189	5.78583774308599	6.20085725544691	6.61319880372649
3.92555565019108	5.79263614124092	6.20933836007602	6.62788432707272
3.93266397461026	5.80448096875107	6.21800160298285	6.64111424076484
3.93977229902945	5.80883838277387	6.23147636876852	6.64549074958303
3.94688062344863	5.82710657409935	6.24270898023131	6.66419439256295
3.95398894786782	5.83201290439678	6.25306361116474	6.67284449419697
3.96109727228701	5.84132353708033	6.26113043104723	6.6879838784399
3.96820559670619	5.8489177859772	6.27168957128769	6.69000025247596
3.97531392112538	5.86205291848871	6.28326493424441	6.70472208673233
3.98242224554457	5.87781559013998	6.2961380360967	6.7155711913174
3.98953056996375	5.87892004324136	6.3055367384589	6.7261281679225
3.99663889438294	5.90404397130094	6.31777864912749	6.74063260235674
4.00374721880212	5.90793444632694	6.32876967344546	6.75214153638005
4.01085554322131	5.91426961277608	6.33959147650924	6.75400840914873
4.01796386764049	5.92266206106871	6.34416690379685	6.76788638741782
4.02507219205968	5.9315610331678	6.35526106019948	6.77486933378023
4.03218051647887	5.94900442931638	6.36926447498651	6.7895802120255
4.03928884089805	5.95354017488981	6.37895143824319	6.79762243192733
4.04639716531724	5.97060004335597	6.38983597692907	6.8104911409707
4.05350548973643	5.98058072389635	6.40031393092429	6.82190394407643
4.06061381415561	5.98994251595179	6.41014559538548	6.82793455014786
4.0677221385748	5.99622015833954	6.42220173191652	6.84412093342423
4.07483046299398	6.01732088708642	6.4348053194123	6.85516343610527
4.08193878741317	6.01323276178398	6.44628811357271	6.86598758119575
4.08904711183236	6.03020105302792	6.45265146708087	6.87218927837277
4.09615543625154	6.04262561150408	6.46435264492786	6.88575822973172
4.10326376067073	6.0565336830261	6.47420776602531	6.89383065721051
4.11037208508991	6.06063583967249	6.4880802498034	6.91697843641817
4.1174804095091	6.0690357872253	6.49553163193145	6.92207874833171
4.12458873392828	6.0734126761347	6.50316921931169	6.93297502055349
4.13169705834747	6.09808238268859	6.51458911055358	6.93975059731329
4.13880538276666	6.09580531531537	6.52854125115075	6.94917617809677
4.14591370718584	6.1137576763332	6.54006579419454	6.96203567083573
4.15302203160503	6.11694590086429	6.5497869212723	6.97326082855011
4.16013035602422	6.13308831226437	6.55840780242953	6.98754121105387
4.1672386804434	6.14604341161797	6.5689787120592	6.98734417161787
4.17434700486259	6.15181047511125	6.58308712548139	7.0096974268574
4.18145532928177	6.16638848878192	6.58977851264296	7.01251563614083
4.18856365370096	6.16686653932296	6.60305033782894	7.03004360043465
4.19567197812015	6.1954469588452	6.61791023428039	7.04208047798095
4.20278030253933	6.1962330636164	6.62653868247348	7.04712200616453
4.20988862695852	6.2100123546868	6.63728655499906	7.05861060371219
4.2169969513777	6.21866326293482	6.64514618271755	7.07269641636487
4.22410527579689	6.2257553163451	6.65477163245849	7.08366347879941
4.23121360021607	6.23517261222138	6.66409369199484	7.08795590937841
4.23832192463526	6.25722663774594	6.67502221430151	7.10323503688766
4.24543024905445	6.2604750659797	6.68761307584176	7.12145778035312
4.25253857347363	6.26864714040224	6.69840990923793	7.12560961485804
4.25964689789282	6.27656555709162	6.70925898875708	7.13537517403089
4.26675522231201	6.28552361888766	6.72231639943519	7.1410178496888
4.27386354673119	6.30040740748338	6.72965307422246	7.15659943652455
4.28097187115038	6.31071696600551	6.74183747980782	7.16862757505356
4.28808019556956	6.32228230834914	6.7514736093174	7.17692167070024
4.29518851998875	6.33735201428547	6.76319606409844	7.19496096887739
4.30229684440794	6.34158210743832	6.77365691663405	7.19804267545711
4.30940516882712	6.35458840071183	6.78281499026614	7.21520325295182
4.31651349324631	6.35875162155673	6.7918517847219	7.22627766882224
4.32362181766549	6.37078630705716	6.80180991918069	7.233907114536
4.33073014208468	6.38711760393602	6.81432710170442	7.25296310392242
4.33783846650386	6.38626100055452	6.82689044111801	7.25532220718076
4.34494679092305	6.41406365227292	6.8361595021017	7.26450864024774
4.35205511534224	6.41119634331455	6.84737253282405	7.28209618291538
4.35916343976142	6.42585473541712	6.85825130910648	7.29703043346287
4.36627176418061	6.42748859524322	6.86727168125423	7.29897847771495
4.3733800885998	6.44852926775906	6.87552986969145	7.30786432623477
4.38048841301898	6.4561285920947	6.89281670882393	7.319367823676
4.38759673743817	6.46236190038659	6.90004340244554	7.33427728012789
4.39470506185735	6.48450680103897	6.90972420833006	7.33993346146262
4.40181338627654	6.48857273854542	6.92465546705471	7.35101870910097
4.40892171069573	6.48399213207254	6.93013253633773	7.35509686274813
4.41603003511491	6.50523075395887	6.94123119323335	7.3769081811436
4.4231383595341	6.51638855178838	6.95395635864019	7.38184509256839
4.43024668395328	6.52283969030409	6.96454370711695	7.38949966860928
4.43735500837247	6.54497554678866	6.97563772508786	7.40631618735066
4.44446333279166	6.55083431188209	6.98712269836306	7.42044080238308
4.45157165721084	6.56192979259999	6.99678329095608	7.43080209083555
4.45867998163003	6.57898847834403	7.01136508530318	7.43746695863703
4.46578830604921	6.58277684647118	7.01804046803173	7.45002885646143
4.4728966304684	6.59670094309949	7.02937295329748	7.4640211708467
4.48000495488759	6.60477006481527	7.0353235459423	7.47263987362915
4.48711327930677	6.61279593789481	7.04928023403975	7.47919696002441
4.49422160372596	6.63195658795299	7.0604017015242	7.49975930425693
4.50132992814514	6.63708452263727	7.07039477817782	7.50734679429758
4.50843825256433	6.64553912114118	7.08136318790223	7.51773153536743
4.51554657698352	6.65516174713074	7.09056675576256	7.51793943703446
4.5226549014027	6.65955424858885	7.09771817380163	7.53313161454663
4.52976322582189	6.67304241731725	7.11445163619676	7.55746396812719
4.53687155024107	6.6894847903021	7.12215195149093	7.55932143577677
4.54397987466026	6.70006591264927	7.13012352785599	7.57266662235834
4.55108819907945	6.70542401489318	7.14503530126649	7.5747533187594
4.55819652349863	6.71386119561081	7.15595817669757	7.59501395487412
4.56530484791782	6.72403708698351	7.16407629587898	7.60405725439951
4.572413172337	6.74246429145258	7.18196891348476	7.62537289953656
4.57952149675619	6.74285608382276	7.1852090796011	7.62403911704321
4.58662982117538	6.76108080701676	7.19891893830444	7.63717612860585
4.59373814559456	6.77264478277383	7.21034832406812	7.65507628361419
4.60084647001375	6.78536821139123	7.22132337605866	7.65665705265224
4.60795479443293	6.7836522166569	7.22965087037924	7.67300869446077
4.61506311885212	6.80255756691985	7.24158040159459	7.67848587566414
4.62217144327131	6.81540178644009	7.25081378472785	7.69543047782742
4.62927976769049	6.82091884440217	7.25879592406264	7.70329170609832
4.63638809210968	6.83434414506636	7.27445182750556	7.71657904454618
4.64349641652886	6.84337557453456	7.28290709241105	7.71822062448289
4.65060474094805	6.84320911745024	7.29438057743365	7.7361033484696
4.65771306536724	6.85540532888222	7.30152784444297	7.7521593886167
4.66482138978642	6.8752809421162	7.31764519459136	7.75987383922675
4.67192971420561	6.88074860385048	7.32299123387547	7.77707258351434
4.67903803862479	6.89257618016824	7.33519204353012	7.77353017523922
4.68614636304398	6.90192743273388	7.34674159986396	7.79168504383216
4.69325468746317	6.91189891799349	7.36074878489603	7.79695570913416
4.70036301188235	6.92463391250553	7.36670215363823	7.81063486947524
4.70747133630154	6.93540674851343	7.37616217488377	7.82499137198191
4.71457966072072	6.94759038771157	7.38754436525036	7.83306613848038
4.72168798513991	6.95562873715869	7.40044530226544	7.84266885520711
4.7287963095591	6.96035481514116	7.40918960731114	7.86442602136803
4.73590463397828	6.97018911273016	7.42408258153331	7.86531107043906
4.74301295839747	6.99397996281177	7.43106794907927	7.87531167966625
4.75012128281665	6.99444081860919	7.43920875908816	7.88782272280029
4.75722960723584	7.00609543721983	7.45316258038756	7.90199787641675
4.76433793165503	7.01814680387501	7.46425557793275	7.90488033425878
4.77144625607421	7.02963375315792	7.47679389695958	7.91764573550329
4.7785545804934	7.04208092946296	7.48660872204501	7.93623017404505
4.78566290491258	7.04987963273336	7.49748400125685	7.94558800222979
4.79277122933177	7.05852729101537	7.50763617500562	7.95750092910278
4.79987955375096	7.07201603004649	7.51613472357434	7.96613136609478
4.80698787817014	7.07825289556673	7.52597364699024	7.98002119389199
4.81409620258933	7.08915650928958	7.53812638147381	7.9807730588606
4.82120452700851	7.10247779069231	7.54497651582441	7.99745822670299
4.8283128514277	7.10811622696283	7.55843351657665	8.00116029634606
4.83542117584689	7.11854234394864	7.56922039512409	8.01623608835291
4.84252950026607	7.130127787994	7.58298917941517	8.03072384936823
4.84963782468526	7.14409018720712	7.59056866471093	8.03604623570015
4.85674614910444	7.15092892805624	7.60094337402457	8.04022512832412
4.86385447352363	7.15997988886093	7.60933565270942	8.05790905671615
4.87096279794282	7.17157807025604	7.62433507572945	8.07297612585381
4.878071122362	7.17932509082467	7.63264192354525	8.0850370413414
4.88517944678119	7.19512996586788	7.64208586821757	8.10046837394861
4.89228777120037	7.20015154504928	7.65291816451488	8.10550329419712
4.89939609561956	7.21697864684699	7.66408786514507	8.11748023257699
4.90650442003875	7.22857616832944	7.67543532110499	8.11842914155436
4.91361274445793	7.23094299018049	7.68389036009556	8.14029640787295
4.92072106887712	7.24347612575555	7.69806260252777	8.15042822048077
4.9278293932963	7.24883025209488	7.71223770215636	8.15967027490811
4.93493771771549	7.26462992870953	7.71614209435957	8.17373428822814
4.94204604213468	7.27426440275398	7.72972835182364	8.18281887381334
4.94915436655386	7.28359013707164	7.73997458465484	8.19446830343957
4.95626269097305	7.30053462077414	7.74963323393043	8.20417656753031
4.96337101539223	7.30671413308635	7.76290025955662	8.21516730087307
4.97047933981142	7.31410794940326	7.77390911916986	8.22053900817389
4.97758766423061	7.32664340716346	7.78689765968434	8.2360141176448
4.98469598864979	7.34289952490841	7.79114963528624	8.24950000604604
4.99180431306898	7.34904517067611	7.80550020202398	8.26157880363597
4.99891263748816	7.36117374079271	7.81567105947643	8.26999101868988
5.00602096190735	7.36484099764805	7.8236309469343	8.274700580903
5.01312928632654	7.37782583635676	7.83601140005138	8.28773788876295
5.02023761074572	7.3909974475009	7.84562256962082	8.30462106045591
5.02734593516491	7.40116434040136	7.85742612352063	8.31340043161813
5.03445425958409	7.40659271803256	7.86597452008238	8.32975733424757
5.04156258400328	7.4202091371716	7.88146119254672	8.32748083071952
5.04867090842247	7.42953340307405	7.88972253779089	8.34373009111065
5.05577923284165	7.43498495566023	7.898690321083	8.35667813382952
5.06288755726084	7.45035381431101	7.91011923198296	8.35782436788763
5.06999588168002	7.45208017878662	7.91984466955443	8.37055640728851
5.07710420609921	7.47603244899429	7.93319777679341	8.38439773833306
5.0842125305184	7.48090231347906	7.94148741112417	8.39851667127845
5.09132085493758	7.48875785785976	7.95200332276084	8.41152811671059
5.09842917935677	7.50051864434176	7.96466689792475	8.42585999820709
5.10553750377595	7.51502828808189	7.97371965641691	8.43191942429435
5.11264582819514	7.52351849681676	7.9840475340908	8.43842734667088
5.11975415261433	7.52509594418456	7.99576436534033	8.45608904263802
5.12686247703351	7.54716793585567	8.0036353258634	8.4653662515394
5.1339708014527	7.55435688353636	8.01574541298195	8.4689258279844
5.14107912587188	7.56895541504734	8.02713946785662	8.48439200737613
5.14818745029107	7.57495429082209	8.03595091494786	8.50102504273207
5.15529577471026	7.58325065258217	8.04906996318013	8.50336650483728
5.16240409912944	7.58426389613898	8.05913080943338	8.52037625714609
5.16951242354863	7.60893690542793	8.07191053436866	8.53298321266336
5.17662074796781	7.61962689954817	8.08006513139981	8.53970445679563
5.183729072387	7.62069601169251	8.09077772303519	8.55903024745881
5.19083739680619	7.63535491231998	8.10046394485212	8.56609541295569
5.19794572122537	7.65088158142914	8.11167292418503	8.57583349525425
