"mitochan"	"lwrNorm"	"medNorm"	"uprNorm"
-1.90327037354145	-4.83477342362092	-3.67441200184738	-2.52230447007077
-1.8966507915407	-4.81748664744839	-3.65863756557463	-2.52387878588336
-1.89003120953995	-4.81352623127079	-3.64446770109086	-2.50291582095606
-1.88341162753921	-4.79429248599647	-3.6319840299152	-2.4892070873687
-1.87679204553846	-4.78181105450527	-3.61891550805928	-2.48219617702965
-1.87017246353771	-4.75258702993151	-3.59957164928826	-2.46378262812781
-1.86355288153697	-4.7436852618361	-3.59256421826391	-2.46137533757783
-1.85693329953622	-4.73640830856527	-3.57263850999245	-2.45362228950838
-1.85031371753547	-4.72651659513037	-3.56171015625408	-2.45162232075613
-1.84369413553472	-4.69125017275315	-3.5505628202924	-2.41297594662576
-1.83707455353398	-4.68241920191142	-3.53826916902291	-2.40977663594944
-1.83045497153323	-4.67295048857373	-3.52123814922659	-2.40167537482517
-1.82383538953248	-4.64410187020675	-3.51763890660651	-2.39605765813678
-1.81721580753174	-4.63563342920042	-3.49799072360793	-2.38666102234058
-1.81059622553099	-4.61489463479982	-3.48100422229936	-2.36629778885114
-1.80397664353024	-4.60258263252967	-3.47431631373258	-2.35693030136976
-1.7973570615295	-4.59752113867068	-3.45892492612893	-2.35774136947134
-1.79073747952875	-4.56654743272655	-3.44224389645231	-2.34847047368619
-1.784117897528	-4.54151199579103	-3.43330182440271	-2.32543171999307
-1.77749831552725	-4.53066578358447	-3.42120789401688	-2.31566226386127
-1.77087873352651	-4.51670888150643	-3.40851329047852	-2.31967143729663
-1.76425915152576	-4.49599222018546	-3.39761943050245	-2.28619294772447
-1.75763956952501	-4.49557775537063	-3.38145653432656	-2.28092537494823
-1.75101998752427	-4.48073942994849	-3.36650091457495	-2.27390642368941
-1.74440040552352	-4.45132346830269	-3.35066086323434	-2.26895465686135
-1.73778082352277	-4.45311321529131	-3.33959807687556	-2.26088212273082
-1.73116124152202	-4.43478541359866	-3.32695594598951	-2.24181360264723
-1.72454165952128	-4.40850438787234	-3.31329854834704	-2.23517168778338
-1.71792207752053	-4.38805866796703	-3.29942298369506	-2.21961767388418
-1.71130249551978	-4.3862546067591	-3.28322452012335	-2.21475475022757
-1.70468291351904	-4.35770399945823	-3.2729573955594	-2.20042691916564
-1.69806333151829	-4.34649530326856	-3.26037073768036	-2.20352255882782
-1.69144374951754	-4.32697704156492	-3.24724715384872	-2.18557314507282
-1.68482416751679	-4.32437282898897	-3.23481679711968	-2.17731488992425
-1.67820458551605	-4.31201993308374	-3.22207902495985	-2.17320007689281
-1.6715850035153	-4.28870999320219	-3.20672388537416	-2.14580302103545
-1.66496542151455	-4.27214877922347	-3.19396833866463	-2.13354342667458
-1.65834583951381	-4.25521653308731	-3.18194063990905	-2.13554783275967
-1.65172625751306	-4.23437248245569	-3.16710942645935	-2.1190017907251
-1.64510667551231	-4.21423303880534	-3.15502167805045	-2.11799438288915
-1.63848709351156	-4.20252165801896	-3.14062302834955	-2.11346545971572
-1.63186751151082	-4.17360421600505	-3.126842678921	-2.09567551372455
-1.62524792951007	-4.16008001572239	-3.11653511673276	-2.08126980342975
-1.61862834750932	-4.15007920616887	-3.10221150878375	-2.04937823304334
-1.61200876550858	-4.13317446144321	-3.08692149413586	-2.04840925234816
-1.60538918350783	-4.12884660881805	-3.07774177996518	-2.04637418962252
-1.59876960150708	-4.12493551057707	-3.05941025837673	-2.03280930858779
-1.59215001950634	-4.09875616247983	-3.04832084089309	-2.03407293130092
-1.58553043750559	-4.08178370167654	-3.03349560178022	-2.00485458900042
-1.57891085550484	-4.0548470447115	-3.02044396175821	-2.00463513389909
-1.57229127350409	-4.04384873459772	-3.00705902281603	-2.0067443013939
-1.56567169150335	-4.02963820793508	-2.99344614352437	-1.98359479107015
-1.5590521095026	-4.01584539698943	-2.97864774623055	-1.97519393800594
-1.55243252750185	-3.98877055402416	-2.96229726104709	-1.96404899382381
-1.54581294550111	-3.98882289375216	-2.95687051338743	-1.94605657165775
-1.53919336350036	-3.963467735448	-2.9384801606066	-1.93643712959457
-1.53257378149961	-3.95483604463894	-2.92654503745395	-1.92919201410098
-1.52595419949886	-3.93701124677659	-2.91519214767838	-1.91273868993639
-1.51933461749812	-3.92362473323549	-2.9001283681417	-1.90517371463871
-1.51271503549737	-3.91189918497267	-2.88809336181025	-1.89708370422236
-1.50609545349662	-3.89109683906546	-2.87291373935441	-1.88528773160217
-1.49947587149588	-3.88497414521284	-2.865428416567	-1.86160730394777
-1.49285628949513	-3.84884391229149	-2.84843621277271	-1.8521736403386
-1.48623670749438	-3.84226706730419	-2.83155509425429	-1.84472249298476
-1.47961712549363	-3.81542971414562	-2.82507883487344	-1.83862807144798
-1.47299754349289	-3.81930534595306	-2.81044789429183	-1.82331385349027
-1.46637796149214	-3.79417856468385	-2.79647599697706	-1.82850974954957
-1.45975837949139	-3.7728670533725	-2.78709646171612	-1.80190700185407
-1.45313879749065	-3.7538359955605	-2.76896447060958	-1.79614654062074
-1.4465192154899	-3.73944758776806	-2.75129297799514	-1.79557390774059
-1.43989963348915	-3.74205326282077	-2.74098847554858	-1.77406401617004
-1.4332800514884	-3.70985231195059	-2.7268946944947	-1.76636534564079
-1.42666046948766	-3.70513101962157	-2.71789547257004	-1.74800409866963
-1.42004088748691	-3.68599137960986	-2.7048746717592	-1.74413785185552
-1.41342130548616	-3.66177433454474	-2.68742648644046	-1.72461676474363
-1.40680172348542	-3.63501941404435	-2.67810491784225	-1.72333772284233
-1.40018214148467	-3.63555074302028	-2.66332323772392	-1.71402280324669
-1.39356255948392	-3.62660012618985	-2.64706153775224	-1.69709939792139
-1.38694297748317	-3.59933446338294	-2.63688102151748	-1.68772489396138
-1.38032339548243	-3.59046889401013	-2.6267160616952	-1.68947802056806
-1.37370381348168	-3.57394107485227	-2.61293456441687	-1.67344951546398
-1.36708423148093	-3.55333886438141	-2.59487189586075	-1.65935930994389
-1.36046464948019	-3.54075120769208	-2.58287011249709	-1.64288344336818
-1.35384506747944	-3.52627166624397	-2.57147479621516	-1.64259007874346
-1.34722548547869	-3.51022964823034	-2.55666776796222	-1.62530018090351
-1.34060590347795	-3.48906381657818	-2.54107856555424	-1.5994259650987
-1.3339863214772	-3.48199352280731	-2.52843662781778	-1.60004177712737
-1.32736673947645	-3.45070024033374	-2.51296351198034	-1.59205357029033
-1.3207471574757	-3.45462720096312	-2.50318742243193	-1.59040894608015
-1.31412757547496	-3.42913682273213	-2.49068807589441	-1.5626313517568
-1.30750799347421	-3.40816394067051	-2.47560057148856	-1.55660455976932
-1.30088841147346	-3.40139348071038	-2.46739020550726	-1.54071131815613
-1.29426882947272	-3.37807021590268	-2.45145253406247	-1.54865615045492
-1.28764924747197	-3.36651759014318	-2.43710249120734	-1.51526060699551
-1.28102966547122	-3.35300455023908	-2.42405216107316	-1.51598846238141
-1.27441008347047	-3.33354261260999	-2.41155729168573	-1.48814011028417
-1.26779050146973	-3.3203218143396	-2.39867503390717	-1.48739916223222
-1.26117091946898	-3.31143288965334	-2.38972387903051	-1.48399399883618
-1.25455133746823	-3.28728609401489	-2.37218361813503	-1.4585461331918
-1.24793175546749	-3.27051197943719	-2.35642929407313	-1.46922998651138
-1.24131217346674	-3.26720303151401	-2.3473944017062	-1.44750729350694
-1.23469259146599	-3.23804459430188	-2.33006335188197	-1.43409317835991
-1.22807300946524	-3.22455667457102	-2.31292092963891	-1.42235004952209
-1.2214534274645	-3.21240972983499	-2.30287728758128	-1.41834984968407
-1.21483384546375	-3.20266325103672	-2.29228221085879	-1.40896737475098
-1.208214263463	-3.18317745369002	-2.27550098280966	-1.39691449088532
-1.20159468146226	-3.16345940640073	-2.26576835255675	-1.38062509083857
-1.19497509946151	-3.15230138550712	-2.25209005581937	-1.36511139914522
-1.18835551746076	-3.13049341492231	-2.2380911219544	-1.35557123582041
-1.18173593546001	-3.1218108683544	-2.22345711609461	-1.34979265357293
-1.17511635345927	-3.09920712190199	-2.21344169204083	-1.32918252087515
-1.16849677145852	-3.09131110326668	-2.19996023236426	-1.32204644756577
-1.16187718945777	-3.06849885047978	-2.18481069923035	-1.3160499751321
-1.15525760745703	-3.0659818468699	-2.17619130533868	-1.30519407859921
-1.14863802545628	-3.04323516554209	-2.15978214934683	-1.29882349261163
-1.14201844345553	-3.02313173877124	-2.14833274958381	-1.27783832504834
-1.13539886145479	-3.01887120632889	-2.12890621629387	-1.26793374722791
-1.12877927945404	-2.99551252342152	-2.1192932852102	-1.26096423074261
-1.12215969745329	-2.98323829211545	-2.10917999004026	-1.22989290909265
-1.11554011545254	-2.95497250041826	-2.09344993031859	-1.2264017636258
-1.1089205334518	-2.95426434043377	-2.07678428209812	-1.21956443179361
-1.10230095145105	-2.94188051237949	-2.0694374795378	-1.21584139344486
-1.0956813694503	-2.92195706275548	-2.05072428711115	-1.20163348513849
-1.08906178744956	-2.89401218688491	-2.03978462764025	-1.18588611870747
-1.08244220544881	-2.88446600580396	-2.02356459384959	-1.17952387123365
-1.07582262344806	-2.87716586486208	-2.01288367618094	-1.16993159565509
-1.06920304144731	-2.85500444732122	-2.00244124269536	-1.14431945374568
-1.06258345944657	-2.83855795985114	-1.9842430735349	-1.14187300065628
-1.05596387744582	-2.83394185364522	-1.97331654810436	-1.1278587447174
-1.04934429544507	-2.80763303454971	-1.95918436478132	-1.11994679647402
-1.04272471344433	-2.7974312305796	-1.94577522360236	-1.11141326704703
-1.03610513144358	-2.76543675255281	-1.93122992719756	-1.09734828014359
-1.02948554944283	-2.77134024650165	-1.92239801358294	-1.08924744654753
-1.02286596744208	-2.76125450598467	-1.90419048396748	-1.07560210918104
-1.01624638544134	-2.73493210170743	-1.89651148368641	-1.06782085700525
-1.00962680344059	-2.71757653061569	-1.88337869258137	-1.06251756151771
-1.00300722143984	-2.71023113541959	-1.86710319013134	-1.0467363663706
-0.996387639439096	-2.69412498915579	-1.85600217829686	-1.03152529162016
-0.989768057438349	-2.6738939017507	-1.84244890839678	-1.02521668774039
-0.983148475437602	-2.65174872426276	-1.82685611215683	-1.02289841739188
-0.976528893436855	-2.64650894686769	-1.81509987616053	-0.989873084174605
-0.969909311436108	-2.62339097525743	-1.80172900680339	-0.98375147853219
-0.96328972943536	-2.60665606458607	-1.79210910026951	-0.977997217242445
-0.956670147434613	-2.59417639336555	-1.77605851921704	-0.964937699276672
-0.950050565433866	-2.5812979489547	-1.76247747864689	-0.951102823098622
-0.943430983433119	-2.56295339102181	-1.74389030732816	-0.944137679610365
-0.936811401432372	-2.54582760714461	-1.73702371487162	-0.925733694926213
-0.930191819431625	-2.53845465756883	-1.71985534725065	-0.91657092809305
-0.923572237430878	-2.51655208002479	-1.71099382126148	-0.901996595235142
-0.916952655430131	-2.50503194907534	-1.69494335036637	-0.898339456086658
-0.910333073429384	-2.48819571566293	-1.68191404572231	-0.887025258822812
-0.903713491428637	-2.47574205037439	-1.67199940019146	-0.871730683874836
-0.897093909427889	-2.46075662018673	-1.65518611365866	-0.857584782862715
-0.890474327427142	-2.43772152728185	-1.64257838318951	-0.848142959732315
-0.883854745426395	-2.42386427079539	-1.62953337159764	-0.842935062915156
-0.877235163425648	-2.40914795600491	-1.61723349099604	-0.823997269001101
-0.870615581424901	-2.38909421730893	-1.6018452588916	-0.81387013039117
-0.863995999424154	-2.3809378063864	-1.59213555494937	-0.805950157668678
-0.857376417423407	-2.36755206165731	-1.57666215497828	-0.786301414589265
-0.85075683542266	-2.35031261594293	-1.5622010661413	-0.789166929080034
-0.844137253421913	-2.33874594858138	-1.55113415202976	-0.763076077553131
-0.837517671421166	-2.32663816618493	-1.53614852993749	-0.76907766232137
-0.830898089420418	-2.309473620147	-1.52621170572868	-0.745719864430822
-0.824278507419671	-2.2950565248579	-1.50595352640059	-0.736100175105066
-0.817658925418924	-2.28633275063181	-1.49531287694663	-0.718858568564954
-0.811039343418177	-2.26488144609746	-1.48221318191331	-0.703847203365478
-0.80441976141743	-2.24893445696363	-1.46947307909358	-0.702284769098748
-0.797800179416683	-2.23975189149549	-1.45248067261484	-0.686875445702448
-0.791180597415936	-2.22514626600087	-1.44465735488761	-0.670220110425422
-0.784561015415189	-2.20184567245187	-1.42741498992684	-0.670892254978757
-0.777941433414442	-2.1918793592034	-1.42088648117753	-0.660059511880415
-0.771321851413695	-2.16720178568415	-1.40236916953354	-0.640211028905883
-0.764702269412947	-2.14945687664362	-1.38801820147807	-0.62715571871439
-0.7580826874122	-2.14521751202654	-1.37691810530948	-0.616885049579596
-0.751463105411453	-2.12652773838608	-1.36603194027332	-0.610629467111643
-0.744843523410706	-2.10969563264872	-1.34891641713085	-0.606937351271982
-0.738223941409959	-2.09115648873812	-1.3411059276859	-0.581702523307629
-0.731604359409212	-2.07193654512478	-1.32368041608778	-0.569380320612558
-0.724984777408465	-2.07438031041915	-1.31407286403242	-0.554276492867032
-0.718365195407718	-2.05080317060522	-1.29483660795734	-0.541606152665306
-0.711745613406971	-2.03897048813417	-1.28263049769535	-0.538413211451268
-0.705126031406224	-2.03386847646135	-1.27058896370708	-0.52841302875797
-0.698506449405476	-2.0044649231887	-1.25772826232971	-0.515494303639564
-0.691886867404729	-1.99400295399288	-1.2428202549332	-0.501438661337809
-0.685267285403982	-1.98502924570663	-1.2293827922597	-0.480936852190518
-0.678647703403235	-1.97294587033869	-1.21716538407379	-0.478734697921461
-0.672028121402488	-1.95065209408872	-1.20603039253678	-0.466004184854687
-0.665408539401741	-1.9276380326815	-1.19105498873859	-0.461350396652449
-0.658788957400994	-1.92088018420293	-1.17667957212338	-0.443444813198273
-0.652169375400247	-1.90183059560844	-1.16290561453493	-0.427660766205048
-0.6455497933995	-1.90000795312594	-1.14826466986943	-0.41114361156904
-0.638930211398753	-1.87508842649154	-1.13860886570665	-0.402545748827206
-0.632310629398005	-1.859391331359	-1.1239559689176	-0.392262579514279
-0.625691047397258	-1.84546733260222	-1.11640862598876	-0.385065161630983
-0.619071465396511	-1.83131648564168	-1.09668668833203	-0.372989760404874
-0.612451883395764	-1.81765249957978	-1.08668460345885	-0.353896187800255
-0.605832301395017	-1.79824083656514	-1.07460452314953	-0.348143543751647
-0.59921271939427	-1.78264448847436	-1.05805295308936	-0.328287571019533
-0.592593137393523	-1.76978833783773	-1.04574934666709	-0.319970095995212
-0.585973555392776	-1.75962835431798	-1.03078518113263	-0.305988341404408
-0.579353973392029	-1.74399012752568	-1.01696949172767	-0.287708457091874
-0.572734391391281	-1.73349440509815	-1.00108576659512	-0.283897425430814
-0.566114809390534	-1.70896010100744	-0.994500458400719	-0.280470742935487
-0.559495227389787	-1.69383554223707	-0.980388979661905	-0.264194008733843
-0.55287564538904	-1.68553836484326	-0.962532420215831	-0.253693136269929
-0.546256063388293	-1.67799847934448	-0.953245230756094	-0.245652520773901
-0.539636481387546	-1.65261546303909	-0.934247860601256	-0.225280252339285
-0.533016899386799	-1.65087812433437	-0.924092892066675	-0.212565444662392
-0.526397317386052	-1.62827729353453	-0.912685465132005	-0.204964246924526
-0.519777735385305	-1.61634600034215	-0.900903729238275	-0.190988893439351
-0.513158153384558	-1.60223390334112	-0.884488969062717	-0.171147637724439
-0.50653857138381	-1.57767877781313	-0.876285534996605	-0.1611212670815
-0.499918989383063	-1.56774140185639	-0.861805130458037	-0.152312715913193
-0.493299407382316	-1.55321445273004	-0.848437606107398	-0.134958421819313
-0.486679825381569	-1.55257113052868	-0.832047133501294	-0.140070931086545
-0.480060243380822	-1.53044149374087	-0.820354780619015	-0.11273262236521
-0.473440661380075	-1.50678711587129	-0.808375370309852	-0.101529665540149
-0.466821079379328	-1.50528018092894	-0.795494232372192	-0.0926106341096694
-0.460201497378581	-1.49167971197469	-0.778266940320082	-0.0903499838845753
-0.453581915377834	-1.45987090637265	-0.767127608626481	-0.0532293461309808
-0.446962333377086	-1.45707802792391	-0.753125539533875	-0.0545638140444004
-0.440342751376339	-1.43990297130815	-0.740940044995163	-0.0398989170842722
-0.433723169375592	-1.42546186805033	-0.7277882866824	-0.0395753721646283
-0.427103587374845	-1.41387002423618	-0.712092898424075	-0.00847845577045347
-0.420484005374098	-1.39827730829128	-0.699518088130469	-0.00506237423094509
-0.413864423373351	-1.37906859485598	-0.685719873772424	0.00843540498495758
-0.407244841372604	-1.35943914782206	-0.676152891698146	0.022718681011589
-0.400625259371857	-1.35146112564921	-0.65938790876036	0.0335463948277718
-0.39400567737111	-1.34146024661074	-0.64890869453439	0.0343021714754523
-0.387386095370363	-1.31951050853383	-0.631025532320595	0.0499724554184577
-0.380766513369615	-1.31584484163912	-0.621363159250153	0.0693569400357315
-0.374146931368868	-1.28890646773225	-0.610159585835463	0.0801422075661075
-0.367527349368121	-1.27498138306305	-0.592040165386887	0.0893719371548861
-0.360907767367374	-1.26965073132641	-0.581830629750083	0.105538240080304
-0.354288185366627	-1.25014005392514	-0.56534553743884	0.110837313875661
-0.34766860336588	-1.23987982526016	-0.550875439103928	0.129893623549022
-0.341049021365133	-1.23483529647974	-0.54190823611611	0.139469900988685
-0.334429439364386	-1.22086323828922	-0.529057727226827	0.147230330738075
-0.327809857363639	-1.20895513283739	-0.515726494874481	0.17357194753835
-0.321190275362892	-1.17970364116281	-0.501459971674715	0.186017548674337
-0.314570693362144	-1.1583547361939	-0.48819940047914	0.199843187117559
-0.307951111361397	-1.16245369655709	-0.478481861424886	0.200861045195107
-0.30133152936065	-1.13944304202944	-0.462623301589672	0.220956177994783
-0.294711947359903	-1.13607007845597	-0.447214198669027	0.233657484902663
-0.288092365359156	-1.11332292130815	-0.436136210069248	0.243396107213129
-0.281472783358409	-1.1020784065578	-0.421813582938193	0.247872591666488
-0.274853201357662	-1.08334700630316	-0.412034230872889	0.261962749622116
-0.268233619356915	-1.07344630347573	-0.39333207839008	0.28143244807991
-0.261614037356168	-1.05761843630313	-0.382782182808405	0.283843827522855
-0.254994455355421	-1.05261321657801	-0.365853944877078	0.306739489072992
-0.248374873354674	-1.03945366459454	-0.356048826281061	0.321668260623405
-0.241755291353926	-1.0161608469196	-0.34446884683688	0.331675776128813
-0.235135709353179	-1.00355934601752	-0.330215313457679	0.343638657658762
-0.228516127352432	-0.990238200760765	-0.312995192178113	0.352284394224111
-0.221896545351685	-0.963875993741351	-0.301209991349281	0.372314304612345
-0.215276963350938	-0.958261077485655	-0.287533866482584	0.377547828353261
-0.208657381350191	-0.945439614815043	-0.276978196670647	0.39907157766859
-0.202037799349444	-0.925538751959366	-0.266054118552003	0.416053665053149
-0.195418217348697	-0.92018948850363	-0.253220334625523	0.43091561061938
-0.18879863534795	-0.908794915327016	-0.236590867305821	0.439558278327228
-0.182179053347203	-0.886221507572137	-0.219645696522581	0.445498090970276
-0.175559471346455	-0.87723571598079	-0.208880832881351	0.452180452327975
-0.168939889345708	-0.858459611840622	-0.196000485132502	0.472465960320089
-0.162320307344961	-0.848627472721071	-0.182838757929691	0.483582160369497
-0.155700725344214	-0.835796146710738	-0.170134744580416	0.499729282535309
-0.149081143343467	-0.820050627353879	-0.155947384221934	0.521188056275304
-0.14246156134272	-0.8075442011962	-0.140106292304328	0.526661282086174
-0.135841979341973	-0.799113870079777	-0.129890941314394	0.54149572992004
-0.129222397341226	-0.781690110094988	-0.119102230652828	0.547869530045552
-0.122602815340479	-0.765662879990516	-0.104748541182023	0.561128704629727
-0.115983233339731	-0.753006570797164	-0.0896983730587754	0.580340729937381
-0.109363651338984	-0.747079219934489	-0.0786653538525089	0.582526913407627
-0.102744069338237	-0.728464342396593	-0.0608970569419738	0.616870131941542
-0.09612448733749	-0.719002174861021	-0.0496991282640031	0.614941381795927
-0.0895049053367429	-0.697847553861142	-0.0352294713972951	0.629463674384019
-0.0828853233359959	-0.687201691327873	-0.0221595481466048	0.64344782873443
-0.0762657413352488	-0.680401088300234	-0.0110149785183924	0.648529159638909
-0.0696461593345017	-0.656923358699688	0.00229898951378237	0.675660335577107
-0.0630265773337546	-0.647712492539445	0.0134379690484855	0.685763501418417
-0.0564069953330075	-0.627931058184308	0.0313257991911241	0.687100051294188
-0.0497874133322604	-0.619259599961197	0.0439111152023243	0.713183283333913
-0.0431678313315134	-0.603816488799021	0.0572458805734181	0.729570748327894
-0.0365482493307663	-0.580597504393657	0.0693252068912254	0.728139063574166
-0.0299286673300192	-0.585413155501809	0.0795215750362604	0.749553033145209
-0.0233090853292719	-0.572393739989825	0.0949720344797642	0.76450908788812
-0.0166895033285248	-0.557548795996259	0.110126264806367	0.770936436341553
-0.0100699213277777	-0.535129965717245	0.118018298871482	0.788797498482156
-0.00345033932703065	-0.524193168917408	0.13384313243047	0.802124025086428
0.00316924267371643	-0.526761886655985	0.147926308590933	0.815211030248496
0.00978882467446351	-0.495155161073826	0.165875055938313	0.829776114840726
0.0164084066752106	-0.484580939528644	0.174349344789046	0.839288848195395
0.0230279886759577	-0.472489167378123	0.190504452331759	0.857957514514561
0.0296475706767048	-0.463044955248528	0.199923830572202	0.876339725743378
0.0362671526774518	-0.448884622092865	0.21353886999854	0.881287642843344
0.0428867346781989	-0.43855101840078	0.228524341365861	0.898234400873524
0.0495063166789462	-0.421717772069624	0.243088561933092	0.916965509103954
0.0561258986796933	-0.408341600910325	0.258261436986686	0.918352167519843
0.0627454806804404	-0.397499527607473	0.266700663791523	0.931825887336647
0.0693650626811875	-0.384050475314746	0.278744428691571	0.943940659104852
0.0759846446819346	-0.376331903784498	0.297111678945949	0.963177897189323
0.0826042266826816	-0.347603234918848	0.30908915709828	0.974592098592783
0.0892238086834287	-0.33820737208511	0.321375146987496	0.986974324589726
0.0958433906841758	-0.323288172112431	0.336694296197851	1.00842671808118
0.102462972684923	-0.317106820305469	0.347298203528891	1.01454424401739
0.10908255468567	-0.303092408787565	0.358522107654538	1.02725109334803
0.115702136686417	-0.301543040758709	0.376553410232084	1.04001971984712
0.122321718687164	-0.275270630968983	0.388283096756113	1.06205145826672
0.128941300687911	-0.264079022111609	0.398207649589772	1.07349518911423
0.135560882688659	-0.252589388255353	0.414052124836983	1.0868422660248
0.142180464689405	-0.238802670306284	0.425007282051361	1.10371959581841
0.148800046690153	-0.220222627034897	0.441019684559001	1.113138411969
0.1554196286909	-0.203832136358441	0.455321608983328	1.13156068261011
0.162039210691647	-0.204814400536745	0.466149775399971	1.13566278703161
0.168658792692394	-0.187860684504959	0.479392507187508	1.14710423799088
0.175278374693141	-0.175669116616988	0.495768877723195	1.16769907707441
0.181897956693888	-0.153371903303705	0.506954772576306	1.18213263809282
0.188517538694635	-0.153118247934876	0.520901950743036	1.19337366839004
0.195137120695382	-0.131344384867517	0.536081987724869	1.21684126670562
0.201756702696129	-0.128979697784118	0.548978247864246	1.22511904944058
0.208376284696877	-0.107284611406645	0.557933380705815	1.23582870745008
0.214995866697623	-0.0990663056130052	0.573984275044389	1.23997852156527
0.221615448698371	-0.090016511892149	0.584170103758348	1.2673370931446
0.228235030699118	-0.0786762464148031	0.598157414452111	1.28622675745576
0.234854612699865	-0.0517862997183092	0.613035039489375	1.28793738104973
0.241474194700612	-0.0429687672078379	0.626302691110711	1.30081202797844
0.248093776701359	-0.0351628477397629	0.638446158726771	1.31523922120138
0.254713358702106	-0.0235091435640841	0.656299818583673	1.32738567056881
0.261332940702853	-0.0103284690811618	0.666922275894908	1.34346154325436
0.267952522703601	0.0150124557772533	0.67799187553609	1.358462469528
0.274572104704347	0.0204383195301483	0.691946833520026	1.37669627518618
0.281191686705095	0.028379767472014	0.704445935768025	1.38862350255468
0.287811268705842	0.0276018617410904	0.721055071702383	1.4002127521236
0.294430850706589	0.0600243820951708	0.732912199420784	1.41348311277124
0.301050432707336	0.0702452893108548	0.746072206685962	1.43064084538662
0.307670014708083	0.0817775626063009	0.756707775609897	1.44746787598999
0.31428959670883	0.0947635633810334	0.77193386181909	1.4525949277671
0.320909178709577	0.100840327865577	0.789080938385793	1.46552607096509
0.327528760710325	0.1189241915396	0.800619588209769	1.48093454208956
0.334148342711071	0.122015824310601	0.812772892087341	1.50514671574886
0.340767924711819	0.145723255238444	0.825391645307251	1.51709510517874
0.347387506712566	0.158431752756472	0.842858441378522	1.53127168264371
0.354007088713313	0.157070109276773	0.850194915723229	1.54843618024789
0.36062667071406	0.182840568115668	0.866547463496192	1.55420309438552
0.367246252714807	0.197626009568377	0.878924101349579	1.571538579875
0.373865834715554	0.194060315687582	0.888894756266659	1.58687358013779
0.380485416716301	0.224931368761225	0.905079024308097	1.60204830738756
0.387104998717049	0.22688143192298	0.915976352126863	1.61401675380653
0.393724580717795	0.234496733573825	0.927631943637414	1.62028688428849
0.400344162718543	0.248524408932843	0.947114683049649	1.64303298699315
0.40696374471929	0.268701262996544	0.959380732234624	1.65814485637917
0.413583326720037	0.282320039883681	0.974875976329678	1.66997650495095
0.420202908720784	0.299584666463619	0.983590305322998	1.68500430414919
0.426822490721531	0.296948314064602	0.998888283713883	1.69372048503306
0.433442072722278	0.320000349353127	1.01183085235119	1.71605109576878
0.440061654723025	0.328181679895942	1.02628232312832	1.71554056566669
0.446681236723772	0.334233825338122	1.03619296169623	1.73632349424581
0.453300818724519	0.353312021060815	1.05570722855224	1.75986782119068
0.459920400725267	0.372370150974555	1.0643381468168	1.76594708492447
0.466539982726013	0.37849747846358	1.07585657276979	1.78724977133208
0.473159564726761	0.382088045983258	1.09300839018395	1.79874820160311
0.479779146727508	0.396340842709945	1.10517324490997	1.81728964823815
0.486398728728255	0.421940909634747	1.11538043120523	1.82333279661612
0.493018310729002	0.423222022198738	1.13060251908074	1.84696989687244
0.499637892729749	0.435700766774345	1.14540630282041	1.86453106101878
0.506257474730496	0.456414475070963	1.15150163173669	1.87432960358238
0.512877056731243	0.466140828650122	1.17025196084278	1.88322853787766
0.51949663873199	0.474176281261673	1.18486990868567	1.89790802794409
0.526116220732737	0.483886900395438	1.19761737729488	1.91345361305985
0.532735802733485	0.495730427187592	1.21283441487569	1.92442331543343
0.539355384734232	0.51410723771054	1.22587033883693	1.94049584469067
0.545974966734979	0.514287151631753	1.23756102613748	1.95737262297624
0.552594548735726	0.537622975091029	1.25089316884311	1.96806815940284
0.559214130736473	0.540820892108147	1.26450615105923	1.99205309568038
0.56583371273722	0.553222076796951	1.27701215297646	2.00366559750555
0.572453294737967	0.563586692694514	1.29425487840336	2.00777514179361
0.579072876738714	0.574540257994546	1.30290218953619	2.03389939229286
0.585692458739461	0.590725935531344	1.31733955686013	2.04139864757331
0.592312040740208	0.603551441662544	1.32768954492726	2.06865389422319
0.598931622740956	0.611929188012583	1.34745560647921	2.08031378778017
0.605551204741703	0.622864633730704	1.35635777034963	2.08494688508487
0.61217078674245	0.647765582778261	1.37105309709451	2.11182147059802
0.618790368743197	0.652981690735476	1.38261734154166	2.12448008446736
0.625409950743944	0.664455497764314	1.39758724817431	2.12538671209891
0.632029532744691	0.672896935890565	1.40840061983871	2.14450092138644
0.638649114745438	0.693302083892595	1.41789773689051	2.16903621395812
0.645268696746185	0.697837209152755	1.43617896523115	2.17418543695807
0.651888278746932	0.716828001364421	1.44518247193624	2.19149533124842
0.65850786074768	0.729115738882009	1.45903712008267	2.2048415335628
0.665127442748426	0.728633674368022	1.47674589689484	2.22317710658081
0.671747024749174	0.743952821405754	1.48989691857221	2.23418568219206
0.678366606749921	0.767767414781522	1.50410321484041	2.25950620918738
0.684986188750668	0.765454488993301	1.51253761761606	2.26321350829176
0.691605770751415	0.786416070852915	1.52829331277232	2.28561122381709
0.698225352752162	0.791477178520265	1.54115611959564	2.30073088044995
0.704844934752909	0.805353388497791	1.55912996883716	2.30698281874753
0.711464516753656	0.814575154086882	1.57024783652649	2.31629778652223
0.718084098754403	0.834655280555498	1.58346880461678	2.32912813454817
0.72470368075515	0.837177423869264	1.60087952032932	2.35143936142512
0.731323262755898	0.848398458691298	1.60807609197436	2.37413086871759
0.737942844756645	0.860233914287896	1.6208473885574	2.38542085410072
0.744562426757392	0.880414527490345	1.63969350850578	2.40057479510006
0.751182008758139	0.882092482767652	1.64689102588038	2.42036105826088
0.757801590758886	0.903807835492888	1.65864174958159	2.42314166915029
0.764421172759633	0.90663829506683	1.67602063216409	2.43856922122909
0.77104075476038	0.92463854039045	1.6913749627889	2.45920316755937
0.777660336761127	0.924663976361206	1.70654296505859	2.48321283557181
0.784279918761874	0.936020109625435	1.71486137237309	2.49019300863373
0.790899500762622	0.942485789855135	1.72777237718002	2.5044173190134
0.797519082763368	0.966365773918378	1.74081687231385	2.52842854122025
0.804138664764116	0.980114319690902	1.75268662955343	2.52731828184123
0.810758246764863	0.97973810597717	1.76934735664414	2.54916647149325
0.81737782876561	0.995909140048209	1.78214246393483	2.57681456090738
0.823997410766357	1.00869397078003	1.79368184015779	2.57194999668154
0.830616992767104	1.02282100126529	1.80493840053827	2.5954931301463
0.837236574767851	1.04350514476781	1.8224881637162	2.60762964863626
0.843856156768598	1.04776409875961	1.83472082256922	2.62219510190612
0.850475738769346	1.06749382870837	1.84837237480101	2.6428457882876
0.857095320770092	1.0707908521991	1.86467980434792	2.65129216910282
0.86371490277084	1.0907264323396	1.87207270905735	2.67607360476339
0.870334484771587	1.08885009022542	1.88015953284379	2.68685619581963
0.876954066772334	1.10675418976537	1.90273039986106	2.70627087218395
0.883573648773081	1.1194785291104	1.91435832348887	2.71820851638829
0.890193230773828	1.13088102957813	1.92432495701627	2.73698062496533
0.896812812774575	1.13592792463334	1.93814398321364	2.74138336466586
0.903432394775322	1.14775162092965	1.95297164638167	2.76576339293901
0.91005197677607	1.15909057890758	1.96721414816924	2.77102570208508
0.916671558776816	1.1687580175593	1.98004549272004	2.79403194578156
0.923291140777564	1.19030632366218	1.99337529892924	2.80725528362027
0.929910722778311	1.20231269358507	2.0051229976355	2.82689539027841
0.936530304779058	1.21095500557984	2.01725588473668	2.8348668271212
0.943149886779805	1.22328798091056	2.03473649788031	2.85657568859245
0.949769468780552	1.22639168086306	2.04730561039735	2.85801949543172
0.956389050781299	1.2464430856641	2.06192068120632	2.87867576975115
0.963008632782046	1.25580763110559	2.0742128736478	2.88879784029732
0.969628214782793	1.27446488362515	2.08428433277304	2.91028307550883
0.97624779678354	1.26478696529555	2.1047074097235	2.93115898283394
0.982867378784288	1.28044699725555	2.11244616448791	2.95192340464695
0.989486960785035	1.29322274239649	2.12706008671393	2.95439609811568
0.996106542785782	1.3023753109844	2.13942216920662	2.98695020778266
1.00272612478653	1.33213355739034	2.15052922615991	2.99133137035069
1.00934570678728	1.33771649668581	2.16623145389901	3.0045028179322
1.01596528878802	1.34627069077031	2.18265421652175	3.0101583193178
1.02258487078877	1.36178161774542	2.19384991146161	3.0359475279563
1.02920445278952	1.37764707709309	2.20602610997633	3.05320352016816
1.03582403479026	1.37501969767914	2.22100446001874	3.06747704930985
1.04244361679101	1.38945841163222	2.23298783010067	3.08086474982052
1.04906319879176	1.38744397127327	2.24700632242681	3.09508529986974
1.05568278079251	1.41738442598946	2.26163000599813	3.10551712737071
1.06230236279325	1.40921426259476	2.27095271250917	3.12247891140118
1.068921944794	1.43275883117723	2.28410246093449	3.1363540822731
1.07554152679475	1.43904465607172	2.30037088618026	3.15855993983783
1.08216110879549	1.4524318291164	2.31622176312658	3.16939452847018
1.08878069079624	1.46124940327243	2.32475005968108	3.17709998317624
1.09540027279699	1.4835621215646	2.33846018048706	3.20642528861129
1.10201985479774	1.49146073644579	2.35396698699405	3.21316866757317
1.10863943679848	1.50372884147332	2.36840521867247	3.23668896455841
1.11525901879923	1.51690206431637	2.37937401217716	3.24941813914213
1.12187860079998	1.51979302517148	2.39142597943117	3.2661215243002
1.12849818280072	1.53151849964271	2.40218177299774	3.28081158747835
1.13511776480147	1.53047780437815	2.4124221728271	3.29698780732482
1.14173734680222	1.56655640824936	2.43076444256003	3.30458440358871
1.14835692880296	1.57210404889729	2.44491938836304	3.32846123711809
1.15497651080371	1.57697031117432	2.455245308807	3.32967311067453
1.16159609280446	1.5921957788416	2.47173303209733	3.36355889035828
1.16821567480521	1.60153491088635	2.47971564501807	3.36142467911587
1.17483525680595	1.60676350735715	2.49925995679629	3.39017306979038
1.1814548388067	1.6286341462822	2.5110963145229	3.40594454741177
1.18807442080745	1.63203642001576	2.5252414639151	3.41448044361073
1.19469400280819	1.65179183693202	2.54011308449334	3.43149457224636
1.20131358480894	1.65529799730097	2.55012355578197	3.44299364015986
1.20793316680969	1.66934463845276	2.56136166002077	3.46326718435011
1.21455274881044	1.66813472376352	2.57844274959894	3.47790350682812
1.22117233081118	1.68185141321977	2.58705941361073	3.50009742535993
1.22779191281193	1.70297362836712	2.6033904175019	3.50331258450671
1.23441149481268	1.70129964224773	2.61686839053382	3.52850274247345
1.24103107681342	1.71519187026869	2.62338189789979	3.54173822752137
1.24765065881417	1.72673019985294	2.64310382716138	3.55610276438483
1.25427024081492	1.743902913007	2.65491674775675	3.56271764479655
1.26088982281567	1.75051812264922	2.67168069325311	3.60100158289673
1.26750940481641	1.75696575574269	2.68411827708284	3.60439173161807
1.27412898681716	1.78422834998549	2.69951075802846	3.6170911557381
1.28074856881791	1.77712454380288	2.71059909966063	3.62805189741935
1.28736815081865	1.79778256905809	2.72628582425317	3.66726685954846
1.2939877328194	1.80055577380909	2.73669222144437	3.66991658015406
1.30060731482015	1.82190627843919	2.74954939472867	3.67375731225501
1.3072268968209	1.8181785396795	2.76228100917337	3.69590385107122
1.31384647882164	1.84431332433367	2.77188676099636	3.71798980056736
1.32046606082239	1.85648883069023	2.79023314707567	3.74009692441091
1.32708564282314	1.8628905116474	2.8062894742494	3.74692808859342
1.33370522482388	1.86268548626614	2.8148073783379	3.76054987125986
1.34032480682463	1.8833751532452	2.82825085191435	3.77181107789905
1.34694438882538	1.90387255904847	2.84632839054209	3.80268689214351
1.35356397082613	1.9153835861728	2.85549320554038	3.81047916148305
1.36018355282687	1.92241413720182	2.86850584248638	3.82479282270844
1.36680313482762	1.92904538372453	2.88540187735896	3.83682025924037
1.37342271682837	1.94463196964133	2.89477019466825	3.8563309983354
1.38004229882911	1.94054849136978	2.91072422742289	3.87400741199881
1.38666188082986	1.95876151631288	2.92201938642767	3.88042905295754
1.39328146283061	1.97235804313356	2.93991711954124	3.907294266268
1.39990104483135	1.9934283659469	2.94992412140352	3.91303884381785
1.4065206268321	1.97936345478243	2.9694017499736	3.93587995117952
1.41314020883285	2.02094887259384	2.97544833003915	3.9584760032741
1.4197597908336	2.01556038112627	2.99228473596102	3.97022865920132
1.42637937283434	2.02365841710959	2.99847664617523	3.98275729473256
1.43299895483509	2.04346464020305	3.02184338078502	3.98819374048573
1.43961853683584	2.05985748272977	3.02914793242284	4.02392985749874
1.44623811883658	2.06917954331587	3.04453103454347	4.02996774947622
1.45285770083733	2.07834415098882	3.05428532921981	4.03050514498202
1.45947728283808	2.08266399458286	3.0686681868626	4.06225609981828
1.46609686483883	2.0967434304997	3.08413185875566	4.08511641885405
1.47271644683957	2.1027196317782	3.09218553698703	4.10191085738601
1.47933602884032	2.11339700244619	3.10765958433382	4.09623994238597
1.48595561084107	2.11570778771893	3.12486620629988	4.12823033927384
1.49257519284181	2.13547722285466	3.13355436812327	4.14336289321327
1.49919477484256	2.15155319314831	3.14551514700772	4.15681069953316
1.50581435684331	2.160453264891	3.15700358753107	4.17105265706274
1.51243393884406	2.15725601454323	3.17366390605743	4.18778909023014
1.5190535208448	2.17170603923631	3.18611890195027	4.1909560894875
1.52567310284555	2.18354160853561	3.20219656215863	4.22724578796968
1.5322926848463	2.18876451465719	3.21700489117749	4.24285226207073
1.53891226684704	2.20012769122703	3.22780481299849	4.2506057413138
1.54553184884779	2.21920065203779	3.24305790988661	4.27023603808951
1.55215143084854	2.2320943327343	3.25394213368634	4.29552411769127
1.55877101284929	2.24219650263014	3.26885331564983	4.29550963110526
1.56539059485003	2.24511259593505	3.28122304129976	4.32698836116525
1.57201017685078	2.26107444929744	3.29817980083688	4.31855883653494
1.57862975885153	2.27001450250187	3.30672404366835	4.33985833209408
1.58524934085227	2.29089603980678	3.3217271082242	4.36286129207743
1.59186892285302	2.29882131522695	3.33550854571259	4.38809932115115
1.59848850485377	2.30933602244764	3.34346590529696	4.38899165678455
1.60510808685452	2.33085016971832	3.36547778753869	4.40178945058546
1.61172766885526	2.32797190858873	3.37457153941108	4.42271589724399
1.61834725085601	2.33753856667172	3.38869345490257	4.4201418603135
1.62496683285676	2.35178534261189	3.4035582378812	4.45076737101438
1.6315864148575	2.36642008838968	3.41682679834789	4.46791586972306
1.63820599685825	2.36673270675294	3.42659816005643	4.49540969097825
1.644825578859	2.38607680811217	3.43872299303495	4.50911268366975
1.65144516085974	2.3945417529231	3.45935455087016	4.5100819749783
1.65806474286049	2.40378162764802	3.46506424997464	4.52076903878343
1.66468432486124	2.4099441993403	3.48047346226358	4.55075082430323
1.67130390686199	2.43300160011317	3.48706070590021	4.57020073581144
1.67792348886273	2.43110826951052	3.51048889800526	4.58132552412108
1.68454307086348	2.44378783586667	3.52023486839749	4.60701729800074
1.69116265286423	2.4529522027444	3.53217187613906	4.61833023811423
1.69778223486497	2.46131976924437	3.54667806991034	4.62696753876587
1.70440181686572	2.47591013232786	3.56308743358492	4.63605703587004
1.71102139886647	2.48809951425967	3.57274382404618	4.65539679911124
1.71764098086722	2.49705030421851	3.58754972443529	4.68437636245721
1.72426056286796	2.51144868784543	3.60189552493188	4.68845115003348
1.73088014486871	2.51979332508912	3.6150968103219	4.71195029753804
1.73749972686946	2.52527058172205	3.62667518489203	4.73216691408444
1.7441193088702	2.54049061119131	3.64380988879727	4.74364018331384
1.75073889087095	2.56521902639599	3.64976178930788	4.74706409975221
1.7573584728717	2.57185248832325	3.67031714269126	4.77829695566607
1.76397805487245	2.57397143976689	3.68224814854178	4.78735577553543
1.77059763687319	2.59238819728099	3.6923702822068	4.80352407820231
1.77721721887394	2.58652444485472	3.70383113488752	4.81312060348817
1.78383680087469	2.60273061550832	3.72212554675006	4.83670569287407
1.79045638287543	2.62242320855531	3.73739249235617	4.8414346515953
1.79707596487618	2.62984619696241	3.74741082687133	4.86862279286183
1.80369554687693	2.63349991898638	3.76063572714972	4.89574906575543
1.81031512887768	2.6612418130347	3.77177688844039	4.88831448658181
1.81693471087842	2.64231945389636	3.78372501827704	4.91765585116471
1.82355429287917	2.66983639998269	3.7972199302595	4.93073082812294
1.83017387487992	2.68644164266989	3.8125885884685	4.94531003084392
1.83679345688066	2.69160064011869	3.8293283845816	4.95308868569967
1.84341303888141	2.70937503644699	3.83907601822913	4.98296581564656
1.85003262088216	2.70130272741953	3.85357036989209	4.99758653522623
1.85665220288291	2.72706080950848	3.86889441154504	4.99493383297323
1.86327178488365	2.73494292049264	3.87922355057111	5.03130550769878
1.8698913668844	2.74701843550819	3.89480329199309	5.04429315319973
1.87651094888515	2.76201764592216	3.90359380789661	5.04957525858507
1.88313053088589	2.76158915423803	3.92002271776542	5.07709054285103
1.88975011288664	2.77027920967938	3.93301512325777	5.09496332270305
1.89636969488739	2.78545227884213	3.94638882647757	5.11325323067219
1.90298927688813	2.78928527519394	3.9597914896228	5.12172539024189
1.90960885888888	2.79622233434262	3.97122682938696	5.13738743487401
1.91622844088963	2.81799359464101	3.98594600462027	5.16788781096399
1.92284802289038	2.82754520779933	4.00246714138591	5.17412111807267
1.92946760489112	2.83383633947586	4.01183071913388	5.20154847003945
1.93608718689187	2.85464893526084	4.02761399378715	5.19567933746233
1.94270676889262	2.86086611230094	4.0411232495242	5.21019675417947
1.94932635089336	2.86856547393146	4.05265626714596	5.22692573460743
1.95594593289411	2.88059840237383	4.06571219134683	5.24868220089975
1.96256551489486	2.8884711203586	4.07422135203728	5.26884733238025
1.96918509689561	2.90162921202432	4.08782105489164	5.28930994846497
1.97580467889635	2.90174631570865	4.10171384023212	5.30583702166411
1.9824242608971	2.91836584960055	4.11903876751026	5.30617740657971
1.98904384289785	2.93505383444104	4.1294216282315	5.33768424698963
1.99566342489859	2.94566139513235	4.13754377574206	5.34082406553363
2.00228300689934	2.94370116648207	4.15789834993556	5.37446572284633
2.00890258890009	2.97800581225961	4.16997616532716	5.38337155177109
2.01552217090084	2.97689895803803	4.1877416931765	5.39395266891721
2.02214175290158	2.98483121783881	4.19862664869959	5.42210353821693
2.02876133490233	2.99542273678857	4.21423011578594	5.4291283026463
2.03538091690308	2.99969282239772	4.22306331721942	5.45634590112853
2.04200049890382	3.01428299153044	4.24141531747078	5.47190543378041
2.04862008090457	3.03772616865597	4.25317979824492	5.47669802103354
2.05523966290532	3.03294665090867	4.26214537999292	5.48866086927208
2.06185924490606	3.05269560869842	4.28178739011	5.50437378997749
2.06847882690681	3.06812682817759	4.29166703542153	5.53243462779138
2.07509840890756	3.08410751363952	4.30309723528231	5.5384609209782
2.08171799090831	3.08563817222838	4.31946826384176	5.55659624648303
2.08833757290905	3.08864902657833	4.33168063779981	5.57526575083015
2.0949571549098	3.10955863087857	4.34736234541014	5.59097571550854
2.10157673691055	3.10529879838311	4.35830424429385	5.60156919634856
2.10819631891129	3.11707303194425	4.36892234047436	5.62615852893091
2.11481590091204	3.13359552469167	4.38079660033958	5.62909381447166
2.12143548291279	3.13460325675755	4.39429682994059	5.64786455053436
2.12805506491354	3.15639437618086	4.40849987373708	5.66852709066754
2.13467464691428	3.15741723797941	4.4236560268448	5.68326064688134
2.14129422891503	3.17268223472802	4.43530915787188	5.69224296168467
2.14791381091578	3.1876566284364	4.45071035077933	5.71977811735313
2.15453339291652	3.19462349939325	4.46640497053762	5.74687732956939
2.16115297491727	3.20913493314844	4.47765883457141	5.74367827529113
2.16777255691802	3.2151070698043	4.48959404417099	5.76790100915499
2.17439213891877	3.22391814585916	4.49973908179574	5.7930799029469
2.18101172091951	3.22684417388558	4.51420857041652	5.8161856897627
2.18763130292026	3.25545662096501	4.52651273707537	5.82809955808283
2.19425088492101	3.2519444687127	4.54718798616105	5.83369044307004
2.20087046692175	3.2842292387842	4.55764293457553	5.84004994326754
2.2074900489225	3.27298284533961	4.57240855832691	5.85803167204927
2.21410963092325	3.2883715454254	4.58098854466037	5.86964415963163
2.220729212924	3.30981862911363	4.59742333614393	5.8841523051827
2.22734879492474	3.30080338098332	4.61233784641052	5.90562596164813
2.23396837692549	3.31700025477692	4.61956961369235	5.92277889750054
2.24058795892624	3.32535514922399	4.63714868488832	5.93963740788054
2.24720754092698	3.34404421305967	4.64890237955613	5.9755631117942
2.25382712292773	3.350598923925	4.66412896054985	5.96818054412739
2.26044670492848	3.35022075391348	4.67466703606784	5.97541714534718
2.26706628692923	3.38007446554122	4.69203628887965	5.99371082085101
2.27368586892997	3.38487484212456	4.70729224765662	6.02330879912623
2.28030545093072	3.393023096757	4.71599975346784	6.04341687561915
2.28692503293147	3.40096275551896	4.73252515275328	6.05755001575517
2.29354461493221	3.41379848911414	4.74622999723319	6.07267102137327
2.30016419693296	3.43849927847944	4.75695080286489	6.09319554633326
2.30678377893371	3.42408122166174	4.76936346053335	6.10691760433928
2.31340336093446	3.43803161990586	4.78178183891906	6.12514010656341
2.3200229429352	3.46451303062586	4.79557980491509	6.13151004075848
2.32664252493595	3.46033599455295	4.81174117068944	6.15862019966345
2.3332621069367	3.47475474771094	4.82694548978373	6.17592999506112
2.33988168893744	3.4946743824504	4.8389040334302	6.18260938070567
2.34650127093819	3.48209143918601	4.84331361876835	6.19803728271986
2.35312085293894	3.49232902019376	4.85805331863124	6.22536686608691
2.35974043493968	3.50700007079922	4.87431189442758	6.22850932121787
2.36636001694043	3.52193805322299	4.89116208503935	6.25036243225524
2.37297959894118	3.53228286083022	4.90304823922182	6.26997126361033
2.37959918094193	3.55766097203331	4.91267763456378	6.27541826956004
2.38621876294267	3.55486231611004	4.92605653734309	6.31012674806234
2.39283834494342	3.55994972064174	4.93718499298345	6.3131959301727
2.39945792694417	3.57467043231116	4.95261830622614	6.32912216937467
2.40607750894491	3.59111754928782	4.96927915829521	6.34247536618566
2.41269709094566	3.5933662768105	4.97861903227584	6.3508423405877
2.41931667294641	3.5925950625803	4.99523622803322	6.37712832225814
2.42593625494716	3.61207226949634	5.00638031955888	6.39355622923375
2.4325558369479	3.61763830933228	5.01937649637389	6.42098152368247
2.43917541894865	3.63200597457569	5.03234453714302	6.4348983813198
2.4457950009494	3.63226642934286	5.04460179151152	6.44008260917291
2.45241458295014	3.66117072340716	5.05437135417302	6.45001250330301
2.45903416495089	3.67025196379924	5.07514367171808	6.46967576969004
2.46565374695164	3.67865148001023	5.08615589384848	6.48494950212075
2.47227332895239	3.69934705189684	5.10094017233995	6.50594526967139
2.47889291095313	3.70064259445702	5.10984338893744	6.51648711738555
2.48551249295388	3.72064239089499	5.1297923249797	6.54300948784263
2.49213207495463	3.71882813754767	5.13934395005743	6.54960220061556
2.49875165695537	3.74090178673037	5.14884258094121	6.5737121723504
2.50537123895612	3.74345458902942	5.16494644656878	6.59194722407967
2.51199082095687	3.74990228020276	5.17845991089682	6.61156419738166
2.51861040295762	3.7653983554356	5.19569726501927	6.62601956486081
2.52522998495836	3.77147360139935	5.20676014398455	6.62718012822625
2.53184956695911	3.77850091664692	5.22240401088421	6.65598616654461
2.53846914895986	3.78448427104808	5.2355999542177	6.67237292063905
2.5450887309606	3.80865177822768	5.24398158071359	6.6831687741888
2.55170831296135	3.80538060229115	5.26050144148265	6.69716951691896
2.5583278949621	3.81376786905008	5.27125333572823	6.71502210970357
2.56494747696284	3.84891106949944	5.2848238416822	6.71983639045134
2.57156705896359	3.85586992962762	5.29818728695302	6.73316026740716
2.57818664096434	3.83507840753417	5.31147858987553	6.76596712600687
2.58480622296509	3.86185027194648	5.3203955406734	6.77480371068759
2.59142580496583	3.87908960139234	5.33938301263671	6.78980874076051
2.59804538696658	3.88963391818392	5.35163445019081	6.81077104829395
2.60466496896733	3.90667019165606	5.36335837031776	6.84497565845342
2.61128455096807	3.90735688044322	5.38169464011067	6.85638415857662
2.61790413296882	3.92417747876299	5.38993230954643	6.86105543049653
2.62452371496957	3.9172124710032	5.40607087016998	6.87575433563142
2.63114329697032	3.93231002054866	5.42235850736806	6.89892089514917
2.63776287897106	3.94606979067686	5.42626337352109	6.9097163662901
2.64438246097181	3.96288538968323	5.44605250922374	6.92462565659912
2.65100204297256	3.97259614119809	5.45896122751764	6.93343485355845
2.6576216249733	3.98540489996712	5.47102085134278	6.96172637455698
2.66424120697405	4.0040822891628	5.4861819433006	6.9676351947757
2.6708607889748	3.99070123007217	5.49965084062392	6.99597073575582
2.67748037097555	4.01013434282435	5.51502194825575	6.99134797750263
2.68409995297629	4.01854243979733	5.53340244776903	7.0245147045845
2.69071953497704	4.04034554224446	5.5356459563383	7.04206766558179
2.69733911697779	4.03316168252723	5.55681297696083	7.04785793415311
2.70395869897853	4.05750709050313	5.56545306747541	7.08246208786775
2.71057828097928	4.07218062620518	5.57337389361268	7.09091085800304
2.71719786298003	4.06466479175305	5.58973986407438	7.0951753945732
2.72381744498077	4.0860636732126	5.60692147497356	7.13602078159527
2.73043702698152	4.07727943172313	5.61841136780597	7.1304075671574
2.73705660898227	4.11522395445308	5.62956174910442	7.1560203913846
2.74367619098302	4.12351616103426	5.64169232687516	7.15467680201921
2.75029577298376	4.11618428083901	5.66080233602703	7.18817096691473
2.75691535498451	4.12411049590548	5.66582986457985	7.20535248727453
2.76353493698526	4.14527368550852	5.67967425808077	7.2306779826766
2.770154518986	4.15148537806751	5.6982205882201	7.22989473919765
2.77677410098675	4.17145691546346	5.71567120581635	7.25442041422765
2.7833936829875	4.18671033821681	5.72148798358233	7.26853995599719
2.79001326498825	4.18907848420831	5.7358611770145	7.29374517724179
2.79663284698899	4.18013831651957	5.75146528054686	7.29794710738463
2.80325242898974	4.20528452170827	5.7638991520967	7.30731445852347
2.80987201099049	4.21998621038504	5.77471085779469	7.34522996361947
2.81649159299123	4.22786643453931	5.78843145156463	7.36291584252895
2.82311117499198	4.22321571858327	5.80342666458577	7.3601667059867
2.82973075699273	4.22360837477737	5.81735953921329	7.36661693578146
2.83635033899348	4.26755625641009	5.82904147243942	7.39170699527868
2.84296992099422	4.26003157817117	5.84599268461581	7.40854535887578
2.84958950299497	4.26630186237438	5.85587336179966	7.43235353614454
2.85620908499572	4.28599825469414	5.86970103491551	7.4382459195978
2.86282866699646	4.30917479669437	5.88766453635233	7.47145692677531
2.86944824899721	4.31525938500113	5.89525613096575	7.48237699399634
2.87606783099796	4.3175991323811	5.91370761496369	7.48433651498643
2.88268741299871	4.3249693511373	5.91741927302781	7.49170692625491
2.88930699499945	4.33215675423107	5.93506683833187	7.52727415278493
2.8959265770002	4.32897374772067	5.95292083302445	7.54053123929543
2.90254615900095	4.36182320114727	5.96818536299682	7.54467617630703
2.90916574100169	4.36214411583295	5.97498545449141	7.58916573836377
2.91578532300244	4.37896526462286	5.99381678458199	7.58695707385879
2.92240490500319	4.37437018875771	6.00663210687931	7.61089784809671
2.92902448700394	4.38801924006971	6.0173176509558	7.63390263470307
2.93564406900468	4.41464895702602	6.03366193821558	7.62763336720813
2.94226365100543	4.41080453952454	6.04937790809976	7.66629435633515
2.94888323300618	4.43710749714889	6.05806695237149	7.67220721051513
2.95550281500692	4.43597907902799	6.06763717894697	7.68064636172386
2.96212239700767	4.4425150285667	6.08280950727533	7.67536000532891
2.96874197900842	4.459443072526	6.09078038156603	7.71402930723753
2.97536156100917	4.46480803784374	6.11185891801036	7.76339857930529
2.98198114300991	4.48745830854022	6.12278592000112	7.75450825074308
2.98860072501066	4.49842879209659	6.14084614691232	7.76805870898143
2.99522030701141	4.49615514601339	6.15259660671181	7.79128355294529
3.00183988901215	4.51384175457108	6.16452593256246	7.80904180196179
3.0084594710129	4.53356970069486	6.17975842253493	7.81746495858465
3.01507905301365	4.53365334823491	6.1920805797661	7.83232090930686
3.0216986350144	4.54532157306928	6.19390105830034	7.84386513419976
3.02831821701514	4.5564858487775	6.21779821103539	7.87210522528757
3.03493779901589	4.57961280049094	6.22735495001805	7.88360506288436
3.04155738101664	4.5802357044529	6.24272556505455	7.89068858711789
3.04817696301738	4.58650043766761	6.25526100317543	7.91350249811771
3.05479654501813	4.58792969241591	6.26269770929626	7.93143802728594
3.06141612701888	4.6065709229065	6.28031252727897	7.95415225331762
3.06803570901962	4.60547707183938	6.29538247492897	7.98105791547642
3.07465529102037	4.62698044846905	6.30835197693142	7.99279689586901
3.08127487302112	4.62825537733565	6.32220916309928	7.9708642719544
3.08789445502187	4.63782772121692	6.33188404395059	7.99237719588065
3.09451403702261	4.64847573955753	6.34446633598229	8.04282787108153
3.10113361902336	4.65526365225861	6.3588544246695	8.05109747251293
3.10775320102411	4.66823556915744	6.36823396024322	8.08004274570418
3.11437278302485	4.67772267883235	6.38516454921985	8.07498963001673
3.1209923650256	4.698149525424	6.40378097320303	8.09037105125109
3.12761194702635	4.71072808721155	6.42006976589671	8.11335361504864
3.1342315290271	4.7225278254467	6.42264656580418	8.11688554826649
3.14085111102784	4.72696458041947	6.44358713593353	8.15137212196653
3.14747069302859	4.73601745751681	6.45185979656029	8.15934124051917
3.15409027502934	4.74690976707474	6.46080889744122	8.18413917897347
3.16070985703008	4.75143742407095	6.48009163848869	8.18024441841496
3.16732943903083	4.75609585672966	6.49550232594386	8.20175347125225
3.17394902103158	4.7752324240579	6.50733570064719	8.22226910376789
3.18056860303233	4.79690770105848	6.51809775998625	8.24751836753266
3.18718818503307	4.7906753307735	6.53469108446792	8.25967514966
3.19380776703382	4.80969129496825	6.54503046027779	8.27801513206161
3.20042734903457	4.80676199178631	6.56285267180657	8.29940875282978
3.20704693103531	4.82869373577343	6.56236628470613	8.29430803998834
3.21366651303606	4.85961133776796	6.58491727063389	8.32675400437665
3.22028609503681	4.84478925174227	6.60330137458023	8.34839572554641
3.22690567703755	4.86229355445813	6.60874013424514	8.35851742467664
3.2335252590383	4.8699383635884	6.62790594587731	8.37776285249264
3.24014484103905	4.87105031308049	6.64169909322642	8.40210431039191
3.2467644230398	4.88415479441611	6.66021503170842	8.40363789173665
3.25338400504054	4.90197534124109	6.66978225258949	8.41123721089085
3.26000358704129	4.91316966787515	6.68059992713227	8.43256829863364
3.26662316904204	4.91995985238016	6.69418292679583	8.44644493594292
3.27324275104278	4.93583857272363	6.70485536417362	8.46288316719922
3.27986233304353	4.93250487632367	6.72703767963314	8.48570163133627
3.28648191504428	4.94723431917021	6.73543871388647	8.50130988299839
3.29310149704503	4.94639982561288	6.73944102749515	8.50223857707179
3.29972107904577	4.95981346168344	6.75926191078563	8.52583651158372
3.30634066104652	4.98271618935398	6.7708643138573	8.54178014940923
3.31296024304727	4.99061423655821	6.78506391358652	8.56775556197233
3.31957982504801	5.00561599254253	6.79671326446059	8.58718665923113
3.32619940704876	5.01463433939295	6.8127750900156	8.60242628985296
3.33281898904951	5.01885748963739	6.82708813775031	8.60951314402821
3.33943857105026	5.01617050983298	6.84345363921754	8.62960274896293
3.346058153051	5.03024247801078	6.85516708093718	8.65021209263648
3.35267773505175	5.04651344566054	6.86020640380158	8.67612516653338
3.3592973170525	5.05271975801438	6.8806892345209	8.68305327554295
3.36591689905324	5.0653778879675	6.8972562045776	8.69974908590777
3.37253648105399	5.09513960590263	6.91006763383964	8.72370891695625
3.37915606305474	5.08015063143215	6.92042645293831	8.74386163152798
3.38577564505549	5.11418187813212	6.93337166676201	8.75465676824178
3.39239522705623	5.12741136827123	6.94658399477552	8.78075394365752
3.39901480905698	5.11539357093705	6.96659241919387	8.77309721775276
3.40563439105773	5.13908946347911	6.97148182759332	8.79031790494426
3.41225397305847	5.14451864735942	6.98787702042895	8.80020144906611
3.41887355505922	5.1613458802407	6.99622053229942	8.81933271236058
3.42549313705997	5.17445807414654	7.01114064600584	8.83355007731319
3.43211271906072	5.17848531427618	7.02796100249961	8.86524881896288
3.43873230106146	5.16170884821605	7.03683037476219	8.87968316891525
3.44535188306221	5.18938065340257	7.04808053395468	8.89337771170402
3.45197146506296	5.20952500843548	7.06291718114395	8.91575629223132
3.4585910470637	5.21182546485957	7.07871553682908	8.94758062062341
3.46521062906445	5.22510450352213	7.08716111126975	8.93552672781257
3.4718302110652	5.24066662931119	7.10656296727438	8.96279584865248
3.47844979306595	5.2412844115016	7.12232252057586	8.98487052432499
3.48506937506669	5.24118763140773	7.12354184520312	8.99500003349226
3.49168895706744	5.27606021258817	7.14540810183129	9.01001814205345
3.49830853906819	5.28201240092699	7.15448948876354	9.01504719795389
3.50492812106893	5.29252207387369	7.17644784700334	9.04513510766048
3.51154770306968	5.28025126690915	7.18304330086181	9.05512573526967
3.51816728507043	5.31233138608924	7.19103082975823	9.05599609485778
3.52478686707117	5.31829294124879	7.20752993915866	9.08350366623227
3.53140644907192	5.30766226141554	7.2339766349346	9.10901107901634
3.53802603107267	5.32190957165543	7.23519618901088	9.12107702305835
3.54464561307342	5.33584266897285	7.24221015590672	9.1446269984825
3.55126519507416	5.35142381582198	7.26298828693447	9.16872196845415
3.55788477707491	5.35568154445359	7.26830483634953	9.16882313219061
3.56450435907566	5.38284129439265	7.28949664255215	9.18836794668182
3.5711239410764	5.39542696753884	7.30302334020827	9.20464539299332
3.57774352307715	5.38014549420864	7.32185112182593	9.22171778776975
3.5843631050779	5.40324358157864	7.33035373498204	9.24162723897928
3.59098268707865	5.40998892816187	7.34376778046052	9.24319106194669
3.59760226907939	5.4199431602673	7.36212876330526	9.28481093538287
3.60422185108014	5.44017687542764	7.36707246862171	9.28386476343251
3.61084143308089	5.44834254854236	7.38348702378989	9.29868032527844
3.61746101508163	5.44376071448584	7.38947303786175	9.32111963039408
3.62408059708238	5.46627080466112	7.41218693453298	9.34267265101872
3.63070017908313	5.47994355534229	7.4177345548085	9.35731121927016
3.63731976108388	5.49050900434493	7.42927454178403	9.37172972033841
3.64393934308462	5.49795064385603	7.44681037493365	9.38423206709557
3.65055892508537	5.52159775266523	7.46055889680184	9.39008076389709
3.65717850708612	5.51273702188751	7.47859753074354	9.43301524722967
3.66379808908686	5.52512368003928	7.4937329991406	9.43923393548523
3.67041767108761	5.53759942499428	7.49993449890413	9.45222490802319
3.67703725308836	5.55155531519079	7.51643359498331	9.48966172174217
3.68365683508911	5.54126452916544	7.52739534759734	9.48539891584119
3.69027641708985	5.56799023357125	7.53967768308327	9.50334702777866
3.6968959990906	5.57339848796337	7.55040751217602	9.5166445081847
3.70351558109135	5.59613459963392	7.56695322986265	9.54147774273496
3.71013516309209	5.60172166946728	7.58053105072503	9.54181895589868
3.71675474509284	5.60193450406974	7.58938303455278	9.57249887149862
3.72337432709359	5.60989278365211	7.61105186849953	9.5813559636735
3.72999390909433	5.6350067961273	7.61540734972517	9.6078019604847
3.73661349109508	5.63686422383313	7.63093003542332	9.59977388248179
3.74323307309583	5.64420727165482	7.65108525403656	9.64076328765897
3.74985265509658	5.65051315251768	7.66078081039359	9.6434747337125
3.75647223709732	5.68280038517979	7.67909820348499	9.65746255728187
3.76309181909807	5.67181162146691	7.68966518951839	9.68270437941989
3.76971140109882	5.66963639379683	7.70186705654631	9.70406279597138
3.77633098309956	5.68672431915826	7.71108726064649	9.70859154375892
3.78295056510031	5.70044079534736	7.73185899625336	9.74427409942221
3.78957014710106	5.72516088370211	7.74736226586389	9.71988508254897
3.79618972910181	5.73433987241419	7.76359625041096	9.76641815147703
3.80280931110255	5.74250241920865	7.76627337161058	9.77219041236737
3.8094288931033	5.74679292298651	7.78607792295079	9.80553038367577
3.81604847510405	5.75456551641083	7.79197398326831	9.8099499821771
3.82266805710479	5.7835857360661	7.81623309046925	9.85038348694239
3.82928763910554	5.78160546033976	7.8238574870706	9.83212676281551
3.83590722110629	5.79887416512594	7.83058677612639	9.87770716255822
3.84252680310703	5.7939463557845	7.85764769587895	9.8744162108299
3.84914638510778	5.81650642967318	7.85920710157826	9.88931369336387
3.85576596710853	5.80776422693827	7.87700876078081	9.9075479630092
3.86238554910928	5.81970590058169	7.884842177754	9.91545024364001
3.86900513111002	5.83955016006507	7.89875747389644	9.93286235598745
3.87562471311077	5.86372670985237	7.91875435784145	9.96188534865427
3.88224429511152	5.85691235346569	7.9275786162795	9.97184465197478
3.88886387711226	5.85778617422169	7.93796779342969	9.99408916611336
3.89548345911301	5.87126338513754	7.95136345244227	10.0161272733717
3.90210304111376	5.89266424666682	7.97364515383115	10.032932319566
3.90872262311451	5.91464739255685	7.98233994853044	10.0507299244096
3.91534220511525	5.92443743687135	7.99259023077379	10.049291887916
3.921961787116	5.91735188959146	8.00618175935004	10.0753461613678
3.92858136911675	5.94877452313698	8.02229734850725	10.0702559102315
3.93520095111749	5.92202810213013	8.02805553659694	10.0997865693576
3.94182053311824	5.94866064672306	8.04672942959467	10.1263646754403
3.94844011511899	5.96742394473244	8.05894189228914	10.141388954816
3.95505969711974	5.96921054108495	8.07352326903096	10.1606590628316
3.96167927912048	5.96761314380193	8.09096174882277	10.1834366565733
3.96829886112123	6.00144128517837	8.10734869917493	10.1750054369566
3.97491844312198	5.99568366266629	8.11416328254429	10.2264748102161
3.98153802512272	6.01634420707456	8.12316362403497	10.2217658587404
3.98815760712347	6.02388582141139	8.13887392717212	10.2386995861377
3.99477718912422	6.02091603947225	8.15671671299692	10.2569539955732
4.00139677112497	6.06111987543246	8.16693761605259	10.2775872804573
4.00801635312571	6.06804064762689	8.17564347225718	10.3046492293323
4.01463593512646	6.07757230242385	8.19171752596811	10.3156268714487
4.02125551712721	6.08527039614436	8.20578703883357	10.2998350662986
4.02787509912795	6.08402656891291	8.21757443516648	10.3354413213329
4.0344946811287	6.09184958900543	8.23671993892063	10.3538814844667
4.04111426312945	6.10205090545089	8.24632356837249	10.3826339502922
4.0477338451302	6.11594291780481	8.261006566066	10.3836824718334
4.05435342713094	6.09272014932183	8.27118064608457	10.4166774039172
4.06097300913169	6.11994536878873	8.28807646156321	10.4202330493464
4.06759259113244	6.15766301490787	8.29761375577147	10.43897564918
4.07421217313318	6.14647886019632	8.30831517376559	10.4452685204731
4.08083175513393	6.16168453186358	8.32271724012908	10.4677613574015
4.08745133713468	6.15882879578972	8.33985391547681	10.4793502920962
4.09407091913543	6.19666658706277	8.34627295189645	10.4891239608635
4.10069050113617	6.18880082584298	8.36731168522046	10.5018206563607
4.10731008313692	6.20229145770226	8.37613418837906	10.5241526108668
4.11392966513767	6.19074437247709	8.39416880295794	10.5502887939667
4.12054924713841	6.22358812586125	8.40903031997695	10.5858004258887
4.12716882913916	6.20815426489851	8.41857514233489	10.5968811619504
4.13378841113991	6.25008786072138	8.43450866550451	10.5902227213432
4.14040799314066	6.24858199860299	8.44474092939904	10.6131819578988
4.1470275751414	6.26261769814354	8.4568448801938	10.620497002227
4.15364715714215	6.27999062325053	8.47052455519005	10.6480807032177
4.1602667391429	6.28933201494849	8.47723822897027	10.6584364930566
4.16688632114364	6.29542953420127	8.49489570942243	10.6892731492119
4.17350590314439	6.29285146683935	8.5181264793004	10.6896326146901
4.18012548514514	6.31603670069148	8.53097402532441	10.6947122408957
4.18674506714589	6.32977933417591	8.53481742894308	10.7263256218412
4.19336464914663	6.33474751075287	8.5440145901599	10.737801709887
4.19998423114738	6.33696116168595	8.56270465475666	10.7622083260161
4.20660381314813	6.36455541369618	8.58224931009717	10.7813993655193
4.21322339514887	6.37234330888654	8.58838547093908	10.7848176068316
4.21984297714962	6.36425016386673	8.60536199773478	10.8199432445275
4.22646255915037	6.37707663746333	8.61322310246925	10.7933250710873
4.23308214115112	6.38918814777791	8.62827233748519	10.8435596952414
4.23970172315186	6.40275860370748	8.65166784429873	10.8586042649049
4.24632130515261	6.40405299321942	8.65746281069365	10.8546226890564
4.25294088715336	6.42307925142653	8.67143155363935	10.9026018323875
4.2595604691541	6.43495406981016	8.67873295446594	10.9080967909253
4.26618005115485	6.4359482613863	8.70307332493632	10.9138220181668
4.2727996331556	6.46437478400598	8.71079989532567	10.9331131380701
4.27941921515634	6.47463691504512	8.72507436462326	10.9575486165722
4.28603879715709	6.46839577273238	8.73548440462897	10.9780224841162
4.29265837915784	6.48882288549482	8.7504711598745	10.9948102099451
4.29927796115859	6.4760972610121	8.76007108549825	10.9877514935593
4.30589754315933	6.51644230290236	8.78292352873989	11.0040932455006
4.31251712516008	6.51772313233138	8.78660826155202	11.0277963435474
4.31913670716083	6.51632820914469	8.79605034362411	11.0436869102294
4.32575628916157	6.53372963067596	8.81389622387817	11.085609025825
4.33237587116232	6.5635057940658	8.82960842812746	11.0809438090596
4.33899545316307	6.54970306303426	8.84246191757521	11.1039605047059
4.34561503516382	6.58321002627181	8.85830830584091	11.1463957877208
4.35223461716456	6.58233178541008	8.86798824514128	11.1288429434346
4.35885419916531	6.58612422996032	8.88105668589623	11.147673219802
4.36547378116606	6.59858288123792	8.90488792445468	11.1843339791224
4.3720933631668	6.61472059404579	8.90413028741939	11.185775838134
4.37871294516755	6.61483901329953	8.92676793043757	11.219982897073
4.3853325271683	6.61710495850443	8.93316571160472	11.2172126104425
4.39195210916905	6.63967391704601	8.94598120684607	11.2455118337568
4.39857169116979	6.64861020600727	8.96406637748744	11.2656405119899
4.40519127317054	6.65078942376824	8.97174884007473	11.2676767174265
4.41181085517129	6.67288617663876	8.98421583545999	11.3117015556539
4.41843043717203	6.68136121320472	8.9974264758926	11.3097153615583
4.42505001917278	6.68317625627621	9.02010052857237	11.3278493619535
4.43166960117353	6.71312896288012	9.02881312775951	11.3358269470424
4.43828918317428	6.71724262028874	9.03507886156475	11.362333696832
4.44490876517502	6.72313084020449	9.05089950321011	11.3772497583285
4.45152834717577	6.74011050880265	9.06702422108079	11.3803267837238
4.45814792917652	6.7551255206055	9.08323316105795	11.4145983152297
4.46476751117726	6.76412492853456	9.08950128313689	11.4082494882154
4.47138709317801	6.75777652281653	9.11116274309609	11.4266827809309
4.47800667517876	6.77319185061108	9.11354337438373	11.4682198446565
4.4846262571795	6.78032001676353	9.14128109892995	11.4674617521096
4.49124583918025	6.78910397728616	9.15070569932137	11.4889374495045
4.497865421181	6.80373576927156	9.16164798487857	11.494838238397
4.50448500318175	6.81246157368982	9.16972144153194	11.5307839585398
4.51110458518249	6.818511432922	9.1868871825204	11.5329467521911
4.51772416718324	6.83965024667657	9.21223254887092	11.5484324603946
4.52434374918399	6.84997211855313	9.21612702786771	11.5680397357106
4.53096333118473	6.82506133410461	9.22469133421322	11.5887993529603
4.53758291318548	6.86970926542624	9.23962176029949	11.5885213048869
4.54420249518623	6.85715555605257	9.2581956004628	11.6104561133813
4.55082207718698	6.87784169575041	9.27129861853673	11.6288720890447
4.55744165918772	6.89510480100714	9.28049379391273	11.6722547608711
4.56406124118847	6.90194924851206	9.29441328518083	11.6645641952157
4.57068082318922	6.9020456236226	9.31700727086598	11.678604467142
4.57730040518996	6.92047717837897	9.32389111487813	11.7036260734513
4.58391998719071	6.92691539956339	9.33637451496272	11.7310445068252
4.59053956919146	6.94853789518992	9.34838822943419	11.7492542983817
4.5971591511922	6.94525810364187	9.36185996483336	11.7540556282715
4.60377873319295	6.96389011650697	9.38008416704936	11.7828164224149
4.6103983151937	6.98023357491588	9.38763881647991	11.7954551319203
4.61701789719445	6.96543062690099	9.39317128627663	11.8067843558177
4.62363747919519	6.97798656827606	9.41541789366374	11.8080810138146
4.63025706119594	6.99954257502617	9.42767758092468	11.8168056456879
4.63687664319669	7.00263222562901	9.44057790344182	11.8416432458442
4.64349622519743	7.0278501672215	9.45759090264804	11.8590569270101
4.65011580719818	7.01944076961881	9.47505263319946	11.8871202643733
4.65673538919893	7.05190480619452	9.4802266602694	11.9085762952529
4.66335497119968	7.06306411282135	9.49598865271758	11.926887757788
4.66997455320042	7.03825113087281	9.50955667355459	11.9363953167117
4.67659413520117	7.0778383840187	9.52047962384917	11.9636283203933
4.68321371720192	7.08918192241153	9.52930002472314	11.9587020990323
4.68983329920266	7.11899299715742	9.54541788463973	11.9824718818274
4.69645288120341	7.08968100160213	9.55917713793029	11.9911421368478
4.70307246320416	7.10990489499594	9.56607432158481	12.0111703781657
4.70969204520491	7.12943047652656	9.5874085364744	12.0260977712169
