"mitochan"	"lwrNorm"	"medNorm"	"uprNorm"
-1.90327037354145	-3.04798802390988	-2.66268733821616	-2.2882476220566
-1.89755293934577	-3.03487774884067	-2.65737902979447	-2.2733658670968
-1.8918355051501	-3.02864964248703	-2.64879680890492	-2.26764090344748
-1.88611807095443	-3.01722564780446	-2.63845161595244	-2.25588715858734
-1.88040063675875	-3.01183161359295	-2.62900787052759	-2.25296473579419
-1.87468320256308	-3.0057163529002	-2.62487508117991	-2.24039821870984
-1.8689657683674	-3.00637753406582	-2.61518109308408	-2.2400714498281
-1.86324833417173	-2.99040686851065	-2.60695631239225	-2.22805624249269
-1.85753089997605	-2.97433912026593	-2.59900138099562	-2.2163027048707
-1.85181346578038	-2.97023532990899	-2.59204828014273	-2.20976076421941
-1.8460960315847	-2.96444582299492	-2.58432387229114	-2.21255351834217
-1.84037859738903	-2.95986518166492	-2.57518700790926	-2.20027866760455
-1.83466116319335	-2.95201517244081	-2.56855620202329	-2.18877627461853
-1.82894372899768	-2.93595776392168	-2.5575385502485	-2.17872451489406
-1.82322629480201	-2.92984421244705	-2.55173408177515	-2.17580896903126
-1.81750886060633	-2.92541978032188	-2.54513541428822	-2.16654932875368
-1.81179142641066	-2.9141315952106	-2.53498290884418	-2.15963453723247
-1.80607399221498	-2.90569326228538	-2.52825985794883	-2.15131699308187
-1.80035655801931	-2.90283018989331	-2.5195435560793	-2.1424721988419
-1.79463912382363	-2.88232099790069	-2.50952529569277	-2.12890602004306
-1.78892168962796	-2.88200100379978	-2.50400344579431	-2.12014723345009
-1.78320425543228	-2.87607041878096	-2.49395690566096	-2.11768533134766
-1.77748682123661	-2.85977484662956	-2.48578378364519	-2.10704667615674
-1.77176938704093	-2.86281948128151	-2.47985035082508	-2.09642449205231
-1.76605195284526	-2.84486449350855	-2.46798338405161	-2.09492998757505
-1.76033451864959	-2.8368488738044	-2.46195537865038	-2.08474286515333
-1.75461708445391	-2.8306404038721	-2.45263580251982	-2.07962700897175
-1.74889965025824	-2.8271598560821	-2.44319415887028	-2.07123278516753
-1.74318221606256	-2.81558422174234	-2.44073389576207	-2.06385653126424
-1.73746478186689	-2.80549302654709	-2.42983274112222	-2.05626766220919
-1.73174734767121	-2.80328200181412	-2.42053949582694	-2.04417289360864
-1.72602991347554	-2.79161471977322	-2.4123820908006	-2.03767944525443
-1.72031247927986	-2.78237128405845	-2.40665643240507	-2.03119830374386
-1.71459504508419	-2.77347990303571	-2.39767546623616	-2.02037581216805
-1.70887761088851	-2.76084960787451	-2.38907924393583	-2.00537837653234
-1.70316017669284	-2.75988460973267	-2.38010936266226	-2.00238782701826
-1.69744274249717	-2.7393312904953	-2.36920138477991	-1.99428747658686
-1.69172530830149	-2.74284840358263	-2.36508866611734	-1.98835984544808
-1.68600787410582	-2.73067704919836	-2.35459280919129	-1.98365938530465
-1.68029043991014	-2.71938448388507	-2.34909492646082	-1.96995337694328
-1.67457300571447	-2.7111052161361	-2.34174197009176	-1.96846151389473
-1.66885557151879	-2.70740058835356	-2.33439663699337	-1.9594569487526
-1.66313813732312	-2.69891926343527	-2.3238178959862	-1.95239316133727
-1.65742070312744	-2.69156582122334	-2.31447645477033	-1.93626664390398
-1.65170326893177	-2.68076931504497	-2.30937407872582	-1.93421259618116
-1.64598583473609	-2.66779264622065	-2.29900150369406	-1.92925840174737
-1.64026840054042	-2.6700789191354	-2.29121319032971	-1.91963453468691
-1.63455096634475	-2.65163300913698	-2.28432793622202	-1.91114028633812
-1.62883353214907	-2.64883976721253	-2.27424181444594	-1.90393378762419
-1.6231160979534	-2.64586902963977	-2.26639732315213	-1.89690167084804
-1.61739866375772	-2.62859217714736	-2.25960708235015	-1.88545991796263
-1.61168122956205	-2.6219983831253	-2.24943722972294	-1.88368973329819
-1.60596379536637	-2.61239890546199	-2.24188734602948	-1.87071323581594
-1.6002463611707	-2.61049908437373	-2.23268113088578	-1.86569798672541
-1.59452892697502	-2.60410033842948	-2.22631896841756	-1.84913184619566
-1.58881149277935	-2.59307273271994	-2.21826839621103	-1.85240056243871
-1.58309405858367	-2.58140301033297	-2.21153465803909	-1.84300070776112
-1.577376624388	-2.57809408868934	-2.20054538654089	-1.83074357383867
-1.57165919019233	-2.56299547388348	-2.19429113930091	-1.82531593683452
-1.56594175599665	-2.5590701852596	-2.18758505014252	-1.81507192741469
-1.56022432180098	-2.54819415539942	-2.17963751039627	-1.80980728566157
-1.5545068876053	-2.53791001729075	-2.16701479772164	-1.79588155160823
-1.54878945340963	-2.53682331131301	-2.16147409919874	-1.79145503847512
-1.54307201921395	-2.52666108781503	-2.15298458890385	-1.78559705967062
-1.53735458501828	-2.51754828233624	-2.14407116487391	-1.77313641261063
-1.5316371508226	-2.50903661626593	-2.13884088445595	-1.7695577390916
-1.52591971662693	-2.50061513346983	-2.12654927117582	-1.75435015475474
-1.52020228243125	-2.49380831072355	-2.12062417910384	-1.75129619050736
-1.51448484823558	-2.47646985693352	-2.11204976674081	-1.74639549779488
-1.50876741403991	-2.47974038534474	-2.10229664453266	-1.73583377183784
-1.50304997984423	-2.46066920177801	-2.09626964325174	-1.72676467147201
-1.49733254564856	-2.45694875366923	-2.08989399987351	-1.71630137279165
-1.49161511145288	-2.45451764444734	-2.08014784739553	-1.71780128792197
-1.48589767725721	-2.43872325672804	-2.0719443289041	-1.70146968006403
-1.48018024306153	-2.43322088506905	-2.0637704078344	-1.69387926505318
-1.47446280886586	-2.42023049251236	-2.05592026688657	-1.68988229895349
-1.46874537467018	-2.41252078305939	-2.0465673290845	-1.68197545906454
-1.46302794047451	-2.40446692030684	-2.04105283088777	-1.67177600122394
-1.45731050627883	-2.4016176765703	-2.03282981060836	-1.66501629932623
-1.45159307208316	-2.38600538262258	-2.02292797246673	-1.65615633771204
-1.44587563788749	-2.38541481286634	-2.01663621021038	-1.65251360754022
-1.44015820369181	-2.37779446565926	-2.00767312513109	-1.63959634270535
-1.43444076949614	-2.36727334295805	-1.99949421776006	-1.63417944203639
-1.42872333530046	-2.35858058716884	-1.99206770768047	-1.63015800455503
-1.42300590110479	-2.35350402552329	-1.98454441043988	-1.6168098437874
-1.41728846690911	-2.34123272825846	-1.97683638849172	-1.6080024239378
-1.41157103271344	-2.33108174008053	-1.96436339069798	-1.59803625175742
-1.40585359851776	-2.32542286952533	-1.95746506157958	-1.58900908593795
-1.40013616432209	-2.32535518211183	-1.95118838200344	-1.58574866657983
-1.39441873012641	-2.31054737933473	-1.94225080701304	-1.57861267516476
-1.38870129593074	-2.30002141638905	-1.93412166711193	-1.57045061926972
-1.38298386173507	-2.29118056692967	-1.926609244446	-1.56468325260225
-1.37726642753939	-2.28898212383813	-1.91696995325058	-1.55503367652858
-1.37154899334372	-2.27507641428811	-1.91174431154526	-1.54663780010948
-1.36583155914804	-2.27601495618006	-1.90461740757448	-1.54033531589586
-1.36011412495237	-2.25761653816893	-1.89501993606846	-1.52924039831486
-1.35439669075669	-2.25024865067338	-1.88532425717087	-1.52579977040205
-1.34867925656102	-2.24380584855046	-1.87767764726288	-1.52125018340451
-1.34296182236534	-2.22898757385074	-1.86990145202527	-1.50183369132788
-1.33724438816967	-2.22428749170173	-1.85995055518436	-1.49278204176708
-1.33152695397399	-2.21660626376261	-1.85367779230909	-1.48514179161686
-1.32580951977832	-2.21646914187039	-1.84670181432762	-1.4837706222685
-1.32009208558265	-2.2058381076211	-1.83811506413224	-1.4701368475269
-1.31437465138697	-2.19431712408628	-1.82946206336357	-1.46220555442879
-1.3086572171913	-2.18492813761297	-1.82239368840819	-1.45563448285384
-1.30293978299562	-2.1748541176419	-1.81448542612773	-1.4444446307558
-1.29722234879995	-2.17259025137899	-1.80624333939075	-1.44617241747023
-1.29150491460427	-2.15962355407332	-1.7950895907609	-1.42789161929332
-1.2857874804086	-2.15203595241682	-1.78864350450288	-1.42293375332749
-1.28007004621292	-2.14118393696001	-1.78169800994792	-1.41750569831635
-1.27435261201725	-2.13227023133443	-1.77072809639862	-1.40778621126233
-1.26863517782157	-2.12584011271737	-1.76606929821317	-1.40364967905738
-1.2629177436259	-2.12193151361686	-1.75690421092613	-1.39608427634905
-1.25720030943023	-2.11159245160986	-1.74704287506873	-1.38713514992861
-1.25148287523455	-2.1083551535447	-1.74185887485352	-1.37576785459824
-1.24576544103888	-2.10087545374491	-1.73281579794184	-1.37471906247834
-1.2400480068432	-2.09330399197308	-1.72120252969278	-1.36224794347222
-1.23433057264753	-2.07912891350234	-1.71764502503754	-1.35901531769966
-1.22861313845185	-2.06766877074476	-1.70522915440295	-1.34068356122602
-1.22289570425618	-2.05725349738465	-1.69842983225322	-1.33727271006399
-1.2171782700605	-2.05530621273251	-1.69279844398688	-1.33614171611447
-1.21146083586483	-2.04832534154085	-1.6826526799633	-1.31725998878584
-1.20574340166915	-2.03392126607453	-1.67552699386675	-1.31235002739627
-1.20002596747348	-2.02648121150405	-1.66760193578785	-1.29949690573737
-1.19430853327781	-2.01915621198143	-1.66057890184367	-1.29958089346707
-1.18859109908213	-2.01145891913915	-1.65063462727165	-1.28469326335879
-1.18287366488646	-2.00283879469402	-1.64287104937641	-1.28068457685877
-1.17715623069078	-1.99424807768219	-1.63403888770648	-1.27188978937806
-1.17143879649511	-1.97992288897991	-1.62506049531269	-1.26970584619967
-1.16572136229943	-1.97996440873677	-1.61743143239655	-1.25526273254843
-1.16000392810376	-1.97157805358992	-1.61069513476854	-1.24791745724332
-1.15428649390808	-1.96390241266416	-1.60141698540504	-1.23936114484553
-1.14856905971241	-1.948225146246	-1.59155325039794	-1.2310246921227
-1.14285162551673	-1.94712674937162	-1.58614098177362	-1.22823982658718
-1.13713419132106	-1.93610745167074	-1.57462185492542	-1.216683424881
-1.13141675712539	-1.93048893050546	-1.57089366635871	-1.20939578665832
-1.12569932292971	-1.92714728716419	-1.56057872482553	-1.20719816970834
-1.11998188873404	-1.9167389318878	-1.55168645535807	-1.19077362923844
-1.11426445453836	-1.90542332072477	-1.54116167970531	-1.18585298891019
-1.10854702034269	-1.89730548207166	-1.53718435863551	-1.17706879401252
-1.10282958614701	-1.88916339781278	-1.52931798747428	-1.16756461247
-1.09711215195134	-1.8802750376448	-1.52045024470378	-1.16739999656414
-1.09139471775566	-1.87337618754598	-1.51146476421209	-1.16281458282846
-1.08567728355999	-1.86493450728536	-1.50237989672597	-1.13977264163323
-1.07995984936431	-1.85508045172777	-1.49666446632895	-1.13666570542212
-1.07424241516864	-1.84902753169185	-1.49032081740094	-1.13094963664532
-1.06852498097297	-1.83559276263433	-1.48018396399467	-1.12676146266019
-1.06280754677729	-1.83260546722647	-1.47557110486235	-1.11919089779181
-1.05709011258162	-1.82144117156726	-1.46521083353794	-1.108398924247
-1.05137267838594	-1.8175359603764	-1.45584700505933	-1.09496135371721
-1.04565524419027	-1.80223577780198	-1.45012867442071	-1.08893075749006
-1.03993780999459	-1.79636108714011	-1.44097212672384	-1.08397896986807
-1.03422037579892	-1.7893073119999	-1.43268387742669	-1.07559336341274
-1.02850294160324	-1.78058804319146	-1.42515497103246	-1.07046736772548
-1.02278550740757	-1.77628538016947	-1.4140421942357	-1.05928461777366
-1.01706807321189	-1.76603729132281	-1.40825670469481	-1.04851094618498
-1.01135063901622	-1.75885240394704	-1.39650144252243	-1.03800041682686
-1.00563320482055	-1.75224621123534	-1.39331743656287	-1.03445226169637
-0.999915770624871	-1.73326425763527	-1.37918322007715	-1.02572944150462
-0.994198336429197	-1.73035185326968	-1.37323977072265	-1.02248695699506
-0.988480902233522	-1.7284325406696	-1.36822272717506	-1.01087286513859
-0.982763468037848	-1.71390753116669	-1.36180288595417	-1.00274275741818
-0.977046033842173	-1.70262346127639	-1.35203406671998	-0.995847101493859
-0.971328599646498	-1.6964358687975	-1.3419437228319	-0.986814974052668
-0.965611165450824	-1.69100058197152	-1.3374809256253	-0.975223557909361
-0.959893731255149	-1.68232230311259	-1.32999405573149	-0.974152164864617
-0.954176297059475	-1.67040870065983	-1.31635757761528	-0.9567405659259
-0.9484588628638	-1.6656451654839	-1.31086235774315	-0.956039651198388
-0.942741428668126	-1.65915528652218	-1.30543661562943	-0.945059408048576
-0.937023994472451	-1.64779806922624	-1.29180511522275	-0.944869650777937
-0.931306560276777	-1.63673428380447	-1.28494419794537	-0.932424480959726
-0.925589126081102	-1.6346195921621	-1.27854325023186	-0.924799930673187
-0.919871691885428	-1.62188630205498	-1.26913291761387	-0.919763517784804
-0.914154257689753	-1.6135282156337	-1.26074372165524	-0.905431250875031
-0.908436823494078	-1.60874139125817	-1.25365979140907	-0.8968292104418
-0.902719389298404	-1.59709167583737	-1.24674485001988	-0.888887918238921
-0.897001955102729	-1.59673785849006	-1.24005160720156	-0.885298080466393
-0.891284520907055	-1.58478069445504	-1.23077837727589	-0.87610928797389
-0.88556708671138	-1.5769815953956	-1.22178770869114	-0.868084723844586
-0.879849652515706	-1.56252231119418	-1.21277176350412	-0.860856619783515
-0.874132218320031	-1.55705637874142	-1.20391624919277	-0.843114532057077
-0.868414784124357	-1.55294963350558	-1.19626906531345	-0.83813918687629
-0.862697349928682	-1.53298104972974	-1.19016690294135	-0.833184535515929
-0.856979915733008	-1.53509898407425	-1.18143707763725	-0.825428279060914
-0.851262481537333	-1.53092362873947	-1.17366687210007	-0.824958856034503
-0.845545047341658	-1.52333250198223	-1.16395715245983	-0.80733940168537
-0.839827613145984	-1.51398290734109	-1.15469822425246	-0.803700471202685
-0.834110178950309	-1.50018497350572	-1.14911740084396	-0.796851096298422
-0.828392744754635	-1.49606053560037	-1.14012165978374	-0.784042228818945
-0.82267531055896	-1.48251598080487	-1.13221763834987	-0.783626370778757
-0.816957876363286	-1.47486779138066	-1.1270930449464	-0.782266935221683
-0.811240442167611	-1.47210689945624	-1.11712297589453	-0.759472322902155
-0.805523007971937	-1.46203605062843	-1.10778676328258	-0.762387764239276
-0.799805573776262	-1.45268785589181	-1.10056082161309	-0.752052503502237
-0.794088139580588	-1.44699236447129	-1.09072111567394	-0.738253808285796
-0.788370705384913	-1.43249374829176	-1.08280885775312	-0.729688340484821
-0.782653271189238	-1.42672301209322	-1.07825947586989	-0.727497988360754
-0.776935836993564	-1.42076663055789	-1.0728814302955	-0.718101885194794
-0.771218402797889	-1.41196552118411	-1.05851531302202	-0.703794060114005
-0.765500968602215	-1.40172700485665	-1.05073167007507	-0.701295366753176
-0.75978353440654	-1.39770051571039	-1.04272155040289	-0.69270805717896
-0.754066100210866	-1.38524178712297	-1.03593138394057	-0.682016767020519
-0.748348666015191	-1.37682453473536	-1.02782184177608	-0.674137938847566
-0.742631231819517	-1.37503399506488	-1.01996112341756	-0.666512213195469
-0.736913797623842	-1.35854776001012	-1.01224440190634	-0.659969062182171
-0.731196363428168	-1.35600629363129	-1.0037534167846	-0.650659293681728
-0.725478929232493	-1.33913235189764	-0.993654989911249	-0.641303222809876
-0.719761495036819	-1.338689094169	-0.985458626532903	-0.633912290081878
-0.714044060841144	-1.32790425374789	-0.978507340984459	-0.631951655082368
-0.70832662664547	-1.31711762526369	-0.969581571522366	-0.622726115783141
-0.702609192449795	-1.31423564625722	-0.960610422814406	-0.613198584781093
-0.69689175825412	-1.30665776089729	-0.951729287144953	-0.601450325176492
-0.691174324058446	-1.30099044189633	-0.945020687439497	-0.599987978562026
-0.685456889862771	-1.28575609353379	-0.934787716763334	-0.583659754201211
-0.679739455667097	-1.28216993839195	-0.929124286748459	-0.577532576958139
-0.674022021471422	-1.27208229941723	-0.920604511365042	-0.573054398587457
-0.668304587275748	-1.26582186710274	-0.913537856892061	-0.567583432804772
-0.662587153080073	-1.25748361286276	-0.906476481641923	-0.551811596457638
-0.656869718884399	-1.25015325393061	-0.896055544934277	-0.54079035111695
-0.651152284688724	-1.23795822588432	-0.887895183641878	-0.542067316237684
-0.645434850493049	-1.23521451786002	-0.881063155950522	-0.529701270571254
-0.639717416297375	-1.22346647386011	-0.874266885832787	-0.525298330088089
-0.6339999821017	-1.21952412105565	-0.865804715565865	-0.520550225625055
-0.628282547906026	-1.20803852362246	-0.856388610328322	-0.506950029557354
-0.622565113710351	-1.19697841717587	-0.850962481503907	-0.501386633797382
-0.616847679514677	-1.18677964378543	-0.839363058748785	-0.492195206382003
-0.611130245319002	-1.18424957702358	-0.834329405364342	-0.486948783326885
-0.605412811123328	-1.16571819381299	-0.823232065635448	-0.476615181100719
-0.599695376927653	-1.16575982348398	-0.818872222333307	-0.4683600081046
-0.593977942731978	-1.1587497800209	-0.807556335339498	-0.45587690718737
-0.588260508536304	-1.15114599378123	-0.802213277508104	-0.449011812841575
-0.582543074340629	-1.1329142682319	-0.789851054971791	-0.437258918909388
-0.576825640144955	-1.13599685918934	-0.784495011403589	-0.441335005107291
-0.57110820594928	-1.1220348434046	-0.777552687565242	-0.422572995025919
-0.565390771753606	-1.11413868797526	-0.765786081655152	-0.419072361787242
-0.559673337557931	-1.10825685028789	-0.760812369545645	-0.411208130760969
-0.553955903362257	-1.0985667939902	-0.750244420869359	-0.397284915226466
-0.548238469166582	-1.09332941836654	-0.743841822002362	-0.395683351983983
-0.542521034970908	-1.08387510171975	-0.732514621787853	-0.384859563552113
-0.536803600775233	-1.08090420587156	-0.727946373290661	-0.37313971585447
-0.531086166579559	-1.06856289715397	-0.719936017729492	-0.366238779297019
-0.525368732383884	-1.05763722737448	-0.711609893580778	-0.369697930385295
-0.51965129818821	-1.05058162948236	-0.704173855062296	-0.35919734731898
-0.513933863992535	-1.04551927279983	-0.694028631827272	-0.348093682310645
-0.50821642979686	-1.03422792769822	-0.687850119683083	-0.337946101558831
-0.502498995601186	-1.02642816671908	-0.677218618673929	-0.328745808276222
-0.496781561405511	-1.01756783408791	-0.669596202109094	-0.322777593070183
-0.491064127209837	-1.01411170066911	-0.663033629378898	-0.317700790105108
-0.485346693014162	-1.00338839996276	-0.654218214454442	-0.307651400425181
-0.479629258818488	-0.989411711524873	-0.645185993478534	-0.300592713465149
-0.473911824622813	-0.986113474753476	-0.639290215699359	-0.296688310234063
-0.468194390427139	-0.979299974159282	-0.63238631647395	-0.285818755762879
-0.462476956231464	-0.970747163358399	-0.620984109427706	-0.28182934234157
-0.45675952203579	-0.967650366906555	-0.617373147304773	-0.269691095844291
-0.451042087840115	-0.94714923700724	-0.60394104387614	-0.252863165647896
-0.44532465364444	-0.946806265110816	-0.598184385567939	-0.251956429648919
-0.439607219448766	-0.939338442553848	-0.590152631124024	-0.244694897276571
-0.433889785253091	-0.931366247403207	-0.585915140142506	-0.236485636955213
-0.428172351057417	-0.925039085154211	-0.573137811496811	-0.224048361419159
-0.422454916861742	-0.908911321371111	-0.56658977503148	-0.22270421281994
-0.416737482666068	-0.901119098299849	-0.555349069828485	-0.210607536771509
-0.411020048470393	-0.900166044355495	-0.551314468941535	-0.206562743839073
-0.405302614274719	-0.887195958921585	-0.542995011005696	-0.193418638428623
-0.399585180079044	-0.876919781755523	-0.534412952069116	-0.188419446828988
-0.393867745883369	-0.869029892521102	-0.525380137771633	-0.180361387666645
-0.388150311687695	-0.867159575156459	-0.517628928030516	-0.169281933963126
-0.38243287749202	-0.85206780283737	-0.510991625273325	-0.162183779227283
-0.376715443296346	-0.847137808310458	-0.500667613656042	-0.156965737740165
-0.370998009100671	-0.843965699180138	-0.489945521947008	-0.149652812321788
-0.365280574904997	-0.830428996011498	-0.48246362505941	-0.140018569715976
-0.359563140709322	-0.824627695147771	-0.47799548312175	-0.128998659863499
-0.353845706513648	-0.816410413229408	-0.471541540290871	-0.125655745363108
-0.348128272317973	-0.802117670983866	-0.46076404356256	-0.115394204822388
-0.342410838122299	-0.790869997142588	-0.44991675383713	-0.110247349323798
-0.336693403926624	-0.78535419994989	-0.441490277548485	-0.101872580094586
-0.33097596973095	-0.779325710882879	-0.436422418162593	-0.0907695363887542
-0.325258535535275	-0.773787175891451	-0.428453464540777	-0.0819082651086451
-0.319541101339601	-0.75821467495493	-0.418715327114935	-0.0820739278465061
-0.313823667143926	-0.75692469947184	-0.415376210670997	-0.065797180988684
-0.308106232948251	-0.744765128953133	-0.401854555085844	-0.0580309127423557
-0.302388798752577	-0.744043877722511	-0.394158717075893	-0.0556419717446724
-0.296671364556902	-0.729216914083459	-0.390313071607927	-0.0462651358293195
-0.290953930361228	-0.722002001185074	-0.377880500925544	-0.0367087016160156
-0.285236496165553	-0.716902538975071	-0.36960595685152	-0.0291975913257725
-0.279519061969879	-0.7052303866273	-0.36196650628146	-0.0200814084602742
-0.273801627774204	-0.697692937137516	-0.35550410860068	-0.0124881509089924
-0.26808419357853	-0.689693685528917	-0.346035005146826	-0.000845153641872441
-0.262366759382855	-0.680079952187669	-0.33563988751964	0.0102160460627321
-0.256649325187181	-0.676153092480607	-0.330765016932793	0.0173728496318745
-0.250931890991506	-0.668342295729099	-0.32150262201671	0.0222235588777356
-0.245214456795831	-0.661306872208196	-0.314341206166341	0.0343595193625842
-0.239497022600157	-0.646614679175939	-0.305196895524609	0.0373357303848004
-0.233779588404482	-0.641006833127472	-0.299551317598165	0.0432461570376434
-0.228062154208808	-0.632972123965806	-0.289110409152205	0.05444683297503
-0.222344720013133	-0.627130371903072	-0.282769720208327	0.0596001782990741
-0.216627285817459	-0.611609609638912	-0.271300708619953	0.0728098322636473
-0.210909851621784	-0.603538502920884	-0.270594943412035	0.0781256067223708
-0.20519241742611	-0.602511305643896	-0.259422840071851	0.0876093041291587
-0.199474983230435	-0.593774086739583	-0.251808153413443	0.094787980277703
-0.193757549034761	-0.585155536419996	-0.238783985573435	0.10343902365419
-0.188040114839086	-0.580500660585915	-0.231776242151467	0.110383665454686
-0.182322680643412	-0.567196850036109	-0.227987872527909	0.11929690164111
-0.176605246447737	-0.552183419953088	-0.215713185569773	0.122353842767166
-0.170887812252062	-0.550297945870013	-0.209298288237549	0.142246554502374
-0.165170378056388	-0.538624616018548	-0.20023084558935	0.143378422895283
-0.159452943860713	-0.533908300836862	-0.191928697155076	0.152130875445711
-0.153735509665039	-0.52587879726832	-0.183280774379207	0.162887754571343
-0.148018075469364	-0.519146926893373	-0.177200993339691	0.170847039175193
-0.14230064127369	-0.517343325552253	-0.171477560477374	0.16896942406024
-0.136583207078015	-0.498638156491168	-0.157427438516615	0.184768995015323
-0.130865772882341	-0.49886013505549	-0.151097795058615	0.192902770561705
-0.125148338686666	-0.485891048544397	-0.145041899343833	0.196116737196129
-0.119430904490992	-0.475768874680655	-0.13888745266309	0.201125224556179
-0.113713470295317	-0.465721262400118	-0.128562067007436	0.21739996948527
-0.107996036099642	-0.465799388884458	-0.121496299144266	0.22336922132456
-0.102278601903968	-0.454047505710352	-0.112428386217022	0.229873008140517
-0.0965611677082934	-0.442761120708583	-0.105593962676313	0.236885011797509
-0.0908437335126189	-0.438143348978444	-0.0952182615365902	0.240183515703479
-0.0851262993169442	-0.429678191672329	-0.0891789550111982	0.253565360023982
-0.0794088651212697	-0.423042844454274	-0.0771979077502588	0.262562436899442
-0.0736914309255952	-0.408505984519104	-0.0725534545998969	0.277400035710394
-0.0679739967299207	-0.406426100234414	-0.0656658307804071	0.27617165651939
-0.0622565625342462	-0.393305794495883	-0.0553802986242096	0.282528796048528
-0.0565391283385714	-0.391715395428187	-0.0469059828030506	0.290665987812101
-0.0508216941428969	-0.379068425852405	-0.0367034688631216	0.302596308766506
-0.0451042599472224	-0.376100821103507	-0.030655458311985	0.308565225123294
-0.0393868257515479	-0.367731413822642	-0.0218733398343789	0.313016470483106
-0.0336693915558735	-0.35373378765009	-0.0146823531070297	0.321615367980303
-0.0279519573601987	-0.350026165468627	-0.00771667673039096	0.335692143470738
-0.0222345231645242	-0.334367051457907	0.00316999529474125	0.343435819323736
-0.0165170889688497	-0.329113813574587	0.0112962994040219	0.356160618150865
-0.0107996547731752	-0.322429292564203	0.0176293699391414	0.359510110291061
-0.00508222057750074	-0.309690839323012	0.0251649692514859	0.36622496372954
0.00063521361817398	-0.307731975469221	0.0366485857248717	0.371007864575554
0.00635264781384848	-0.302104137736997	0.0432617054556696	0.387699306534552
0.012070082009523	-0.293319930927741	0.049785919215017	0.389425029726238
0.0177875162051975	-0.278301093524853	0.0561807152602035	0.398583676476962
0.023504950400872	-0.281691318248964	0.0649680905222089	0.407244395642445
0.0292223845965467	-0.268100963615339	0.0724209902442908	0.415133527397419
0.0349398187922212	-0.254324965926553	0.084087863113807	0.425590302542404
0.0406572529878957	-0.247913995992507	0.0912396861043716	0.429057211142494
0.0463746871835702	-0.238421486215784	0.100209430406479	0.44079181240881
0.0520921213792447	-0.2300288204597	0.110770539156606	0.447906526176449
0.0578095555749194	-0.226932452030457	0.115725854043473	0.449538553549392
0.0635269897705939	-0.212795926102107	0.120635342503693	0.460510575956585
0.0692444239662684	-0.202654310088487	0.129943126327975	0.467634955597453
0.0749618581619429	-0.198691095489429	0.139301233437174	0.481919529874923
0.0806792923576174	-0.189612612678332	0.14799765774945	0.49007498847418
0.0863967265532921	-0.183076379398418	0.154105695492496	0.491684241855603
0.0921141607489666	-0.176287897039022	0.161407105266676	0.502775395540171
0.0978315949446413	-0.1711929127386	0.170352424977398	0.511781857863406
0.103549029140316	-0.161736306921065	0.178524076153731	0.522127017409048
0.10926646333599	-0.154474572643263	0.188636424974464	0.526919098436612
0.114983897531665	-0.13796729174261	0.196850897168235	0.536812367705969
0.120701331727339	-0.134476632473022	0.204486966444276	0.543199905754234
0.126418765923014	-0.129958867994424	0.212754848119556	0.545066162961848
0.132136200118688	-0.116180328220594	0.22030178074084	0.562359374007903
0.137853634314363	-0.109226059904903	0.226628590792565	0.569835384350664
0.143571068510037	-0.105297272681757	0.237086910768607	0.579070023966313
0.149288502705712	-0.0968004018016728	0.242946052710925	0.581854647214403
0.155005936901387	-0.0819253090331112	0.253753613171607	0.591940103716773
0.160723371097061	-0.0784058801366025	0.264023049757657	0.590144186404761
0.166440805292736	-0.0737905098844137	0.268549691576184	0.61007774169719
0.17215823948841	-0.0645734947614232	0.275604103099857	0.615290541257706
0.177875673684085	-0.0550123318585453	0.285911553178985	0.62955143830944
0.183593107879759	-0.0426176875926212	0.293487810866043	0.639106313843907
0.189310542075434	-0.0421244093719358	0.300669257658108	0.638408911607062
0.195027976271108	-0.0317223213343963	0.310126769400053	0.646392278306303
0.200745410466783	-0.021354766254598	0.316400892601044	0.654864202122054
0.206462844662457	-0.0124042577058956	0.325218338127651	0.664652525133997
0.212180278858132	-0.00349632777404308	0.334408088841736	0.676080967269526
0.217897713053806	0.00439906649127372	0.340698265135443	0.683440602541483
0.223615147249481	0.0138186177831888	0.351382817512296	0.683343585370911
0.229332581445155	0.0203122278887159	0.357169552152574	0.69699978165416
0.23505001564083	0.0266994663329199	0.365994484439511	0.698350393105401
0.240767449836505	0.0358050952142885	0.374384961351601	0.71572598054993
0.246484884032179	0.0443533818005426	0.380010821434397	0.722218595202561
0.252202318227854	0.0528981807546364	0.390343619937157	0.727662147853952
0.257919752423528	0.0584832362815261	0.40109799676116	0.736350846480549
0.263637186619203	0.0693549471494236	0.407184811924319	0.747177210676837
0.269354620814878	0.0778570520029056	0.417277570454243	0.754004101258453
0.275072055010552	0.0894747992978874	0.421281121727711	0.756059366165988
0.280789489206227	0.0927082110044531	0.429118546528432	0.771333799118982
0.286506923401901	0.0975392609026522	0.437795756707609	0.778313938581389
0.292224357597576	0.114283783753337	0.448121463116763	0.783190144895145
0.29794179179325	0.1149269227854	0.455034071213309	0.790203112405375
0.303659225988925	0.118214185148863	0.462312774030969	0.801355491908876
0.309376660184599	0.133049319301136	0.472130408631242	0.811599831705071
0.315094094380274	0.140434459969236	0.481965536403819	0.820784288209837
0.320811528575948	0.15182370305341	0.487692448795273	0.828684683875428
0.326528962771623	0.156619786402534	0.495914705958584	0.838292440854262
0.332246396967297	0.165641435710676	0.504586274815104	0.843032782084734
0.337963831162972	0.174023368986019	0.51118524041799	0.856174806768172
0.343681265358646	0.191778760374814	0.51848829117247	0.853548793912665
0.349398699554321	0.192581888324965	0.529411316623356	0.869059162205316
0.355116133749996	0.203999379942703	0.53968739944829	0.877267952787098
0.36083356794567	0.202292553794348	0.542815326828117	0.881938038217651
0.366551002141345	0.219423871860847	0.551464812688594	0.891122601032968
0.372268436337019	0.219069138240168	0.559689235842742	0.897978520602614
0.377985870532694	0.234244382419009	0.569572733455673	0.91036801146809
0.383703304728368	0.238143095789015	0.578871485249162	0.912265335127387
0.389420738924043	0.248702583491699	0.584181451533997	0.922358253749932
0.395138173119717	0.255039919210121	0.592438696270279	0.929234294954523
0.400855607315392	0.268473389729489	0.603187147250818	0.941420304555416
0.406573041511066	0.271501359302026	0.60823600693871	0.943969646556689
0.412290475706741	0.285995590932413	0.615675086861891	0.952026174125649
0.418007909902415	0.290033918529104	0.625862208058612	0.964196495872544
0.42372534409809	0.297041029246947	0.633970318263253	0.968304154683079
0.429442778293764	0.304924745630183	0.6428297455589	0.976210390334817
0.435160212489439	0.312960233746873	0.650573713881803	0.990980881007244
0.440877646685114	0.325799232173908	0.658236403541992	0.994637976632654
0.446595080880788	0.332222453120528	0.665046620129263	1.00216258899989
0.452312515076463	0.340012359700165	0.672375599631875	1.00767044921771
0.458029949272137	0.343855011649654	0.68349531028269	1.02236318473934
0.463747383467812	0.359908739622968	0.692547289371489	1.0293620621149
0.469464817663487	0.36099114622726	0.700220425644458	1.03503228803815
0.475182251859161	0.367673115440465	0.707341293352009	1.04679723934051
0.480899686054836	0.374816519424964	0.71595360649774	1.04994929517645
0.48661712025051	0.379846883238174	0.723886555237113	1.06080781638984
0.492334554446185	0.38850304855528	0.728547130967204	1.06376264804039
0.498051988641859	0.405110161891195	0.738458741065216	1.07240961503432
0.503769422837534	0.409706030692856	0.748520176211568	1.08629551074932
0.509486857033208	0.416417564713272	0.756071111840858	1.08923206496491
0.515204291228883	0.422491114350989	0.764725496275063	1.09583275162718
0.520921725424557	0.430594641227058	0.769768458454067	1.10988096464546
0.526639159620232	0.438078841198503	0.782363222169235	1.12083916999348
0.532356593815906	0.456168757211392	0.78840728696373	1.126153249889
0.538074028011581	0.456574833408256	0.797060051397317	1.13549013342589
0.543791462207255	0.471188674327352	0.80467960868856	1.14149014316282
0.54950889640293	0.472235678819806	0.812780775102855	1.14824755267215
0.555226330598605	0.47751667099093	0.818152935606967	1.15393931425979
0.560943764794279	0.492135463531095	0.826554510798025	1.16531264243549
0.566661198989954	0.501719296807103	0.836521090091264	1.17016463978758
0.572378633185628	0.504861624131736	0.845374524259681	1.18118528964788
0.578096067381303	0.514248709119166	0.851737132930551	1.18806037141312
0.583813501576977	0.517380866134504	0.861027361242782	1.19516061674257
0.589530935772652	0.532304351839796	0.868301174849734	1.2071074304393
0.595248369968326	0.537180577099506	0.876605300505404	1.21961352278651
0.600965804164001	0.547413831098532	0.886092475630839	1.22629109752593
0.606683238359675	0.552727339116577	0.891098316557752	1.23320041346207
0.61240067255535	0.56676038001141	0.901254494536132	1.24061009743285
0.618118106751024	0.570461424740585	0.907158697150965	1.24599165772529
0.623835540946699	0.585663389394082	0.916883855715027	1.25572065653817
0.629552975142373	0.588162390448451	0.925097141088666	1.26234960930112
0.635270409338048	0.596516136527477	0.934860561942233	1.26668407706816
0.640987843533723	0.608886705417516	0.943854976836088	1.27144376014887
0.646705277729397	0.610373032741257	0.948941890924738	1.28467266013172
0.652422711925072	0.622098547769762	0.956683184868151	1.29393095216967
0.658140146120747	0.627448036728377	0.967248918454311	1.30418628182218
0.663857580316421	0.633169590483025	0.970923203842895	1.31246663236236
0.669575014512096	0.642752906767655	0.984971108033731	1.32457085223639
0.67529244870777	0.650504543740618	0.988710239038999	1.3278865016021
0.681009882903445	0.661205097498193	0.999147737877028	1.33717958538677
0.686727317099119	0.667964391883044	1.00460514703937	1.338014990887
0.692444751294794	0.67375999198098	1.01363162240119	1.34896857937286
0.698162185490468	0.686442418370928	1.02277353355793	1.3586392454837
0.703879619686143	0.688948003571185	1.03139511365275	1.37260520443133
0.709597053881817	0.701509794084708	1.03845106069961	1.37480797482366
0.715314488077492	0.710792456278211	1.04525038032953	1.38416482826201
0.721031922273166	0.724467957955362	1.05326838146017	1.39006133786664
0.726749356468841	0.726729550512899	1.06550316515265	1.402949357379
0.732466790664515	0.734785615477292	1.0725407205638	1.40978694341571
0.73818422486019	0.744971218875445	1.07906968455174	1.41854868171327
0.743901659055865	0.748362930539644	1.08679205657135	1.42566337314214
0.749619093251539	0.758915947354388	1.09534845004054	1.43391804783433
0.755336527447214	0.76974615795878	1.10481504110945	1.43844214316286
0.761053961642888	0.773191738470489	1.10998862494896	1.44417034608736
0.766771395838563	0.774926674385056	1.12217781520743	1.45625785788871
0.772488830034237	0.785644499931037	1.1243620109474	1.4641706622419
0.778206264229912	0.798443016065837	1.1372571141163	1.47180231347151
0.783923698425586	0.808277017875335	1.14469933800179	1.48571895697416
0.789641132621261	0.80862915065454	1.15279364546463	1.48907203826126
0.795358566816935	0.821276309368867	1.16132791571899	1.49879874176521
0.80107600101261	0.830638446357029	1.16740860897376	1.50728225510832
0.806793435208284	0.839768987425934	1.17579827522676	1.51363286982771
0.812510869403959	0.849509452587069	1.18339576068157	1.51877027278536
0.818228303599633	0.858985808333944	1.19171677856637	1.52900922526216
0.823945737795308	0.863483572285478	1.2015793282384	1.53995883099158
0.829663171990983	0.867010146008621	1.21062611399266	1.54580560414739
0.835380606186657	0.876594584264696	1.21825348224457	1.55097859580594
0.841098040382332	0.882608765737112	1.22524134134937	1.56150404084375
0.846815474578006	0.890976698315963	1.2320384540806	1.57094261283523
0.852532908773681	0.903787923455246	1.24259543463112	1.57741767684894
0.858250342969356	0.913082345039544	1.25008543468876	1.58499866567659
0.86396777716503	0.916186973165378	1.26079045696649	1.59565088632715
0.869685211360705	0.924630549874443	1.26420411186069	1.60575026233711
0.875402645556379	0.936293566426292	1.27369014001329	1.61051656062066
0.881120079752054	0.945721701575153	1.28157786635837	1.615315400146
0.886837513947728	0.953461408897786	1.2926755283342	1.63147518416381
0.892554948143403	0.963012583700806	1.30082151930277	1.63377140753572
0.898272382339077	0.968103920563679	1.304980457029	1.64389850054763
0.903989816534752	0.980893050288906	1.31293058313918	1.64930776913632
0.909707250730426	0.984344971347056	1.32220477592638	1.66250397942262
0.915424684926101	0.991987515499104	1.33040117446741	1.66779995025506
0.921142119121775	0.996134533916247	1.33711587087539	1.67635509515983
0.92685955331745	1.01527974009134	1.34958586142785	1.68843637196987
0.932576987513124	1.02090756469555	1.35218453223555	1.69873847607657
0.938294421708799	1.02901169285373	1.3610569994687	1.70315274732883
0.944011855904474	1.03455956519344	1.37009821542592	1.70275803314597
0.949729290100148	1.04902891545928	1.38074353321134	1.72021934458563
0.955446724295823	1.04604027177609	1.38953277121375	1.72692262738066
0.961164158491497	1.05824354711369	1.39672879548023	1.7282098757524
0.966881592687172	1.06513220187469	1.40387523386358	1.7436594970106
0.972599026882846	1.07808622843699	1.41139451998295	1.74820809376851
0.978316461078521	1.07920245354223	1.42002366504421	1.76321942557622
0.984033895274195	1.08841786554592	1.42685468347788	1.76590105547184
0.98975132946987	1.09798332736506	1.43723706722222	1.77663446290915
0.995468763665544	1.10880938030216	1.44308131042417	1.78437179639186
1.00118619786122	1.1136378523114	1.45089830389481	1.78741827633613
1.00690363205689	1.12235295434566	1.46070370642516	1.79899301264947
1.01262106625257	1.12669981536235	1.46838690774614	1.80190149385017
1.01833850044824	1.14164462845679	1.4797477786016	1.81601177889552
1.02405593464392	1.14794296709465	1.48302912389343	1.82575077943349
1.02977336883959	1.14867883798511	1.49144759896873	1.83356173759157
1.03549080303527	1.16282957760678	1.50035495767161	1.84641947568345
1.04120823723094	1.17052731133459	1.51071761432284	1.84815920035982
1.04692567142662	1.17533843233352	1.51627595967045	1.85147996101811
1.05264310562229	1.18153000156138	1.52371862048654	1.85753325239922
1.05836053981796	1.19742212357734	1.53592388064081	1.8739417700709
1.06407797401364	1.20314990902237	1.54081501180374	1.87669950372079
1.06979540820931	1.21280501964494	1.54982777251091	1.88848974077037
1.07551284240499	1.21687592330725	1.55777037827742	1.89483998798592
1.08123027660066	1.22167753753117	1.56591110164403	1.90569390053483
1.08694771079634	1.23819395252042	1.57290783290303	1.9175608925232
1.09266514499201	1.23963299849716	1.58141902821297	1.9264566601469
1.09838257918769	1.25012312834878	1.58686289423415	1.92528683850687
1.10410001338336	1.26168846224383	1.60095930892284	1.93636816685757
1.10981744757904	1.26975887556684	1.60620413760763	1.94391057951864
1.11553488177471	1.26969862430813	1.61343761468445	1.95231386583358
1.12125231597038	1.28631287279386	1.62367457998777	1.96082931469991
1.12696975016606	1.29509206251722	1.63050214264978	1.97048580832488
1.13268718436173	1.29586345092798	1.6376826536255	1.98049365181574
1.13840461855741	1.30539667224114	1.64416024435719	1.98437963418264
1.14412205275308	1.31755053593762	1.65677923738219	1.99662089035812
1.14983948694876	1.31921563725976	1.66424402799207	2.0004493530781
1.15555692114443	1.33029018731895	1.66848706632687	2.00458035652874
1.16127435534011	1.34021562186346	1.67715798171089	2.01825751037271
1.16699178953578	1.34628294784738	1.6846446565195	2.0283050699533
1.17270922373146	1.36103468306096	1.69678316540143	2.0340370595891
1.17842665792713	1.36589440738177	1.70266207019259	2.04232415973426
1.1841440921228	1.37111451987806	1.71086949614756	2.04530767310312
1.18986152631848	1.37654648988882	1.71777083702013	2.05807506635425
1.19557896051415	1.39027800043066	1.72827528933767	2.07048460913999
1.20129639470983	1.39501705389773	1.73626509762496	2.0703717631079
1.2070138289055	1.4034117939466	1.74612175542713	2.08540655962223
1.21273126310118	1.41363547961252	1.74985192627556	2.09229178140216
1.21844869729685	1.42293322201287	1.75951949741984	2.10182226617268
1.22416613149253	1.42716804233011	1.76824409986061	2.10298065615314
1.2298835656882	1.43608611165928	1.77473269275607	2.11497903801386
1.23560099988388	1.44495105754821	1.7826273692488	2.12189886516858
1.24131843407955	1.45287444436784	1.79174288650773	2.13463926573354
1.24703586827522	1.45967090378188	1.8024009167484	2.14245184613491
1.2527533024709	1.47338866561111	1.81063714593684	2.15358747735645
1.25847073666657	1.47535790807102	1.81928257447333	2.15843990949173
1.26418817086225	1.48774667152422	1.82544272115371	2.17433850250806
1.26990560505792	1.48979105186421	1.83179638407028	2.17360547698977
1.2756230392536	1.50438578423327	1.84279391200644	2.18038632064743
1.28134047344927	1.51026969747269	1.85028196438536	2.19130335410512
1.28705790764495	1.52240905213964	1.85780788892571	2.19967172994577
1.29277534184062	1.51967134318918	1.86378835681464	2.20097283026351
1.2984927760363	1.53653363265899	1.87515307593878	2.2126683338282
1.30421021023197	1.5407486171334	1.88226272395288	2.21929145776403
1.30992764442764	1.54691006259495	1.88690112853834	2.22842813247414
1.31564507862332	1.55577464437571	1.89727046525664	2.23669893895958
1.32136251281899	1.5624404446798	1.9069393466346	2.24406769364543
1.32707994701467	1.57346023770056	1.91293353056217	2.25203718849695
1.33279738121034	1.58606397240406	1.92483101158878	2.25971847288092
1.33851481540602	1.59053770787251	1.93102191996211	2.26913147075873
1.34423224960169	1.60142698350418	1.9365460591404	2.27543526600167
1.34994968379737	1.60985124476944	1.94899892246896	2.28421739865603
1.35566711799304	1.61718950565514	1.95550253805096	2.29333002960067
1.36138455218871	1.62392524490331	1.96175173457847	2.3061726304452
1.36710198638439	1.62887984366811	1.97022384489004	2.31032410940512
1.37281942058006	1.63825318190308	1.9775257352146	2.31949664195537
1.37853685477574	1.64634653145793	1.98591315084884	2.32739435515235
1.38425428897141	1.65875181276454	1.99433045196617	2.333124540308
1.38997172316709	1.65690975606118	2.00258342393696	2.34468309190145
1.39568915736276	1.67295761196755	2.01207482998926	2.34706675771912
1.40140659155844	1.67110294030729	2.02038791147391	2.35584796480188
1.40712402575411	1.68484350462694	2.02609704636653	2.36898866003106
1.41284145994979	1.69155353994125	2.03574594129005	2.37933243622515
1.41855889414546	1.7079474019895	2.04399792234893	2.3919196339569
1.42427632834114	1.7102881606685	2.0536491223784	2.39510424257908
1.42999376253681	1.72221907666971	2.0598796653785	2.40021031210671
1.43571119673248	1.72949587729924	2.06646530140333	2.40949999075705
1.44142863092816	1.73680516386077	2.07675661173804	2.40938611714503
1.44714606512383	1.74249896437246	2.08368938029367	2.42975068303605
1.45286349931951	1.75323029079574	2.09339086238727	2.43709017091237
1.45858093351518	1.75560873443101	2.09832201157725	2.44048777688611
1.46429836771086	1.76785658011606	2.10764946758633	2.45344354496033
1.47001580190653	1.77292026680068	2.11802518038806	2.45759039617771
1.47573323610221	1.78665751710436	2.12555179341854	2.46418296896875
1.48145067029788	1.79458174409202	2.13141117942905	2.47442715346337
1.48716810449356	1.80436155333129	2.14151336395932	2.48380016024627
1.49288553868923	1.79927619520552	2.14589454482399	2.49090438648046
1.4986029728849	1.81659177392752	2.15819773335195	2.49515918692827
1.50432040708058	1.82509776626719	2.16649016287872	2.50659695584471
1.51003784127625	1.83452711246052	2.17241925870119	2.51417356169476
1.51575527547193	1.84083330438266	2.18107458895086	2.52490799151781
1.5214727096676	1.849045627655	2.19093311177422	2.52630802593811
1.52719014386328	1.8608649639388	2.19877371231435	2.53911400782428
1.53290757805895	1.86566478979077	2.20641304182226	2.54927620946215
1.53862501225463	1.87002387433469	2.21393090027841	2.55329139405531
1.5443424464503	1.87725932133246	2.22068301249267	2.55764079616512
1.55005988064597	1.8899197540191	2.22803578528316	2.57251643403379
1.55577731484165	1.89854910942272	2.23709635583231	2.58686701753768
1.56149474903732	1.90651182100929	2.24495790305647	2.58585736692848
1.567212183233	1.91610098390622	2.25408821436828	2.59978785506358
1.57292961742867	1.92047365126627	2.26292292829753	2.60087115188486
1.57864705162435	1.92608954039585	2.26977743814421	2.60979183156263
1.58436448582002	1.94289209326595	2.27801010685075	2.62547202361427
1.5900819200157	1.94224935802025	2.28386903022748	2.62401858519555
1.59579935421137	1.95219204954637	2.29573566233409	2.63668940645693
1.60151678840705	1.95617715583636	2.30059021077014	2.64584885347626
1.60723422260272	1.97075742475965	2.31120859544392	2.65153676081345
1.6129516567984	1.97843807262299	2.31658646878134	2.66308608256459
1.61866909099407	1.98017308164534	2.32675032566276	2.66847345996866
1.62438652518974	1.98799743807548	2.33637829961515	2.6782371965137
1.63010395938542	2.00288134519689	2.34458498693963	2.68265726606684
1.63582139358109	2.01430699091707	2.35301326621614	2.69565365708423
1.64153882777677	2.01583440721358	2.35891326300637	2.69946196762491
1.64725626197244	2.02444092904109	2.36643446599605	2.71020193909302
1.65297369616812	2.02687933892659	2.37522611201685	2.71319498763885
1.65869113036379	2.03656297053799	2.38259565870754	2.72884183693235
1.66440856455947	2.0497480771321	2.39135020671331	2.73173651143769
1.67012599875514	2.05669608747268	2.39867680860672	2.74739987908009
1.67584343295082	2.06662948406116	2.40873963570068	2.75591755723203
1.68156086714649	2.07446189102213	2.41604312948975	2.762478279577
1.68727830134216	2.08548329683806	2.42531053167538	2.77303949099827
1.69299573553784	2.087926552364	2.43387034472023	2.78196400708264
1.69871316973351	2.09232923748762	2.43920470053075	2.78130449662056
1.70443060392919	2.11158190221369	2.44872630558671	2.78837006192529
1.71014803812486	2.10867183743083	2.45694747020933	2.80302756673249
1.71586547232054	2.11909521045198	2.4638763894336	2.80680060465954
1.72158290651621	2.12677965394795	2.47192823479977	2.81288996057962
1.72730034071189	2.13815111885778	2.47886426442899	2.82657759799377
1.73301777490756	2.14675211109479	2.48967552463917	2.82854748618529
1.73873520910323	2.15239471176332	2.50077635067085	2.84372507268884
1.74445264329891	2.15543810839158	2.50588782749943	2.85530364981721
1.75017007749458	2.16856678616591	2.51452870613309	2.85657327600071
1.75588751169026	2.17941671305599	2.52125295443673	2.8639681570222
1.76160494588593	2.19248469395778	2.52755838867266	2.87404885480484
1.76732238008161	2.19179709648305	2.53608239808483	2.87764861141636
1.77303981427728	2.2031247109129	2.54531601960566	2.89034225459403
1.77875724847296	2.21131247398518	2.55460146353595	2.89672477676734
1.78447468266863	2.22247025025232	2.56295131393816	2.90398881743453
1.79019211686431	2.21930514948171	2.56849897192791	2.91265462961856
1.79590955105998	2.22683784001487	2.57786578765023	2.92024745907377
1.80162698525566	2.23977767967314	2.58788896467045	2.93083277395655
1.80734441945133	2.25024306597863	2.59405603921542	2.93847808315979
1.813061853647	2.26241550041512	2.60319020788465	2.94555339357373
1.81877928784268	2.26339140375397	2.61253424826936	2.96189483931187
1.82449672203835	2.27172744524871	2.62029398442887	2.96903758542581
1.83021415623403	2.27925655819703	2.62601879889224	2.97495391768634
1.8359315904297	2.28959143265728	2.63573103803572	2.97983125640912
1.84164902462538	2.30295009199191	2.64379563936483	2.98893719180124
1.84736645882105	2.30301131467539	2.65067795065075	2.99296496384394
1.85308389301673	2.31102597084931	2.65869864095027	3.00567820132181
1.8588013272124	2.32216349645747	2.66507232926669	3.01245122129133
1.86451876140807	2.32964967875863	2.6755219609178	3.02196158461898
1.87023619560375	2.34263879452351	2.68392641231632	3.03170125503547
1.87595362979942	2.35371350236063	2.69077129435358	3.03818559570776
1.8816710639951	2.34674979677007	2.70090476348509	3.04768352927408
1.88738849819077	2.35979903365534	2.70770920216564	3.06106549835558
1.89310593238645	2.36911951404446	2.71237804269331	3.05354985677716
1.89882336658212	2.37623061326649	2.72523067525497	3.07188369461565
1.9045408007778	2.38721490335379	2.73389421346958	3.08026229284027
1.91025823497347	2.40058041869055	2.74241482215859	3.09201362360164
1.91597566916915	2.39894495452957	2.74849787310794	3.0990549597718
1.92169310336482	2.41111605361993	2.75801305242157	3.10185282512186
1.92741053756049	2.41906471781197	2.76668670171644	3.11215541171066
1.93312797175617	2.42822972722399	2.77121009727313	3.11875376924368
1.93884540595184	2.43668010950425	2.78122705271322	3.12022982068034
1.94456284014752	2.44736902529429	2.79032177980553	3.13441571901029
1.95028027434319	2.44658388768686	2.79260214797912	3.14049873106861
1.95599770853887	2.45503722274996	2.80474291742543	3.15703667782471
1.96171514273454	2.46754048442914	2.81192525404036	3.16026608910467
1.96743257693022	2.47536489346733	2.82010553011649	3.16057693778803
1.97315001112589	2.48201922682631	2.83385865826243	3.17537269326663
1.97886744532157	2.48402616893793	2.83566655116323	3.18483654041702
1.98458487951724	2.49705688082464	2.84601175190649	3.19098768278463
1.99030231371291	2.5042403130315	2.85486946958737	3.19750512524257
1.99601974790859	2.51714220872011	2.86205788255888	3.21163946385168
2.00173718210426	2.52134910371549	2.86855469421485	3.21893966418422
2.00745461629994	2.53032572895264	2.87842685821608	3.23095587781951
2.01317205049561	2.53613351417682	2.88354433007232	3.23215590195297
2.01888948469129	2.54496984981889	2.89506668884243	3.24218265045668
2.02460691888696	2.55391421495885	2.90169409463954	3.25124001405647
2.03032435308264	2.56127332775926	2.91104695806344	3.25853591929865
2.03604178727831	2.56088158441582	2.91943761113858	3.26743790206167
2.04175922147399	2.57629459083034	2.9262410677176	3.27643738971189
2.04747665566966	2.58656181189961	2.93224957976027	3.27519473789992
2.05319408986533	2.59769968019064	2.94130947730564	3.28979737320413
2.05891152406101	2.60339349579548	2.95200929901326	3.30559857015393
2.06462895825668	2.60622375812037	2.95933052838627	3.30934346550867
2.07034639245236	2.61907063701372	2.96820667173469	3.31282874314734
2.07606382664803	2.62628866714161	2.97523164634569	3.32194556891094
2.08178126084371	2.63253060848047	2.98277968514041	3.33378801866056
2.08749869503938	2.64251985151731	2.99112347601836	3.34394457148712
2.09321612923506	2.64724376951625	3.00001486957591	3.3538769721651
2.09893356343073	2.65882830790134	3.00770567407999	3.35221175709839
2.10465099762641	2.66714639705362	3.01393041045806	3.36860135117459
2.11036843182208	2.67959385155841	3.0237918695681	3.37750285101865
2.11608586601775	2.68156527690221	3.03113965109347	3.38105765199672
2.12180330021343	2.68123621915272	3.03868596453165	3.39026765672773
2.1275207344091	2.69792142351805	3.04933100643808	3.39601748606666
2.13323816860478	2.70935255846652	3.05851687899533	3.40948956044034
2.13895560280045	2.71395257294821	3.06548630853135	3.4166793944572
2.14467303699613	2.71733925425465	3.07411970191035	3.42259325334482
2.1503904711918	2.73257011522738	3.08148162688353	3.43203074720219
2.15610790538748	2.74580289411923	3.08974275201136	3.44774391293421
2.16182533958315	2.74522758461626	3.10015691100314	3.4449685079335
2.16754277377883	2.76254539885972	3.10722900795137	3.45018620765284
2.1732602079745	2.76301616788599	3.11332286183317	3.46401711954136
2.17897764217017	2.77590943999393	3.11996089058749	3.46902830751108
2.18469507636585	2.77516682411509	3.12741232568226	3.47598661427095
2.19041251056152	2.78066059384832	3.13690038887066	3.49305478837261
2.1961299447572	2.79430909662593	3.14366498508814	3.49570666358915
2.20184737895287	2.79895807692367	3.15382411210802	3.5103574462391
2.20756481314855	2.81021470694781	3.16333506256106	3.51972143273348
2.21328224734422	2.81629222373793	3.16902518642071	3.52347844862632
2.2189996815399	2.82444764647095	3.17962932639513	3.53306648111716
2.22471711573557	2.8335980491614	3.1859659875114	3.53776698746751
2.23043454993125	2.84189267533274	3.1948708669351	3.54661159554294
2.23615198412692	2.84214670262424	3.20351260547777	3.55558907072209
2.2418694183226	2.86071721543382	3.20790879621588	3.5655884883492
2.24758685251827	2.86684416614175	3.21806059219593	3.56882398003274
2.25330428671394	2.87067315722352	3.22555916696248	3.57496272152215
2.25902172090962	2.88216148910317	3.23429929067917	3.58229451737242
2.26473915510529	2.88488134426448	3.24286678343088	3.59473241121423
2.27045658930097	2.897735174957	3.25154186327951	3.60554016764293
2.27617402349664	2.90389223703309	3.25843096179588	3.61262673204822
2.28189145769232	2.91295080545979	3.26776867259212	3.61064385145115
2.28760889188799	2.92614161931977	3.27404360825844	3.62993003363063
2.29332632608367	2.92803963562735	3.28408836332613	3.64187435212054
2.29904376027934	2.93447998651537	3.29481304678854	3.64588827811368
2.30476119447501	2.94327012464648	3.29932398077347	3.64926090158294
2.31047862867069	2.95357864519706	3.30683015787491	3.65625779606787
2.31619606286636	2.96383671559516	3.31683856903926	3.66954817528956
2.32191349706204	2.9681122369213	3.32481678919137	3.67653062241164
2.32763093125771	2.97809084939553	3.3311269223726	3.6768874502578
2.33334836545339	2.98590843791515	3.34093661036949	3.69369527020456
2.33906579964906	2.99391142083594	3.34678434118688	3.70449356143556
2.34478323384474	2.99686161731904	3.35576732151622	3.72116305202097
2.35050066804041	3.00851202372166	3.36507258615116	3.71956231933098
2.35621810223609	3.01950964483591	3.36725487088846	3.73308281638584
2.36193553643176	3.02920902820139	3.38067443432158	3.73188436021682
2.36765297062743	3.03014830554119	3.38738631910912	3.74078850931588
2.37337040482311	3.0404201598315	3.39888718612516	3.75234665795997
2.37908783901878	3.04354367528248	3.40527570226333	3.75851537396672
2.38480527321446	3.06056792822241	3.41291984698306	3.76552813563481
2.39052270741013	3.062810991761	3.41820394165835	3.77390748434272
2.39624014160581	3.0768767927084	3.43043030266562	3.78329878437861
2.40195757580148	3.08039714209994	3.4391039176506	3.78912816167246
2.40767500999716	3.08995941495681	3.44681181241687	3.79609881894215
2.41339244419283	3.09322523185302	3.45088489921736	3.80589512559236
2.41910987838851	3.1094023672671	3.46179020053557	3.82143967848678
2.42482731258418	3.11180022915995	3.47316861895922	3.82179694910983
2.43054474677985	3.12159668349557	3.47762119244414	3.83232455899239
2.43626218097553	3.1302031755284	3.4890162484113	3.84427819589065
2.4419796151712	3.1410250069826	3.49482951959856	3.85216775483816
2.44769704936688	3.14459558842296	3.50047269525905	3.86755317466963
2.45341448356255	3.1522587534938	3.51218254755459	3.86334627682156
2.45913191775823	3.16237340082273	3.52013117896605	3.87646453068066
2.4648493519539	3.16867368463251	3.5280513440927	3.87750313223402
2.47056678614958	3.17748925772993	3.53520677830841	3.89670456317538
2.47628422034525	3.18449865395067	3.54271780837471	3.89493668708999
2.48200165454093	3.1934356953903	3.54991540834539	3.90520761558815
2.4877190887366	3.20290357359807	3.5575068129138	3.91573976456992
2.49343652293227	3.21309954613838	3.56691278289842	3.92220325780356
2.49915395712795	3.21353852514827	3.57522327564247	3.93754848943575
2.50487139132362	3.22001748103288	3.58390751097778	3.9460607099025
2.5105888255193	3.22577233743529	3.59054897914979	3.95066240778924
2.51630625971497	3.23904862838779	3.59706687207429	3.95826787785479
2.52202369391065	3.25074952594057	3.60600078491399	3.964779838794
2.52774112810632	3.25950132825965	3.61464061868522	3.97492600000855
2.533458562302	3.26338843412809	3.62251631346553	3.98475186712074
2.53917599649767	3.27540299096468	3.62976799651499	3.99004150874289
2.54489343069335	3.28399228902568	3.63972349991929	4.00335385864108
2.55061086488902	3.2895582826922	3.6492991172016	4.00781458551617
2.55632829908469	3.29271336253911	3.65574068122955	4.02141886421797
2.56204573328037	3.30555113071352	3.66659938793631	4.02644228134778
2.56776316747604	3.31279021942285	3.6716349949226	4.03036787910187
2.57348060167172	3.32175107579621	3.68022975187169	4.03143243195873
2.57919803586739	3.32636909997337	3.69180018006651	4.05130798156713
2.58491547006307	3.33681217272111	3.69739244259806	4.0594145256367
2.59063290425874	3.34507170874625	3.7077206094968	4.06553838612643
2.59635033845442	3.3519293544473	3.71538435008504	4.07455665293675
2.60206777265009	3.36121841379351	3.72046033776652	4.07321986891176
2.60778520684577	3.37449918438836	3.72738386840657	4.09242523444956
2.61350264104144	3.37368560081426	3.73767290838287	4.09960771302446
2.61922007523711	3.38523872774666	3.74520543421044	4.1018532656512
2.62493750943279	3.3983491360676	3.75843948673107	4.1127028142084
2.63065494362846	3.40564605573102	3.76155315384374	4.12198548427676
2.63637237782414	3.40640038673486	3.76826483693486	4.13433790140133
2.64208981201981	3.41337178901063	3.77591649489944	4.13588795570581
2.64780724621549	3.42634251618554	3.78673850620292	4.14897049702765
2.65352468041116	3.42986479517297	3.79204243512161	4.15331407357257
2.65924211460684	3.44505951785445	3.80344230281882	4.16452828357202
2.66495954880251	3.44646308811614	3.81104900028247	4.17438050845091
2.67067698299819	3.45184446527448	3.81536377655718	4.17832844278926
2.67639441719386	3.46676051955463	3.82628555828655	4.18982421265216
2.68211185138953	3.48012945310642	3.83630388342283	4.20055096504454
2.68782928558521	3.47759892619134	3.84370500172256	4.20678827966636
2.69354671978088	3.49078320564189	3.85272194257429	4.21603340550544
2.69926415397656	3.49671908312173	3.858716040742	4.22077942936203
2.70498158817223	3.50344142081982	3.86518917280591	4.22676896788166
2.71069902236791	3.51817153827982	3.87584983675481	4.24108530871992
2.71641645656358	3.51702393548151	3.87971113496517	4.24457764182684
2.72213389075926	3.52556666873763	3.89109637405237	4.25151003165389
2.72785132495493	3.534775182073	3.90007604034243	4.27006625123078
2.73356875915061	3.54246488728601	3.90886108813614	4.26761290647713
2.73928619334628	3.55602265544161	3.9147191765824	4.27196104080009
2.74500362754195	3.55965844024365	3.92321267915327	4.28937646203072
2.75072106173763	3.56791629913626	3.93056109707191	4.29432593700608
2.7564384959333	3.57601838529006	3.94062268571017	4.29958342194511
2.76215593012898	3.58286583861683	3.94613061343336	4.31296260725632
2.76787336432465	3.59504619934727	3.95744809110537	4.323255755942
2.77359079852033	3.60022237562195	3.96560095089039	4.32693408785053
2.779308232716	3.60865294840334	3.97390961358731	4.33746483818449
2.78502566691168	3.61765860915539	3.98057675970864	4.34132852783925
2.79074310110735	3.61767767162798	3.99010586756957	4.3604098296216
2.79646053530303	3.63027750026974	3.99567310374381	4.36559187376882
2.8021779694987	3.63820722519448	4.00212558009275	4.36933579848371
2.80789540369437	3.65128410036147	4.01089716523346	4.3812266722314
2.81361283789005	3.64877888967538	4.02272332938915	4.39129913840069
2.81933027208572	3.66207375142446	4.03022656982635	4.39547481330876
2.8250477062814	3.6672819317841	4.03681840533965	4.39939141380268
2.83076514047707	3.68174046190488	4.04594332556533	4.41457796730565
2.83648257467275	3.68297450405153	4.05474527980796	4.42032398316457
2.84220000886842	3.69645594037857	4.06159881150156	4.42386173694984
2.8479174430641	3.70819871779834	4.06823750640481	4.43180808069237
2.85363487725977	3.70516523296972	4.07557185168549	4.44407290365547
2.85935231145545	3.71771303453782	4.08733329897415	4.44498174058649
2.86506974565112	3.72242337962241	4.09222154773869	4.4581023231405
2.87078717984679	3.73517996706781	4.10070832226818	4.47110858192747
2.87650461404247	3.74115793828043	4.10869399211755	4.47798102469511
2.88222204823814	3.753941056199	4.11787555365877	4.48731396330928
2.88793948243382	3.75920032384092	4.12681859261665	4.49552328235776
2.89365691662949	3.76465529067416	4.13392183476126	4.49529192615843
2.89937435082517	3.77551689018905	4.14510970117147	4.50666327676773
2.90509178502084	3.77785652499	4.14961013400899	4.51421084668423
2.91080921921652	3.79095828534862	4.16033507290823	4.52843179316424
2.91652665341219	3.7968526510985	4.16392778760561	4.53112988737831
2.92224408760787	3.80170391899973	4.17723396330486	4.5397234405257
2.92796152180354	3.81793405410835	4.18456898893857	4.55238526824329
2.93367895599921	3.82630100026731	4.19010482734264	4.56402036685961
2.93939639019489	3.83128586478267	4.19964108878604	4.5688051762477
2.94511382439056	3.83687898518787	4.20537508339128	4.57524412518594
2.95083125858624	3.84737477125999	4.21550655011144	4.58666199104895
2.95654869278191	3.86124633354335	4.22395207682962	4.59544832585361
2.96226612697759	3.85874341269714	4.22947745655854	4.59624350955511
2.96798356117326	3.86484771198384	4.24053918941478	4.60604463617214
2.97370099536894	3.87818392923803	4.24747077625546	4.61587193144515
2.97941842956461	3.88363568514566	4.25324166888967	4.63210515563833
2.98513586376029	3.89163125798911	4.26201169120363	4.63664641159187
2.99085329795596	3.90046490604229	4.27287595169121	4.64053095633496
2.99657073215163	3.90989963582337	4.27884470542398	4.64900424496144
3.00228816634731	3.91538404640229	4.28533609514402	4.65141298145911
3.00800560054298	3.91704210289976	4.29672010622232	4.66654904533728
3.01372303473866	3.93546127558008	4.30504879085092	4.67419963200201
3.01944046893433	3.94110034273203	4.31157484103511	4.68544274161481
3.02515790313001	3.95138182143517	4.32132649539417	4.69049170244443
3.03087533732568	3.96027923511411	4.3282927987182	4.6980285898811
3.03659277152136	3.96153321103798	4.33483675685014	4.70812988845861
3.04231020571703	3.9759682278972	4.34458435680392	4.71693602191405
3.0480276399127	3.98472344920086	4.35517085588457	4.72514769038871
3.05374507410838	3.99139246368786	4.36093493943854	4.73494545321735
3.05946250830405	3.9959171910716	4.36928401801284	4.74297187194924
3.06517994249973	4.00781003714916	4.37428166665651	4.75297404620702
3.0708973766954	4.01333563519876	4.38520863508716	4.7536367215601
3.07661481089108	4.02353814057841	4.39187420837552	4.76433878168355
3.08233224508675	4.02973044840433	4.40377056647971	4.774267810327
3.08804967928243	4.03573281200012	4.40754510195909	4.77942049633236
3.0937671134781	4.04987064902824	4.41704299443881	4.79135483129486
3.09948454767378	4.05317945393936	4.42572043090906	4.79592260999101
3.10520198186945	4.05519987203973	4.43090845307891	4.80410279665923
3.11091941606513	4.06916002451878	4.4423792565448	4.82153318376947
3.1166368502608	4.08016355143423	4.45347445718627	4.82353211342534
3.12235428445647	4.08423871283611	4.45496361165674	4.84159167560542
3.12807171865215	4.09778248398259	4.46730038500012	4.84258960030317
3.13378915284782	4.09437061589049	4.47451523863155	4.845007335326
3.1395065870435	4.10798572672093	4.48286406013956	4.85438703126314
3.14522402123917	4.1161660514145	4.49032437575587	4.86682694319598
3.15094145543485	4.1227022291208	4.49717918862661	4.87532284272089
3.15665888963052	4.14135549346476	4.50575426573015	4.88106148511422
3.1623763238262	4.14414200092213	4.51377600760366	4.88773933063553
3.16809375802187	4.15141452524292	4.52384923961364	4.90029760271624
3.17381119221755	4.15657768196047	4.5311922157657	4.9080696064095
3.17952862641322	4.16477282587508	4.54185147592709	4.91377325564271
3.18524606060889	4.16775755000175	4.54671635720829	4.93108042740162
3.19096349480457	4.18392286932311	4.554002541365	4.92975907952732
3.19668092900024	4.18684172433073	4.56146224531747	4.93987623551153
3.20239836319592	4.19565259623667	4.56960204657958	4.94740087810033
3.20811579739159	4.19979016128337	4.58034547899131	4.9567486355279
3.21383323158727	4.20943798630069	4.5856767846914	4.95786111799122
3.21955066578294	4.22165588542056	4.5974705184	4.96931686156118
3.22526809997862	4.2227793977945	4.60376106003185	4.97763461249724
3.23098553417429	4.23076422736544	4.61266567344859	4.98914327541764
3.23670296836997	4.24186234697813	4.61929162900911	4.99063111345735
3.24242040256564	4.24678467020773	4.62405658090781	5.00156716744443
3.24813783676131	4.25724336129081	4.63258723366767	5.00904767904311
3.25385527095699	4.2677815329248	4.64461538870927	5.01994331142018
3.25957270515266	4.27441035084099	4.65291557534722	5.03468972320047
3.26529013934834	4.28273704709967	4.65914094618746	5.03731681490486
3.27100757354401	4.28838242453429	4.66863115886215	5.04497562500317
3.27672500773969	4.29673849961116	4.67712238116003	5.0578798673599
3.28244244193536	4.30590365030379	4.68408324751036	5.06272952770556
3.28815987613104	4.31361119858921	4.6896629616347	5.06823523218842
3.29387731032671	4.3224225925427	4.69754286073159	5.08153786633147
3.29959474452239	4.33087460652543	4.70796587609852	5.09125306508198
3.30531217871806	4.34132593710327	4.72118710435412	5.09513905923829
3.31102961291373	4.33950727489433	4.72350956619345	5.10687304551787
3.31674704710941	4.35686097307531	4.7312132017161	5.11247300327146
3.32246448130508	4.35746511403002	4.74038048265579	5.11968062509639
3.32818191550076	4.37225599369256	4.75181609156857	5.13731048702801
3.33389934969643	4.37862074114807	4.75819061148442	5.1372054685225
3.33961678389211	4.38485408923916	4.76489275267777	5.14678576420797
3.34533421808778	4.39450248098687	4.77692778159305	5.15715493367113
3.35105165228346	4.40262585804004	4.78224202797214	5.16094459543315
3.35676908647913	4.40598558959745	4.78861425141614	5.17030467959338
3.36248652067481	4.41894524618194	4.80107185182389	5.18534305809662
3.36820395487048	4.42575247479481	4.8050875488459	5.1951051729669
3.37392138906615	4.43470726815862	4.81458372177317	5.19195767052591
3.37963882326183	4.44060614490625	4.82229300659254	5.20125262838416
3.3853562574575	4.44330951591122	4.83203897016628	5.21530775703869
3.39107369165318	4.45454631855405	4.83748526452923	5.22261594267759
3.39679112584885	4.46424614950676	4.84688575754374	5.22670958834228
3.40250856004453	4.46930528971668	4.85339982676547	5.23702940322623
3.4082259942402	4.47827152518769	4.86444915427281	5.24634022676407
3.41394342843588	4.4905195526067	4.87042740747375	5.25870839878908
3.41966086263155	4.49481445764162	4.87954154931262	5.26402545314602
3.42537829682722	4.50460739442341	4.88626346547593	5.27116409650094
3.4310957310229	4.5098133428355	4.89595586438872	5.27990451185446
3.43681316521857	4.52455877319968	4.90356079956546	5.28739088235885
3.44253059941425	4.52490650826393	4.91302200590405	5.29832896149021
3.44824803360992	4.53407138420128	4.91965942903275	5.30764647471557
3.4539654678056	4.53790606175906	4.92642946459503	5.3110387190375
3.45968290200127	4.54744121822244	4.93583940405438	5.32911685866705
3.46540033619695	4.5574050311308	4.94288123082156	5.32747429500053
3.47111777039262	4.56620336661484	4.95149458125618	5.33490652369851
3.4768352045883	4.57254090549611	4.96015403437039	5.34532048008964
3.48255263878397	4.58119101114766	4.96939907451116	5.35905116642641
3.48827007297964	4.59428119052618	4.97768305693502	5.36154235862567
3.49398750717532	4.59390459526949	4.98532399879335	5.36876815057197
3.49970494137099	4.60522608338185	4.99187020044371	5.38150292119502
3.50542237556667	4.60776076362684	4.99940788061866	5.38595204114296
3.51113980976234	4.61479079932367	5.00935447650808	5.39592046596369
3.51685724395802	4.63080359676203	5.01916566229287	5.40528229732568
3.52257467815369	4.63815852052939	5.02843639001337	5.41679245932535
3.52829211234937	4.64811373942357	5.0333733389187	5.41943071182005
3.53400954654504	4.66230016319167	5.04393398595759	5.4340792048669
3.53972698074072	4.65950402433383	5.05219114404025	5.43866464035153
3.54544441493639	4.6728259869442	5.0630207943304	5.44443791852793
3.55116184913207	4.67664627810506	5.06257902575579	5.44293526792296
3.55687928332774	4.68934373691544	5.07576229590554	5.46044247636483
3.56259671752341	4.69394422908132	5.08071394680046	5.4685649913976
3.56831415171909	4.70338581648154	5.08855767639886	5.47433623501885
3.57403158591476	4.70673248191199	5.09876208799216	5.49153743424999
3.57974902011044	4.71288066536469	5.10991507624232	5.49395174564096
3.58546645430611	4.72267625022904	5.11485678840143	5.50420774995752
3.59118388850179	4.73057183003466	5.12403900890766	5.50905382459798
3.59690132269746	4.74281115761449	5.12966429693368	5.52239032585185
3.60261875689314	4.74636839271704	5.13668969806116	5.52393556641892
3.60833619108881	4.75184991493005	5.14385648565689	5.53620877436203
3.61405362528449	4.76756434107868	5.15661439816572	5.55054591076299
3.61977105948016	4.77235924890021	5.16518485051616	5.55698156448204
3.62548849367583	4.78050727635798	5.1732887894719	5.56396179395094
3.63120592787151	4.79198553526221	5.17556679051955	5.56689640996272
3.63692336206718	4.7968237129105	5.18507813497221	5.57345819511301
3.64264079626286	4.80712071768426	5.19474364178364	5.58277444236973
3.64835823045853	4.81051640724817	5.20125122294381	5.59565913861734
3.65407566465421	4.82469158220654	5.20986338646283	5.60424038576072
3.65979309884988	4.82976082057415	5.21742276284211	5.61367854729883
3.66551053304556	4.83485166787351	5.23046613596076	5.62468053194755
3.67122796724123	4.84218020766454	5.23356184186217	5.63062457501036
3.67694540143691	4.85183497831005	5.2459493184729	5.63687748552228
3.68266283563258	4.85660363556803	5.25220272256438	5.64212411337668
3.68838026982825	4.86925253107523	5.26246115773765	5.65602143097547
3.69409770402393	4.87645017813485	5.2681957001799	5.66315397120624
3.6998151382196	4.88852677150245	5.2750109590487	5.67340266951274
3.70553257241528	4.89398491060969	5.2841851865987	5.67304555188963
3.71125000661095	4.89486187321398	5.29086792785882	5.68800825265498
3.71696744080663	4.90274771870124	5.29961400149163	5.69802948665616
3.7226848750023	4.91233656724461	5.30689008143835	5.70587204769155
3.72840230919798	4.92964384124926	5.31869652335571	5.71088016121423
3.73411974339365	4.93156801065231	5.3273661352962	5.71491272332365
3.73983717758932	4.9304075653923	5.33476635608052	5.72690889456089
3.745554611785	4.94155784464038	5.3395574647868	5.73271637762595
3.75127204598067	4.96048278339398	5.34755907734504	5.75407932754274
3.75698948017635	4.96281488351063	5.35699651167974	5.75414300464963
3.76270691437202	4.97050363156977	5.36161184718847	5.75724418438547
3.7684243485677	4.9767353196198	5.37107748801526	5.7616869890626
3.77414178276337	4.98889313038626	5.38449537947766	5.78365601341681
3.77985921695905	4.9911329331042	5.39021915455133	5.79198464800221
3.78557665115472	4.99988196165799	5.39744269386211	5.78828482667802
3.7912940853504	5.01134601187229	5.4079827037376	5.80219066873357
3.79701151954607	5.01756036550575	5.41051317429473	5.81233966554737
3.80272895374174	5.02579728081826	5.42144827610108	5.81376432228339
3.80844638793742	5.03255326599571	5.42746558523644	5.82886581487946
