"mitochan"	"lwrNorm"	"medNorm"	"uprNorm"
-1.90327037354145	-3.89036260696592	-3.47856976538914	-3.06566621705464
-1.89706211451297	-3.87464777672905	-3.4668487594893	-3.05668665244861
-1.8908538554845	-3.86581363902926	-3.45529712026636	-3.04938099847644
-1.88464559645603	-3.85450116624972	-3.44750219036265	-3.04420950411472
-1.87843733742755	-3.84833740288305	-3.43850262895277	-3.03189207360681
-1.87222907839908	-3.83669344231459	-3.42705722785026	-3.01632432278473
-1.8660208193706	-3.82488037720817	-3.41600045252874	-3.00039732718512
-1.85981256034213	-3.80600121393731	-3.40409747045113	-2.99439814137714
-1.85360430131365	-3.79715837709757	-3.3944912078515	-2.99133597353114
-1.84739604228518	-3.78983381972886	-3.3826214038513	-2.9663966590086
-1.8411877832567	-3.78045927923893	-3.37060587733324	-2.96031077750267
-1.83497952422823	-3.76796530324006	-3.36105201104144	-2.95734717835077
-1.82877126519975	-3.75826457272456	-3.34829069450326	-2.94231436437569
-1.82256300617128	-3.75096821431919	-3.34089332032481	-2.93012193241659
-1.8163547471428	-3.73653010006418	-3.33002631466647	-2.92630988183269
-1.81014648811433	-3.7277862490175	-3.31960139543976	-2.90852689629037
-1.80393822908586	-3.72646642417868	-3.31172452634206	-2.89923620614608
-1.79772997005738	-3.70466201778021	-3.29681937458295	-2.88765360634817
-1.79152171102891	-3.69329987500528	-3.28668393491444	-2.87943225366634
-1.78531345200043	-3.69030885215779	-3.27774350481279	-2.86553634650298
-1.77910519297196	-3.67408813303095	-3.26415877153232	-2.85506555433272
-1.77289693394348	-3.66109538449439	-3.25256618609538	-2.84281682035452
-1.76668867491501	-3.64974043146674	-3.24579921048083	-2.83901965755119
-1.76048041588653	-3.6377469922317	-3.23314615423503	-2.82493815321596
-1.75427215685806	-3.63092989407824	-3.22428753734087	-2.81647170973022
-1.74806389782958	-3.61714412350971	-3.21618444112866	-2.80728453499558
-1.74185563880111	-3.61021482883601	-3.20180148446247	-2.78572888997133
-1.73564737977264	-3.60233181842954	-3.19249656702104	-2.78320882256188
-1.72943912074416	-3.58966701071246	-3.18317460228494	-2.77210834613919
-1.72323086171569	-3.57613315083049	-3.17015356715495	-2.76498327989669
-1.71702260268721	-3.5677146346209	-3.16326951368644	-2.7544917505716
-1.71081434365874	-3.55430891322267	-3.14932055155918	-2.73730271666843
-1.70460608463026	-3.54927596119678	-3.13712420741729	-2.72918738166853
-1.69839782560179	-3.5281814234744	-3.12756295099546	-2.71780193928384
-1.69218956657331	-3.52365494093804	-3.11663656402311	-2.70409895577078
-1.68598130754484	-3.50982228787125	-3.10531038568539	-2.69851426805281
-1.67977304851636	-3.50608798948562	-3.09720436668101	-2.68890599554128
-1.67356478948789	-3.4910746292713	-3.08463965053869	-2.68221035823056
-1.66735653045942	-3.48964946776131	-3.07486263713971	-2.66652242181133
-1.66114827143094	-3.47246119655284	-3.0651787389579	-2.65511849237433
-1.65494001240247	-3.46394060915349	-3.05351224897024	-2.63965780322682
-1.64873175337399	-3.45326588513631	-3.04243237619815	-2.63321695823269
-1.64252349434552	-3.44492805146121	-3.03394171888962	-2.62905129153188
-1.63631523531704	-3.42911791041524	-3.02050901413439	-2.61062697106034
-1.63010697628857	-3.41382448676331	-3.01208257643976	-2.60253600541325
-1.62389871726009	-3.40398328525728	-2.998950632536	-2.59306862148657
-1.61769045823162	-3.40075347847818	-2.98942934694474	-2.58470793015426
-1.61148219920314	-3.38100962997723	-2.98046762381219	-2.57286423375882
-1.60527394017467	-3.37721712867507	-2.96795390018232	-2.56556199030266
-1.5990656811462	-3.35947649691577	-2.95957577750204	-2.54896248660775
-1.59285742211772	-3.35009308305585	-2.94751450088631	-2.54262822412334
-1.58664916308925	-3.34367213627743	-2.93892681464974	-2.53037012336299
-1.58044090406077	-3.33779595523946	-2.92789163306187	-2.5191126147008
-1.5742326450323	-3.31722944067885	-2.91508758024131	-2.50670709126663
-1.56802438600382	-3.31678917191177	-2.90520594245054	-2.4992239847829
-1.56181612697535	-3.30192018746658	-2.89516106177461	-2.49338937633949
-1.55560786794687	-3.29105917499121	-2.88531255624853	-2.47483873832396
-1.5493996089184	-3.27622658857094	-2.87543656651816	-2.47277502337372
-1.54319134988992	-3.26593536543558	-2.86492091170117	-2.45886317924364
-1.53698309086145	-3.25652856985403	-2.85566758747605	-2.44463209171833
-1.53077483183298	-3.2488037532486	-2.84189760361975	-2.43697536882898
-1.5245665728045	-3.23340038867658	-2.83408130124767	-2.42601372004259
-1.51835831377603	-3.21855642503706	-2.82038921478209	-2.41029103380052
-1.51215005474755	-3.2106927008458	-2.81045047339323	-2.40285156214294
-1.50594179571908	-3.20346670786506	-2.8002459471227	-2.39476760813044
-1.4997335366906	-3.19097437761398	-2.78779585697008	-2.3795620009183
-1.49352527766213	-3.18461348407214	-2.77651520186902	-2.37379399088435
-1.48731701863365	-3.17683739287057	-2.76938362853406	-2.36592859289022
-1.48110875960518	-3.16280204716724	-2.76007714827909	-2.35779670523948
-1.4749005005767	-3.14550953719726	-2.7451714362407	-2.34374159887251
-1.46869224154823	-3.14214263917224	-2.73626540265913	-2.33495209862618
-1.46248398251976	-3.13011320949252	-2.72442180456419	-2.31828005433814
-1.45627572349128	-3.12272609463096	-2.71411195312648	-2.31167875001466
-1.45006746446281	-3.10333100319946	-2.70524801936188	-2.30419601391419
-1.44385920543433	-3.09652943908675	-2.69267750425194	-2.2886159383742
-1.43765094640586	-3.08883496576007	-2.68462328226241	-2.28029470177328
-1.43144268737738	-3.08166133035279	-2.6733672049532	-2.27132508429065
-1.42523442834891	-3.06825975044158	-2.66179425395997	-2.25759023599205
-1.41902616932043	-3.05625134423156	-2.65176224158172	-2.24113631860361
-1.41281791029196	-3.04069187025414	-2.63858852943789	-2.24071407848445
-1.40660965126348	-3.0315960748673	-2.62903782075354	-2.22968095085992
-1.40040139223501	-3.02492885566472	-2.62116036109324	-2.21264368190959
-1.39419313320653	-3.01111092196475	-2.60917290545225	-2.20818646728136
-1.38798487417806	-3.00652340882863	-2.59647033773237	-2.19760151865681
-1.38177661514959	-2.99300900033835	-2.58757299673796	-2.18398240865853
-1.37556835612111	-2.97758644774329	-2.57688231574384	-2.17420823315887
-1.36936009709264	-2.96768460173367	-2.56802877003623	-2.16852844366999
-1.36315183806416	-2.95797221073811	-2.55605788710042	-2.15450845715603
-1.35694357903569	-2.95010626425458	-2.54471200157857	-2.14627594453942
-1.35073532000721	-2.93184914960778	-2.53504681281414	-2.13601359808908
-1.34452706097874	-2.92319599126672	-2.52229848185943	-2.12137015831922
-1.33831880195026	-2.91458006759411	-2.51466795944576	-2.11110311246476
-1.33211054292179	-2.89972431871531	-2.50057997176153	-2.1060390113013
-1.32590228389331	-2.8920585046978	-2.49380757216531	-2.09326742599785
-1.31969402486484	-2.88114338511077	-2.48425239093099	-2.08044194233133
-1.31348576583637	-2.87103588658564	-2.46643515999547	-2.06877402495326
-1.30727750680789	-2.85409113363652	-2.45811950502185	-2.05497715363291
-1.30106924777942	-2.85189953666057	-2.4485037668458	-2.04789233767259
-1.29486098875094	-2.85236634740336	-2.44101877310659	-2.0493178422291
-1.28865272972247	-2.82970322564753	-2.4303526432276	-2.02587096897933
-1.28244447069399	-2.82195547794527	-2.42033397262489	-2.01566199463372
-1.27623621166552	-2.805313296592	-2.40579635283728	-2.00608496918302
-1.27002795263704	-2.79260740752308	-2.39854924850844	-2.004320041936
-1.26381969360857	-2.78693957089754	-2.3868019432511	-1.9843327150516
-1.25761143458009	-2.78365417536345	-2.37742024226103	-1.96919752883678
-1.25140317555162	-2.76407003194474	-2.36549064955318	-1.96267853139094
-1.24519491652315	-2.76221151046854	-2.35586046322793	-1.95870509356837
-1.23898665749467	-2.74688127052283	-2.34591694175065	-1.94696385909378
-1.2327783984662	-2.73192993656495	-2.33305263485457	-1.92897078452043
-1.22657013943772	-2.7230069456847	-2.32108644522555	-1.91996996224464
-1.22036188040925	-2.71360600704492	-2.31086393436999	-1.91331626487203
-1.21415362138077	-2.69549420946475	-2.30198596707606	-1.89925819114423
-1.2079453623523	-2.68720066251479	-2.28698636449215	-1.88872813766925
-1.20173710332382	-2.68075095742769	-2.282960370325	-1.87853906485698
-1.19552884429535	-2.67127012580854	-2.26882538734069	-1.87112106159054
-1.18932058526687	-2.65668122582924	-2.25913684608975	-1.86012108374206
-1.1831123262384	-2.64954921467847	-2.24791231154226	-1.85087196535476
-1.17690406720993	-2.64052887052145	-2.23714432257527	-1.83196013138678
-1.17069580818145	-2.62948059646105	-2.22710102243559	-1.82779896013205
-1.16448754915298	-2.61186906909641	-2.2186724642788	-1.81941067050779
-1.1582792901245	-2.60224534024561	-2.20719691869992	-1.81136287366708
-1.15207103109603	-2.59711365755077	-2.19606969249678	-1.79557035891277
-1.14586277206755	-2.5826682773622	-2.18293286029183	-1.78701943358323
-1.13965451303908	-2.57494774168575	-2.17437258151871	-1.76955620411812
-1.1334462540106	-2.55932444804238	-2.16215597663215	-1.76224839149165
-1.12723799498213	-2.55496432682742	-2.15449028135905	-1.75030508729521
-1.12102973595365	-2.53582681271451	-2.14236203556558	-1.73949538195275
-1.11482147692518	-2.5390500901332	-2.13253985962365	-1.7287589378949
-1.1086132178967	-2.52080536908728	-2.12273146438877	-1.72183353448167
-1.10240495886823	-2.50860084983678	-2.11356131618321	-1.7134904380206
-1.09619669983976	-2.50056305279934	-2.10050452176047	-1.70019774485556
-1.08998844081128	-2.49151226848463	-2.08953937461307	-1.68539514814961
-1.08378018178281	-2.47239596314172	-2.08106313974799	-1.68495081037794
-1.07757192275433	-2.46903060875754	-2.06820061621044	-1.66938420373561
-1.07136366372586	-2.45261024837971	-2.05964383343223	-1.65420111778859
-1.06515540469738	-2.44115477215389	-2.04836421941624	-1.64645833335288
-1.05894714566891	-2.43467244213762	-2.03721738111379	-1.64254073031163
-1.05273888664043	-2.42837701312747	-2.02844723063916	-1.63510937711798
-1.04653062761196	-2.41258490930869	-2.01876684237242	-1.61359368934075
-1.04032236858348	-2.39998219328885	-2.00688249606133	-1.61236825586204
-1.03411410955501	-2.39026801071776	-1.99138198905106	-1.59567611191968
-1.02790585052654	-2.38293651583635	-1.98238326503514	-1.58281560752832
-1.02169759149806	-2.36958946418677	-1.97423240002452	-1.57825944815196
-1.01548933246959	-2.3586286774863	-1.96293098427551	-1.56301847324268
-1.00928107344111	-2.34322993009209	-1.94803410804433	-1.55505012231633
-1.00307281441264	-2.33393197019521	-1.94174632672102	-1.55075908330095
-0.996864555384163	-2.32764550394119	-1.93077915796404	-1.53208951396988
-0.990656296355688	-2.31109516719973	-1.91866384300221	-1.5165536236497
-0.984448037327214	-2.30549109945992	-1.91156264089485	-1.50890585501693
-0.978239778298739	-2.29773617333414	-1.8988583743679	-1.49990296386744
-0.972031519270265	-2.2856166803112	-1.88974174559663	-1.49151008983223
-0.96582326024179	-2.26914072318254	-1.87872267332475	-1.48277074569359
-0.959615001213315	-2.26653809154197	-1.86544686331003	-1.4696744385877
-0.953406742184841	-2.25166020215797	-1.85685846823755	-1.45739691798044
-0.947198483156366	-2.24481422302879	-1.8473211249078	-1.45012316028421
-0.940990224127892	-2.23825791547849	-1.83488206172066	-1.43946654263378
-0.934781965099417	-2.22020610425478	-1.82475808381382	-1.42345703266033
-0.928573706070943	-2.21278152704792	-1.81477916632862	-1.41727994773928
-0.922365447042468	-2.20033996844056	-1.80795615838338	-1.40230366503759
-0.916157188013994	-2.19096381739245	-1.79201863621614	-1.39720028884075
-0.909948928985519	-2.17993697789226	-1.78313428859142	-1.38348057600986
-0.903740669957044	-2.16684657309063	-1.77210390066024	-1.37616651603455
-0.89753241092857	-2.1535610884388	-1.76054566004055	-1.3576173143226
-0.891324151900095	-2.15509794922507	-1.75168862374093	-1.34661426263821
-0.885115892871621	-2.13542396632657	-1.74085393125772	-1.33920374107322
-0.878907633843146	-2.12741115056183	-1.73030680856337	-1.33595845278106
-0.872699374814672	-2.10963948505851	-1.72246734936668	-1.32385494432969
-0.866491115786197	-2.10127857794326	-1.70953718669953	-1.31450918781298
-0.860282856757723	-2.09601665475145	-1.69488368304772	-1.30021472726399
-0.854074597729248	-2.0863574924485	-1.68611048346805	-1.29133007412662
-0.847866338700773	-2.07155304157807	-1.67356395897348	-1.28090009119087
-0.841658079672299	-2.06124426230678	-1.66576000757824	-1.27054172000111
-0.835449820643824	-2.04679258872635	-1.65435054106433	-1.26012731851846
-0.82924156161535	-2.0383877348824	-1.64404115219241	-1.24742867938645
-0.823033302586875	-2.03502765903865	-1.63245273232192	-1.23713840723315
-0.816825043558401	-2.02583272575448	-1.62404373211627	-1.22229380558007
-0.810616784529926	-2.00868859524572	-1.60974382384288	-1.21093982514693
-0.804408525501451	-2.00225054205056	-1.60290302001745	-1.20390518307883
-0.798200266472977	-1.98624176415734	-1.59085223788533	-1.19949109963986
-0.791992007444502	-1.97170025842054	-1.58171241093245	-1.18830590619462
-0.785783748416028	-1.96213547633227	-1.57237355930576	-1.17382636210472
-0.779575489387553	-1.95769127746811	-1.5601433247206	-1.1664639289491
-0.773367230359079	-1.93680883712282	-1.54970867958336	-1.15370245748766
-0.767158971330604	-1.93686768427004	-1.54007990403797	-1.14063113820574
-0.76095071230213	-1.92639394059991	-1.52861368176005	-1.12948174448961
-0.754742453273655	-1.91157966662834	-1.51754810525838	-1.12357701746279
-0.74853419424518	-1.89647439102259	-1.50331150674173	-1.11581389852964
-0.742325935216706	-1.88880904202595	-1.4987607070277	-1.10116728803357
-0.736117676188231	-1.88231522494401	-1.48499410606865	-1.09690455608916
-0.729909417159757	-1.87115810816386	-1.47643471417725	-1.08401335730699
-0.723701158131282	-1.85728159151284	-1.46322061777339	-1.07626249488287
-0.717492899102808	-1.84800529216536	-1.4534153839238	-1.05473369515504
-0.711284640074333	-1.83966893753587	-1.44120304250651	-1.04685133683313
-0.705076381045858	-1.82710101144753	-1.42955352867821	-1.04176287091313
-0.698868122017384	-1.81914362969024	-1.42271374110277	-1.0258240359538
-0.692659862988909	-1.79838405405238	-1.41137936900669	-1.00971462385551
-0.686451603960435	-1.7929497828119	-1.40250104933602	-1.01200144577588
-0.68024334493196	-1.78710590538819	-1.38811544498303	-0.99575382559329
-0.674035085903486	-1.77094052644455	-1.37789634754342	-0.984828332249317
-0.667826826875011	-1.76241980921868	-1.36817090394035	-0.973397429219259
-0.661618567846536	-1.75489026505281	-1.36024239694736	-0.964030920049949
-0.655410308818062	-1.73997992341641	-1.34834031561779	-0.955283623114493
-0.649202049789587	-1.7299032051912	-1.33741310715006	-0.951475301464868
-0.642993790761113	-1.71943403584996	-1.3275919985842	-0.930809081481534
-0.636785531732638	-1.70252296971302	-1.31600358087474	-0.921137011551248
-0.630577272704164	-1.69676460490218	-1.30310160016204	-0.910477023933384
-0.624369013675689	-1.69081537641136	-1.29275193814118	-0.898131942817222
-0.618160754647215	-1.67639580084115	-1.28205607517009	-0.889162632454459
-0.61195249561874	-1.66874218574968	-1.27635597376448	-0.880018480469072
-0.605744236590265	-1.65377865278373	-1.26076211249857	-0.871902635711416
-0.599535977561791	-1.6418237527181	-1.25391076566268	-0.855783659398064
-0.593327718533316	-1.63754544035211	-1.24636396519579	-0.850885841144109
-0.587119459504842	-1.62776385057321	-1.2318862229831	-0.843094331265106
-0.580911200476367	-1.60258308295608	-1.22113825774794	-0.831154888219129
-0.574702941447893	-1.60120791215873	-1.20897600081256	-0.816441097822244
-0.568494682419418	-1.59764576589345	-1.20132586795686	-0.811509699091847
-0.562286423390943	-1.5784050692775	-1.19071671217423	-0.791737355896023
-0.556078164362469	-1.57253879202171	-1.17825104490312	-0.781326179851682
-0.549869905333994	-1.55670883642467	-1.1703275159235	-0.778125830383859
-0.54366164630552	-1.55378447323423	-1.15710452374722	-0.77015713039971
-0.537453387277045	-1.53376881526541	-1.14509664167223	-0.75608940541796
-0.531245128248571	-1.52048895196129	-1.13196100451571	-0.748869948150896
-0.525036869220096	-1.5094741453211	-1.12327454304271	-0.735136730186455
-0.518828610191622	-1.50859237235784	-1.11267868741555	-0.721903156439105
-0.512620351163147	-1.49208789209192	-1.10417912438343	-0.708234801487673
-0.506412092134672	-1.48645907800514	-1.09308183424097	-0.702111837472482
-0.500203833106198	-1.46981228181973	-1.0819012611889	-0.691691688683846
-0.493995574077723	-1.4712409737111	-1.07322703150354	-0.680666211789387
-0.487787315049249	-1.45189312636843	-1.05781199155953	-0.663752390655481
-0.481579056020774	-1.44057874411227	-1.05098073911094	-0.66021273521074
-0.4753707969923	-1.43518392186695	-1.03840068707087	-0.652289959766302
-0.469162537963825	-1.42394368331817	-1.03050437728763	-0.636239891371725
-0.46295427893535	-1.40892377934881	-1.01834852295874	-0.627913828185539
-0.456746019906876	-1.40262058475273	-1.00864951743091	-0.620908104995495
-0.450537760878401	-1.38957012674891	-0.99912901353565	-0.604858903945983
-0.444329501849927	-1.38331145811375	-0.986899786668113	-0.596193358220275
-0.438121242821452	-1.3700758845566	-0.976556057623482	-0.589715956110504
-0.431912983792978	-1.3562541003299	-0.968409782900364	-0.578900617905157
-0.425704724764503	-1.35256048402405	-0.954945335461225	-0.563825156338683
-0.419496465736029	-1.3322778514738	-0.946900624976635	-0.551383846924066
-0.413288206707554	-1.32868838434873	-0.932053186020757	-0.539435093191549
-0.407079947679079	-1.31532980447195	-0.926606893418305	-0.536213747153359
-0.400871688650605	-1.29783828524184	-0.912434279632891	-0.51925197197805
-0.39466342962213	-1.29455484821394	-0.901858984998128	-0.513689878182792
-0.388455170593656	-1.28576961680436	-0.892269586491185	-0.500019366407653
-0.382246911565181	-1.27158524984032	-0.87973699376577	-0.487691569355391
-0.376038652536707	-1.26178356682256	-0.871275029217887	-0.477760070291145
-0.369830393508232	-1.25448889155874	-0.858479964831451	-0.473063716189064
-0.363622134479757	-1.23539666833476	-0.848341814033596	-0.453469438077877
-0.357413875451283	-1.22823545842953	-0.83838670497745	-0.442214191468532
-0.351205616422808	-1.2162279014462	-0.828844343757894	-0.434916062732219
-0.344997357394334	-1.21062028811373	-0.820487633633193	-0.431063835495279
-0.338789098365859	-1.19497926277915	-0.805702228574259	-0.419143859935241
-0.332580839337385	-1.18650451001973	-0.795236813775569	-0.407475721036324
-0.32637258030891	-1.17586245980402	-0.787943476329348	-0.40158048482981
-0.320164321280436	-1.15677351182968	-0.777357715770772	-0.383903919812505
-0.313956062251961	-1.15889046578301	-0.765207889430301	-0.369050478682948
-0.307747803223486	-1.14794390754596	-0.755399565850216	-0.366708613933208
-0.301539544195012	-1.13444740479246	-0.743284777870273	-0.354032957498898
-0.295331285166537	-1.11732042252271	-0.732247075340561	-0.345263183838852
-0.289123026138063	-1.11050552276258	-0.724216379789658	-0.333019966046066
-0.282914767109588	-1.09933054330642	-0.711384995762319	-0.320229073482747
-0.276706508081114	-1.09091095274333	-0.699607764596296	-0.312634917052712
-0.270498249052639	-1.08179051968928	-0.69151036837583	-0.299748708649965
-0.264289990024165	-1.07336795084436	-0.682205080907913	-0.289686017529546
-0.25808173099569	-1.05619456393435	-0.671269550392524	-0.275570825854585
-0.251873471967215	-1.04803936579935	-0.658596630428369	-0.269565219176115
-0.245665212938741	-1.03214383609668	-0.648640305840049	-0.259746672197404
-0.239456953910266	-1.02943414251654	-0.637058603276966	-0.249549552282227
-0.233248694881792	-1.01726431307947	-0.626582458256687	-0.235998425801169
-0.227040435853317	-1.00480929526229	-0.615956000039146	-0.227285532734681
-0.220832176824843	-0.995961325371621	-0.610353722566129	-0.219452633886428
-0.214623917796368	-0.985771297117307	-0.596456848329947	-0.211987095139199
-0.208415658767894	-0.980932554661814	-0.585548085085184	-0.196667548768324
-0.202207399739419	-0.967911038835276	-0.575951519077491	-0.18436262792083
-0.195999140710944	-0.955376266933391	-0.562237963890296	-0.162964111631375
-0.18979088168247	-0.947057703142423	-0.553178466659485	-0.164471952116689
-0.183582622653995	-0.927094514793361	-0.540261989551431	-0.156270082827211
-0.177374363625521	-0.922595613408373	-0.532093607100649	-0.145057134355053
-0.171166104597046	-0.913747656671189	-0.519846619478233	-0.128692747345135
-0.164957845568572	-0.897544227428184	-0.508891541850578	-0.120799302041155
-0.158749586540097	-0.88878995135146	-0.498771996779857	-0.106762810226179
-0.152541327511623	-0.884964990442859	-0.490852234735721	-0.104603808806397
-0.146333068483148	-0.871354592888523	-0.480030998863971	-0.092852165067858
-0.140124809454673	-0.857344161029888	-0.467175811293311	-0.0788191839537318
-0.133916550426199	-0.84453599628593	-0.456254780907871	-0.0667159130882285
-0.127708291397724	-0.834786386573273	-0.451135756922749	-0.0606299549175457
-0.12150003236925	-0.821827773303601	-0.437506637861422	-0.0435857861348502
-0.115291773340775	-0.813204594075872	-0.427232271848444	-0.0361373832858877
-0.109083514312301	-0.800150841697005	-0.415631703903212	-0.0232968256827298
-0.102875255283826	-0.79789200304612	-0.404901189675694	-0.0165235591098348
-0.0966669962553515	-0.776296041765031	-0.394569474165488	-0.00473363400024007
-0.0904587372268768	-0.767752728385306	-0.384453024658905	0.00329192412166585
-0.0842504781984021	-0.756964057405035	-0.373748363802577	0.021685351034824
-0.0780422191699277	-0.754756088724195	-0.360808446501656	0.0260164163328995
-0.071833960141453	-0.741862187139616	-0.352774891339649	0.0344634147993258
-0.0656257011129786	-0.731272371050186	-0.344230385734837	0.0453727705780529
-0.0594174420845039	-0.724647316495086	-0.332118189541273	0.062692565964769
-0.0532091830560295	-0.705904486529294	-0.318780515918149	0.0684278785031454
-0.0470009240275548	-0.694267958641666	-0.3087494103196	0.0845760260997276
-0.0407926649990804	-0.691955887007163	-0.298551244993559	0.0886404286650173
-0.0345844059706057	-0.677616315301179	-0.289452913032549	0.0995037263340061
-0.0283761469421311	-0.665221998767587	-0.27776376349375	0.106398422983843
-0.0221678879136566	-0.655806670108826	-0.266040494269589	0.128129037772956
-0.015959628885182	-0.64118910427502	-0.256532719828306	0.131151574915498
-0.00975136985670755	-0.638707573326458	-0.245851156043599	0.138497377588104
-0.00354311082823289	-0.618458165648865	-0.232943876532153	0.156282344108561
0.00266514820024155	-0.607735287381298	-0.218756061179089	0.167192241967451
0.00887340722871621	-0.601041658879949	-0.214855936733087	0.175792883349295
0.0150816662571907	-0.588376994371086	-0.204307793460619	0.187266408445611
0.0212899252856653	-0.58593019828598	-0.193132448655336	0.200053774686452
0.02749818431414	-0.567711626531079	-0.18535087471854	0.208186187702121
0.0337064433426144	-0.556226033598076	-0.171473316063433	0.211379175740229
0.0399147023710891	-0.547740413314079	-0.16155497205143	0.219862862398485
0.0461229613995635	-0.538227038922906	-0.148187449638457	0.234101194828344
0.0523312204280382	-0.522130754602018	-0.139039072043186	0.250667245380507
0.0585394794565126	-0.511795209803059	-0.129048413686676	0.258282899475979
0.0647477384849873	-0.503343431782645	-0.119612513741061	0.269514213643569
0.0709559975134617	-0.506083068946809	-0.108857725354319	0.277373680780688
0.0771642565419364	-0.484496333485599	-0.09563145533466	0.289033302301835
0.083372515570411	-0.470336336342581	-0.0873881076065529	0.306788811230528
0.0895807745988855	-0.465405144053093	-0.0714053757028516	0.31142010556971
0.0957890336273601	-0.452345449492647	-0.0639436194128375	0.327322214980564
0.101997292655835	-0.443160602019507	-0.0554452627109834	0.33110534960487
0.108205551684309	-0.435523264774645	-0.0471284477213629	0.341493601915073
0.114413810712784	-0.421869137092198	-0.0354138086339943	0.351515208668081
0.120622069741258	-0.405539874244277	-0.0224521509655516	0.368099494578091
0.126830328769733	-0.402295079889742	-0.0135991820720432	0.381186464022619
0.133038587798207	-0.388275310557194	-0.00183677724909386	0.386400241774054
0.139246846826682	-0.379900543665374	0.00641629283454406	0.393625181154145
0.145455105855157	-0.370991817049799	0.0193580422383309	0.408424970411226
0.151663364883631	-0.357760209261535	0.0316127205867056	0.417780169529349
0.157871623912106	-0.345846768829932	0.0401626109591649	0.421262570072448
0.16407988294058	-0.328738099961898	0.0512798389859311	0.443328316131301
0.170288141969055	-0.323035043622089	0.0619629327317321	0.445899525976336
0.176496400997529	-0.314463595864906	0.0725431455507271	0.4527852681232
0.182704660026004	-0.300461484725559	0.0819336858683874	0.467066795444212
0.188912919054478	-0.29113044237284	0.0954913069743526	0.47819422673582
0.195121178082953	-0.285492402258627	0.105102663839454	0.489833822374579
0.201329437111428	-0.270007910467706	0.113490813046	0.499932462592955
0.207537696139902	-0.262884157223885	0.125527380249239	0.512050780608481
0.213745955168377	-0.259022091782251	0.138087584814673	0.523921583149488
0.219954214196851	-0.239188510842337	0.147289804256963	0.532023280043465
0.226162473225326	-0.229579544728989	0.156181221312882	0.541313541103327
0.2323707322538	-0.217823917876308	0.168383462461691	0.554885618711705
0.238578991282275	-0.207275762290831	0.176242756753246	0.564927823677474
0.24478725031075	-0.189910091057307	0.189618202009354	0.572053751667773
0.250995509339224	-0.18515277360341	0.199336120370387	0.589381660529836
0.257203768367699	-0.179714648315748	0.210046012476421	0.598830013129357
0.263412027396173	-0.159870777877214	0.223598222134044	0.60688762546237
0.269620286424648	-0.15295498128595	0.232853152326767	0.616169981495139
0.275828545453122	-0.141012674582166	0.240805290682031	0.626656309302162
0.282036804481597	-0.132598831325883	0.252604678536539	0.639584579239719
0.288245063510071	-0.122052052973062	0.26165805450435	0.64967376562988
0.294453322538546	-0.117322926588232	0.271524526391586	0.659496682035102
0.300661581567021	-0.0999776478250023	0.285521537711518	0.66897501071215
0.306869840595495	-0.0916192480610477	0.296217656112952	0.679952110484424
0.31307809962397	-0.0837126351903502	0.301604896480836	0.686987830986701
0.319286358652444	-0.0621532798802993	0.316276415125114	0.703435467901741
0.325494617680919	-0.0635066782204067	0.328689982704929	0.711271612283838
0.331702876709393	-0.047950287167307	0.33509880764486	0.72415958042324
0.337911135737868	-0.0359052101307942	0.347785343978607	0.730834907966868
0.344119394766342	-0.0317680639749442	0.360901915948466	0.748153045277287
0.350327653794817	-0.0188944357708947	0.368202150521538	0.75179035604684
0.356535912823292	-0.0078959081429133	0.37916240067345	0.762782877301396
0.362744171851766	0.0105115464900059	0.38812872913617	0.777231414057213
0.368952430880241	0.0105338478581039	0.403230100461996	0.784927484110524
0.375160689908715	0.0219827606963619	0.410905862952138	0.804569488324381
0.38136894893719	0.0410193143371915	0.421045804283406	0.80781066130286
0.387577207965665	0.0454104474681631	0.427256172088784	0.808854652150188
0.393785466994139	0.0610602485625284	0.442847304363781	0.824550186885846
0.399993726022613	0.0681872289175195	0.453528174391187	0.837040215532792
0.406201985051088	0.0747498540676368	0.46376431570199	0.847805144217214
0.412410244079563	0.0942326618275541	0.473948061436406	0.857706117000418
0.418618503108037	0.0978011934169589	0.484709891085918	0.873563492678906
0.424826762136512	0.115427002863759	0.493583156223753	0.878086393786855
0.431035021164986	0.117907795817312	0.5085782169131	0.897244522015748
0.437243280193461	0.135371196364014	0.516848007837101	0.901805427444356
0.443451539221936	0.142860471598523	0.529948917219125	0.914676373113168
0.44965979825041	0.152161141623988	0.5377920745112	0.922198992449213
0.455868057278884	0.164348256123207	0.546262025663319	0.934034076693002
0.462076316307359	0.174879898387033	0.560525084290351	0.946100377834455
0.468284575335834	0.185127437840872	0.572473825151858	0.954601191572547
0.474492834364308	0.189907060799631	0.578109611066671	0.971100366584458
0.480701093392783	0.20611387709963	0.590371152016984	0.975365987509922
0.486909352421257	0.221189947341724	0.600654428851653	0.986886705241618
0.493117611449732	0.229652701914657	0.613506629622433	0.999254054907123
0.499325870478207	0.233542741801775	0.622641025991766	1.000701997958
0.505534129506681	0.2487924910318	0.632217056590379	1.0216186212622
0.511742388535156	0.259325317541104	0.646073448943012	1.03179037272266
0.51795064756363	0.269645537585864	0.654123200254725	1.04278457615191
0.524158906592105	0.283648021403877	0.663694636004217	1.05565141854278
0.53036716562058	0.292224695448289	0.673836144118746	1.06056257554283
0.536575424649054	0.304495210528308	0.686340403280626	1.07220557729039
0.542783683677528	0.316252040839417	0.697484461490669	1.08379528880443
0.548991942706003	0.322133098305252	0.706963190430715	1.09363257279276
0.555200201734478	0.334179692340879	0.720019493777324	1.10755644613218
0.561408460762952	0.343556185781914	0.729454078710854	1.11626723358456
0.567616719791427	0.358216988453374	0.737701996383564	1.11797473939953
0.573824978819901	0.366057562440695	0.752519124255798	1.14043458441051
0.580033237848376	0.373293635342234	0.762222871956408	1.13840293017999
0.586241496876851	0.388595996227042	0.770116084552106	1.15855793650273
0.592449755905325	0.395214880637684	0.781927385983352	1.17313258170791
0.598658014933799	0.407700194967563	0.792367114769665	1.17363150031134
0.604866273962274	0.421387707940359	0.805454904171938	1.18489542330677
0.611074532990749	0.426300191738441	0.814911457299975	1.20072566519892
0.617282792019223	0.434213734692821	0.824218052056635	1.20540415302547
0.623491051047698	0.461007433793604	0.843640812350313	1.22358945731643
0.629699310076172	0.452313847724472	0.842201530803607	1.23091394258828
0.635907569104647	0.473519033086605	0.855394223782197	1.23977995882166
0.642115828133122	0.48041999387906	0.865920934754987	1.25226094066518
0.648324087161596	0.493434004658186	0.87799075411005	1.2556587944124
0.654532346190071	0.506220055592426	0.890094588480425	1.27202863774153
0.660740605218545	0.516958044584533	0.900951820489272	1.28677723494366
0.66694886424702	0.525375766674758	0.906964122116525	1.29609572843438
0.673157123275494	0.536052070674133	0.919164571633703	1.30563470945256
0.679365382303969	0.539002728469196	0.930390572004806	1.32047964572917
0.685573641332443	0.558272298847107	0.940562123161688	1.32340492918516
0.691781900360918	0.569488879336623	0.953338333487053	1.3347988492987
0.697990159389393	0.575237349189545	0.960225506132543	1.35041313604953
0.704198418417867	0.590911424552869	0.973747198519459	1.35663319421302
0.710406677446342	0.596541929402127	0.983699966977011	1.36804163952539
0.716614936474816	0.603350350796259	0.993437469515059	1.3779849365211
0.722823195503291	0.615627017483967	1.00324739960352	1.39414647504764
0.729031454531766	0.627879885641467	1.01537923361244	1.39378610813805
0.73523971356024	0.642815533579708	1.02629464789447	1.4124350293675
0.741447972588714	0.647231768572344	1.03686105728203	1.4270730056646
0.747656231617189	0.660030170999441	1.04560889878438	1.42916697958605
0.753864490645664	0.672018558228931	1.05825393099889	1.43522354253555
0.760072749674138	0.677559084247453	1.06567329367782	1.45944701162263
0.766281008702613	0.693680413432915	1.07861675925481	1.4672145918848
0.772489267731087	0.701842651495804	1.08998008333045	1.47370614728589
0.778697526759562	0.721658765415417	1.10017609054973	1.48580139435949
0.784905785788037	0.73183973034161	1.11142343236219	1.49690175683178
0.791114044816511	0.728016340948662	1.12359615529755	1.5116945927251
0.797322303844985	0.743849856723318	1.13091605742957	1.51545518920657
0.80353056287346	0.757646150500028	1.14314313076339	1.52510387191627
0.809738821901935	0.772833396587723	1.15289564542788	1.53675968936152
0.815947080930409	0.776324602874861	1.16272793565292	1.55460844432503
0.822155339958884	0.785076943891278	1.17504003633266	1.55385337294607
0.828363598987358	0.804567642324575	1.1880404675159	1.5769579816347
0.834571858015833	0.807973087660661	1.19583045598651	1.58233569641832
0.840780117044308	0.820748981549193	1.20519217735327	1.59026083906167
0.846988376072782	0.829327334790084	1.21559332361558	1.59851999457676
0.853196635101257	0.84010643005763	1.22556715266821	1.61325534085469
0.859404894129731	0.849839618301677	1.23318109796457	1.62071549943793
0.865613153158206	0.86197024987835	1.2505823119512	1.63617213036507
0.87182141218668	0.867935665033715	1.25853913443072	1.63681601876167
0.878029671215155	0.886714605379796	1.26877762530498	1.65024350198259
0.884237930243629	0.892400755610168	1.28196833401091	1.66857346205142
0.890446189272104	0.907127842191393	1.29007562428467	1.67495057091858
0.896654448300579	0.917407887689576	1.30336901876416	1.68295781763573
0.902862707329053	0.93080006655699	1.31316487403201	1.69345236210512
0.909070966357528	0.939590692548868	1.31912263359644	1.71146537992538
0.915279225386002	0.948983157735101	1.33371853071112	1.71189393149329
0.921487484414477	0.960491396019414	1.34118393420077	1.72546351970912
0.927695743442951	0.971367365120492	1.35388868670713	1.74108375230248
0.933904002471426	0.980783435075976	1.36377242171697	1.7528438969833
0.9401122614999	0.989559872840686	1.37492505534397	1.75439423896779
0.946320520528375	1.00247235630917	1.38836706270672	1.78034388911958
0.95252877955685	1.01320366385812	1.3981283993927	1.79075093212361
0.958737038585324	1.01947937335948	1.40517650762509	1.79153477426428
0.964945297613799	1.03660679803253	1.41684391414678	1.79818425461024
0.971153556642273	1.04639558405405	1.43289109245971	1.81151189479616
0.977361815670748	1.05631069082623	1.43757881228859	1.81517134397865
0.983570074699222	1.0593083939222	1.4480477431637	1.83560850560968
0.989778333727697	1.06818032715661	1.45807932108132	1.83840495459129
0.995986592756172	1.08119852081851	1.47097728698723	1.85281233754155
1.00219485178465	1.09941107693512	1.48340320118442	1.87143903681293
1.00840311081312	1.10920050560973	1.49101829829139	1.86681793864804
1.0146113698416	1.11423299485537	1.5025395181981	1.88817759542506
1.02081962887007	1.13001995623624	1.51395723721721	1.8940747326188
1.02702788789854	1.1400076626625	1.52389315522365	1.91342590137679
1.03323614692702	1.14661896162094	1.52962459391514	1.91685031428896
1.03944440595549	1.15768915584291	1.54575109760695	1.93105517086387
1.04565266498397	1.16845119592737	1.55383384375872	1.94143573979327
1.05186092401244	1.18515634903295	1.56706382429762	1.95174142001301
1.05806918304092	1.19664432532134	1.57811931354878	1.96162015417733
1.06427744206939	1.20364460466277	1.58888004529979	1.96920289516993
1.07048570109787	1.21202673204941	1.59679792342641	1.98597340629624
1.07669396012634	1.21893515139841	1.60752189873702	1.98615789131102
1.08290221915482	1.23563484182125	1.61929134917999	2.00107565102033
1.08911047818329	1.25040064294866	1.63138014055029	2.01459590279118
1.09531873721176	1.25507564603104	1.63920507939091	2.02375671992148
1.10152699624024	1.26587523290703	1.65200079366122	2.03713382957123
1.10773525526871	1.27423631009129	1.66177621291123	2.04510468435312
1.11394351429719	1.29034361634916	1.67177353021496	2.05455022587036
1.12015177332566	1.29645590269225	1.684565644127	2.06650851380746
1.12636003235414	1.30936093452767	1.69452594844754	2.08273726746981
1.13256829138261	1.32496503909546	1.70384689070423	2.09168280019034
1.13877655041109	1.33236746383545	1.71606128862065	2.10215744918846
1.14498480943956	1.34467448348519	1.72397454470153	2.10544711844912
1.15119306846804	1.35905755218303	1.73672435162749	2.11996271465889
1.15740132749651	1.36593226675642	1.74645318711558	2.13448591824183
1.16360958652498	1.37011398078006	1.76019997636664	2.14264357416859
1.16981784555346	1.38398204228068	1.76688015441262	2.15645819311581
1.17602610458193	1.39340360767312	1.7762400095283	2.1548126021737
1.18223436361041	1.40173737616152	1.7868892142218	2.17027750825088
1.18844262263888	1.41228612127065	1.79906337985455	2.18198001990623
1.19465088166736	1.42255663889866	1.81068047798995	2.19911063662134
1.20085914069583	1.42763058601076	1.82150502463408	2.20693714417254
1.20706739972431	1.44454481707253	1.83077139845179	2.21267518122587
1.21327565875278	1.46060706309868	1.84168188207951	2.22828920774367
1.21948391778126	1.4693966187887	1.85169473510199	2.23707970742168
1.22569217680973	1.48122391384739	1.86400819913012	2.24237007744295
1.23190043583821	1.48319782751191	1.87170776099896	2.25828114934475
1.23810869486668	1.49307275249379	1.88397819017725	2.26641900213247
1.24431695389515	1.51303319734395	1.89610184876487	2.27865447491917
1.25052521292363	1.52331202869798	1.90957988147484	2.29550902005379
1.2567334719521	1.53432151969894	1.91707988447926	2.30938544261245
1.26294173098058	1.54002530291154	1.92434368142256	2.30870380115574
1.26914999000905	1.55085791453212	1.93434785677246	2.31966341550384
1.27535824903753	1.56382196281477	1.94722564638019	2.33094603271717
1.281566508066	1.57190538777952	1.95637809737693	2.33916282417239
1.28777476709448	1.59031206093558	1.96964383866288	2.35309709306259
1.29398302612295	1.59186713970319	1.97707999927269	2.36105592518521
1.30019128515143	1.6045518035319	1.99122575192724	2.37940831117107
1.3063995441799	1.62003476566934	2.00154321794591	2.38765571278084
1.31260780320837	1.6225012244097	2.01107869121134	2.40200173590845
1.31881606223685	1.63865150623661	2.02406651981422	2.40449895476544
1.32502432126532	1.6559257403109	2.03290783070781	2.41721492870062
1.3312325802938	1.66096667238909	2.04129377831084	2.43094805726905
1.33744083932227	1.66469536831342	2.05094013009524	2.44123373948508
1.34364909835075	1.6701426172726	2.06371514958968	2.4548320289956
1.34985735737922	1.6927463244064	2.07362322374972	2.46072629952639
1.3560656164077	1.70591193991294	2.08653603531627	2.46560341886838
1.36227387543617	1.708097854471	2.0994812672485	2.48736455737284
1.36848213446465	1.71912192859617	2.10606761624503	2.4906186869148
1.37469039349312	1.72729787407572	2.11512609157508	2.50380869650068
1.38089865252159	1.74434664182399	2.12618742663414	2.50759490280463
1.38710691155007	1.74880464665157	2.13780781055161	2.52572675345832
1.39331517057854	1.7646711513975	2.15016435980195	2.5333889295905
1.39952342960702	1.77895058406591	2.16127917241365	2.54182293236601
1.40573168863549	1.78766552430626	2.16945408598857	2.55868327506247
1.41193994766397	1.79668988535575	2.17923232388697	2.56102322341046
1.41814820669244	1.80713657194226	2.1914826517603	2.5724161057258
1.42435646572092	1.80976190281035	2.20031942141174	2.58684055107334
1.43056472474939	1.8287247615335	2.21054568681589	2.60252807097736
1.43677298377787	1.83531757897316	2.22240301359032	2.61191866742696
1.44298124280634	1.84246428949587	2.23274956462899	2.62338151958463
1.44918950183481	1.85784492517707	2.24722973116212	2.62760132962157
1.45539776086329	1.86777347592232	2.25509653048714	2.63679858870119
1.46160601989176	1.8822816922464	2.26474439910888	2.65188913859475
1.46781427892024	1.88397578433044	2.27397281985756	2.66936071506739
1.47402253794871	1.90204190344593	2.2838425584922	2.67064330601065
1.48023079697719	1.91064943600615	2.29893329255664	2.68428566637222
1.48643905600566	1.92826986371112	2.30770219584508	2.69005573277764
1.49264731503414	1.93554329229178	2.31816885133335	2.70006057176102
1.49885557406261	1.94187562553105	2.32850666951977	2.71906596725368
1.50506383309109	1.9592439071374	2.33816227471897	2.72575015930961
1.51127209211956	1.96601077918199	2.35086700297787	2.74161633277728
1.51748035114803	1.97142411364553	2.36407119426887	2.74545392759834
1.52368861017651	1.98699926045473	2.37337132395413	2.75593969271441
1.52989686920498	1.99751425379828	2.38106611187734	2.77254389934092
1.53610512823346	1.99289988959584	2.38985347522161	2.77859657739256
1.54231338726193	2.01837213903068	2.40538724277076	2.78601331519551
1.54852164629041	2.03435707432154	2.41153356668234	2.79821857604411
1.55472990531888	2.04294168504281	2.42285258669213	2.81005144526381
1.56093816434736	2.05520640996203	2.43428268271727	2.81895381472732
1.56714642337583	2.05822748862632	2.44892560899177	2.82899401383621
1.57335468240431	2.07473724211868	2.4563011798941	2.84052343015607
1.57956294143278	2.08722208078015	2.46462081141935	2.84665434061999
1.58577120046125	2.09769258476781	2.47939210358063	2.86672546559593
1.59197945948973	2.10503585804513	2.48750609485401	2.87610449703785
1.5981877185182	2.11855607778843	2.50026674728391	2.88145915250856
1.60439597754668	2.12937692460194	2.51173373006882	2.89280152692298
1.61060423657515	2.13881051728959	2.52414186591076	2.91066740302801
1.61681249560363	2.14413218647842	2.52915011974589	2.91490716504073
1.6230207546321	2.16144317359704	2.54375631850315	2.92848619248318
1.62922901366058	2.16507548971901	2.55226044793773	2.93641012279179
1.63543727268905	2.17934026618552	2.56195409580773	2.94840558275272
1.64164553171753	2.18353780161235	2.57132441920864	2.95639686112222
1.647853790746	2.19686104837367	2.58688943976436	2.975858946533
1.65406204977447	2.21390956948507	2.59470418683933	2.98312054506282
1.66027030880295	2.21315496992339	2.60451224222896	2.9954967651484
1.66647856783142	2.22427248799847	2.61571632177861	3.00574287982969
1.6726868268599	2.23633125280472	2.62401002874587	3.01187856556005
1.67889508588837	2.25294126480496	2.63742749329677	3.01757901224569
1.68510334491685	2.25796643432421	2.6458186765385	3.02836996213721
1.69131160394532	2.27489448757932	2.65794477794547	3.03690693909754
1.6975198629738	2.28926609793274	2.66874032999875	3.0584850389423
1.70372812200227	2.2942588015887	2.67808579223896	3.06314297941336
1.70993638103075	2.30783837028981	2.69038477326544	3.07217499409141
1.71614464005922	2.3089459262922	2.70086010648488	3.08436775361596
1.7223528990877	2.32466773208926	2.70862527802451	3.09325298569724
1.72856115811617	2.335226163936	2.72145430741683	3.10685467426352
1.73476941714464	2.34648280352268	2.7345335313299	3.11325299937382
1.74097767617312	2.35207083934421	2.74184409034514	3.12123793650151
1.74718593520159	2.37218322057663	2.75251207062026	3.13676841006917
1.75339419423007	2.38417077650101	2.76393824635115	3.15344418183674
1.75960245325854	2.39443352394145	2.77384960075474	3.15990187085751
1.76581071228702	2.40506902863986	2.78437258927993	3.17319877663361
1.77201897131549	2.41180020925939	2.79812256199057	3.18538450408945
1.77822723034397	2.41956913391808	2.80485724327351	3.19181112203389
1.78443548937244	2.43035745480544	2.81846921843615	3.20536400095182
1.79064374840092	2.43576351615646	2.82419568116025	3.2155282411782
1.79685200742939	2.45259280651705	2.84019682486823	3.22777976281508
1.80306026645786	2.45700458489253	2.84754011628715	3.23555967156441
1.80926852548634	2.46747679690738	2.85812428884463	3.24127132606123
1.81547678451481	2.48272354426663	2.86887968699985	3.24877617626361
1.82168504354329	2.49435757869445	2.88191404734874	3.26959081868545
1.82789330257176	2.50766903792227	2.89068237754073	3.2794898674103
1.83410156160024	2.51504932148392	2.90011558062672	3.28615200429711
1.84030982062871	2.52405997019707	2.91415953280523	3.29994847308126
1.84651807965719	2.53816831692282	2.92376234841381	3.31014214151334
1.85272633868566	2.547688725964	2.93043461069247	3.31797635374601
1.85893459771414	2.561631186255	2.9476511347903	3.33586846205915
1.86514285674261	2.56297454941023	2.95495768625319	3.34612758050625
1.87135111577108	2.5716324660283	2.9640267378203	3.35453791191996
1.87755937479956	2.58667233383298	2.97466354817461	3.36062235289218
1.88376763382803	2.59642845615007	2.98713826115864	3.37543599336087
1.88997589285651	2.61552515191464	2.9978824175802	3.39346324146055
1.89618415188498	2.62211443845022	3.00726939319591	3.39933291169386
1.90239241091346	2.6239017453064	3.0158744777912	3.40747900896254
1.90860066994193	2.64363255406393	3.02878105957844	3.41338016269336
1.91480892897041	2.64891295858126	3.04226384030365	3.42399309703842
1.92101718799888	2.66751160969576	3.04708502273239	3.43732553589198
1.92722544702736	2.67607948650841	3.06209542303858	3.44457797175237
1.93343370605583	2.68403642135676	3.07144782353078	3.45389376594763
1.9396419650843	2.69952303704303	3.08427145732346	3.46680152358373
1.94585022411278	2.70121051631997	3.09157149562531	3.48559158867476
1.95205848314125	2.71333402063568	3.10335869259409	3.49157057030027
1.95826674216973	2.72888540799901	3.11419532754711	3.5005478320249
1.9644750011982	2.73753766946882	3.12230843234573	3.50833986450827
1.97068326022668	2.74712221836316	3.13336415471493	3.52020271444961
1.97689151925515	2.76158324085288	3.14537428241734	3.53687372970088
1.98309977828363	2.76406021318671	3.15589551527372	3.53952126392234
1.9893080373121	2.77978510489893	3.16616127381182	3.55088899527343
1.99551629634058	2.79310517335005	3.17753521501021	3.57239130155769
2.00172455536905	2.80291510364207	3.18679947620849	3.57627350301428
2.00793281439753	2.80889556378894	3.19555548937401	3.58699694666974
2.014141073426	2.8230068562931	3.20900628660998	3.59313838447462
2.02034933245447	2.82798318058104	3.21777145760936	3.60710059335224
2.02655759148295	2.8394446967115	3.22794678957331	3.61349283954812
2.03276585051142	2.85106237961547	3.24170713711837	3.62997425285956
2.0389741095399	2.86270234185973	3.25359739350269	3.63515313808561
2.04518236856837	2.87643358329091	3.26384820421637	3.64459422447081
2.05139062759685	2.88104914025664	3.26762899818523	3.65202525853379
2.05759888662532	2.90019461953622	3.28303649400533	3.66899004966877
2.0638071456538	2.90609673750122	3.29313835309427	3.68073958927911
2.07001540468227	2.91623177579124	3.30841309384974	3.689848118201
2.07622366371075	2.92787849763895	3.3168485034351	3.70265254094116
2.08243192273922	2.93593101275157	3.3243525976737	3.70172775905458
2.08864018176769	2.94701936045576	3.33697128828571	3.72367901472275
2.09484844079617	2.95962957737511	3.34746815640801	3.72881633699582
2.10105669982464	2.96346069417064	3.35660352163887	3.75012173476921
2.10726495885312	2.97971759852027	3.36833464718633	3.75800461563328
2.11347321788159	2.99458004991031	3.37791258855026	3.76654015647699
2.11968147691007	2.99927735365616	3.38906332256516	3.77589461387861
2.12588973593854	3.00778687575294	3.39833970434944	3.78634852581749
2.13209799496702	3.02627233491074	3.40937836880748	3.79292392108199
2.13830625399549	3.0324452384715	3.41929586764926	3.8142202786981
2.14451451302397	3.03685638406779	3.43225348793126	3.81694095610408
2.15072277205244	3.05249868806485	3.44514631786768	3.83264929001804
2.15693103108091	3.06553978547353	3.45243443878296	3.84040804988214
2.16313929010939	3.07070232262071	3.45992019107252	3.84625778793859
2.16934754913786	3.08664638841892	3.47673633562843	3.85981488019052
2.17555580816634	3.09928003599245	3.48488685092882	3.87796344560917
2.18176406719481	3.11067396485958	3.49279927185174	3.88077065635052
2.18797232622329	3.11211076463146	3.50399937535672	3.88942139519195
2.19418058525176	3.13364903094572	3.51626575136028	3.91111206214783
2.20038884428024	3.13653897594895	3.52707117495145	3.9125415099281
2.20659710330871	3.14090736068948	3.53420617409995	3.91341844919342
2.21280536233719	3.15771270163625	3.54653682631057	3.93650084563104
2.21901362136566	3.16883533014516	3.55894071171192	3.94967348400884
2.22522188039413	3.17746737867246	3.56898579962984	3.96060884844325
2.23143013942261	3.19446094434081	3.580563905689	3.96658152546836
2.23763839845108	3.19622667689746	3.58955771602512	3.97937412535713
2.24384665747956	3.21458080437151	3.60359661246743	3.98751679948326
2.25005491650803	3.2232980651884	3.61239012953516	3.99563874905315
2.25626317553651	3.22860117617111	3.62257073252167	4.01038678122518
2.26247143456498	3.24789262798385	3.63332902319602	4.01966191628401
2.26867969359346	3.25283423801302	3.64295190953216	4.03360577911308
2.27488795262193	3.26213671460609	3.65338469113689	4.03917014533758
2.28109621165041	3.27951111926336	3.66324138736928	4.04956917248331
2.28730447067888	3.28797463328216	3.67507132812236	4.06478006429238
2.29351272970736	3.29923027339702	3.68684462850664	4.07869825317688
2.29972098873583	3.30461109045449	3.69221280758253	4.09216843316571
2.3059292477643	3.31560622762533	3.70441004985647	4.09306491544771
2.31213750679278	3.33042823790801	3.71663402244538	4.10778354477095
2.31834576582125	3.33180450110211	3.72953754915017	4.12463927066941
2.32455402484973	3.35036119732502	3.73839036596318	4.13063504973632
2.3307622838782	3.35985538392736	3.74763322612382	4.13401426416859
2.33697054290668	3.37293769242623	3.75645440536797	4.14437741696172
2.34317880193515	3.38017750932607	3.76985792429294	4.15261010113408
2.34938706096363	3.38999363277213	3.78204823017763	4.17780826335719
2.3555953199921	3.40239130137607	3.79034486465565	4.18218804375484
2.36180357902058	3.41345366898703	3.80280258852277	4.19956654010576
2.36801183804905	3.4236112601168	3.81282621715381	4.20669152912846
2.37422009707752	3.43076067956982	3.82280828174843	4.21524723468493
2.380428356106	3.445860896292	3.83295004706115	4.22117718103253
2.38663661513447	3.45548269438222	3.84255417279273	4.23918968477691
2.39284487416295	3.46816260646383	3.85448262819041	4.23830157979467
2.39905313319142	3.47906206591584	3.86553858204985	4.26517297068022
2.4052613922199	3.48307320920427	3.87790798733677	4.26844392917691
2.41146965124837	3.49275531956301	3.8868181648134	4.27652669311111
2.41767791027685	3.50671397984678	3.8997419238357	4.287029150874
2.42388616930532	3.51459691080998	3.90584031431434	4.29458350877968
2.4300944283338	3.52287205493552	3.91886638935779	4.31400667883819
2.43630268736227	3.5356156762959	3.92747596345062	4.31686416130345
2.44251094639074	3.54988434466014	3.94018600838927	4.33298521234321
2.44871920541922	3.5673827972358	3.95538576732948	4.3410591536521
2.45492746444769	3.57244822888515	3.9624498435666	4.35256485094785
2.46113572347617	3.58164786741381	3.97307234965349	4.35999109376014
2.46734398250464	3.59287633429024	3.98010558439672	4.37242175989384
2.47355224153312	3.60066655440016	3.99210172821572	4.38566158740152
2.47976050056159	3.60739979556657	4.00491785013785	4.38883675710549
2.48596875959007	3.62681059558576	4.01225472394031	4.40028845487352
2.49217701861854	3.63278695025047	4.02386864269822	4.41989860221201
2.49838527764702	3.64703580367331	4.03673908983061	4.422847730634
2.50459353667549	3.6493650040111	4.04682407655909	4.43427614962855
2.51080179570396	3.65788339392757	4.05656844962658	4.44821746153874
2.51701005473244	3.67286640267683	4.06721953014758	4.45333298080489
2.52321831376091	3.68023815150676	4.07722300429633	4.47141822009692
2.52942657278939	3.70044076646852	4.08862448288018	4.4832677963717
2.53563483181786	3.6999933533665	4.09809652309511	4.4916861719734
2.54184309084634	3.71409291983043	4.10620298554038	4.50042794099731
2.54805134987481	3.734324913332	4.12097709568007	4.5102544867916
2.55425960890329	3.73293915728731	4.13043242281655	4.51893427437637
2.56046786793176	3.74972143564084	4.14127877125206	4.5318331237241
2.56667612696024	3.75951811658768	4.15186678621282	4.55027180132086
2.57288438598871	3.7746615538343	4.16093719262989	4.55372073836224
2.57909264501719	3.7842318523239	4.17452077752757	4.56753810874383
2.58530090404566	3.79168726132985	4.1836612762508	4.57299976055696
2.59150916307413	3.79916405157575	4.19093554687648	4.58422663341141
2.59771742210261	3.80983416063561	4.20536048727759	4.59408348373768
2.60392568113108	3.82014999684596	4.21655575812498	4.6051307764239
2.61013394015956	3.83778082210898	4.22622801289814	4.61733646550056
2.61634219918803	3.84343877167739	4.23598059096723	4.62673220508128
2.62255045821651	3.86169139983909	4.24863395665729	4.6398097415663
2.62875871724498	3.87153758048694	4.25635145632496	4.64984989869428
2.63496697627346	3.87459819274037	4.26763229308614	4.66311775892172
2.64117523530193	3.88757649618267	4.27926213320066	4.66909392748445
2.64738349433041	3.89348689474766	4.29119687866206	4.67888641723039
2.65359175335888	3.9090342704947	4.30039866428589	4.68792731336799
2.65980001238735	3.91869163551998	4.31178984037334	4.70192634686083
2.66600827141583	3.92474644428583	4.32557705770218	4.71563230723785
2.6722165304443	3.93776250626329	4.33142098803529	4.72376226570348
2.67842478947278	3.94565786090148	4.34263117038721	4.73771769772283
2.68463304850125	3.96516585886029	4.35723511422625	4.74588517613611
2.69084130752973	3.97770192791459	4.36171739358063	4.75581416340261
2.6970495665582	3.98063305374015	4.37496523026512	4.76725324374458
2.70325782558668	3.99693781027576	4.38515354500484	4.77496454149188
2.70946608461515	4.00468120747467	4.39289191209786	4.78593366259804
2.71567434364363	4.01211157683224	4.40799961378224	4.79684192201959
2.7218826026721	4.02281281512636	4.41792121706916	4.80801558766778
2.72809086170057	4.03456867994339	4.42720705941025	4.81950546712082
2.73429912072905	4.04768112152752	4.43602740523421	4.82771380893015
2.74050737975752	4.06074236297637	4.45018174611548	4.85011933567731
2.746715638786	4.05917627706746	4.4601941128105	4.85164278413595
2.75292389781447	4.07413094974937	4.4703858146422	4.85677895424859
2.75913215684295	4.08236854473587	4.48337187169635	4.87913148559834
2.76534041587142	4.10072771604152	4.49191835040382	4.88100430347776
2.7715486748999	4.1099555699235	4.50130273896098	4.89412060359659
2.77775693392837	4.12018403765004	4.51150265975701	4.90656737457661
2.78396519295684	4.12808523764891	4.52289847689439	4.92020260320766
2.79017345198532	4.14061698083678	4.5319887753805	4.92689633564439
2.79638171101379	4.15415638178572	4.54338184221276	4.93895321113014
2.80258997004227	4.15672777728773	4.55377938100974	4.94413050593213
2.80879822907074	4.17502081093738	4.56484317310515	4.95931057365282
2.81500648809922	4.17876589333964	4.57486122274347	4.96886579702418
2.82121474712769	4.19148198906534	4.58790530836816	4.98141862140608
2.82742300615617	4.20030254655903	4.59719794750012	4.98858146234903
2.83363126518464	4.21525055323968	4.60704637744698	5.00564581085186
2.83983952421312	4.21667226996578	4.61739061857158	5.01041823662932
2.84604778324159	4.22897837104713	4.62642318915275	5.01445365834489
2.85225604227007	4.24514439966331	4.63801544341345	5.03278515127663
2.85846430129854	4.25646112216233	4.64844605129831	5.044390235459
2.86467256032701	4.26142996965136	4.66107912671391	5.05689776259464
2.87088081935549	4.277516616043	4.67112588924649	5.05543926451222
2.87708907838396	4.28851305662636	4.68030184865214	5.08291352633019
2.88329733741244	4.28650937834545	4.69436478860585	5.09258706365762
2.88950559644091	4.30653949808294	4.70320456986718	5.10250932350343
2.89571385546939	4.32706697726086	4.7140685027682	5.10662210846291
2.90192211449786	4.32452666779836	4.72321716995817	5.11510950543233
2.90813037352634	4.33606883155183	4.73409543561906	5.12483351423822
2.91433863255481	4.35181111952136	4.74775678015534	5.13869074152893
2.92054689158329	4.3604868921505	4.75412172247789	5.15582787346425
2.92675515061176	4.37189821255974	4.76991226214914	5.16148544741587
2.93296340964024	4.38800105403682	4.77830904908878	5.17330533079094
2.93917166866871	4.3857047152909	4.78912772305722	5.18010738797349
2.94537992769718	4.40918973667304	4.7983042612924	5.19758388815171
2.95158818672566	4.41238342901492	4.80706207775426	5.20177861273847
2.95779644575413	4.42436746579624	4.82046991983674	5.21385719276603
2.96400470478261	4.43393639621793	4.83196545472516	5.22632659363277
2.97021296381108	4.45188979889832	4.83934530831606	5.23963558391143
2.97642122283956	4.45514136871523	4.85436633638447	5.251439739085
2.98262948186803	4.46966182616245	4.8623871803327	5.25363601136539
2.98883774089651	4.47794191743638	4.87267819861567	5.2678579081223
2.99504599992498	4.48543748494666	4.88260553047107	5.28344706688594
3.00125425895345	4.50152933900651	4.89305481613438	5.29076306942646
3.00746251798193	4.51074971446121	4.90480847082837	5.29086631302963
3.0136707770104	4.52094619325362	4.91586427846447	5.31799312988098
3.01987903603888	4.53075807620224	4.9267303024595	5.32284296607464
3.02608729506735	4.5386502692907	4.93697063300457	5.3228635440515
3.03229555409583	4.55292303492786	4.94854672745633	5.34428310869575
3.0385038131243	4.56235946453208	4.95706299472874	5.35408099694655
3.04471207215278	4.57862135821666	4.96847373680723	5.3626629520972
3.05092033118125	4.58896553054706	4.97682261990055	5.36713668175109
3.05712859020973	4.59647040082904	4.99324908910674	5.38630470156467
3.0633368492382	4.60724646440202	4.99901064132427	5.39524887580479
3.06954510826667	4.61240963406176	5.00770653464169	5.40737423520244
3.07575336729515	4.62732404552344	5.02071794356285	5.4238942330156
3.08196162632362	4.63239883114215	5.03024285620596	5.42659944457278
3.0881698853521	4.64113862192134	5.04304756900282	5.43574869707465
3.09437814438057	4.65374557894184	5.04832909523589	5.44477981074092
3.10058640340905	4.66573711682176	5.06439587162827	5.45732449866364
3.10679466243752	4.68571651898596	5.077574105628	5.47549056045113
3.113002921466	4.6830339750771	5.08627827097436	5.48254241498645
3.11921118049447	4.69398741653687	5.09726281511079	5.49354533064385
3.12541943952295	4.70862796391166	5.10782746197803	5.50972513565823
3.13162769855142	4.71654098252909	5.11516038830326	5.51108425413911
3.1378359575799	4.72592048348235	5.12334858307564	5.52255213439385
3.14404421660837	4.74059656755693	5.13544850751727	5.52751861906312
3.15025247563684	4.74874868477735	5.147365531343	5.54579647473466
3.15646073466532	4.7560331048156	5.16143429457128	5.55396175835928
3.16266899369379	4.77079084811021	5.17173083980969	5.56278097538981
3.16887725272227	4.78509364007302	5.17856082318087	5.57468119554398
3.17508551175074	4.79222091244417	5.18930967018559	5.58584494835204
3.18129377077922	4.80380232163695	5.19610790216334	5.59495957807497
3.18750202980769	4.82042682428711	5.21396401621162	5.61221708688286
3.19371028883617	4.81949801528612	5.22447151188791	5.62293272035402
3.19991854786464	4.83901263727005	5.23408841891724	5.62928082686983
3.20612680689312	4.84578981026651	5.24506187489214	5.64922344732727
3.21233506592159	4.85404338322062	5.25672703155069	5.6526025655805
3.21854332495007	4.86826842390214	5.26603693534843	5.65997114788773
3.22475158397854	4.87481463174466	5.27655087674053	5.67350074955549
3.23095984300701	4.88765323278184	5.28270347123091	5.685790970123
3.23716810203549	4.89274019082302	5.29412357935331	5.69338966793651
3.24337636106396	4.91440574984177	5.31157920017911	5.70257269824524
3.24958462009244	4.91603723063672	5.31990321797264	5.71668307998542
3.25579287912091	4.92748451974783	5.32886963528567	5.72863342857996
3.26200113814939	4.93906257094798	5.33821215421288	5.73646243790572
3.26820939717786	4.95307521488853	5.34853261881406	5.7513286918899
3.27441765620634	4.97094871207079	5.36077435447143	5.7608199851725
3.28062591523481	4.97324447387335	5.37100503437852	5.76530735009188
3.28683417426328	4.98151847924479	5.38195941281739	5.77798868284635
3.29304243329176	4.98734455759187	5.3901552679528	5.78793727064398
3.29925069232023	4.99785391154628	5.40211642071515	5.80390141119072
3.30545895134871	5.0120980611722	5.41297074522368	5.80997988159068
3.31166721037718	5.0216603312513	5.42281042660589	5.82131437755789
3.31787546940566	5.02831299759028	5.43190763715748	5.83635325447641
3.32408372843413	5.04585662804808	5.4457262873118	5.8389559092845
3.33029198746261	5.06186007611236	5.45434664636086	5.85705837649707
3.33650024649108	5.06116488287948	5.46468980255883	5.86831165454696
3.34270850551956	5.07325267953785	5.4774202448093	5.88459179237735
3.34891676454803	5.08833937529666	5.4882839026545	5.88846591956945
3.3551250235765	5.0958833432587	5.49641326037998	5.89558397346246
3.36133328260498	5.10992983099636	5.50927165527932	5.91005070241015
3.36754154163345	5.11582467883083	5.51627236743465	5.9167508630418
3.37374980066193	5.1301542071153	5.53028659109957	5.9391361255905
3.3799580596904	5.14029164708798	5.5367099970243	5.94152618086892
3.38616631871888	5.15028586957221	5.5508492302742	5.94864337693905
3.39237457774735	5.15419147101052	5.56551110422998	5.95867547152591
3.39858283677583	5.17409802439594	5.56757169205848	5.97046611399869
3.4047910958043	5.18028269624248	5.58241786901094	5.98643717813762
3.41099935483278	5.19385236058696	5.59286935038734	5.99320618940085
3.41720761386125	5.19469497407862	5.60318014369685	6.00031482192457
3.42341587288972	5.20750813297393	5.61515274544403	6.01852706484936
3.4296241319182	5.21775150660135	5.62366232256605	6.026095378958
3.43583239094667	5.23226618929632	5.63824853593602	6.03476978683075
3.44204064997515	5.2446930186257	5.64888832760223	6.05010270122391
3.44824890900362	5.260156345706	5.65611882813146	6.05663559619172
3.4544571680321	5.26565144567214	5.67100961808712	6.0687747789562
3.46066542706057	5.28088435090196	5.67590681212259	6.07394092787762
3.46687368608905	5.28535986592898	5.68974973310334	6.09104819125016
3.47308194511752	5.29504358086823	5.69658809984021	6.1058017578699
3.479290204146	5.30720533810394	5.71113473787225	6.11054647927756
3.48549846317447	5.31779660384144	5.72102667031827	6.1147311226357
3.49170672220295	5.33338893404785	5.73327206619137	6.14024004118876
3.49791498123142	5.33219490677549	5.74240266993413	6.13850179600727
3.50412324025989	5.3444656042535	5.75308841435932	6.15123897997467
3.51033149928837	5.36712378673823	5.7618450804488	6.16465195778953
3.51653975831684	5.38054375249596	5.77581250307108	6.174738093237
3.52274801734532	5.37925025342756	5.78312099753237	6.18943456592953
3.52895627637379	5.39168124522503	5.79483012075681	6.1939791332956
3.53516453540227	5.40384468635525	5.80888481802353	6.21183737496865
3.54137279443074	5.41400866015873	5.8164736996831	6.2138969985294
3.54758105345922	5.42411351531049	5.82526906581307	6.22631007814366
3.55378931248769	5.4368782507458	5.83763475759228	6.24591228542433
3.55999757151617	5.44520395235572	5.84588459504519	6.25440374149358
3.56620583054464	5.45182478739939	5.85552097430598	6.26081262883354
3.57241408957311	5.46605156551016	5.86800254155482	6.27254390630733
3.57862234860159	5.47496010116154	5.87565144042789	6.27673193587327
3.58483060763006	5.48118709237149	5.88846118437136	6.2939048829689
3.59103886665854	5.49979737078086	5.89992590336307	6.30027077891207
3.59724712568701	5.51019968998882	5.91092547236387	6.32011087494046
3.60345538471549	5.51943265144081	5.92375588420626	6.32512646357856
3.60966364374396	5.5234180973034	5.93011943557377	6.32919665418882
3.61587190277244	5.5311623799995	5.94563621264826	6.3518672992969
3.62208016180091	5.54532137946688	5.95381586204301	6.35513319052199
3.62828842082939	5.56528372403767	5.96467192385536	6.36803089672589
3.63449667985786	5.57034914865805	5.97441625306657	6.38005047109105
3.64070493888633	5.58353025492273	5.98834980977021	6.38750712053131
3.64691319791481	5.58863378307144	5.99473670728157	6.3983782401596
3.65312145694328	5.59454436447377	6.00446744093539	6.40926591495084
3.65932971597176	5.61768061960937	6.02001986593419	6.4226695822044
3.66553797500023	5.62021431103729	6.02807153227497	6.43068159436723
3.67174623402871	5.63531115369642	6.04246147083514	6.44834525271885
3.67795449305718	5.64000673420101	6.04818102562386	6.45438463296695
3.68416275208566	5.65417247362753	6.05561067712459	6.46359835576261
3.69037101111413	5.66378768121123	6.07098107715361	6.47947584560235
3.69657927014261	5.67889834064589	6.08234346757736	6.48435233774364
3.70278752917108	5.68609561480823	6.09129431451468	6.49251634744869
3.70899578819955	5.69804652212091	6.10052897244917	6.50246839150423
3.71520404722803	5.70399680215027	6.10979179800016	6.52055529130431
3.7214123062565	5.71949631709923	6.12253510248626	6.52809419014879
3.72762056528498	5.73012564053597	6.13008107689076	6.53476178163705
3.73382882431345	5.73645637164822	6.14285211766077	6.54334541483316
3.74003708334193	5.74336135390037	6.1524792063323	6.56135343403874
3.7462453423704	5.76640124785422	6.16440641230498	6.55859012661421
3.75245360139888	5.76749742393124	6.17682464017918	6.57626672087997
3.75866186042735	5.78403716185095	6.19035787550167	6.59090268751687
3.76487011945583	5.79006457033824	6.19805661716992	6.60788470525476
3.7710783784843	5.79677402382407	6.20387976892325	6.61890348835902
3.77728663751278	5.8066878712609	6.21947893042768	6.62635463358115
3.78349489654125	5.82139324050728	6.23243717174397	6.63327472835998
3.78970315556972	5.83034218008464	6.23916257459078	6.65028303406095
3.7959114145982	5.84611854031161	6.24966021120483	6.6585247688862
3.80211967362667	5.8538206703409	6.25793955685638	6.66648598864508
3.80832793265515	5.85802579592621	6.27044861048858	6.68028325261839
3.81453619168362	5.87461224234981	6.28186835541887	6.6878828874115
3.8207444507121	5.88424626805174	6.2927805998752	6.70208149468456
3.82695270974057	5.89258910630147	6.30604165023828	6.71009948395277
3.83316096876905	5.91172542533807	6.31421487303759	6.71554670659697
3.83936922779752	5.91326911194017	6.3233146465747	6.73503379644494
3.845577486826	5.92472772260832	6.33404864316066	6.73645087878101
3.85178574585447	5.94245370966259	6.34661415979683	6.75951475372828
3.85799400488294	5.94134318458081	6.35346650177863	6.76488474191394
3.86420226391142	5.96407172096258	6.36926752724328	6.76886240801199
3.87041052293989	5.96514609407514	6.37852071367454	6.78259669631709
3.87661878196837	5.98354820167317	6.38720290609306	6.79107615490721
3.88282704099684	5.99153928886172	6.39956807596701	6.80663116957715
3.88903530002532	5.99865398074097	6.40871517087681	6.82258387280187
3.89524355905379	6.01063758035432	6.41747239291232	6.8277698311491
3.90145181808227	6.0258129832309	6.43103297850369	6.83797749791059
3.90766007711074	6.03765839040038	6.44356790503354	6.85142751183433
3.91386833613922	6.0404093476987	6.45341062403635	6.85935690886693
3.92007659516769	6.04902929139907	6.46189865979348	6.86403945956495
3.92628485419616	6.06346572736953	6.47250019453454	6.88313138523914
3.93249311322464	6.07987224703152	6.48254595394303	6.89457675250232
3.93870137225311	6.08094630358898	6.49632363014047	6.90803724527364
3.94490963128159	6.08663891984199	6.50392799338794	6.90996489565366
3.95111789031006	6.10554629286002	6.51326358631364	6.92570016261783
3.95732614933854	6.1206123990466	6.52539030128226	6.92725512282661
3.96353440836701	6.12993122861602	6.53808151290298	6.94827659613965
3.96974266739549	6.13682513272514	6.54751948331677	6.95816885373923
3.97595092642396	6.14683290623738	6.55570408959903	6.97554400717842
3.98215918545244	6.15849502810882	6.56778427052274	6.97234478100677
3.98836744448091	6.16592171989506	6.57838502101216	6.98810814119274
3.99457570350938	6.175494112792	6.58568192786056	6.99474881632208
4.00078396253786	6.18713229952112	6.60058778444174	7.01424176605482
4.00699222156633	6.20210827546006	6.60931020499386	7.01991186515155
4.01320048059481	6.20856214774319	6.62254426197019	7.03598812005196
4.01940873962328	6.22205288973628	6.63148900979622	7.0366600679587
4.02561699865176	6.22999788871234	6.64052177903163	7.05338116553092
4.03182525768023	6.24025977142239	6.65016795495328	7.06273747190898
4.03803351670871	6.24501327423984	6.66370330505809	7.07126061758116
4.04424177573718	6.25850982905874	6.67397726713994	7.08980528194234
4.05045003476566	6.27270529672824	6.68167995156452	7.08655054415812
4.05665829379413	6.28314550420218	6.69268155720845	7.1055245805192
4.06286655282261	6.28638119483733	6.70620484510308	7.11429366165685
4.06907481185108	6.30714619610384	6.71792871016649	7.13061616892967
4.07528307087955	6.32117934694967	6.72739695591352	7.14245179447325
4.08149132990803	6.32628031259494	6.74267945317975	7.14689291632304
4.0876995889365	6.3384273122925	6.74922089236544	7.15927602015673
4.09390784796498	6.34677355225013	6.75952606019263	7.17180196555152
4.10011610699345	6.35404652353361	6.77049824019956	7.18564364990056
4.10632436602193	6.37193918517916	6.77856644066495	7.1821765277414
4.1125326250504	6.38474492245885	6.79073262467305	7.1995517095992
4.11874088407888	6.38412967841039	6.80017527601585	7.21117589034878
4.12494914310735	6.3975135627861	6.81077508714875	7.2241713829469
4.13115740213583	6.41725332508926	6.82239800851595	7.24018430334594
4.1373656611643	6.41976287741543	6.83165163737157	7.24194699674179
4.14357392019278	6.42838065778737	6.84368101740029	7.25315997763703
4.14978217922125	6.44510745470319	6.85419002107754	7.26499030207833
4.15599043824972	6.45252178635921	6.86415200472496	7.27628095362635
4.1621986972782	6.4609408268638	6.87452544589736	7.29065407946141
4.16840695630667	6.47062132665144	6.88572259728052	7.29840893100969
4.17461521533515	6.48530226416355	6.8942812897669	7.30957125998184
4.18082347436362	6.48791651325245	6.9043913297831	7.31807048838909
4.1870317333921	6.50182285072253	6.91725399649933	7.32831926582466
4.19323999242057	6.51163720353425	6.92971404462214	7.34365413491627
4.19944825144904	6.52034401540166	6.93960914728357	7.35078782282867
4.20565651047752	6.53145457743341	6.95067753850702	7.36071453668324
4.211864769506	6.55115336281516	6.96125794421935	7.37007026708211
4.21807302853447	6.55361537984845	6.97068007914474	7.3889693920686
4.22428128756294	6.56684312502289	6.9779929273364	7.39238136707496
4.23048954659142	6.58119717562712	6.99561056697189	7.40762717965063
4.23669780561989	6.59375386707542	7.00222076507199	7.42202187458775
4.24290606464837	6.59835885141107	7.01045062435602	7.420691097847
4.24911432367684	6.6139192591131	7.02180615619715	7.44243068704312
4.25532258270532	6.61842262472384	7.03432395580955	7.45243509972267
4.26153084173379	6.62763022792256	7.04687990576083	7.46315997477355
4.26773910076226	6.64233988718936	7.05547603723882	7.46732176860128
4.27394735979074	6.64374962490787	7.06833810366803	7.47597167894592
4.28015561881922	6.66996517320435	7.07526242104406	7.49309835018234
4.28636387784769	6.67400776584818	7.08743523784711	7.50234574188742
4.29257213687616	6.67310450136346	7.0992006841974	7.51984394435515
4.29878039590464	6.69231525920125	7.10631253376118	7.5155877531489
