"mitochan"	"lwrNorm"	"medNorm"	"uprNorm"
-1.90327037354145	-4.82629255818184	-3.68281654240509	-2.53082017806019
-1.89616204912226	-4.81309266617875	-3.6710489174329	-2.52145352882504
-1.88905372470308	-4.80383443889437	-3.65688864036441	-2.50578967444423
-1.88194540028389	-4.779274305568	-3.6390571762504	-2.50983397650961
-1.8748370758647	-4.76490694983116	-3.62752242867441	-2.48608800809517
-1.86772875144552	-4.74342423719766	-3.61527424036305	-2.47261181936912
-1.86062042702633	-4.72740110086226	-3.60539067719124	-2.45164636598543
-1.85351210260715	-4.71042874181939	-3.58354637460294	-2.45242552148618
-1.84640377818796	-4.67717664386346	-3.57302185942298	-2.43677813295966
-1.83929545376877	-4.6693981611311	-3.55679245309953	-2.43070920966405
-1.83218712934959	-4.65780520256772	-3.54304541170136	-2.41682573607054
-1.8250788049304	-4.64198637034184	-3.52795778628526	-2.41067306532376
-1.81797048051122	-4.62663016619996	-3.51194847875089	-2.39841006295574
-1.81086215609203	-4.61494087934547	-3.49790798661842	-2.39026823804349
-1.80375383167284	-4.58673870970794	-3.48585441561717	-2.37898996254852
-1.79664550725366	-4.56335942041682	-3.46218000055373	-2.34352845595757
-1.78953718283447	-4.552556245355	-3.45354306415417	-2.34683787576195
-1.78242885841529	-4.53579936214674	-3.44044261255373	-2.33478017762939
-1.7753205339961	-4.51526572183044	-3.42864816720795	-2.32410225662508
-1.76821220957691	-4.50592980010388	-3.41123456061926	-2.31512518812307
-1.76110388515773	-4.48935886694231	-3.401449255858	-2.2976622870509
-1.75399556073854	-4.47206080729598	-3.38306212427069	-2.28771124595567
-1.74688723631936	-4.4441432966571	-3.37442259514391	-2.27786853474568
-1.73977891190017	-4.4332986317228	-3.35776547933489	-2.26600860253733
-1.73267058748098	-4.41491146656028	-3.34390658410189	-2.2455397070262
-1.7255622630618	-4.39777870840927	-3.33193879990664	-2.25068680545048
-1.71845393864261	-4.38040801590783	-3.31073803780046	-2.24054246894932
-1.71134561422343	-4.37773762390971	-3.29657044990447	-2.22186488539627
-1.70423728980424	-4.34251659184842	-3.27989198402893	-2.21997962713224
-1.69712896538505	-4.3316316371654	-3.27013803243417	-2.19057984927152
-1.69002064096587	-4.30680119744805	-3.25816326609485	-2.19166198356633
-1.68291231654668	-4.29832708763641	-3.24450527577571	-2.16664476757863
-1.6758039921275	-4.27616895006819	-3.22950920018234	-2.16282614083216
-1.66869566770831	-4.26330322542097	-3.2133078512366	-2.14613535208986
-1.66158734328912	-4.24505671230447	-3.2008777519617	-2.13839077531515
-1.65447901886994	-4.22423972370784	-3.18465105620294	-2.12650573314527
-1.64737069445075	-4.2212846594913	-3.17123102993517	-2.1194594829594
-1.64026237003157	-4.17261230173007	-3.15822056314028	-2.10714597001753
-1.63315404561238	-4.17145885857402	-3.14024053254633	-2.10138550038263
-1.62604572119319	-4.15639923484869	-3.13413731830118	-2.08877716501602
-1.61893739677401	-4.14049196525762	-3.11145292623112	-2.06255073002832
-1.61182907235482	-4.11629351823232	-3.09975739024126	-2.05784699360158
-1.60472074793564	-4.10349435592823	-3.09032405466537	-2.0369667936475
-1.59761242351645	-4.09583801676225	-3.07187697988331	-2.03742949735254
-1.59050409909726	-4.08649882212073	-3.05962669734915	-2.02160460962062
-1.58339577467808	-4.04021796059072	-3.04761625340374	-2.01896707816656
-1.57628745025889	-4.02983663047208	-3.02864373216031	-1.99508730668575
-1.56917912583971	-4.02562940172987	-3.01578177922908	-1.99528524523793
-1.56207080142052	-4.00265788122641	-3.00067216298677	-1.98633166012129
-1.55496247700133	-3.98954824462243	-2.98247723725636	-1.96405546579263
-1.54785415258215	-3.97682750816043	-2.96567108578587	-1.95283311763637
-1.54074582816296	-3.95121694079435	-2.9572776470266	-1.93837126349745
-1.53363750374378	-3.94355173824444	-2.94000541239392	-1.92224427147997
-1.52652917932459	-3.93440281292375	-2.92728399222904	-1.92675260513692
-1.5194208549054	-3.89915297321875	-2.91791615514576	-1.90608126612129
-1.51231253048622	-3.88536602092822	-2.89410938222491	-1.90318578829079
-1.50520420606703	-3.88668011916136	-2.8834280033224	-1.87657017981095
-1.49809588164785	-3.86131328572022	-2.86772126579887	-1.86578470376884
-1.49098755722866	-3.82490565805435	-2.85649241444151	-1.86343405997984
-1.48387923280947	-3.81578128350298	-2.84124053798615	-1.85427975530018
-1.47677090839029	-3.80837848593736	-2.82873329210257	-1.84692503689441
-1.4696625839711	-3.78883534776252	-2.81276921561291	-1.8209374911142
-1.46255425955192	-3.78208838489125	-2.80097082899517	-1.8191644160487
-1.45544593513273	-3.74049260012119	-2.78651345075316	-1.80261475473781
-1.44833761071354	-3.74696655867568	-2.77136029417483	-1.80145513132498
-1.44122928629436	-3.72510405795045	-2.75623003562772	-1.78496016100146
-1.43412096187517	-3.70078151856083	-2.74473989889869	-1.76354693125679
-1.42701263745599	-3.69015811091997	-2.71921018914847	-1.75669466331392
-1.4199043130368	-3.66576677972195	-2.71045824119672	-1.74174039526159
-1.41279598861761	-3.64828547359264	-2.6969069956119	-1.73277558678052
-1.40568766419843	-3.64080951034934	-2.6848346471892	-1.71975190835469
-1.39857933977924	-3.62154485956544	-2.66948904114439	-1.69309520615963
-1.39147101536006	-3.60923166722995	-2.65521168717684	-1.69955484291518
-1.38436269094087	-3.58728868189395	-2.64256780965534	-1.6777249609036
-1.37725436652168	-3.56687591959379	-2.62624643456913	-1.67781961817967
-1.3701460421025	-3.55452874329799	-2.61163767848944	-1.66661184687562
-1.36303771768331	-3.53357645024919	-2.60071483626913	-1.65837734425876
-1.35592939326413	-3.50698240854811	-2.58008502286447	-1.64395692566058
-1.34882106884494	-3.50369799359676	-2.57134360637923	-1.62877896749336
-1.34171274442575	-3.49167724772514	-2.55141722779609	-1.61448986955212
-1.33460442000657	-3.45878041261579	-2.53787042037529	-1.59596061155277
-1.32749609558738	-3.45386625563224	-2.52469093994847	-1.59515877072156
-1.3203877711682	-3.42977219463024	-2.51500865499374	-1.57516201017815
-1.31327944674901	-3.41675844099843	-2.49842308535916	-1.57332252289781
-1.30617112232982	-3.38674401501875	-2.48315188518098	-1.56096248271055
-1.29906279791064	-3.38375436211076	-2.47090795802137	-1.53899157077071
-1.29195447349145	-3.37671659322688	-2.453675016246	-1.52679854087157
-1.28484614907227	-3.34297007545165	-2.44464621871636	-1.51414468427771
-1.27773782465308	-3.33854827829576	-2.42704508858185	-1.51763059431448
-1.27062950023389	-3.31398345011458	-2.41273154099856	-1.49660877123703
-1.26352117581471	-3.30452197119029	-2.40135415042223	-1.47986005118479
-1.25641285139552	-3.27963380064021	-2.38508362052605	-1.46870332199481
-1.24930452697634	-3.26361664874723	-2.36558712283597	-1.46454518448741
-1.24219620255715	-3.24213684566696	-2.35438678298381	-1.44879570609676
-1.23508787813796	-3.22914861391958	-2.33963142386964	-1.44700561021198
-1.22797955371878	-3.22556098236669	-2.32612964115552	-1.42865766647769
-1.22087122929959	-3.19019733046125	-2.30839239967117	-1.40377336571223
-1.21376290488041	-3.18101714904861	-2.29557325711333	-1.39849660768247
-1.20665458046122	-3.16515799299668	-2.28351512244861	-1.39155313853991
-1.19954625604203	-3.14803878500508	-2.26825347514584	-1.37964789311663
-1.19243793162285	-3.13246670707621	-2.25665663057848	-1.36131882649003
-1.18532960720366	-3.11428740727416	-2.24113375919947	-1.35656065455304
-1.17822128278448	-3.0982825568043	-2.22447385285044	-1.33254436074403
-1.17111295836529	-3.07029757540416	-2.2138404771275	-1.33192528916432
-1.1640046339461	-3.06411101840106	-2.19860260222088	-1.31725944023949
-1.15689630952692	-3.04933841440841	-2.18323568364016	-1.30455009209705
-1.14978798510773	-3.02649585418574	-2.16992761015212	-1.28856759138276
-1.14267966068855	-3.02422721058756	-2.15423115275744	-1.28517011358182
-1.13557133626936	-2.99894217673332	-2.13975157893447	-1.27547681838824
-1.12846301185017	-2.99203896558839	-2.12982761149187	-1.26082220463431
-1.12135468743099	-2.96896970266117	-2.11167232925125	-1.24915954439516
-1.1142463630118	-2.95475715202744	-2.10019979079362	-1.23692783566149
-1.10713803859262	-2.94526337998718	-2.07695601436374	-1.21838543994079
-1.10002971417343	-2.91909192632564	-2.0738312970556	-1.20891578476388
-1.09292138975424	-2.90936268678039	-2.06084643314096	-1.19548943990421
-1.08581306533506	-2.8841575216393	-2.03804575907064	-1.18298104326738
-1.07870474091587	-2.86861641710773	-2.03274503336385	-1.18264501846952
-1.07159641649669	-2.85928743345324	-2.01360164552571	-1.16251117646163
-1.0644880920775	-2.82324394578899	-2.0004520908232	-1.1484222611345
-1.05737976765831	-2.82313852461746	-1.98585507950453	-1.13235733477064
-1.05027144323913	-2.80620895352571	-1.96960747118176	-1.12465674214997
-1.04316311881994	-2.78027136698861	-1.95487888009121	-1.10161490207858
-1.03605479440076	-2.76852248526329	-1.94467691306456	-1.102997147788
-1.02894646998157	-2.75565909452923	-1.92543079101352	-1.0823071630201
-1.02183814556238	-2.74352944425405	-1.91182272311449	-1.07533606403058
-1.0147298211432	-2.71847421165347	-1.90002390190856	-1.06264707988899
-1.00762149672401	-2.71079878426394	-1.88379826347203	-1.05527905128614
-1.00051317230483	-2.69167823781219	-1.86843510581874	-1.03823865177464
-0.99340484788564	-2.66529875451048	-1.85309999494448	-1.03055832071828
-0.986296523466454	-2.65770381823924	-1.84199659558689	-1.01182686219038
-0.979188199047268	-2.64725605952437	-1.82703898854273	-1.01105853507917
-0.972079874628082	-2.6119404086139	-1.81716387363749	-0.985979368253652
-0.964971550208896	-2.60069851189991	-1.79994212889843	-0.973515011830019
-0.95786322578971	-2.58461055717322	-1.78182597157283	-0.971056032122587
-0.950754901370524	-2.56757704639783	-1.770171290902	-0.949510623267901
-0.943646576951338	-2.57289899414235	-1.75570472290733	-0.930987894119186
-0.936538252532152	-2.54772826670932	-1.74389728461431	-0.93521233057239
-0.929429928112966	-2.52588595716608	-1.72430816200181	-0.915333407853181
-0.92232160369378	-2.50155171634106	-1.71336888157661	-0.904713608812458
-0.915213279274594	-2.50552367462494	-1.70393656570094	-0.911928367727118
-0.908104954855408	-2.46484448799577	-1.68128265545816	-0.883756539154457
-0.900996630436222	-2.46768388593146	-1.66857929231145	-0.858846817560618
-0.893888306017036	-2.44290690760924	-1.65399972305504	-0.866965102651222
-0.88677998159785	-2.42185955760731	-1.64165041550965	-0.836020450275642
-0.879671657178664	-2.41276622178172	-1.62464541965642	-0.827838028091921
-0.872563332759478	-2.39259705526348	-1.61424203254115	-0.821783198753926
-0.865455008340292	-2.3832763721732	-1.60216241713687	-0.808990979552386
-0.858346683921106	-2.37034735960313	-1.58414182885484	-0.791263584969076
-0.85123835950192	-2.35666094564164	-1.57024938136821	-0.781441226689824
-0.844130035082734	-2.32597386406494	-1.55272041214112	-0.769119858815748
-0.837021710663548	-2.32004407823366	-1.54159645379091	-0.754165774648376
-0.829913386244362	-2.30254634107218	-1.52455770427308	-0.744677800036045
-0.822805061825176	-2.29512501347173	-1.51223761882368	-0.731701939325755
-0.81569673740599	-2.27756811278737	-1.49592186817395	-0.71731145756457
-0.808588412986804	-2.2562658010016	-1.47997315292182	-0.711789813947376
-0.801480088567618	-2.24096216400639	-1.47145524559893	-0.686570869600569
-0.794371764148432	-2.21419020223612	-1.4550957737555	-0.687074804018763
-0.787263439729246	-2.20140612872165	-1.44170140905004	-0.666978143962695
-0.78015511531006	-2.18876962530467	-1.42617599256448	-0.660327816919509
-0.773046790890874	-2.16556663878329	-1.40872545512608	-0.653010004912076
-0.765938466471688	-2.16210237445365	-1.39728336863235	-0.637464607189806
-0.758830142052502	-2.124744872669	-1.38088303994254	-0.626938176279906
-0.751721817633316	-2.12688764055733	-1.36796200185505	-0.611126177027764
-0.74461349321413	-2.10213121051016	-1.3503822231809	-0.599089332586369
-0.737505168794944	-2.10134371798823	-1.34121989027144	-0.57942587516692
-0.730396844375758	-2.07634587930237	-1.32747451709674	-0.564215745507935
-0.723288519956572	-2.05711817654391	-1.31416732760662	-0.55108668990663
-0.716180195537386	-2.04307606428443	-1.29997004247505	-0.555521674344767
-0.7090718711182	-2.02313941708261	-1.28807978923695	-0.531675303230291
-0.701963546699014	-2.0169991534892	-1.26793866830741	-0.522669330844543
-0.694855222279828	-2.00174056737353	-1.25597238336395	-0.506345229459383
-0.687746897860642	-1.9837262502899	-1.24368227870822	-0.498909101626561
-0.680638573441456	-1.97065386058208	-1.22573591731787	-0.479484283504902
-0.67353024902227	-1.94273451699271	-1.2133681836787	-0.468166282117387
-0.666421924603084	-1.93414945582788	-1.19549810306156	-0.461009837393902
-0.659313600183898	-1.93043895173852	-1.18528078610022	-0.450210718391481
-0.652205275764712	-1.89711358766407	-1.16719726131659	-0.428936860974467
-0.645096951345526	-1.8863517939006	-1.15344153016893	-0.419803128732358
-0.63798862692634	-1.88258810121695	-1.14481615113107	-0.405328436292144
-0.630880302507154	-1.84410424565442	-1.12609985352313	-0.394044270834914
-0.623771978087968	-1.82870487100107	-1.11203950240907	-0.380284209786406
-0.616663653668782	-1.83109407864255	-1.09621824028239	-0.360307026108873
-0.609555329249596	-1.80312743313774	-1.08253989613004	-0.355979094263213
-0.60244700483041	-1.79534610135775	-1.07153853912717	-0.337833690095752
-0.595338680411224	-1.77460737482949	-1.05696316918284	-0.325653296596493
-0.588230355992038	-1.75817756485454	-1.04249562145717	-0.308279635781098
-0.581122031572852	-1.73299846638821	-1.02400668729292	-0.293836150289786
-0.574013707153666	-1.7282055972663	-1.00946043667278	-0.298423321839502
-0.56690538273448	-1.72105917378259	-0.995894847697018	-0.281450781778098
-0.559797058315294	-1.70070894287475	-0.983335666724165	-0.264687282624931
-0.552688733896108	-1.68354837224393	-0.972153178285114	-0.240411029294757
-0.545580409476921	-1.67069306563559	-0.951439387843033	-0.233539399360603
-0.538472085057736	-1.64640514509606	-0.94217729754627	-0.220334209756571
-0.53136376063855	-1.63646989560948	-0.927344592879476	-0.201981797224416
-0.524255436219363	-1.61862797133703	-0.912405638515134	-0.198880494540786
-0.517147111800178	-1.61306542152485	-0.901906618434216	-0.192037918218427
-0.510038787380992	-1.584925822124	-0.885604724518065	-0.176495606469466
-0.502930462961805	-1.57809641438405	-0.869894941310137	-0.173728442335141
-0.49582213854262	-1.54895617035787	-0.857383365729838	-0.146079254826001
-0.488713814123434	-1.54503347467752	-0.842568702858501	-0.134769637593019
-0.481605489704247	-1.53300621891307	-0.825346836895815	-0.118831597711566
-0.474497165285061	-1.51729042533511	-0.813456419002949	-0.113516294456983
-0.467388840865876	-1.50938733036863	-0.797610114379573	-0.0946679661770366
-0.460280516446689	-1.48267206835269	-0.784847987696528	-0.0794751210654471
-0.453172192027503	-1.46494074928655	-0.767766764593111	-0.0692788510738906
-0.446063867608318	-1.44526830093387	-0.756293405164171	-0.0512487971043848
-0.438955543189131	-1.42668429064252	-0.740942851435996	-0.037247986356788
-0.431847218769945	-1.4201114233228	-0.725923209292075	-0.0318579518503295
-0.42473889435076	-1.40504154604501	-0.70896515402855	-0.00879193315278172
-0.417630569931573	-1.39039532105971	-0.697591167327767	-0.00217476024893144
-0.410522245512387	-1.37740535080312	-0.684885888597531	0.000877399448599462
-0.403413921093201	-1.35691311255873	-0.6655699838116	0.0275264610033937
-0.396305596674015	-1.344899479885	-0.658330733799329	0.0388846089462787
-0.389197272254829	-1.32851302814066	-0.638841831853504	0.0620838719436469
-0.382088947835643	-1.31093058588657	-0.627089922378663	0.0641709781858546
-0.374980623416457	-1.30046238418774	-0.612935658537739	0.0843425253784292
-0.367872298997271	-1.2784074843646	-0.599565614932983	0.0917000778779428
-0.360763974578085	-1.26920357023243	-0.584619468631141	0.109516923054941
-0.353655650158899	-1.25613650968127	-0.573359196282605	0.113344356586058
-0.346547325739713	-1.25152329321851	-0.556234359464596	0.130478437146076
-0.339439001320527	-1.2232625050985	-0.542567581932278	0.147781471489331
-0.332330676901341	-1.20183755943164	-0.526474878793902	0.156979738687291
-0.325222352482155	-1.19035394787662	-0.510048297251479	0.17483510204164
-0.318114028062969	-1.17728269244912	-0.496595018286111	0.182302106305504
-0.311005703643783	-1.15872228900739	-0.482423128518512	0.19317356594396
-0.303897379224597	-1.15410318634876	-0.463551309589295	0.21897850663912
-0.296789054805411	-1.13541654179351	-0.453554542900794	0.225204170917048
-0.289680730386225	-1.11942679260341	-0.438730827003549	0.239665938324641
-0.282572405967039	-1.10832109277785	-0.424797448152633	0.271570236819002
-0.275464081547853	-1.0921705129105	-0.410887039732926	0.264833754542839
-0.268355757128667	-1.08148611722691	-0.397492050723139	0.278232960131892
-0.261247432709481	-1.06158686243312	-0.382201562727916	0.288206385974498
-0.254139108290295	-1.04287791097003	-0.371100688423116	0.319491130520487
-0.247030783871109	-1.02610151252232	-0.354064321106276	0.315303586070615
-0.239922459451923	-1.0137548172689	-0.341729710749007	0.338742784597221
-0.232814135032737	-1.00359552366792	-0.327208199996102	0.337418305063584
-0.225705810613551	-0.984539371503029	-0.310082602400458	0.365728879282054
-0.218597486194365	-0.966551707878798	-0.296351471262621	0.375590431420122
-0.211489161775179	-0.954486318176121	-0.279149038118289	0.397584824813913
-0.204380837355993	-0.937530048170983	-0.265951376613736	0.395669641646115
-0.197272512936807	-0.938074222691409	-0.255134663924179	0.413088323264691
-0.190164188517621	-0.913032919546581	-0.240677297157186	0.430551820235433
-0.183055864098435	-0.891515553153798	-0.227478249292248	0.446883095353939
-0.175947539679249	-0.882375155478153	-0.21003826184722	0.450863148869497
-0.168839215260063	-0.861380590053234	-0.195441173622213	0.471322454522684
-0.161730890840877	-0.851531709911555	-0.18338002721465	0.487478119760675
-0.154622566421691	-0.837759681163221	-0.168729869312233	0.499041640102275
-0.147514242002505	-0.823427608353523	-0.155105226147234	0.512562500485593
-0.140405917583319	-0.808638385846098	-0.138712652098365	0.532102334657289
-0.133297593164133	-0.801511252103033	-0.12457245951519	0.537354985113264
-0.126189268744947	-0.77431139029945	-0.110484598194908	0.554761360221802
-0.119080944325761	-0.766202488092264	-0.0975796539823391	0.565037870423613
-0.111972619906575	-0.758221568690471	-0.0829694601628451	0.582843611928317
-0.104864295487389	-0.725514844938449	-0.0705347334278651	0.597466357652077
-0.097755971068203	-0.726533178116997	-0.055528691018387	0.611703629368701
-0.0906476466490171	-0.702547709622547	-0.0393615235746308	0.625111218714206
-0.0835393222298311	-0.689688011853121	-0.0272401917830089	0.639881503896061
-0.076430997810645	-0.682163530742421	-0.0123041725329064	0.661234313514497
-0.0693226733914591	-0.668264225206228	0.00449834407276149	0.662489359637086
-0.0622143489722731	-0.648083704264538	0.0174013135038009	0.68584360319041
-0.055106024553087	-0.643842333707289	0.0301792084630059	0.698331606169215
-0.0479977001339011	-0.620464673239543	0.0496294512961176	0.704199355067805
-0.0408893757147151	-0.614635944210634	0.0583914079552415	0.713370187703209
-0.033781051295529	-0.59495403360042	0.0790282540541466	0.741301080665679
-0.0266727268763429	-0.586083599939811	0.093125369453002	0.752654537388819
-0.0195644024571571	-0.562179913079499	0.102560345745011	0.769285593732776
-0.012456078037971	-0.560705195653764	0.120250803487235	0.773693376468143
-0.00534775361878492	-0.532414801318912	0.131480351124889	0.794942405248755
0.00176057080040093	-0.512910720716221	0.147476401174719	0.806079995699224
0.008868895219587	-0.508124702353834	0.160628882045956	0.814744276303189
0.0159772196387731	-0.492488384261542	0.176258480307868	0.831286949245643
0.0230855440579589	-0.478213035930207	0.190399937028091	0.853079413896198
0.030193868477145	-0.461560538795165	0.204564871565882	0.858747202011902
0.0373021928963311	-0.456346361257232	0.214825604138576	0.880585298684537
0.0444105173155172	-0.437202842482539	0.232921422750686	0.887501284164842
0.051518841734703	-0.424209345242632	0.244849890690345	0.91471367355736
0.0586271661538891	-0.398701303015296	0.260280505723055	0.924763748042269
0.0657354905730752	-0.401117233758282	0.27591614441616	0.933777028168399
0.072843814992261	-0.379889552996722	0.289782358952316	0.941755410050937
0.0799521394114471	-0.370932207907531	0.305095839005445	0.96354953812673
0.0870604638306332	-0.354023957566862	0.318207773389989	0.986797015154988
0.094168788249819	-0.348795162695788	0.334701953672253	0.990176348399791
0.101277112669005	-0.329621675513101	0.34718693081933	1.01519238798861
0.108385437088191	-0.30601963638316	0.359326937935513	1.01708698331661
0.115493761507377	-0.291437796331768	0.372462576521243	1.04244056365725
0.122602085926563	-0.277768255485545	0.390076362757872	1.04605435470002
0.129710410345749	-0.267098469025195	0.406112190587972	1.06593752004841
0.136818734764935	-0.255071615017374	0.41727668932734	1.08947563904722
0.143927059184121	-0.239252284820287	0.433939195599573	1.09753998972838
0.151035383603307	-0.223850191807647	0.451052737743745	1.11070106552374
0.158143708022493	-0.20962320676637	0.462434863751803	1.12452979247382
0.165252032441679	-0.196727423967711	0.478985563891744	1.14243591188014
0.172360356860865	-0.179804300884235	0.489071211674626	1.1614158738231
0.179468681280051	-0.163852239136856	0.504436956921749	1.16344382405611
0.186577005699237	-0.153326952311261	0.517898638946084	1.18022054426034
0.193685330118423	-0.137727532210867	0.535256810369639	1.19841903494782
0.200793654537609	-0.126179284659572	0.545087132581414	1.21730128601023
0.207901978956795	-0.111029738045178	0.557672096974996	1.22816369138064
0.215010303375981	-0.107681858574203	0.574294231950833	1.2390909488625
0.222118627795167	-0.0968701607904752	0.589195332847184	1.25764930375675
0.229226952214353	-0.0765831962656175	0.599178197124347	1.27308507815121
0.236335276633539	-0.0674985845467707	0.61912004924788	1.29246817535008
0.243443601052725	-0.0433216275385141	0.635027404876258	1.31198255969601
0.250551925471911	-0.0270118862467264	0.645397587800153	1.31508770582382
0.257660249891097	-0.022177163043818	0.660282628507901	1.32585809861775
0.264768574310283	-0.0124821760228312	0.677386039039699	1.35223168873982
0.271876898729469	0.00018657716452481	0.688682750176925	1.36325082935615
0.278985223148655	0.0272432606902775	0.707568013001226	1.37066641101441
0.286093547567841	0.0401743778407797	0.716299076462316	1.3969307042955
0.293201871987027	0.0529260143649099	0.732528104880786	1.40733168038526
0.300310196406213	0.0541225499854432	0.747341140120106	1.42610518300107
0.307418520825399	0.0715811000395318	0.763264308647654	1.44099645356907
0.314526845244585	0.0833014552229782	0.774255976143752	1.44588666361079
0.321635169663771	0.104257117491624	0.791204838014419	1.46052504287728
0.328743494082957	0.119237720642627	0.809381513366365	1.49286986574048
0.335851818502143	0.120090202492183	0.817017057941424	1.50258487095024
0.342960142921329	0.142119798968429	0.831293640456085	1.51226514998311
0.350068467340515	0.15754304401996	0.846832970873778	1.52621513300796
0.357176791759701	0.175508998903907	0.863007643243144	1.52970752010074
0.364285116178888	0.179294239341846	0.876022747750808	1.56890099524608
0.371393440598073	0.199234365741485	0.892422068285793	1.57382617279356
0.378501765017259	0.20602089170954	0.903127320443806	1.59370846684978
0.385610089436446	0.221149967675363	0.917960128914989	1.60904078312324
0.392718413855631	0.235333054316765	0.930589152875613	1.62299677780111
0.399826738274817	0.247177378561837	0.945889420765715	1.63420451940337
0.406935062694004	0.261233127081257	0.963056692459148	1.65734233615992
0.414043387113189	0.271616756899894	0.975700044817929	1.66712664739712
0.421151711532375	0.294460368957653	0.989368987474765	1.68919565351369
0.428260035951562	0.306544069765763	1.00398709955331	1.70177986121015
0.435368360370747	0.313542640265197	1.02041499752239	1.7136493904496
0.442476684789933	0.324912107987002	1.03326912905345	1.72010163151504
0.44958500920912	0.337880702395537	1.0478438801366	1.7468169442965
0.456693333628305	0.35516133613604	1.06359842382026	1.75882906333335
0.463801658047491	0.372319062171062	1.07484503925773	1.78196675501247
0.470909982466678	0.377814919019737	1.09019351340326	1.79795269889226
0.478018306885863	0.391670308393337	1.1054443356429	1.80102862757876
0.485126631305049	0.404326000801324	1.12293371726685	1.83143403598339
0.492234955724236	0.418452380647509	1.13449032019414	1.83584885676353
0.499343280143421	0.432190872023691	1.14895186913027	1.85357247222514
0.506451604562608	0.445941091737855	1.16479303499033	1.86841985492006
0.513559928981794	0.457962155808203	1.17896874686422	1.87924945584036
0.520668253400979	0.475450690874492	1.19215703032079	1.8980327592627
0.527776577820166	0.481865571899285	1.20456345072269	1.91057257057476
0.534884902239352	0.492677119848532	1.2223083911787	1.92908004578261
0.541993226658537	0.512291706674767	1.23466686454204	1.94993739465715
0.549101551077724	0.514495583527537	1.24724024656429	1.95092487737431
0.55620987549691	0.541167564527193	1.26197008666083	1.98004123063549
0.563318199916095	0.551237424806743	1.27802330962168	1.9913869455852
0.570426524335282	0.566548123738499	1.29126642559454	2.00647270169779
0.577534848754468	0.569898426860835	1.30323862397004	2.01659188695861
0.584643173173653	0.590899599940554	1.31716111545533	2.03962430633539
0.59175149759284	0.604918910184849	1.33539575954966	2.04534995191482
0.598859822012026	0.604186753881301	1.34677447566768	2.08346693941047
0.605968146431211	0.624142219135873	1.36226416366223	2.09015652128928
0.613076470850398	0.640877503706042	1.37566433075485	2.0918883343395
0.620184795269584	0.652779267616445	1.39182403712552	2.11332625789324
0.627293119688769	0.662235266278737	1.40464016513645	2.13540486258432
0.634401444107956	0.675917762354976	1.41834844185687	2.13624246798051
0.641509768527142	0.696087084883403	1.43251440012464	2.16734532018076
0.648618092946328	0.695869584070408	1.44414172764747	2.19152581646597
0.655726417365514	0.721201872297173	1.46438092409987	2.19729569527138
0.6628347417847	0.734081996059077	1.47793006467744	2.21231951268526
0.669943066203886	0.738965950414104	1.48820507212061	2.23026417226811
0.677051390623072	0.754811425168819	1.5049328509374	2.2477933096806
0.684159715042258	0.76208964785915	1.51755721299896	2.25647551630687
0.691268039461444	0.787910515083641	1.53501550774897	2.27253100835113
0.69837636388063	0.800123069004182	1.54804871263915	2.29264756902577
0.705484688299816	0.797724467673891	1.56253290301741	2.31119628131613
0.712593012719002	0.809833891203339	1.57638489044012	2.32557169451096
0.719701337138188	0.816815774904799	1.58525714223267	2.33947664974914
0.726809661557374	0.851790718912571	1.60257868382497	2.35626301840346
0.73391798597656	0.853064117476996	1.61570169180081	2.37237281917007
0.741026310395746	0.854769536932671	1.63569516336273	2.39236888167416
0.748134634814932	0.887985662329706	1.64664577263695	2.39717216942168
0.755242959234118	0.890714251506282	1.66375672206158	2.4164423058462
0.762351283653304	0.898634466512905	1.67579709967304	2.4356840344194
0.76945960807249	0.920509636454249	1.69176528202413	2.45845302873799
0.776567932491676	0.914060331146543	1.7044065280996	2.46925381250451
0.783676256910862	0.938086142125331	1.71892110942205	2.49411783096778
0.790784581330048	0.941937225241662	1.72962165579965	2.49868608042744
0.797892905749234	0.963189962444966	1.74742176653899	2.51413256552768
0.80500123016842	0.982355581267284	1.76572532219433	2.53847193384546
0.812109554587606	0.993308113292148	1.77715764411555	2.54976788308298
0.819217879006792	1.00735387869293	1.78861001818303	2.56926161137264
0.826326203425978	1.01423663077537	1.80350511958395	2.57748429804804
0.833434527845164	1.02271812196559	1.81997222780152	2.59239611062393
0.84054285226435	1.04065050718633	1.83292780710419	2.6105006222164
0.847651176683536	1.04516031553524	1.84785670997134	2.62753278367094
0.854759501102722	1.0675120642994	1.8624210329501	2.63891165214775
0.861867825521908	1.07840550465872	1.87076929157103	2.65810266430214
0.868976149941094	1.09993419461116	1.88729915977638	2.67526723749161
0.87608447436028	1.10123066431827	1.90633972424933	2.69335220952749
0.883192798779466	1.11887964145389	1.92171627301147	2.71306666271156
0.890301123198652	1.12486837398093	1.93260603443891	2.72634687365557
0.897409447617838	1.13881641867373	1.94656685187499	2.74798119188345
0.904517772037024	1.14413168237348	1.96269979447836	2.76251600168016
0.91162609645621	1.16518797249025	1.97631050644651	2.77689914278191
0.918734420875396	1.18211100398322	1.98852074910768	2.78359127600089
0.925842745294582	1.18611985687315	2.00358742773555	2.81617844098592
0.932951069713768	1.19821506185771	2.02251588101658	2.82899798565198
0.940059394132954	1.21323124218704	2.03264161994076	2.85120786773126
0.94716771855214	1.22052417481832	2.0494596778561	2.84785909984167
0.954276042971326	1.24021991443555	2.06338916560524	2.86818936918382
0.961384367390512	1.25890233691325	2.07329460803411	2.88868843717985
0.968492691809698	1.26189697041113	2.08910208018707	2.90556890080544
0.975601016228884	1.29470438516728	2.10432866958023	2.93372648756512
0.98270934064807	1.30093590455492	2.11872378828285	2.93830619881682
0.989817665067256	1.29689456245829	2.13052732267842	2.95801668355825
0.996925989486442	1.31185684549406	2.15132136630938	2.97061145376758
1.00403431390563	1.32757623711802	2.1602829927943	2.98779845301836
1.01114263832481	1.32693194643695	2.17862616548626	3.00660065529439
1.018250962744	1.34205945451625	2.18940823964371	3.01898834662045
1.02535928716319	1.36619877869211	2.20701551603129	3.03586547627194
1.03246761158237	1.37685907994735	2.215226156934	3.06154399892305
1.03957593600156	1.38879532013859	2.231734352123	3.06601216164327
1.04668426042074	1.39921845847556	2.24869221405649	3.08973845108054
1.05379258483993	1.40844941497753	2.26345822979286	3.12231751694494
1.06090090925912	1.43329660327534	2.28077177804711	3.12671286495529
1.0680092336783	1.42983039468984	2.2939112754086	3.14270571634832
1.07511755809749	1.44322751446079	2.30589566178017	3.16772770475301
1.08222588251667	1.45276478995198	2.32185308071517	3.17443255087798
1.08933420693586	1.47192765019298	2.32908274524252	3.18369229102856
1.09644253135505	1.49262123450711	2.34592862930547	3.20337497603391
1.10355085577423	1.49281297176691	2.36195065206768	3.22800617792366
1.11065918019342	1.50435238991356	2.37279827313882	3.23506821131831
1.1177675046126	1.52784796691716	2.39016672791417	3.24657908911913
1.12487582903179	1.52919988901636	2.40842028442832	3.27417174292122
1.13198415345098	1.54621868864894	2.42110459653045	3.28603071561646
1.13909247787016	1.54367698934074	2.43301878089991	3.30214273531773
1.14620080228935	1.58001136843076	2.45081043247415	3.32098081359529
1.15330912670853	1.57211336484978	2.45799221190376	3.34020448663634
1.16041745112772	1.593896346781	2.47607881228949	3.35469673422158
1.16752577554691	1.59835959335039	2.49561766121189	3.37364744955526
1.17463409996609	1.61337751652822	2.50249082063889	3.38869271665925
1.18174242438528	1.62210993952582	2.52168087962887	3.40216626485964
1.18885074880446	1.64105902589035	2.5320310187703	3.41797078219353
1.19595907322365	1.65948124287473	2.54808222157556	3.42641259818663
1.20306739764284	1.67079668145112	2.55881489853496	3.45787260735726
1.21017572206202	1.67958218832482	2.57532854008731	3.47128898488751
1.21728404648121	1.69126620522564	2.58823861514027	3.47988258863334
1.22439237090039	1.71043281838018	2.60736444922638	3.4964183168945
1.23150069531958	1.71801345621085	2.62024249278242	3.5244612911481
1.23860901973877	1.7297804091842	2.63216583690386	3.53875071923824
1.24571734415795	1.73191495911838	2.64509705230245	3.55389023422566
1.25282566857714	1.73711681967688	2.65977313484973	3.56540176589392
1.25993399299632	1.76101415138747	2.67626786819474	3.58837779034875
1.26704231741551	1.76242733695967	2.68954001641029	3.6099434362697
1.2741506418347	1.77273685236458	2.70519994185404	3.61387653024753
1.28125896625388	1.78859222649334	2.72396205904063	3.62890639969906
1.28836729067307	1.80384513863758	2.73542879023993	3.65389647426034
1.29547561509225	1.81367085791285	2.74911353686891	3.68139969344583
1.30258393951144	1.83520148841624	2.7625180936864	3.68050701884557
1.30969226393063	1.83870604227824	2.7793894189715	3.69800953962194
1.31680058834981	1.85621203870543	2.79711965410076	3.72597187135432
1.323908912769	1.8723743073296	2.80653509480494	3.73386400859741
1.33101723718818	1.87643927298778	2.81890122402082	3.7529172588263
1.33812556160737	1.88316623363848	2.8319125646563	3.77276902718848
1.34523388602656	1.90308761961687	2.8505539523203	3.77653252338628
1.35234221044574	1.92049875405948	2.86110313171454	3.80217679923646
1.35945053486493	1.92341723343899	2.87454937911303	3.81705255617951
1.36655885928411	1.92463528815812	2.88748707523401	3.83418329811616
1.3736671837033	1.95623726306054	2.90169207745135	3.8540306834199
1.38077550812249	1.95882713818835	2.92111674310125	3.86198011463694
1.38788383254167	1.97044733143994	2.93526763563639	3.89765884022974
1.39499215696086	1.9743221640324	2.94965969181151	3.89297344358345
1.40210048138004	1.99240473291237	2.95848498001288	3.92407052473128
1.40920880579923	1.99739460992905	2.97618617312463	3.94343206183068
1.41631713021842	2.01218801632445	2.98964635774431	3.95481195672581
1.4234254546376	2.03281857737139	3.00502860714066	3.9666547493304
1.43053377905679	2.0326054750441	3.01929644843621	3.98654768051314
1.43764210347597	2.04481705480502	3.03354619800995	4.00852092237931
1.44475042789516	2.05033143045102	3.04871143982991	4.03650391341888
1.45185875231435	2.07680584599503	3.06289909438707	4.03515515585891
1.45896707673353	2.08601705431661	3.07683619931784	4.05411075211049
1.46607540115272	2.09437383757636	3.09148942229375	4.07044139152213
1.4731837255719	2.11115474205222	3.10318926131353	4.08303130003859
1.48029204999109	2.11216258966657	3.121564748548	4.10118767266521
1.48740037441028	2.1282353288782	3.13869074291344	4.12369184115149
1.49450869882946	2.1473980037924	3.15315918200085	4.13665893569857
1.50161702324865	2.1625782964646	3.16456713725099	4.15240331353821
1.50872534766783	2.17158397426611	3.17911223959293	4.17010177815026
1.51583367208702	2.17377559307709	3.18699419867615	4.19794672092529
1.52294199650621	2.19357282705097	3.20649351567585	4.21443777008729
1.53005032092539	2.20686048273876	3.22006151713969	4.23044856699152
1.53715864534458	2.21953245429388	3.23329171617765	4.24911595092749
1.54426696976376	2.22718385517221	3.24947621650637	4.26353242455455
1.55137529418295	2.24788403109835	3.26131585056313	4.26232752956568
1.55848361860214	2.24308059279877	3.27605805049116	4.28756719587129
1.56559194302132	2.2537796335048	3.28907829360138	4.30847962151374
1.57270026744051	2.26762016401235	3.30445688958043	4.33260619329215
1.57980859185969	2.28808609218775	3.31962172166175	4.34299788292883
1.58691691627888	2.30195935794155	3.33433162558898	4.35984092703862
1.59402524069807	2.30695283418363	3.35516420559024	4.3812188747584
1.60113356511725	2.31311442381767	3.36792141010281	4.38208424372209
1.60824188953644	2.32836197641764	3.38051471453325	4.41086488809457
1.61535021395562	2.344244394187	3.39415658228016	4.42890546638648
1.62245853837481	2.36220513483443	3.40842862170344	4.44479883216546
1.629566862794	2.36812430785037	3.42317270640349	4.46153235682322
1.63667518721318	2.38475129008073	3.43464000193595	4.48261991564765
1.64378351163237	2.39215025736568	3.45134861863525	4.50254256788636
1.65089183605155	2.41033267650256	3.46415577315506	4.51553704929121
1.65800016047074	2.41695825404681	3.47569708796258	4.53635120980552
1.66510848488993	2.43368320131677	3.49184752900547	4.55134450017946
1.67221680930911	2.43260095379527	3.50570901542682	4.56284228126749
1.6793251337283	2.44826991434578	3.51533911313046	4.58555416508122
1.68643345814748	2.45663979830835	3.53776128396399	4.59468814107011
1.69354178256667	2.474492878736	3.55250439444117	4.62354639471092
1.70065010698586	2.49048812359529	3.56391270280897	4.64224030211278
1.70775843140504	2.49711742228478	3.57567952373063	4.6450132125878
1.71486675582423	2.49603762047711	3.58896672385106	4.67952108704341
1.72197508024341	2.52395131331816	3.60713769457918	4.692594200135
1.7290834046626	2.52196460473118	3.6183842101584	4.70231120787532
1.73619172908179	2.53523645089969	3.63155149151631	4.73195421841951
1.74330005350097	2.55903291098568	3.64980365958667	4.74720897942787
1.75040837792016	2.55693057698557	3.66419383004641	4.75450303396266
1.75751670233934	2.5703753310853	3.67549208671598	4.76906828901653
1.76462502675853	2.58087656237782	3.69224599371794	4.79761576179975
1.77173335117772	2.59760455058951	3.70495883040408	4.80857326812785
1.7788416755969	2.60754606714455	3.72120135727838	4.83795959496011
1.78595000001609	2.61571373561467	3.73156275919398	4.83419643093512
1.79305832443527	2.63829251014344	3.75157179102959	4.85320278148949
1.80016664885446	2.63898868006827	3.76549359429162	4.88356729712248
1.80727497327365	2.64804788557843	3.78237045467794	4.89621182391416
1.81438329769283	2.68401858761759	3.78612463266515	4.91018370642375
1.82149162211202	2.66846808728276	3.80317396940224	4.91836910296515
1.82859994653121	2.68035518221545	3.82195407543914	4.94790658238691
1.83570827095039	2.70448308516422	3.83810772976901	4.96000719480634
1.84281659536958	2.70776905003153	3.8447027469982	4.96988690108215
1.84992491978876	2.72617468774633	3.8622656347548	4.9989844669732
1.85703324420795	2.74014956041602	3.87589778423961	5.01564356932792
1.86414156862713	2.74987477530938	3.88854094849654	5.01777370857802
1.87124989304632	2.75726311935136	3.90512133212104	5.03955122228179
1.87835821746551	2.76705178737843	3.92022047118369	5.06327074245469
1.88546654188469	2.79046165870357	3.93545650854762	5.08100795820005
1.89257486630388	2.78165343962803	3.94512672348445	5.09313210765523
1.89968319072306	2.79957813746099	3.96136442689237	5.12046005256604
1.90679151514225	2.8087163454231	3.97661523852579	5.11868979295564
1.91389983956144	2.8241663085778	3.99261817668632	5.15591300727629
1.92100816398062	2.84177282206154	4.00407288056505	5.16536367151771
1.92811648839981	2.85654012893708	4.01988248984495	5.18598137522835
1.935224812819	2.86030021774137	4.03245388583438	5.1995687617385
1.94233313723818	2.88788673095089	4.05208019321946	5.22566997773941
1.94944146165737	2.88456519928348	4.06154169066879	5.23445141150386
1.95654978607655	2.90801152202293	4.07944304187026	5.26151651866931
1.96365811049574	2.90608455083682	4.09443248473844	5.27008285063657
1.97076643491493	2.93291226110696	4.10592730961534	5.28547782552091
1.97787475933411	2.92902172421981	4.11680140785392	5.29560049652711
1.9849830837533	2.94759436439285	4.13573565400323	5.32055932424309
1.99209140817248	2.94762902898228	4.14770046872558	5.3299897185401
1.99919973259167	2.95859311605437	4.16541829872931	5.36194668646034
2.00630805701085	2.97706388272774	4.17669392629261	5.37444103170932
2.01341638143004	2.98615791615735	4.19097703774581	5.39923277232306
2.02052470584923	3.00542776217975	4.20668893804718	5.41620977390398
2.02763303026841	3.00694618748501	4.21958672182451	5.4201556955605
2.0347413546876	3.01490089771591	4.23524644704577	5.44512022306001
2.04184967910679	3.0298857696636	4.24689776941341	5.46014340543901
2.04895800352597	3.04064708494789	4.26723156863175	5.47169354245484
2.05606632794516	3.05611141244301	4.27496155130683	5.49330864257939
2.06317465236434	3.06781001997322	4.29453474819104	5.51621595553134
2.07028297678353	3.08444304084767	4.30154453636347	5.52332373939128
2.07739130120272	3.08276468426872	4.31573981554681	5.54941010359628
2.0844996256219	3.1073417592893	4.33751046919738	5.56330614283714
2.09160795004109	3.10289266731746	4.34836788114307	5.57820101618232
2.09871627446027	3.12262220777682	4.36322017524152	5.59875600988218
2.10582459887946	3.13579886237182	4.3787758524905	5.61203766599364
2.11293292329864	3.15240614167338	4.39085180021065	5.63066227277135
2.12004124771783	3.15574163219891	4.4043767509748	5.67294033144566
2.12714957213702	3.16765156168972	4.41764325789526	5.66908651016837
2.1342578965562	3.18969194387827	4.43755519506766	5.6813890598517
2.14136622097539	3.20201182234744	4.44810034143017	5.70397701288403
2.14847454539458	3.1943742206495	4.46555621925401	5.71383464611781
2.15558286981376	3.21547611785233	4.47671542317363	5.73355408255384
2.16269119423295	3.22999922826963	4.48525046500035	5.74812076194348
2.16979951865213	3.24234958676528	4.50477892013942	5.7627250464724
2.17690784307132	3.24325749713886	4.52096697457188	5.78701818345205
2.18401616749051	3.26428228308792	4.53434650707381	5.79266033744192
2.19112449190969	3.28546092326478	4.54845615202064	5.83176720811255
2.19823281632888	3.28098694922421	4.56097222751903	5.84594810906875
2.20534114074806	3.2925158039652	4.57710541899862	5.85117164684205
2.21244946516725	3.3101525738094	4.59186131260506	5.87621263091322
2.21955778958643	3.31847932934494	4.60266617465698	5.90117853738769
2.22666611400562	3.33037045774397	4.61640023609438	5.9101166535572
2.23377443842481	3.33047191616139	4.63497190968236	5.91899015513629
2.24088276284399	3.34948986607308	4.65039441825933	5.96155371987106
2.24799108726318	3.3665561612816	4.66247328504414	5.9626655275022
2.25509941168237	3.37364556658286	4.67818262608102	5.97361984881335
2.26220773610155	3.37721798443109	4.69023074278171	5.98806744609519
2.26931606052074	3.39520321308592	4.70302698620953	6.00355959949597
2.27642438493992	3.4054165043654	4.71715094086363	6.03186422941376
2.28353270935911	3.42142471388325	4.72748917628412	6.05237172809582
2.2906410337783	3.42434960964219	4.74662802177775	6.05746188677605
2.29774935819748	3.43794937035511	4.75794938830258	6.07812979480232
2.30485768261667	3.44168814594998	4.77347310981822	6.10082906862876
2.31196600703585	3.4583708977317	4.79102866586619	6.1254442856825
2.31907433145504	3.47149213865856	4.80667205989888	6.13569354863404
2.32618265587423	3.48731804634081	4.81967283688949	6.16458630105166
2.33329098029341	3.50040730025236	4.83201901078505	6.17140738764378
2.3403993047126	3.51465544077812	4.85297046837164	6.19343911735426
2.34750762913178	3.5178446124695	4.86723531639963	6.20175030522145
2.35461595355097	3.51722628856787	4.87831398110017	6.21468573971747
2.36172427797016	3.53867624643676	4.89333058973258	6.23213389268373
2.36883260238934	3.54735194674224	4.90220983548993	6.26373019055907
2.37594092680853	3.57040971665372	4.91490119145948	6.26109891600778
2.38304925122771	3.57423601751913	4.93099299709402	6.28749009189842
2.3901575756469	3.58995469112686	4.94393620678902	6.30525912133798
2.39726590006609	3.58853528736519	4.96079771666288	6.32395672141763
2.40437422448527	3.60852290595078	4.97964916329045	6.3430643479135
2.41148254890446	3.61701514846838	4.99277255316656	6.35823651715938
2.41859087332364	3.62126807207574	5.00740984935196	6.3846881805386
2.42569919774283	3.63954310002636	5.01851018969649	6.39721420670317
2.43280752216202	3.65272719444163	5.03932130603499	6.40619350413929
2.4399158465812	3.65539436735542	5.04760697819066	6.43757681874116
2.44702417100039	3.675314677086	5.06326175647637	6.42943247065985
2.45413249541957	3.70454672035538	5.07483455885207	6.45830093684391
2.46124081983876	3.6900761291718	5.09554316687315	6.48352855815159
2.46834914425795	3.72107341954348	5.10942458203381	6.49822441789253
2.47545746867713	3.72477363051772	5.1253074173779	6.52158208463936
2.48256579309632	3.72368205109195	5.1376640027012	6.52442045342241
2.4896741175155	3.73485761081193	5.14769388899357	6.5627373812109
2.49678244193469	3.74805660938704	5.16627046807274	6.55714501865731
2.50389076635388	3.75627174181165	5.17164435848547	6.58243482926676
2.51099909077306	3.77272921635162	5.18988369300971	6.60338024634719
2.51810741519225	3.79769037631836	5.20881185969939	6.62012456757446
2.52521573961143	3.79843353526964	5.21765129436003	6.63403381652828
2.53232406403062	3.81365509849728	5.23803040824286	6.65663250836171
2.53943238844981	3.83142683911498	5.2464276925213	6.68130808834142
2.54654071286899	3.83801940722655	5.26227050515919	6.68322478384439
2.55364903728818	3.83999683129024	5.28157569630999	6.69819261942451
2.56075736170736	3.85461151923058	5.2950118200855	6.71543292758386
2.56786568612655	3.86817292942244	5.30085171662398	6.73064632510564
2.57497401054574	3.90541087737054	5.32222731228478	6.76737701697177
2.58208233496492	3.90371896444554	5.3360955964646	6.77832911896051
2.58919065938411	3.90736341036254	5.34799340328065	6.8065193324282
2.59629898380329	3.90689708620642	5.36259504831259	6.81003873425576
2.60340730822248	3.92044139802012	5.37479545308688	6.82253325372198
2.61051563264167	3.93829350709575	5.38829955305932	6.83931477350411
2.61762395706085	3.94772462853336	5.40310121730394	6.87364016291567
2.62473228148004	3.95282256740986	5.41817763948576	6.87744801590294
2.63184060589922	3.97482158598409	5.43231971872992	6.88818358664143
2.63894893031841	3.97283061859805	5.4538176920942	6.91407318643292
2.6460572547376	3.99477464245563	5.46010520253166	6.93822244517591
2.65316557915678	4.01191888194848	5.47678144057662	6.95564663624437
2.66027390357597	4.01248530400849	5.49076381001462	6.96233609830362
2.66738222799515	4.0149861555133	5.50176938284074	6.98598004810294
2.67449055241434	4.04191848467832	5.52667373439596	6.99974421118546
2.68159887683353	4.04437442466058	5.53175638149135	7.02772095648884
2.68870720125271	4.05919990739438	5.54520048494883	7.03479387928495
2.6958155256719	4.08185708396409	5.55594804582354	7.04291136603262
2.70292385009108	4.07043251007889	5.57814775368779	7.07695323190999
2.71003217451027	4.09570243432549	5.59043424329889	7.08063436090821
2.71714049892946	4.10231583920595	5.60532162854528	7.10740461081661
2.72424882334864	4.11443356963017	5.62325033469397	7.12035238767367
2.73135714776783	4.1194380483571	5.63511809955473	7.14354186670134
2.73846547218701	4.13880754575603	5.65003774944596	7.17482075081436
2.7455737966062	4.14026933460434	5.66074563369267	7.16547471932094
2.75268212102539	4.15872433719819	5.67786131903333	7.19745757751463
2.75979044544457	4.17013492504587	5.68484826279738	7.22564610500028
2.76689876986376	4.17868014028241	5.70728613587391	7.23127091031467
2.77400709428294	4.19282220878382	5.72041000028696	7.23992256188149
2.78111541870213	4.19695107100406	5.73955742364598	7.27888798665028
2.78822374312132	4.21331987696155	5.74970412593853	7.28750419999769
2.7953320675405	4.24118134048099	5.76443141196055	7.28811273604507
2.80244039195969	4.23800057641421	5.77320119765552	7.32048649859579
2.80954871637887	4.23397189530555	5.78163247151313	7.34145834086634
2.81665704079806	4.25212151199524	5.80443119524203	7.35009980493296
2.82376536521725	4.26947352726152	5.81611959382374	7.35855414745019
2.83087368963643	4.26839418418261	5.8311536864175	7.4019969777936
2.83798201405562	4.27803521350446	5.84868129068367	7.42435466659243
2.8450903384748	4.30629077444694	5.86315977580624	7.41651306059295
2.85219866289399	4.31411475832568	5.87171165874637	7.41890941882396
2.85930698731318	4.32175653934968	5.89226308218971	7.45552550932861
2.86641531173236	4.32118801009647	5.89771010989217	7.47982629187069
2.87352363615155	4.34232840997903	5.9200364894486	7.49759282140054
2.88063196057073	4.35992014530249	5.93117239174315	7.50331946464773
2.88774028498992	4.35687754994443	5.948602398428	7.50715424170915
2.89484860940911	4.367325708862	5.95909346694747	7.54496564703229
2.90195693382829	4.39193225911264	5.98035793986839	7.56569604465741
2.90906525824748	4.40817641635539	5.98937009777966	7.57595844806041
2.91617358266666	4.40978825575422	6.01072518938323	7.5973212517634
2.92328190708585	4.42344565135383	6.0182024942765	7.61857215734251
2.93039023150504	4.41662153209232	6.03365674847767	7.63499218879999
2.93749855592422	4.44672813141936	6.04976105035618	7.64758681589625
2.94460688034341	4.45322195798571	6.05676998162224	7.6702004082326
2.95171520476259	4.47057756519431	6.07803067418384	7.6790372154556
2.95882352918178	4.46778769418531	6.09058189581406	7.69763786659072
2.96593185360097	4.49015997766331	6.10715801584356	7.72482520952771
2.97304017802015	4.50130632788076	6.11844780443845	7.73682842857654
2.98014850243934	4.50201382130855	6.13909805668983	7.75096072023915
2.98725682685852	4.52015499170995	6.1458477138987	7.76980298504379
2.99436515127771	4.51827926005069	6.16306177453328	7.79006457684956
3.0014734756969	4.52989101157633	6.17872300104308	7.81187066553845
3.00858180011608	4.54678357152364	6.18976444970088	7.83218776239167
3.01569012453527	4.55862398339986	6.2009037068503	7.8447214634929
3.02279844895445	4.57358129977077	6.22280701433535	7.85750888779966
3.02990677337364	4.59838769554644	6.23133224864835	7.88083637714438
3.03701509779283	4.6038310327027	6.24545110797705	7.89529025963393
3.04412342221201	4.61387479290348	6.25709293013513	7.9048675097344
3.0512317466312	4.6281315177841	6.27863897486748	7.94129705840522
3.05834007105038	4.64038829395995	6.29305925075914	7.96456927761771
3.06544839546957	4.65275236810402	6.31316327590211	7.97630074810304
3.07255671988876	4.64628379835982	6.31852799131024	7.97486996483269
3.07966504430794	4.66345506707833	6.33140346140142	8.00772670483978
3.08677336872713	4.67664095156347	6.34847590115989	8.01396722134922
3.09388169314631	4.68810710369969	6.37117755703067	8.03971412770167
3.1009900175655	4.70106324563764	6.37575144532089	8.05383981623488
3.10809834198469	4.72102490832991	6.38700960328582	8.08244713655443
3.11520666640387	4.72199448427606	6.40967032287654	8.08423972994871
3.12231499082306	4.73209026337339	6.41936941827408	8.11550845541582
3.12942331524224	4.75684551011885	6.43289493302638	8.11984967403682
3.13653163966143	4.76070278212113	6.44923444743748	8.14738670228914
3.14363996408062	4.78351680313673	6.45760570976802	8.17557891778536
3.1507482884998	4.77775774697184	6.47306340018848	8.17788237709599
3.15785661291899	4.79017895467901	6.49120076861619	8.1874109640482
3.16496493733817	4.80363723324379	6.50479113266515	8.21599481289068
3.17207326175736	4.81135255785539	6.5236772643898	8.23177469160842
3.17918158617655	4.82344738304328	6.53343315420327	8.2393383901971
3.18628991059573	4.82695774314389	6.54442098102044	8.24039375534292
3.19339823501492	4.83432026552483	6.56221989814842	8.28054849312376
3.2005065594341	4.85525440509943	6.58289515718007	8.31107917434727
3.20761488385329	4.8714511647836	6.58838138421829	8.30351832626301
3.21472320827248	4.88074708321059	6.6043644084952	8.33719534968864
3.22183153269166	4.88098812244441	6.62864419539276	8.35239934356261
3.22893985711085	4.90418215560371	6.63437038663697	8.37379658802067
3.23604818153003	4.91897786440936	6.65164757775351	8.38236963774983
3.24315650594922	4.92896230555678	6.66339644200976	8.4105001655668
3.25026483036841	4.94002325916493	6.67764362179138	8.41903535891023
3.25737315478759	4.95498265790745	6.69382606386407	8.4410823040891
3.26448147920678	4.96211405579351	6.69815449871769	8.46601318453706
3.27158980362596	4.96625393604578	6.71821042846998	8.46613097099486
3.27869812804515	4.98105088919471	6.72989848788903	8.49948167889332
3.28580645246434	4.98821668433044	6.74605458280994	8.51071884307947
3.29291477688352	5.00328015085084	6.75830235395177	8.52300347611439
3.30002310130271	5.00241381319788	6.76758673194452	8.52946735112491
3.30713142572189	5.00977875992917	6.78734347175568	8.56784806065227
3.31423975014108	5.02623123983136	6.80869162973625	8.57539325113486
3.32134807456027	5.04153357190271	6.81821282699491	8.60495847749085
3.32845639897945	5.05813863187297	6.83076908565345	8.61400255839097
3.33556472339864	5.06028615194948	6.84446871807715	8.63304145140893
3.34267304781782	5.06327058579445	6.8576053732181	8.64559920306052
3.34978137223701	5.07584608078876	6.87503639071903	8.66165445972227
3.3568896966562	5.10196869574012	6.89438451343285	8.70067803222918
3.36399802107538	5.09091742368082	6.90194749220399	8.7200807448529
3.37110634549457	5.11004232699503	6.91984970507585	8.72090020961279
3.37821466991375	5.1262904623516	6.93677302242539	8.73452200761749
3.38532299433294	5.13582927077506	6.95072760510583	8.7552247800732
3.39243131875213	5.13400259279867	6.9559803404195	8.77923666343194
3.39953964317131	5.17121371315496	6.97057946161546	8.79695355157494
3.4066479675905	5.16454955156358	6.9880016244525	8.81620764002352
3.41375629200968	5.18085417098191	6.99849234999059	8.82212955218323
3.42086461642887	5.20864015708346	7.02126310841558	8.84658569602566
3.42797294084806	5.21158013750095	7.03601869900909	8.8657955863957
3.43508126526724	5.23353328288862	7.0481707410393	8.88524592699188
3.44218958968643	5.25489722802636	7.06275782241614	8.87484386520947
3.44929791410561	5.24299374596144	7.08748892031221	8.90327123782647
3.4564062385248	5.25199671142775	7.08923142929986	8.91853498458481
3.46351456294399	5.25693616154042	7.10227467748503	8.95065904122348
3.47062288736317	5.27585301438108	7.12149843791703	8.96052497620157
3.47773121178236	5.28130940525672	7.13371025573305	8.99717916198833
3.48483953620154	5.30052082081246	7.15157365092291	9.00608868050115
3.49194786062073	5.3135299555795	7.16308307834509	9.02841628448215
3.49905618503992	5.32814744081035	7.17540506489048	9.04241893081557
3.5061645094591	5.32180119410019	7.1917138094317	9.05809102557606
3.51327283387829	5.33929700988969	7.20763484450949	9.07536226670679
3.52038115829747	5.34033059010772	7.21953655765454	9.0898347804737
3.52748948271666	5.36338997726147	7.2341237930541	9.10951141556336
3.53459780713585	5.38782358612987	7.24709085590627	9.1214594790383
3.54170613155503	5.40104172347961	7.26480199155189	9.1180180027287
3.54881445597422	5.40884798222969	7.27328982566781	9.17676864272171
3.5559227803934	5.40505981106219	7.29246693492691	9.18049167005284
3.56303110481259	5.41886863242712	7.30390588309872	9.18840539995007
3.57013942923178	5.45094005623609	7.31232885837755	9.2171584815127
3.57724775365096	5.44866326582633	7.32878743553969	9.22441727278686
3.58435607807015	5.44666575302112	7.34809676448444	9.24496847118479
3.59146440248933	5.44651348275617	7.36646677319414	9.25728847773689
3.59857272690852	5.46507380338579	7.37825565250226	9.27969388760602
3.60568105132771	5.48337220851148	7.39420909890784	9.28810420548696
3.61278937574689	5.48423672218672	7.40473310905579	9.31214058399481
3.61989770016608	5.51752124386452	7.42001033593291	9.3338981691713
3.62700602458526	5.51544009063289	7.43174036084273	9.35333002232281
3.63411434900445	5.515858188649	7.4578790490587	9.36879257828443
3.64122267342364	5.54210731797125	7.46060067290094	9.39425351159585
3.64833099784282	5.55737832319638	7.47417811555312	9.42521479364548
3.65543932226201	5.56335557242202	7.48911263374749	9.43078941786518
3.66254764668119	5.56840729381201	7.50457787250545	9.42885241353154
3.66965597110038	5.57470453125447	7.51705917884291	9.42705242309845
3.67676429551957	5.60166818893733	7.52829668243148	9.47217659892977
3.68387261993875	5.60253950188661	7.54855374564176	9.49460404583048
3.69098094435794	5.61492479372577	7.55911928546306	9.52017658979257
3.69808926877712	5.62242291884037	7.57447234503632	9.52388570689004
3.70519759319631	5.64101164352464	7.59346655705397	9.53900191350769
3.7123059176155	5.65937252495293	7.61227329823832	9.55478520079828
3.71941424203468	5.6506595496049	7.61835350320749	9.58176066287201
3.72652256645387	5.68205471164007	7.63154046028871	9.59632126595086
3.73363089087305	5.6919235952582	7.64580194606468	9.62812639327398
3.74073921529224	5.68397216692333	7.6596470126374	9.62989304226994
3.74784753971143	5.70435352973477	7.6726057982494	9.66391345782569
3.75495586413061	5.7137363530394	7.68820969129573	9.66224436664785
3.7620641885498	5.72126673598358	7.70291154544574	9.69426587450212
3.76917251296898	5.74512956270915	7.72049816859046	9.69497973712281
3.77628083738817	5.74363468265225	7.73458867736448	9.71168864968465
3.78338916180736	5.7564327692115	7.74511938924018	9.7477138231235
3.79049748622654	5.77840445185739	7.76726578012645	9.75443404972113
3.79760581064573	5.77175635182876	7.77125763601658	9.77589355604639
3.80471413506491	5.77859584662374	7.79051051436893	9.79320564580572
3.8118224594841	5.81960436203132	7.81243267001309	9.81541735633295
3.81893078390329	5.80040741036713	7.82288839107919	9.82898599099863
3.82603910832247	5.81024016732152	7.83620215215262	9.85067598704098
3.83314743274166	5.8312311118722	7.85946694249136	9.85614412574145
3.84025575716084	5.85113871247239	7.86210605567898	9.87278689529147
3.84736408158003	5.85806109947628	7.87439641592883	9.89168729663347
3.85447240599922	5.86470042190518	7.88892340645215	9.91451015088747
3.8615807304184	5.88299624345508	7.90386411677912	9.92825822361491
3.86868905483759	5.88779883087345	7.91281101291461	9.95831399405283
3.87579737925678	5.90252328521915	7.93187617194285	9.95904997134383
3.88290570367596	5.90725461470097	7.9482700735426	9.97783057945061
3.89001402809515	5.93000960210043	7.96304412018027	10.0099147013083
3.89712235251433	5.92640331944648	7.978926779841	10.0244266155012
3.90423067693352	5.94915823819244	7.98852396849065	10.0318568846473
3.9113390013527	5.94187153903123	7.99962763367117	10.0577060642388
3.91844732577189	5.97513228557165	8.02035965255807	10.0780278452985
3.92555565019108	5.96063767498673	8.03218509787503	10.0981764499878
3.93266397461026	5.99221333976528	8.05104308679914	10.1153982987831
3.93977229902945	6.00664065433405	8.0634465371706	10.1242175635889
3.94688062344863	6.00584729874773	8.07447171035611	10.1415040726999
3.95398894786782	6.02051239718471	8.0868252112241	10.1532880708755
3.96109727228701	6.03732704712308	8.105441432647	10.1659316084194
3.96820559670619	6.05293370996565	8.12129358052837	10.2115942942531
3.97531392112538	6.04693007660623	8.13088979943882	10.2278020695603
3.98242224554457	6.05587361276955	8.15114064394938	10.2345641009029
3.98953056996375	6.06647186895366	8.15897664618474	10.2512587894544
3.99663889438294	6.09203571592563	8.18466302730217	10.266067950004
4.00374721880212	6.08350244034883	8.18984438276107	10.2971349437106
4.01085554322131	6.09825710477148	8.20051389954011	10.286052168667
4.01796386764049	6.11912185745114	8.21883992605692	10.3171562533238
4.02507219205968	6.13447832056399	8.2383134599209	10.3371128952919
4.03218051647887	6.14615025293975	8.24280837101762	10.354587870328
4.03928884089805	6.1704683292464	8.26587485995659	10.3693568148253
4.04639716531724	6.14063207316452	8.27473187200896	10.4026876063525
4.05350548973643	6.18433850245335	8.29248840617564	10.4043821604538
4.06061381415561	6.20254934885709	8.29764263090324	10.434765582135
4.0677221385748	6.191030841929	8.32607956966614	10.4495535665093
4.07483046299398	6.21850977754751	8.33871094034974	10.4706328218404
4.08193878741317	6.20282537558337	8.34693046187865	10.4876715872034
4.08904711183236	6.24575920756996	8.35751264272297	10.4939696609038
4.09615543625154	6.25892008541625	8.37261136059073	10.5275895473023
4.10326376067073	6.26638455051562	8.39230852657397	10.5359484428025
4.11037208508991	6.26194287572423	8.41139895487465	10.5295011088631
4.1174804095091	6.27513865848837	8.41962247484269	10.5658188108155
4.12458873392828	6.29639884826216	8.43330343434563	10.5760046133569
4.13169705834747	6.29358176792268	8.44431282452272	10.6156167271562
4.13880538276666	6.31856997469855	8.46340971215717	10.6279411635375
4.14591370718584	6.31301599130322	8.48110709479522	10.6507127746053
4.15302203160503	6.3277803642683	8.48904921373122	10.6637109413105
4.16013035602422	6.33864005979571	8.50390502947144	10.6501474530753
4.1672386804434	6.34220676344292	8.51807906639888	10.6905519689976
4.17434700486259	6.34943487834368	8.53088333252335	10.7027485186683
4.18145532928177	6.38289283089171	8.5441467956683	10.7396556798673
4.18856365370096	6.36333539794021	8.55679772461036	10.7212273453867
4.19567197812015	6.3923823341208	8.5765372325289	10.7558089953453
4.20278030253933	6.40983127817293	8.59749295887431	10.7797187911305
4.20988862695852	6.4152108921269	8.60517967089334	10.7933694752884
4.2169969513777	6.4176476843414	8.61386027330892	10.8031880565916
4.22410527579689	6.43702429252606	8.62962323248834	10.8476835997707
4.23121360021607	6.43945041180224	8.64673652309776	10.8415136241345
4.23832192463526	6.446262373086	8.6671017542051	10.8677364864675
4.24543024905445	6.47905315832796	8.67060213161436	10.8931892872627
4.25253857347363	6.48571656950739	8.6907744598125	10.8992871870344
4.25964689789282	6.50199673562658	8.70290454506079	10.919953001351
4.26675522231201	6.49643796778903	8.71683407856915	10.9423820740129
4.27386354673119	6.50235433226431	8.72878079170601	10.9671881527882
4.28097187115038	6.52022373646054	8.7489301118018	10.9639206503332
4.28808019556956	6.53097721452337	8.76416107733636	10.9927842693375
4.29518851998875	6.52571251284072	8.77964638953062	10.9973612591946
4.30229684440794	6.55322451983238	8.78936345615803	11.0401951330825
4.30940516882712	6.56194778208791	8.805579506296	11.0561147215832
4.31651349324631	6.58472174533983	8.81579505394065	11.0725188852761
4.32362181766549	6.58348173616665	8.83337288714206	11.0871842033551
4.33073014208468	6.60099796831389	8.84608725235403	11.0918592741639
4.33783846650386	6.61645118039615	8.86516914462391	11.0993159407552
4.34494679092305	6.6312418275481	8.8748004136642	11.1201472341109
4.35205511534224	6.63048444690157	8.89400806328991	11.1377485580245
4.35916343976142	6.63517973463322	8.9057559631658	11.1763022374269
4.36627176418061	6.6604592355702	8.92510430483006	11.1773680798723
4.3733800885998	6.66712549248567	8.93739281852741	11.193304320743
4.38048841301898	6.67601701110531	8.95242780185482	11.229197595131
4.38759673743817	6.66555470510891	8.96320080052282	11.2525200463942
4.39470506185735	6.70673654281155	8.97377282162609	11.2621864991363
4.40181338627654	6.70371022862739	8.99566825156952	11.2607840449904
4.40892171069573	6.72645786141928	9.01114231985941	11.2882360051024
4.41603003511491	6.74852754844274	9.01807642194194	11.3068687604911
4.4231383595341	6.74999717979327	9.03753813327674	11.328220642887
4.43024668395328	6.74396715134923	9.04024270646019	11.3402419053472
4.43735500837247	6.76904603586851	9.05795463167102	11.3508131073136
4.44446333279166	6.77362573650486	9.07259446676533	11.370969858122
4.45157165721084	6.7729244036441	9.08844130076775	11.3760096440902
4.45867998163003	6.79164326820214	9.09690782337731	11.428398740713
4.46578830604921	6.80507953362904	9.12382840376225	11.4353172206442
4.4728966304684	6.81705554721798	9.14021711894205	11.4255804996271
4.48000495488759	6.83534107770603	9.15297070692481	11.4904786130255
4.48711327930677	6.84947764210527	9.16235637935422	11.4699458755121
4.49422160372596	6.84232691307687	9.17372086784657	11.5145091545804
4.50132992814514	6.86131792282095	9.18446561509814	11.4987351238515
4.50843825256433	6.87906428290343	9.20193921131451	11.5382415663739
4.51554657698352	6.87532179279685	9.22230011830414	11.5535099598436
4.5226549014027	6.8862711584867	9.23749876904062	11.5535072047223
4.52976322582189	6.90930568903628	9.24411335689061	11.5694678334833
4.53687155024107	6.89774404422364	9.25622923948087	11.6069426433284
4.54397987466026	6.9321378925238	9.2780942456171	11.6378330419554
4.55108819907945	6.9413593903997	9.28538501121189	11.6676704618831
4.55819652349863	6.91943192446027	9.30429804715165	11.6600139227958
4.56530484791782	6.96483865473647	9.31195855313392	11.6902736752424
4.572413172337	6.96709177329499	9.33918818899464	11.6939993022311
4.57952149675619	6.98430486309711	9.34756198280759	11.7107212806699
4.58662982117538	6.98798049558787	9.36506986108748	11.7341032963406
4.59373814559456	7.01232329981038	9.38059231945334	11.7643979553484
4.60084647001375	7.00797181324942	9.39050083932793	11.7450648834735
4.60795479443293	7.01784679067264	9.40846755819333	11.7834988468048
4.61506311885212	7.03354449063505	9.42813099814298	11.7860503123708
4.62217144327131	7.03880557287103	9.43463659796639	11.8298995968795
4.62927976769049	7.05550286638681	9.45402163798297	11.8473258563072
4.63638809210968	7.07150174110827	9.46402759923275	11.8492202414064
4.64349641652886	7.08571297993209	9.48336701662563	11.8693436269461
4.65060474094805	7.09513678419211	9.48217012383424	11.8954987352551
4.65771306536724	7.10209310877982	9.50872098624381	11.9151732915631
4.66482138978642	7.11733045005536	9.51961040883654	11.9431537820007
4.67192971420561	7.13533732283642	9.53296744679306	11.9436560050828
4.67903803862479	7.14511459175662	9.54946249661747	11.9550118151068
4.68614636304398	7.15208524137769	9.56409440227116	11.9841582252897
4.69325468746317	7.15544461566885	9.57613735913153	11.9857142860004
4.70036301188235	7.1646454158392	9.59601167550198	12.021497912755
4.70747133630154	7.17015789719136	9.60918410142635	12.0417173575521
4.71457966072072	7.19673357864467	9.61988804452881	12.0449593777037
4.72168798513991	7.20040706530223	9.64200630305606	12.0537710387265
4.7287963095591	7.1984517274425	9.64920136050402	12.0797171918314
4.73590463397828	7.20553947495555	9.65947438604816	12.1110993914273
4.74301295839747	7.22583694740348	9.67817646887194	12.1327932779392
4.75012128281665	7.23473744850923	9.69183959185635	12.1431248799802
4.75722960723584	7.23724757293464	9.7049568753043	12.1638218981959
4.76433793165503	7.25828819236716	9.71539954436374	12.1648424823779
4.77144625607421	7.28522060773552	9.73258827685724	12.205687804234
4.7785545804934	7.29722575598654	9.75027773503692	12.2196020993687
4.78566290491258	7.28976815868711	9.76922827367262	12.2230091783186
4.79277122933177	7.32631025938116	9.77488924524492	12.2376657892125
4.79987955375096	7.30324630819375	9.79335372958647	12.2581064276971
4.80698787817014	7.33764260326562	9.81049542042277	12.2690669544298
4.81409620258933	7.32359430265389	9.81059185990388	12.2970084307669
4.82120452700851	7.35170803971417	9.83852595825297	12.3154031765759
4.8283128514277	7.35608044900987	9.83939857691107	12.3294809638254
4.83542117584689	7.35425033083284	9.85835269959217	12.3518151664627
4.84252950026607	7.38965618481638	9.87782593525953	12.3570340306987
4.84963782468526	7.38505373495614	9.89251766648856	12.3816039363001
4.85674614910444	7.40730719068986	9.90721096218443	12.3947351167473
4.86385447352363	7.40180776182813	9.92512797544291	12.4096754016148
4.87096279794282	7.41655542716255	9.93961955094649	12.4322509987894
4.878071122362	7.43378870580797	9.95079954413144	12.434669302084
4.88517944678119	7.45748537189749	9.96483423327505	12.4819724250979
4.89228777120037	7.45873039300022	9.97613218967267	12.4914034176837
4.89939609561956	7.48415590756335	9.99557911197321	12.5192161570394
4.90650442003875	7.49291277629245	10.0006420307931	12.5127414686544
4.91361274445793	7.47711317562772	10.0204757333883	12.5609101367082
4.92072106887712	7.50562975945699	10.0258673488494	12.561259522435
4.9278293932963	7.51760085386462	10.0485597169513	12.5889027019283
4.93493771771549	7.52505127567876	10.0661392705175	12.5897044012679
4.94204604213468	7.55181156947274	10.0828437215559	12.6200399920031
4.94915436655386	7.52521649068699	10.0908003660082	12.6452656835878
4.95626269097305	7.55317979339686	10.1093159285194	12.6434245214905
4.96337101539223	7.57335971718265	10.1223629495844	12.6852766668031
4.97047933981142	7.55975245690484	10.1326240336913	12.698603039777
4.97758766423061	7.58007066959564	10.1439659585077	12.6977360467507
4.98469598864979	7.62152487737663	10.1679911732212	12.7333085028501
4.99180431306898	7.622883072904	10.1772570311078	12.7346206982292
4.99891263748816	7.6326054909338	10.1880165420602	12.7487973959017
5.00602096190735	7.63154474071482	10.2001148878234	12.7623480314319
5.01312928632654	7.64853875856448	10.2253800760956	12.8032725077791
5.02023761074572	7.63502971098409	10.2357600733354	12.8081065104656
5.02734593516491	7.67670786848431	10.246315023431	12.8230810902442
5.03445425958409	7.70388057148544	10.2649231686158	12.8581528007356
5.04156258400328	7.68500233617825	10.2829135374129	12.8448479356126
5.04867090842247	7.69603373120445	10.2951784192419	12.8894618691241
5.05577923284165	7.70222019369472	10.3059327093539	12.8844794648761
5.06288755726084	7.7234871487487	10.3130161951418	12.9287660842098
5.06999588168002	7.75572251723172	10.3348962617567	12.9227145457581
5.07710420609921	7.72339087997463	10.3453327603964	12.9544895430607
5.0842125305184	7.75885528689836	10.3677518241001	12.9452031202583
5.09132085493758	7.76487755833953	10.3761362778388	12.9838746794345
5.09842917935677	7.77967900302662	10.3902550767383	13.0114214634402
5.10553750377595	7.78558024664326	10.4129279652771	13.0291832938144
5.11264582819514	7.81048865095264	10.4211910502084	13.0571568001854
5.11975415261433	7.77788194574132	10.4388187833551	13.0585567865086
5.12686247703351	7.84156459163894	10.4460158099303	13.0991246950314
5.1339708014527	7.81781897996739	10.4659407686398	13.0882477115813
5.14107912587188	7.83579886975994	10.4844026017009	13.1051915734879
5.14818745029107	7.84991312462934	10.4940081641193	13.1379716966765
5.15529577471026	7.85196888320128	10.5113580211015	13.1501895056635
5.16240409912944	7.88720942237236	10.5197583250663	13.1614308369823
5.16951242354863	7.87340999045636	10.5429213239635	13.1656967454859
5.17662074796781	7.89749629254775	10.5591811670225	13.1937363377472
5.183729072387	7.91935795429718	10.5641045976656	13.2146766769273
5.19083739680619	7.92515110244378	10.5694591835705	13.2344617576071
5.19794572122537	7.93747357517317	10.5951265384973	13.2454288318917
