"mitochan"	"lwrNorm"	"medNorm"	"uprNorm"
-1.90327037354145	-3.01716534706369	-2.60863103767005	-2.20790246584475
-1.89706886147604	-3.00397784061603	-2.60348668206163	-2.19938697190265
-1.89086734941062	-2.99500769002041	-2.59340103002612	-2.19221294495852
-1.88466583734521	-2.98682189899874	-2.58243266585376	-2.18159530513207
-1.87846432527979	-2.97405652951389	-2.57519742986519	-2.1704596142158
-1.87226281321438	-2.97012154900615	-2.5651804519324	-2.15955032704142
-1.86606130114897	-2.95735477194158	-2.55253310661053	-2.1583751227924
-1.85985978908355	-2.94758277108391	-2.54133369861529	-2.14757675343179
-1.85365827701814	-2.94139886763975	-2.53434046613929	-2.13408294782164
-1.84745676495273	-2.92215639160315	-2.52646329132829	-2.12976493966509
-1.84125525288731	-2.91469122971964	-2.51696280346112	-2.11558626923706
-1.8350537408219	-2.91344965823896	-2.50691081426411	-2.10773952273303
-1.82885222875648	-2.9043507778258	-2.49931162517978	-2.09805943840679
-1.82265071669107	-2.89364400701704	-2.48644811039327	-2.08925829296649
-1.81644920462566	-2.87914443616034	-2.47671538626679	-2.08434224208365
-1.81024769256024	-2.87136478528886	-2.47188341697088	-2.06713167645348
-1.80404618049483	-2.86282403965232	-2.45872276727229	-2.06494959033291
-1.79784466842942	-2.85606324313045	-2.4535456635103	-2.04898845641368
-1.791643156364	-2.83862288315512	-2.43919917384844	-2.0411176838964
-1.78544164429859	-2.83669750305731	-2.42903606503989	-2.03465605449608
-1.77924013223318	-2.8235485298821	-2.41943620869388	-2.01785581320832
-1.77303862016776	-2.81414616622781	-2.41277684223425	-2.01267784801069
-1.76683710810235	-2.80295733369228	-2.40289356512316	-2.00274728270265
-1.76063559603693	-2.79153959029771	-2.3923826066574	-2.0006282083358
-1.75443408397152	-2.78285416361614	-2.38418856257873	-1.98337706873384
-1.74823257190611	-2.76656527191756	-2.37550595879158	-1.9689101036687
-1.74203105984069	-2.76557359484197	-2.36357645363863	-1.97767096657374
-1.73582954777528	-2.7581292380598	-2.35652889781889	-1.95258904936837
-1.72962803570987	-2.74513131223224	-2.34157315757139	-1.94750100174373
-1.72342652364445	-2.73975892897393	-2.33782907694304	-1.94354521538342
-1.71722501157904	-2.72699395638847	-2.32563418505871	-1.92683353165016
-1.71102349951362	-2.72235308976988	-2.31973707661844	-1.91843012326953
-1.70482198744821	-2.7046428809953	-2.30937654124683	-1.91674255636564
-1.6986204753828	-2.70195726632941	-2.29912854652987	-1.89855584438079
-1.69241896331738	-2.6879172114709	-2.2857938801641	-1.89454113483565
-1.68621745125197	-2.67251583508373	-2.27873620676271	-1.8852507016494
-1.68001593918656	-2.66434395049434	-2.26797787928776	-1.87911157680135
-1.67381442712114	-2.65703842279082	-2.25736589378289	-1.86599626839835
-1.66761291505573	-2.64189877084816	-2.25022534385244	-1.84931238177388
-1.66141140299031	-2.64504619321414	-2.24283802872616	-1.85018790549214
-1.6552098909249	-2.62940512379393	-2.23061998413656	-1.8316792289193
-1.64900837885949	-2.61679326428804	-2.2211085114075	-1.82673766687629
-1.64280686679407	-2.61160339017856	-2.21025503627927	-1.81763455422897
-1.63660535472866	-2.59974340376557	-2.20298478231669	-1.81168106826162
-1.63040384266325	-2.59006435333941	-2.19757063523601	-1.79940339714236
-1.62420233059783	-2.57652182947839	-2.18152304727587	-1.79788560227131
-1.61800081853242	-2.55796986161142	-2.17267358535759	-1.77833834243614
-1.61179930646701	-2.56325573688757	-2.1677506774988	-1.77169449534794
-1.60559779440159	-2.55004881341542	-2.15269671219206	-1.75708848634479
-1.59939628233618	-2.53339905930319	-2.14583025386299	-1.75310728448071
-1.59319477027076	-2.52763345258525	-2.13793943355689	-1.7476561198895
-1.58699325820535	-2.52322841577019	-2.12826150778353	-1.73531415675456
-1.58079174613994	-2.51851393929274	-2.12012231959449	-1.72504509205241
-1.57459023407452	-2.50640578269378	-2.10936119431004	-1.71825858624801
-1.56838872200911	-2.49730695657811	-2.09653404409521	-1.70192489719302
-1.5621872099437	-2.47963052716394	-2.09158554545841	-1.69631652648081
-1.55598569787828	-2.47197602943761	-2.08195220196447	-1.68625919113529
-1.54978418581287	-2.46548694226495	-2.07244626509802	-1.67478576122549
-1.54358267374745	-2.4561611046995	-2.06270347470858	-1.67258647755148
-1.53738116168204	-2.45090440695518	-2.05109506860629	-1.66342676807137
-1.53117964961663	-2.43585994759493	-2.04009398837068	-1.64537292633601
-1.52497813755121	-2.42704928849671	-2.0305372765748	-1.63595279692619
-1.5187766254858	-2.41222136408546	-2.02428536044096	-1.63458830899484
-1.51257511342039	-2.40001991122085	-2.0125117484579	-1.62854986570769
-1.50637360135497	-2.40147825876232	-2.00537819551882	-1.61434650641738
-1.50017208928956	-2.3898837438593	-1.9960107748029	-1.6025394959849
-1.49397057722415	-2.3791492336341	-1.9862850950277	-1.59564016174883
-1.48776906515873	-2.36272950732348	-1.97473975218774	-1.58228329609156
-1.48156755309332	-2.36207936979515	-1.96547205559113	-1.57650532006679
-1.4753660410279	-2.35573561749566	-1.95775176982042	-1.56359836826467
-1.46916452896249	-2.33558719330053	-1.94251465832003	-1.55637259111889
-1.46296301689708	-2.32929724366743	-1.93808452301889	-1.54627494142555
-1.45676150483166	-2.32428094572397	-1.92666176578326	-1.53516591074187
-1.45055999276625	-2.30602913347014	-1.91897760805165	-1.53756881631328
-1.44435848070084	-2.3014817190672	-1.90888023252152	-1.518046160884
-1.43815696863542	-2.2958937613961	-1.90107730073339	-1.51139816781175
-1.43195545657001	-2.28522924808598	-1.88843305688638	-1.50410066718365
-1.42575394450459	-2.265086846537	-1.87892792896337	-1.49326045463627
-1.41955243243918	-2.25930259689155	-1.87083338471393	-1.47935229809308
-1.41335092037377	-2.24599034850033	-1.86041573025679	-1.47135917159541
-1.40714940830835	-2.24012109136254	-1.84933879552153	-1.46196111222925
-1.40094789624294	-2.23675945014581	-1.84287243476011	-1.45822524469088
-1.39474638417753	-2.22078023345435	-1.83436183958422	-1.44258384680602
-1.38854487211211	-2.20866545726871	-1.82137476510265	-1.42646379667147
-1.3823433600467	-2.20052584332564	-1.81462972657387	-1.42642401210165
-1.37614184798129	-2.18954037512137	-1.8025367844449	-1.41499296332644
-1.36994033591587	-2.18534882577264	-1.79527658750906	-1.40638224883126
-1.36373882385046	-2.17882032317568	-1.78507245780173	-1.39501538322447
-1.35753731178504	-2.1626932136075	-1.77884771416296	-1.39214929674736
-1.35133579971963	-2.15852695897318	-1.76729425093172	-1.38261299695594
-1.34513428765422	-2.14323145826596	-1.7595739403583	-1.3665487990663
-1.3389327755888	-2.13540729400595	-1.74873557001802	-1.3654411390519
-1.33273126352339	-2.12963034082836	-1.73836079171446	-1.35399305643894
-1.32652975145798	-2.11728964334513	-1.73294295825798	-1.34192432499405
-1.32032823939256	-2.10797043405847	-1.71981802349262	-1.32914979444748
-1.31412672732715	-2.09547724874124	-1.70599607519847	-1.32507213369092
-1.30792521526173	-2.09082306655178	-1.69895774194674	-1.31538417008729
-1.30172370319632	-2.07316656789416	-1.68965419273301	-1.30389959186563
-1.29552219113091	-2.06656934102454	-1.68238236799529	-1.3015089150445
-1.28932067906549	-2.06278052578616	-1.67484289558456	-1.28238451949914
-1.28311916700008	-2.05442472690887	-1.66394311547344	-1.27578707361204
-1.27691765493467	-2.0446909552658	-1.6521613493174	-1.26758327940875
-1.27071614286925	-2.03037547919291	-1.64259297668524	-1.25772606483083
-1.26451463080384	-2.02029772882192	-1.63578097816401	-1.24474267003131
-1.25831311873842	-2.00915894005717	-1.62334559695647	-1.24268809916165
-1.25211160667301	-1.99857753876719	-1.61728939874859	-1.23914648885523
-1.2459100946076	-1.99185601919421	-1.60364405840223	-1.2174431266133
-1.23970858254218	-1.98374336271217	-1.59821920424909	-1.21060571806744
-1.23350707047677	-1.96955855850927	-1.58671518001762	-1.20567098175188
-1.22730555841136	-1.96077374951418	-1.57713091327032	-1.18998351555763
-1.22110404634594	-1.95039361963982	-1.56737190138556	-1.18072505437081
-1.21490253428053	-1.94051104535103	-1.5572965100868	-1.17200926861814
-1.20870102221512	-1.9373437618182	-1.55022137495108	-1.17060395949294
-1.2024995101497	-1.92046615364553	-1.53635949774737	-1.15610076108075
-1.19629799808429	-1.9102108844767	-1.53171162499645	-1.14796287926204
-1.19009648601887	-1.90136766164287	-1.51966636422949	-1.13556342767021
-1.18389497395346	-1.89195702869622	-1.51061041576958	-1.12661774728493
-1.17769346188805	-1.88731296598345	-1.50071618454517	-1.11365992782845
-1.17149194982263	-1.88118318017899	-1.49550463265029	-1.11330002432747
-1.16529043775722	-1.86334784288481	-1.48095411344904	-1.09308788297817
-1.15908892569181	-1.85610123205036	-1.47450567863673	-1.091228031991
-1.15288741362639	-1.8452500789747	-1.46443716344246	-1.07915895292744
-1.14668590156098	-1.82996964715619	-1.45233161917317	-1.06875837462516
-1.14048438949556	-1.83000726207586	-1.44336442572889	-1.06492613728351
-1.13428287743015	-1.816605594369	-1.4298453547497	-1.05198681182193
-1.12808136536474	-1.81291007209778	-1.42594806684363	-1.04637875637569
-1.12187985329932	-1.79614501005614	-1.41390232818498	-1.03434720915836
-1.11567834123391	-1.79021441896473	-1.40400354257716	-1.02296720878408
-1.1094768291685	-1.77876851876439	-1.39659101198986	-1.01926930334553
-1.10327531710308	-1.77192857591078	-1.38837848531089	-1.00722952126954
-1.09707380503767	-1.76054186360591	-1.38007024189637	-0.996613083003603
-1.09087229297226	-1.75251423229102	-1.36946961452965	-0.98888801918918
-1.08467078090684	-1.74214222112285	-1.35683551275916	-0.975874908688483
-1.07846926884143	-1.73905374904691	-1.34669704432843	-0.964112983805672
-1.07226775677601	-1.7206185740547	-1.34414575659762	-0.958485834488203
-1.0660662447106	-1.7136776893207	-1.32978306570999	-0.9486966183796
-1.05986473264519	-1.69776301230215	-1.32176933835154	-0.930987125427563
-1.05366322057977	-1.68788437724274	-1.30949788268409	-0.925642837511867
-1.04746170851436	-1.68210928686505	-1.30290717811075	-0.92437806263314
-1.04126019644895	-1.67386818030635	-1.29383299566348	-0.908691214517609
-1.03505868438353	-1.66556413706568	-1.28187023569716	-0.904943252689847
-1.02885717231812	-1.65256061439263	-1.27452001138172	-0.892958439450214
-1.0226556602527	-1.6441325565682	-1.2659373057847	-0.885759700633643
-1.01645414818729	-1.63336867892191	-1.25441055493834	-0.869671308341525
-1.01025263612188	-1.621564535215	-1.24455846989387	-0.86886793483021
-1.00405112405646	-1.61335339995217	-1.23839908040693	-0.853669575926713
-0.99784961199105	-1.60573194096075	-1.22576266804696	-0.850514155275443
-0.991648099925636	-1.59083520406529	-1.21964627762901	-0.842031532595601
-0.985446587860222	-1.58753666121106	-1.20349447942649	-0.830608520164273
-0.979245075794809	-1.57487147769236	-1.1992998274053	-0.816303286956673
-0.973043563729395	-1.57105474704012	-1.18784462810524	-0.812357750757579
-0.966842051663981	-1.55623691193224	-1.17893440896476	-0.798470249770889
-0.960640539598568	-1.5485569564419	-1.1693514529324	-0.783075680679758
-0.954439027533154	-1.54354158259697	-1.157655092865	-0.782973469487035
-0.94823751546774	-1.52944090340724	-1.14723345641821	-0.768944517013802
-0.942036003402327	-1.52147044695533	-1.14071419018406	-0.760907655939504
-0.935834491336913	-1.51067637375079	-1.1323194149249	-0.753748553560555
-0.929632979271499	-1.50305422316358	-1.12335183601356	-0.747020246006187
-0.923431467206086	-1.49449810851004	-1.11079085790199	-0.730268007080953
-0.917229955140672	-1.47777168885158	-1.10238268391771	-0.718476023056254
-0.911028443075258	-1.47362691873703	-1.09609293896072	-0.716009627821193
-0.904826931009844	-1.46647617639653	-1.08590501980144	-0.71069442234657
-0.898625418944431	-1.45133342644731	-1.07482642329286	-0.696538122005434
-0.892423906879017	-1.44302962102326	-1.06730426188564	-0.692526654267915
-0.886222394813603	-1.43158884044675	-1.05209411227143	-0.67604469196101
-0.88002088274819	-1.418298340753	-1.04666740947078	-0.662529880616459
-0.873819370682776	-1.42029249598216	-1.03586747128957	-0.659993167857394
-0.867617858617362	-1.40624596276896	-1.02940258550773	-0.649479565141461
-0.861416346551949	-1.39098751760827	-1.01804682645924	-0.641788940655094
-0.855214834486535	-1.38190248711896	-1.00928216415545	-0.621918230810478
-0.849013322421121	-1.37661592313973	-0.997840063533856	-0.625351806025151
-0.842811810355708	-1.36277197008906	-0.985692087343263	-0.615568154158592
-0.836610298290294	-1.35903036558352	-0.978122406478043	-0.599322211926759
-0.83040878622488	-1.34761307221177	-0.96948375972871	-0.591212852698252
-0.824207274159467	-1.33981532062691	-0.957656946444278	-0.584798818751415
-0.818005762094053	-1.32831692298619	-0.952152800936689	-0.576720261581551
-0.811804250028639	-1.31417559100798	-0.940035025774476	-0.564948760387087
-0.805602737963225	-1.31027291386493	-0.932232391893548	-0.556213871225874
-0.799401225897812	-1.2990260799235	-0.921389022250528	-0.545408364366199
-0.793199713832398	-1.28517277168767	-0.914313050433595	-0.540913579580587
-0.786998201766984	-1.28093419590063	-0.905045342598424	-0.535857608007266
-0.780796689701571	-1.26642256126394	-0.895540377129255	-0.518297021502397
-0.774595177636157	-1.25915810345714	-0.883028650226003	-0.509994108646893
-0.768393665570743	-1.25237118954642	-0.874784695669361	-0.499423831959582
-0.76219215350533	-1.24184015860011	-0.8673798586497	-0.493930195229132
-0.755990641439916	-1.23182062758565	-0.854405381082564	-0.479652028010927
-0.749789129374502	-1.2329322691271	-0.843393834395707	-0.474651116896362
-0.743587617309089	-1.21673284461302	-0.837927691958029	-0.465707466234331
-0.737386105243675	-1.20100290642053	-0.827233378545157	-0.454355521025727
-0.731184593178261	-1.19003806529534	-0.816391806609558	-0.447029102604271
-0.724983081112847	-1.18644303381677	-0.808303349285464	-0.435326202943955
-0.718781569047434	-1.16786184251181	-0.798770429406319	-0.425890795996482
-0.71258005698202	-1.16543725507953	-0.789246755220663	-0.413871655094776
-0.706378544916606	-1.15710895919298	-0.779326981771261	-0.402944086540359
-0.700177032851193	-1.13991083503629	-0.769716031101768	-0.400247780138849
-0.693975520785779	-1.13742160007814	-0.760596821641014	-0.387335955169161
-0.687774008720365	-1.12671202079822	-0.751193784898539	-0.377731071389092
-0.681572496654952	-1.11556291989453	-0.740813064215024	-0.369402980621718
-0.675370984589538	-1.10366460794873	-0.733773037342212	-0.359899306793466
-0.669169472524124	-1.09975925677481	-0.722755725106618	-0.34682974031093
-0.66296796045871	-1.0904401420954	-0.712267471528845	-0.342463527196226
-0.656766448393297	-1.0778746270124	-0.702719554808444	-0.328199705821795
-0.650564936327883	-1.06907777743576	-0.693845974100245	-0.319393404500345
-0.644363424262469	-1.0602483414396	-0.684017749335094	-0.312055898186791
-0.638161912197056	-1.04531785849958	-0.674631565261394	-0.303929186605524
-0.631960400131642	-1.0373271817814	-0.666715471260925	-0.294730470854378
-0.625758888066228	-1.03100705850497	-0.656959296371447	-0.281394967027145
-0.619557376000815	-1.02396209154733	-0.642749579393512	-0.271433001580785
-0.613355863935401	-1.01580610411729	-0.638499654661291	-0.260231436789021
-0.607154351869987	-0.993618389836964	-0.629414889114865	-0.255271415549524
-0.600952839804574	-0.993233795752103	-0.617809656301288	-0.24394352066925
-0.59475132773916	-0.97995643594307	-0.607952407466046	-0.231868295984803
-0.588549815673746	-0.970429425646041	-0.598540637747807	-0.221376151494328
-0.582348303608333	-0.956418275036113	-0.590858093528957	-0.216394835360353
-0.576146791542919	-0.946701736885385	-0.580319637067395	-0.212653267758092
-0.569945279477505	-0.94149520782692	-0.572122586619614	-0.20343763941334
-0.563743767412092	-0.935863465482539	-0.563525173421086	-0.191077295533789
-0.557542255346678	-0.924477934806177	-0.55204595990136	-0.179033024416467
-0.551340743281264	-0.917095424412027	-0.541355719029256	-0.170057028047203
-0.54513923121585	-0.901199518621944	-0.53257052903077	-0.165755757416315
-0.538937719150437	-0.892380606842946	-0.521470722490355	-0.148094619111564
-0.532736207085023	-0.885172396489379	-0.515661353526766	-0.134546378587448
-0.526534695019609	-0.87190718035919	-0.503386397474225	-0.12772395808621
-0.520333182954196	-0.862533986808238	-0.492426414197965	-0.120345836332487
-0.514131670888782	-0.852828272209287	-0.488180832727754	-0.114961193201266
-0.507930158823368	-0.848297240879727	-0.476356656029031	-0.109728343661639
-0.501728646757954	-0.838918467975063	-0.467605532158047	-0.0995940588853793
-0.495527134692541	-0.821994241261753	-0.455113308987676	-0.0916080083567044
-0.489325622627127	-0.818546167419425	-0.449644667786957	-0.0814699013324663
-0.483124110561713	-0.805823437299	-0.437008037622303	-0.0664211473597231
-0.4769225984963	-0.795469553405905	-0.427566762220155	-0.0660634446249755
-0.470721086430886	-0.783784634824138	-0.417939033238206	-0.0524995106252061
-0.464519574365472	-0.774421759838463	-0.411427201153776	-0.0397103863319982
-0.458318062300059	-0.774652548017899	-0.399654231580566	-0.0302689323291557
-0.452116550234645	-0.761481967521162	-0.389239405712141	-0.0242619867611727
-0.445915038169231	-0.751687382926503	-0.380421630386659	-0.0142042206489814
-0.439713526103818	-0.73948805104508	-0.372705749590367	0.00022498605835697
-0.433512014038404	-0.727459175750205	-0.362330040301121	0.00924827544126544
-0.42731050197299	-0.720753859662726	-0.351022930318782	0.0157706336176132
-0.421108989907577	-0.715560616452028	-0.343821039694067	0.0239785728512318
-0.414907477842163	-0.700732690578374	-0.334670541584695	0.0300750311834187
-0.408705965776749	-0.69172431246388	-0.324512757643006	0.0409900532299994
-0.402504453711335	-0.675187410364753	-0.312883509093114	0.0486817457693744
-0.396302941645922	-0.676278122295056	-0.305395603616325	0.0646287057461322
-0.390101429580508	-0.658198755814372	-0.295215069024272	0.0781126841474661
-0.383899917515094	-0.655831642182788	-0.287055444375315	0.0875376468996663
-0.377698405449681	-0.643843246566316	-0.276494071337529	0.0950157090122592
-0.371496893384267	-0.640226284997375	-0.269536004541755	0.106160991005273
-0.365295381318853	-0.623396278742735	-0.257880270954204	0.110291244163587
-0.35909386925344	-0.619282521945828	-0.247687825641514	0.116059489060357
-0.352892357188026	-0.605466133419153	-0.240009208044197	0.128855316446529
-0.346690845122612	-0.589841151206201	-0.231885342148714	0.13309725375405
-0.340489333057199	-0.586740320764252	-0.217486177768255	0.149190870090297
-0.334287820991785	-0.577870699152172	-0.209961899626663	0.158000474104126
-0.328086308926371	-0.569023705103813	-0.199647191573883	0.17553104840339
-0.321884796860958	-0.564314670854818	-0.189802999276851	0.177312761260502
-0.315683284795544	-0.554111966730356	-0.1824491153633	0.187505019166863
-0.30948177273013	-0.549004870964524	-0.171841965438281	0.198591374566405
-0.303280260664716	-0.520455821074782	-0.162165956518381	0.205952392467422
-0.297078748599303	-0.525688122363133	-0.155703143098612	0.209890361914977
-0.290877236533889	-0.505064372508895	-0.144048501462643	0.218498305819687
-0.284675724468475	-0.507918691243985	-0.132118816897727	0.234654010509908
-0.278474212403062	-0.490309939735874	-0.123613602683307	0.240861807663857
-0.272272700337648	-0.483821871696052	-0.11362700167672	0.248827129724161
-0.266071188272234	-0.47924011545361	-0.106446155041227	0.252646805303298
-0.25986967620682	-0.46010288759797	-0.0975097121992262	0.267985195282554
-0.253668164141407	-0.451688735329213	-0.0855848623058142	0.275448730293211
-0.247466652075993	-0.440343745086585	-0.0774189817390932	0.288814935067646
-0.241265140010579	-0.4393942853883	-0.0689438836676652	0.293226617318622
-0.235063627945166	-0.425797258415838	-0.0588290427370474	0.306775299339831
-0.228862115879752	-0.414061213266504	-0.0481118979323336	0.326457093690253
-0.222660603814338	-0.405311142573299	-0.0405981248718027	0.322088459847916
-0.216459091748925	-0.393719542661128	-0.0292492609249689	0.343452155880935
-0.210257579683511	-0.379568085654118	-0.0193294548375226	0.353789420060673
-0.204056067618097	-0.373510435470898	-0.0129411442651225	0.355145102840243
-0.197854555552684	-0.368871193483671	-0.00109571403744144	0.36252021519888
-0.19165304348727	-0.363280184933013	0.00874590650783635	0.37109511073132
-0.185451531421856	-0.345463260819723	0.0203265706583075	0.390296131298538
-0.179250019356443	-0.340045522953204	0.0277261961592001	0.393154462262396
-0.173048507291029	-0.3272881785372	0.0353716076416409	0.402119091719521
-0.166846995225615	-0.322066645833828	0.0483621478637436	0.407346849410406
-0.160645483160202	-0.311922878629417	0.0547123476771693	0.418028320794493
-0.154443971094788	-0.298193105455576	0.0645313149053324	0.424237458862024
-0.148242459029374	-0.294234177674587	0.0763265120523767	0.43849230524064
-0.14204094696396	-0.283667893938103	0.0836991440747761	0.451599292377793
-0.135839434898547	-0.269315399994024	0.0943392959864219	0.455191567855876
-0.129637922833133	-0.268348258004625	0.101137372222266	0.46885036619953
-0.123436410767719	-0.253377289677409	0.112319475920509	0.481399477240889
-0.117234898702306	-0.242284672099472	0.121934981709988	0.479301670266657
-0.111033386636892	-0.236087235829003	0.129219729306357	0.493537420271733
-0.104831874571478	-0.226296582862951	0.142175062427565	0.506228147784093
-0.0986303625060645	-0.222874539410509	0.149596506504441	0.515620728741887
-0.0924288504406507	-0.20223494895827	0.161328226567769	0.520513245964477
-0.0862273383752372	-0.200155766933099	0.16929920911953	0.533936582256337
-0.0800258263098235	-0.184876180066753	0.179930693626424	0.542228000455773
-0.0738243142444097	-0.174802652699993	0.189548495566542	0.54887385862688
-0.067622802178996	-0.168011924741165	0.194981907938965	0.559186688904335
-0.0614212901135824	-0.161903643157307	0.208698024954281	0.573116897893163
-0.0552197780481687	-0.146796099585149	0.217368445718479	0.5787624622659
-0.0490182659827549	-0.138848963250617	0.227989191774056	0.585073419418397
-0.0428167539173414	-0.127685179394374	0.234072372889407	0.597963068108369
-0.0366152418519277	-0.121199525667426	0.244006503872634	0.611870207665014
-0.0304137297865139	-0.107363210138514	0.253768641711276	0.621395871028687
-0.0242122177211002	-0.0930700598115256	0.266402723309637	0.629237037554754
-0.0180107056556866	-0.0938070271735276	0.271005547377123	0.63807244508783
-0.0118091935902729	-0.0771636995272474	0.28274750300156	0.644687885232316
-0.00560768152485913	-0.0710441673676735	0.293316346330806	0.658985418568341
0.000593830540554618	-0.0626092962203792	0.302809000630762	0.664784402574119
0.00679534260596815	-0.05669097502079	0.311641422335642	0.67360405918734
0.0129968546713819	-0.0331668794717942	0.322551526245634	0.683606248689941
0.0191983667367956	-0.0333590910336141	0.329616143677757	0.698114733240939
0.0253998788022094	-0.026085064623854	0.341436001458256	0.705613243060714
0.0316013908676229	-0.0158854807183327	0.349473920358892	0.707300726118195
0.0378029029330367	-0.00684698181140263	0.355679040956351	0.718586906523989
0.0440044149984504	0.0108182893786615	0.370739327771134	0.731050299196696
0.0502059270638642	0.017397040801793	0.378229500518575	0.740616439736623
0.0564074391292777	0.0202631360239005	0.391830069933662	0.740063813689952
0.0626089511946915	0.027808344168757	0.396619275248686	0.764158995627654
0.0688104632601052	0.0392142689559355	0.407104856412714	0.7704429902114
0.075011975325519	0.053952316816438	0.415233164243013	0.784735150333895
0.0812134873909325	0.0619522408187984	0.425966197178862	0.78870121562601
0.0874149994563462	0.0706818242678776	0.436263118958495	0.796711363178257
0.09361651152176	0.0774197420239359	0.446085592969743	0.811787181476438
0.0998180235871735	0.0925681311626564	0.45529104939556	0.812926379442849
0.106019535652587	0.103222468998964	0.465374584658807	0.828255565850795
0.112221047718001	0.111057862595037	0.473105533991712	0.831925683928359
0.118422559783415	0.120868460808614	0.479172717606256	0.846386409758431
0.124624071848829	0.1336613548694	0.493641638775248	0.853791720756533
0.130825583914242	0.136705154047175	0.501783122281251	0.863408877921853
0.137027095979656	0.151874162718424	0.512117657366546	0.877501694365913
0.14322860804507	0.157035710567181	0.520564111123247	0.877697423955576
0.149430120110483	0.171028290424578	0.530665427453133	0.893540045802527
0.155631632175897	0.169510312039737	0.540793428332391	0.89831629640237
0.161833144241311	0.188940148916623	0.550103116799921	0.914948208443295
0.168034656306724	0.196908675245864	0.560408073195483	0.919533537640366
0.174236168372138	0.204335054197128	0.567156795887536	0.935418164054609
0.180437680437552	0.213857615157967	0.581031467830012	0.939323708043258
0.186639192502965	0.219473700072012	0.587374631774473	0.944128162709959
0.192840704568379	0.238821912409659	0.595935347204199	0.953154269007863
0.199042216633793	0.251355398879501	0.604194122607664	0.972389739608037
0.205243728699207	0.252980237264128	0.616028815083423	0.975094065326486
0.21144524076462	0.259171108882729	0.626262536172143	0.984191692809651
0.217646752830034	0.278282644781778	0.631886471163036	0.992455434013336
0.223848264895448	0.280626905411417	0.645040967434096	1.00345361827553
0.230049776960861	0.287542733502298	0.654058169549408	1.01215511709962
0.236251289026275	0.293086869300958	0.660592054845367	1.01891911956386
0.242452801091689	0.31391289137697	0.670346597997782	1.03072127556836
0.248654313157102	0.317447103417212	0.68503054735347	1.03997814202342
0.254855825222516	0.330713843770222	0.691263429552174	1.04758413113028
0.26105733728793	0.338695494870008	0.703314736446264	1.06425950418104
0.267258849353343	0.345143842130177	0.711446694061761	1.06861744232533
0.273460361418757	0.361499422887982	0.719943996669695	1.08038570215487
0.279661873484171	0.363129313927563	0.729548509569093	1.08486272983091
0.285863385549584	0.377937762166828	0.74157701421672	1.09824464051067
0.292064897614998	0.387063117343476	0.749272892893224	1.10361522970563
0.298266409680412	0.400463244324981	0.759380616328751	1.11602252541258
0.304467921745825	0.394730801508576	0.764318388771518	1.12575626035616
0.310669433811239	0.415897195456803	0.777275890713437	1.13732243603574
0.316870945876653	0.427263503112136	0.784289334119286	1.1488544908296
0.323072457942067	0.435492600123943	0.795225791691925	1.15452150054618
0.32927397000748	0.437510882660905	0.805986776442502	1.16302832011596
0.335475482072894	0.452406748816022	0.816523079258615	1.17603461869768
0.341676994138308	0.462169307365205	0.824050197204545	1.19126120870982
0.347878506203721	0.474166825319964	0.831125683278946	1.19764752617718
0.354080018269135	0.478351148160928	0.844879310023206	1.20742983816715
0.360281530334549	0.494137130129687	0.854436130729873	1.2102095131307
0.366483042399962	0.499795346092635	0.860091470252153	1.21373700027663
0.372684554465376	0.510623415446503	0.870527323111563	1.2343345355424
0.37888606653079	0.52144101928948	0.880013839092885	1.23906046978959
0.385087578596203	0.525287636020821	0.888140029454505	1.25029634520902
0.391289090661617	0.539785472137159	0.898989783926534	1.25402068770519
0.397490602727031	0.546853856104537	0.91262808559665	1.27462085504422
0.403692114792444	0.55823312080075	0.919639517640873	1.27928403823802
0.409893626857858	0.571240119711121	0.927820123533569	1.2834542289599
0.416095138923272	0.571754321379781	0.936554914524583	1.29818176143615
0.422296650988685	0.590486895755185	0.951698513669105	1.31160505458676
0.428498163054099	0.594566632911148	0.959516915131273	1.31948369527104
0.434699675119513	0.605617446070622	0.967689719238851	1.32675544832604
0.440901187184927	0.615568757618309	0.97637992266678	1.32921767760382
0.44710269925034	0.623581875516038	0.988372889906607	1.35030012030742
0.453304211315754	0.638898987391428	0.995736027658494	1.35240966596489
0.459505723381168	0.648932307261429	1.00682137479086	1.35808269884006
0.465707235446581	0.65373124939085	1.01576145238763	1.37189829210296
0.471908747511995	0.66547928731933	1.02429340131225	1.38651115331586
0.478110259577409	0.670297509605741	1.03450881011275	1.39135603428647
0.484311771642822	0.680916296304463	1.04085288811985	1.3999006899387
0.490513283708236	0.692944951753662	1.05275011767314	1.41151283104494
0.49671479577365	0.700637190143926	1.06291716959431	1.42233572091542
0.502916307839063	0.712182004343299	1.07341984823707	1.43080850669611
0.509117819904477	0.719560210252859	1.08209054279654	1.43799989704997
0.515319331969891	0.729572853207215	1.08917956472215	1.44488265475227
0.521520844035305	0.739070639305472	1.10030211797402	1.45946601922061
0.527722356100718	0.746652751509282	1.10694381278797	1.4676407255266
0.533923868166132	0.754580404086339	1.11678855185482	1.47318060411139
0.540125380231546	0.764716629206025	1.12600015953721	1.48910023762782
0.54632689229696	0.778461921663054	1.13786162919122	1.49321182249507
0.552528404362373	0.788835365156453	1.14588181007284	1.50488586619709
0.558729916427787	0.802704569030637	1.16121281481122	1.52017068213041
0.564931428493201	0.8072627562345	1.16486447606954	1.52926106876473
0.571132940558614	0.811300315143156	1.17537027199126	1.53347777546505
0.577334452624028	0.825417499288047	1.18267269736415	1.53712443444987
0.583535964689442	0.833155245468648	1.19515307927173	1.55477965927038
0.589737476754855	0.840419252824923	1.20363503619316	1.5593925474738
0.595938988820269	0.863011617101872	1.21736564962263	1.57633930939835
0.602140500885683	0.863551002110547	1.21901798994145	1.57263663392726
0.608342012951097	0.865510824837638	1.23242856934863	1.59111007810226
0.61454352501651	0.880107997470669	1.24360228118792	1.60531386260829
0.620745037081924	0.89325846737495	1.25394061502498	1.61102417999012
0.626946549147338	0.904453564147725	1.26230546605243	1.6204284774444
0.633148061212751	0.909362179704886	1.27172523039542	1.62860746997034
0.639349573278165	0.920664056717349	1.28208273234274	1.63147999187078
0.645551085343579	0.931496326454508	1.28716173042172	1.64586381643312
0.651752597408992	0.938019283842399	1.29885580057743	1.65866222482839
0.657954109474406	0.944888528883105	1.30898791591853	1.66962562433428
0.66415562153982	0.962835419441855	1.31540085329068	1.67382486398339
0.670357133605233	0.9730182093853	1.32738793137167	1.68315172538541
0.676558645670647	0.977409942912024	1.33675956950384	1.69547860611789
0.682760157736061	0.990214552731684	1.34590549640821	1.70710092580383
0.688961669801474	0.993690139409593	1.35408258459176	1.71794419776939
0.695163181866888	1.00964145205548	1.36538740145477	1.72847378037538
0.701364693932302	1.01470046803111	1.37549225142506	1.73229270068493
0.707566205997715	1.0265841112515	1.38319294505382	1.7410453455073
0.713767718063129	1.03691847209169	1.39515132784807	1.74930595046603
0.719969230128543	1.04253775757987	1.40289307856941	1.75480338150026
0.726170742193957	1.05101069552468	1.41018790605652	1.767212506475
0.73237225425937	1.06407046065424	1.42243500710446	1.78695894351983
0.738573766324784	1.0721351923085	1.43212492967228	1.78747176117203
0.744775278390198	1.08595327318132	1.44082474204322	1.79769224286488
0.750976790455611	1.09102624785334	1.4516398100018	1.81221026820425
0.757178302521025	1.10095346232581	1.45857617196149	1.81305103202427
0.763379814586439	1.10809013524751	1.47037669382529	1.8333179534357
0.769581326651852	1.11789292817757	1.47827250069566	1.83414789533949
0.775782838717266	1.13015817219689	1.48812861835053	1.85231419957147
0.78198435078268	1.14141647686832	1.49585637958857	1.85283828468053
0.788185862848093	1.14921779103853	1.50604437871763	1.8647312843556
0.794387374913507	1.16200425240202	1.5174132052485	1.87403911344382
0.800588886978921	1.16856264570612	1.52661982964885	1.88201054057326
0.806790399044334	1.18161211454674	1.53626765269381	1.89568529051301
0.812991911109748	1.18594948098463	1.54662068184256	1.90592143541649
0.819193423175162	1.19679980824549	1.5530089639188	1.91295373502577
0.825394935240575	1.20248214875251	1.5635625320372	1.92146524638257
0.831596447305989	1.21308370770716	1.57539580979591	1.93448729520194
0.837797959371403	1.22756895366925	1.58485728360917	1.94579967298313
0.843999471436817	1.23366123831294	1.59301211940888	1.95301451859227
0.85020098350223	1.2454487754512	1.60319105454686	1.96722034161123
0.856402495567644	1.25116125054985	1.61319415645453	1.96718477152383
0.862604007633058	1.26602569260382	1.62095718239259	1.97420304258686
0.868805519698471	1.26852546421892	1.62824819398592	1.98253851907103
0.875007031763885	1.28133784000359	1.6410846248894	1.99249388753908
0.881208543829299	1.29636537272772	1.65024631592091	2.0132839949688
0.887410055894712	1.30447134426301	1.66005888530055	2.01963870946156
0.893611567960126	1.31079511649074	1.6700779628147	2.02737477573604
0.89981308002554	1.31996123123796	1.676328937352	2.03898431258998
0.906014592090953	1.32513397523153	1.68934794164396	2.0473374370489
0.912216104156367	1.33497249503101	1.70171454351493	2.06448776806128
0.918417616221781	1.34982180012815	1.70334367613918	2.06173948260848
0.924619128287195	1.35801934844055	1.71655596593532	2.07403806877843
0.930820640352608	1.37116905318493	1.72770601317615	2.08312013392336
0.937022152418022	1.37722948861552	1.73382142684105	2.08777855165174
0.943223664483436	1.38068487060021	1.74481748238138	2.1006495868579
0.94942517654885	1.39919934247685	1.75522304372465	2.11550371881698
0.955626688614263	1.4099966166291	1.76636416165194	2.12351358388013
0.961828200679677	1.41087668391298	1.77133242284643	2.13186231960098
0.968029712745091	1.4312999765886	1.78327771551999	2.14447358773858
0.974231224810504	1.43641018317799	1.78994916238973	2.14656852257979
0.980432736875918	1.44519389869959	1.80050504827535	2.16243342296856
0.986634248941332	1.45922282908393	1.8140374374157	2.17001131547627
0.992835761006745	1.46726716129696	1.82123685813385	2.18458799122752
0.999037273072159	1.47256899734449	1.8328655785229	2.19056389671688
1.00523878513757	1.4829717275261	1.84027158664422	2.20019760497322
1.01144029720299	1.49088249149983	1.84894534483915	2.20834531162425
1.0176418092684	1.4997271186824	1.86038704137991	2.21498064496552
1.02384332133381	1.50983453657941	1.86558936438901	2.23099978755504
1.03004483339923	1.51876202019508	1.87854293668211	2.23811248369978
1.03624634546464	1.53337550180825	1.88702007785418	2.24710239687428
1.04244785753005	1.53799515198993	1.8972407102149	2.25879988815008
1.04864936959547	1.54138515954388	1.90843479184369	2.26674724138598
1.05485088166088	1.56260473831665	1.91745006426485	2.27536293380528
1.0610523937263	1.5601047259503	1.92170878297497	2.28229664031371
1.06725390579171	1.57691070422866	1.93544444283498	2.29180254426855
1.07345541785712	1.58762198587058	1.94414818827903	2.30247517376349
1.07965692992254	1.59560689321457	1.9528412361196	2.31277278704589
1.08585844198795	1.60499330989991	1.96210614194753	2.31811667086607
1.09205995405336	1.61169890243182	1.97290118861545	2.33227107257842
1.09826146611878	1.62984002476565	1.98258802911834	2.33871774188574
1.10446297818419	1.63835997524571	1.99232021188024	2.35130397638275
1.11066449024961	1.63851592579243	1.9989022431643	2.35832650951887
1.11686600231502	1.65304779051509	2.00982899376398	2.36438259991942
1.12306751438043	1.66035287460665	2.01904155799189	2.38198183859071
1.12926902644585	1.67072745445651	2.0288072491111	2.39158057206614
1.13547053851126	1.67491189108837	2.03716881534906	2.39478230114037
1.14167205057667	1.68841976376107	2.05078728455956	2.40627310724591
1.14787356264209	1.70315306102535	2.05874945302052	2.41085524915259
1.1540750747075	1.70576646335837	2.06721252770842	2.42996443075905
1.16027658677291	1.71987454721026	2.08075931495843	2.42905907997999
1.16647809883833	1.7253324248583	2.08692177947413	2.4422273993098
1.17267961090374	1.73877646759803	2.09633619195813	2.45257862025515
1.17888112296916	1.74820567957406	2.10585826888928	2.46227761077744
1.18508263503457	1.76304147815753	2.11708111531994	2.47123370581014
1.19128414709998	1.76422552381187	2.12576655265282	2.47973385866545
1.1974856591654	1.77587286351516	2.1340152399811	2.48936052119574
1.20368717123081	1.78456257226509	2.14215596700411	2.50894190557312
1.20988868329622	1.79507055861075	2.15417419253106	2.51049050171531
1.21609019536164	1.80381777934765	2.16386965105245	2.52228555423532
1.22229170742705	1.80901070095426	2.17434636877468	2.53508415286555
1.22849321949247	1.83219371801834	2.1820871691917	2.53840322527554
1.23469473155788	1.83369151822399	2.18893759050804	2.54319355565941
1.24089624362329	1.83882335581113	2.20029932339797	2.56367192087456
1.24709775568871	1.8535358369277	2.20938149173989	2.56312735084302
1.25329926775412	1.86416255379676	2.22007475391352	2.57413846584559
1.25950077981953	1.87121276875978	2.22879731298423	2.59165315032696
1.26570229188495	1.87517926813776	2.23848211258361	2.59466825982784
1.27190380395036	1.8914315858082	2.24987013139481	2.59933010984833
1.27810531601577	1.89705625464182	2.25859055224835	2.60758673930621
1.28430682808119	1.90950078149503	2.26770836163944	2.62629642982848
1.2905083401466	1.92051596795108	2.27574578295045	2.63741606458539
1.29670985221202	1.92952026862963	2.28579420503257	2.64218964856879
1.30291136427743	1.9372855611319	2.29396105074861	2.65659013056394
1.30911287634284	1.94181237973	2.30318992426378	2.66273468073062
1.31531438840826	1.95541155599425	2.3121961410531	2.67080636616086
1.32151590047367	1.96871123214315	2.32713886662477	2.6807353383489
1.32771741253908	1.97402642442984	2.33079750990454	2.69230096600262
1.3339189246045	1.98352977608585	2.33970395267465	2.69626197957654
1.34012043666991	1.99383606235628	2.35175584904962	2.71038900173574
1.34632194873533	2.00658924682851	2.36641682693876	2.72655649809735
1.35252346080074	2.01344785947999	2.37007259979749	2.73288569593132
1.35872497286615	2.02592037467976	2.38089868919242	2.74127575247769
1.36492648493157	2.03151237755277	2.39193735391252	2.75401605245199
1.37112799699698	2.03833683787998	2.39988994567067	2.75094445661917
1.37732950906239	2.05401853734689	2.41048029140021	2.77099583255231
1.38353102112781	2.05906984809286	2.41949261513307	2.77705268737093
1.38973253319322	2.07346585771848	2.42887296479727	2.78835287999257
1.39593404525864	2.07688736548603	2.43543756802992	2.79864506188055
1.40213555732405	2.09222810253145	2.45052421953403	2.80640794787613
1.40833706938946	2.10520197825664	2.45827276118014	2.81693823915811
1.41453858145488	2.10965306158729	2.46808224832562	2.82113709936095
1.42074009352029	2.11969178510487	2.47395118922228	2.83004679617428
1.4269416055857	2.12514675055216	2.48654900303226	2.84435066401428
1.43314311765112	2.13962075238544	2.49535259642847	2.85410769837929
1.43934462971653	2.14877658576837	2.50025563853586	2.86025798406627
1.44554614178194	2.14723288410108	2.51346843960322	2.87325497698631
1.45174765384736	2.16497812067905	2.52403686858951	2.88196628689212
1.45794916591277	2.16981860316768	2.5325210314787	2.88874078595723
1.46415067797819	2.17770973410518	2.54344642089136	2.90624163693269
1.4703521900436	2.19196744298442	2.55120551615947	2.91070540397812
1.47655370210901	2.19338375377487	2.56082940304962	2.92004111957037
1.48275521417443	2.21115634879901	2.5737266789659	2.9271868483112
1.48895672623984	2.21904160613742	2.58047782881486	2.94246042442404
1.49515823830525	2.2286711247542	2.58707228564817	2.95185829982645
1.50135975037067	2.23786190021744	2.59894574009871	2.96498936409062
1.50756126243608	2.24561840427811	2.60725013491927	2.96625624964116
1.5137627745015	2.26229878978602	2.61633942177244	2.97167336254079
1.51996428656691	2.26417076191445	2.62816095007138	2.98184315687829
1.52616579863232	2.2776219995442	2.63821313121556	2.99184474682889
1.53236731069774	2.28837582977504	2.65022161570273	3.00789984372973
1.53856882276315	2.2966892568104	2.65554734766046	3.01510866910484
1.54477033482856	2.30753880416872	2.66719528981148	3.02526750996693
1.55097184689398	2.31630550986187	2.67210332443181	3.03667766783711
1.55717335895939	2.32820248991611	2.68542357553243	3.04286228271884
1.5633748710248	2.33703297388877	2.69393387218131	3.05232357153005
1.56957638309022	2.34795032846183	2.70304007560415	3.06609074393447
1.57577789515563	2.3545387244396	2.71066704175275	3.06769538200305
1.58197940722105	2.36150802004807	2.72160473728614	3.08138367480233
1.58818091928646	2.37025886208668	2.73318270471274	3.09398308262502
1.59438243135187	2.38150395177414	2.74148625813241	3.09798729808763
1.60058394341729	2.38929460404619	2.75298699767666	3.1120550827088
1.6067854554827	2.39654275652358	2.75970700523863	3.11857737151519
1.61298696754811	2.41177472003901	2.77036787035774	3.12479075643324
1.61918847961353	2.42660187541036	2.78447414144393	3.14136418213868
1.62538999167894	2.43246275022285	2.78906120330687	3.14934440809157
1.63159150374436	2.43310938722356	2.79598932803741	3.15283247801665
1.63779301580977	2.44841481780068	2.80880510164761	3.16727741547096
1.64399452787518	2.45218327726105	2.81859281301959	3.17589402056335
1.6501960399406	2.46650170463813	2.82526311915088	3.18139880363076
1.65639755200601	2.47804860584037	2.83794254928796	3.20252411790158
1.66259906407142	2.48624436544543	2.84705352774518	3.20548788308937
1.66880057613684	2.49001660332313	2.85402664264001	3.21711303944374
1.67500208820225	2.50831179639947	2.86138631711864	3.22898794327331
1.68120360026766	2.51830890882206	2.87679023436259	3.2371594642524
1.68740511233308	2.52227789230835	2.88279181670105	3.24654102826166
1.69360662439849	2.53424112547108	2.89384643786285	3.25234391832623
1.69980813646391	2.54220173280828	2.90214480629641	3.26193080581452
1.70600964852932	2.55314270694173	2.91369374808689	3.27543510847515
1.71221116059473	2.56642952931371	2.92348976923942	3.28113941090894
1.71841267266015	2.56981708183638	2.9304848634565	3.29110233599548
1.72461418472556	2.58069959710367	2.9398286270393	3.2971690703755
1.73081569679097	2.5924420274526	2.9477048863066	3.30436340811195
1.73701720885639	2.59981059680165	2.9583579330483	3.32057337760675
1.7432187209218	2.60420045779764	2.96834014075685	3.32650199033806
1.74942023298722	2.61863870383348	2.97716749323039	3.33334382755789
1.75562174505263	2.63308184219477	2.9887535764853	3.34681632082907
1.76182325711804	2.63467333605508	2.99920087120164	3.35913378493282
1.76802476918346	2.64683114914157	3.00685364322694	3.36968380397621
1.77422628124887	2.64633698573918	3.01832349385759	3.377924224024
1.78042779331428	2.66463023132691	3.02268877286598	3.3828161656011
1.7866293053797	2.67378713637053	3.03764316927783	3.40006757522466
1.79283081744511	2.67938031364699	3.04157445004781	3.40405690107066
1.79903232951053	2.69566671007379	3.05411606478678	3.41949464811023
1.80523384157594	2.70065994346048	3.06591211462426	3.42398079663761
1.81143535364135	2.70603521283506	3.07366046668703	3.43807641326701
1.81763686570677	2.72586557094374	3.08204523066374	3.43887374278357
1.82383837777218	2.73446588872768	3.09270953670146	3.45222091993638
1.83003988983759	2.74300132349099	3.1001597996913	3.46424532450624
1.83624140190301	2.75210449367507	3.11208541823154	3.47213422209875
1.84244291396842	2.75895908859949	3.12175472039289	3.4834639585799
1.84864442603383	2.77004308705986	3.13106720782159	3.49155264442171
1.85484593809925	2.77079070682781	3.13817012501396	3.50557775842809
1.86104745016466	2.78992459812804	3.14867872421751	3.51590124663239
1.86724896223008	2.79814627818164	3.15866679945785	3.52283647544091
1.87345047429549	2.80205808540767	3.16532936353724	3.52970185578708
1.8796519863609	2.81879324098115	3.17589485017766	3.5387631838823
1.88585349842632	2.82401264474687	3.18876014263819	3.54739155178053
1.89205501049173	2.83664206663633	3.19709309883738	3.55706983376532
1.89825652255714	2.84170336715543	3.20781999055907	3.56355868904413
1.90445803462256	2.85559825413483	3.2160651853653	3.57586821586335
1.91065954668797	2.86375688789099	3.22715499827835	3.58624875717792
1.91686105875339	2.87331637628911	3.2366376200231	3.59702782887629
1.9230625708188	2.87947591846457	3.24171857354923	3.60079810832159
1.92926408288421	2.88446755253684	3.25102808469125	3.62245331174751
1.93546559494963	2.90844984455426	3.26752904245292	3.62144833359941
1.94166710701504	2.91353907291235	3.27573671693765	3.63975827487797
1.94786861908045	2.91541576426858	3.28370500194956	3.65489558110667
1.95407013114587	2.92824143140874	3.28898113340737	3.65743198200488
1.96027164321128	2.93788748640444	3.3027575601509	3.66605453946862
1.96647315527669	2.94563912487202	3.3084394126157	3.6740716688826
1.97267466734211	2.96265020892028	3.32010468802294	3.68724004486337
1.97887617940752	2.95828151687772	3.32743288677888	3.69243765667237
1.98507769147294	2.97313958784287	3.3393498772227	3.7027695141909
1.99127920353835	2.98870141825605	3.35089608003912	3.71233690197528
1.99748071560376	2.99333078491225	3.35659925510412	3.7232322358747
2.00368222766918	3.00522613062172	3.36933067395741	3.73642747493578
2.00988373973459	3.01226659444766	3.37742758024965	3.74152026106702
2.0160852518	3.02340387952162	3.38627166830441	3.75067569899828
2.02228676386542	3.02971037663196	3.39425136341471	3.75676754183098
2.02848827593083	3.04363825019861	3.4078024080393	3.76868554071018
2.03468978799625	3.05834166594758	3.41709670844832	3.77910636182941
2.04089130006166	3.06034802230793	3.4260657080776	3.78904827479257
2.04709281212707	3.07309786283322	3.43469680685063	3.79354524228074
2.05329432419249	3.08169120538174	3.4428698139523	3.80848189232883
2.0594958362579	3.09001746015351	3.45432194767888	3.81777168825839
2.06569734832331	3.10630191779745	3.46590327530081	3.82895359846283
2.07189886038873	3.10784041984694	3.47031138005788	3.83524281007058
2.07810037245414	3.11478654587987	3.481356285296	3.84495982196328
2.08430188451955	3.12587238867531	3.49193967147266	3.85365148652492
2.09050339658497	3.13352550314754	3.49973120085545	3.86405434178143
2.09670490865038	3.14510815199702	3.5088911662786	3.87586413762352
2.1029064207158	3.15828832223807	3.51816182119329	3.88352274309668
2.10910793278121	3.17081543073001	3.53071579895996	3.89022055913882
2.11530944484662	3.17102086518594	3.53869427628536	3.90231111043848
2.12151095691204	3.18747853817566	3.54987902339086	3.91744129450301
2.12771246897745	3.19386702906488	3.56086636132069	3.92601471592851
2.13391398104286	3.19694529910644	3.56952046475008	3.92959051954674
2.14011549310828	3.20890192664935	3.57497554492235	3.94802029090628
2.14631700517369	3.22525225174395	3.58607909067327	3.94766239122405
2.15251851723911	3.22611428853396	3.5962235755265	3.96263854545866
2.15872002930452	3.2404716610517	3.60954750933777	3.97102165966835
2.16492154136993	3.25607949593361	3.61649816042288	3.99033054973213
2.17112305343535	3.26518067042648	3.62708532902658	3.99596021236971
2.17732456550076	3.26962981500496	3.63354883191963	3.99726028872909
2.18352607756617	3.28125105353309	3.64327953906372	4.00868350475684
2.18972758963159	3.29146602966457	3.65035455284283	4.02092882022306
2.195929101697	3.29751501792993	3.66345170760291	4.0298910863222
2.20213061376242	3.30390945300633	3.67212903964238	4.03963985673863
2.20833212582783	3.31589885436269	3.68138486294016	4.04336210491418
2.21453363789324	3.32722948477034	3.69228898864917	4.05884272470717
2.22073514995866	3.33803116724208	3.7009913225909	4.07190993623321
2.22693666202407	3.33994809982667	3.70962591024731	4.07601482704831
2.23313817408948	3.34969271586583	3.71733549955337	4.08485330294113
2.2393396861549	3.36245964560911	3.7284066866382	4.09382926072896
2.24554119822031	3.37305072718043	3.73755794727895	4.09364936504385
2.25174271028573	3.37866238656273	3.75075526036432	4.11477585711001
2.25794422235114	3.38820901809326	3.7561590698001	4.13021930344045
2.26414573441655	3.40200768196384	3.76539109663497	4.13246982931383
2.27034724648197	3.41156286646632	3.77548710507985	4.14004218827982
2.27654875854738	3.41364471576124	3.78643275108042	4.1544949748062
2.28275027061279	3.42823615458009	3.79562154483979	4.15708476625077
2.28895178267821	3.43229941258917	3.80593633328255	4.16872499091897
2.29515329474362	3.44773892625033	3.815066096136	4.18629326560754
2.30135480680903	3.46250606121602	3.82402406085786	4.19318925435727
2.30755631887445	3.47092143425767	3.83359640710376	4.20598583817783
2.31375783093986	3.46900434753064	3.84259421342067	4.2092415296971
2.31995934300528	3.4836234691024	3.85265677425767	4.21663231347986
2.32616085507069	3.49326484391571	3.86165460966205	4.22740624437357
2.3323623671361	3.51260869390619	3.87034090342185	4.24348122859527
2.33856387920152	3.51122391395336	3.87928802059541	4.24613910366824
2.34476539126693	3.52009710101278	3.8918989833085	4.2611228025969
2.35096690333234	3.52459158066525	3.89935140602284	4.2713154221816
2.35716841539776	3.54888438759263	3.91022732647953	4.27594156935509
2.36336992746317	3.55739007249473	3.91973240821626	4.28797379993971
2.36957143952859	3.55716630575368	3.92703669809615	4.29706680402662
2.375772951594	3.56822755708088	3.9378825853247	4.30082130335605
2.38197446365941	3.57097071832411	3.94762688457292	4.31637885877099
2.38817597572483	3.58314991674451	3.95300502760117	4.32894410295013
2.39437748779024	3.59767438486534	3.96660733308749	4.32794928048938
2.40057899985565	3.60632590991143	3.97286936112885	4.34260084732673
2.40678051192107	3.61644654352755	3.9837524524056	4.352750700999
2.41298202398648	3.63032177027221	3.994225978429	4.36324974727737
2.41918353605189	3.63048237872424	4.00707920851978	4.37125627096127
2.42538504811731	3.64453592919393	4.01204055913485	4.37270902792583
2.43158656018272	3.6530313147355	4.02149143345176	4.39618452041626
2.43778807224814	3.66941150830974	4.03045303222716	4.40370499301481
2.44398958431355	3.67191205213527	4.04101637157731	4.41285655193345
2.45019109637896	3.67830870867228	4.05087179425968	4.41840884981701
2.45639260844438	3.69774771262189	4.05918415573481	4.43431064506356
2.46259412050979	3.70157061343016	4.07070527762416	4.43483854194556
2.4687956325752	3.71522836248846	4.07946904323758	4.44570099324413
2.47499714464062	3.71985252587222	4.08981191768389	4.46036319374654
2.48119865670603	3.73224833324012	4.09670838011709	4.46943624749391
2.48740016877145	3.73705401717466	4.10857038952913	4.47865022072543
2.49360168083686	3.75134326312812	4.11783655076904	4.48870806978791
2.49980319290227	3.7587085149362	4.12729809683537	4.49804075036472
2.50600470496769	3.76180016533668	4.13693743346709	4.51029879663724
2.5122062170331	3.77314560169888	4.14578354201567	4.51827382444575
2.51840772909851	3.78719772358858	4.15372256178846	4.52353615117202
2.52460924116393	3.79925049399908	4.16441932336508	4.53615692354048
2.53081075322934	3.80733551465303	4.1751436444499	4.55081094467858
2.53701226529475	3.8129832163721	4.18323025634953	4.55374905279613
2.54321377736017	3.82570584795194	4.19511166376539	4.56023029209359
2.54941528942558	3.83447324276252	4.20275853825983	4.57330358718928
2.555616801491	3.84164916844737	4.21102953585391	4.58096804138959
2.56181831355641	3.84506865703209	4.2208919733171	4.5916970141615
2.56801982562182	3.86273991273858	4.22918324449597	4.60085609945467
2.57422133768724	3.86330078070262	4.24104091709472	4.61311667980882
2.58042284975265	3.88775931270715	4.25126530744725	4.62027745590127
2.58662436181806	3.89491248493034	4.26281373931904	4.63146260261432
2.59282587388348	3.90067768836308	4.27085598028621	4.64213912995722
2.59902738594889	3.90618519203076	4.27986715759239	4.65758458864296
2.60522889801431	3.92270028882303	4.28990586803192	4.66254673531628
2.61143041007972	3.92523369174359	4.30050728372162	4.67442792688559
2.61763192214513	3.93956345503347	4.31035592905223	4.67457610323041
2.62383343421055	3.94450444541034	4.31802518909789	4.68709150917332
2.63003494627596	3.95126300745713	4.32664339842835	4.69482277621947
2.63623645834137	3.96462224054292	4.33494433932957	4.70675776551172
2.64243797040679	3.97300994132952	4.34433620107842	4.7180727658443
2.6486394824722	3.98805668615992	4.35526572485878	4.72472060353821
2.65484099453761	3.99399505161213	4.36448367653285	4.73671221132691
2.66104250660303	4.00613506422694	4.37466787001324	4.74818098857041
2.66724401866844	4.01036760098463	4.38274868902182	4.75399900991895
2.67344553073386	4.02418669948959	4.39190709642962	4.76602310819333
2.67964704279927	4.03148330881327	4.40241522707757	4.78129299302195
2.68584855486468	4.03662167922542	4.4106833406724	4.78475817110869
2.6920500669301	4.04650452171709	4.4218311175706	4.79610337639938
2.69825157899551	4.05378413664777	4.43152904464326	4.80437568754112
2.70445309106092	4.06955287932834	4.44230513443566	4.81753171634604
2.71065460312634	4.08090231331672	4.45261906772064	4.82402368127781
2.71685611519175	4.08668803574052	4.45881618210029	4.8295454551954
2.72305762725717	4.09731892729123	4.46900039736492	4.84207018336134
2.72925913932258	4.10513992889242	4.47654944557717	4.85089118882977
2.73546065138799	4.11502052121433	4.48849960277015	4.86381190958286
2.74166216345341	4.12025129447633	4.49930000145186	4.87083973382619
2.74786367551882	4.13845529233363	4.506133013978	4.88035019334889
2.75406518758423	4.14389548249488	4.5159906346808	4.89630011124623
2.76026669964965	4.14969513715801	4.52697313694014	4.90528834698732
2.76646821171506	4.16487480543878	4.53649842695744	4.91422917594138
2.77266972378047	4.17066679695142	4.5459703260416	4.91588515677881
2.77887123584589	4.17801130498082	4.55524703205318	4.92492332914948
2.7850727479113	4.19051532190218	4.56099344116674	4.93942812188177
2.79127425997672	4.19748123519815	4.57070710377197	4.94311697434532
2.79747577204213	4.21301834256157	4.58558103151412	4.96312270934522
2.80367728410754	4.21616632497248	4.59060007746226	4.96946076771473
2.80987879617296	4.22600969321247	4.60441978749186	4.97694239759039
2.81608030823837	4.24105807185177	4.61015815913134	4.99248094715385
2.82228182030378	4.247765881252	4.61974926881517	4.99178043029665
2.8284833323692	4.25778114632043	4.63049635060163	5.01263023139184
2.83468484443461	4.26566051624387	4.64073356525493	5.01426395865842
2.84088635650003	4.27401643843742	4.65144622512367	5.02726977279415
2.84708786856544	4.2805182228545	4.65837470554684	5.03327120665835
2.85328938063085	4.29585492152265	4.66781305879087	5.04499633261844
2.85949089269627	4.29859529649699	4.67761282586823	5.05333832674811
2.86569240476168	4.30775047144396	4.68582033683507	5.06271736326667
2.87189391682709	4.31864494699567	4.69443193226577	5.07256584541142
2.87809542889251	4.33252783587578	4.70757807229683	5.08676010842273
2.88429694095792	4.33756315705736	4.71274315193596	5.09108031783314
2.89049845302333	4.34410424135876	4.72540599798127	5.1091296653742
2.89669996508875	4.35907768166393	4.73388226557121	5.11176797823459
2.90290147715416	4.37048456615586	4.7456671145627	5.11878006082732
2.90910298921958	4.38191486420611	4.75490358619458	5.13149678187194
2.91530450128499	4.38904235021299	4.76463340086132	5.14545471633961
2.9215060133504	4.39866502337189	4.77451792093457	5.14826756804375
2.92770752541582	4.40454990022611	4.78097166562666	5.15951579365775
2.93390903748123	4.41245791123666	4.78833624278571	5.16778189305801
2.94011054954664	4.42277016250872	4.79830436434934	5.17629799547133
2.94631206161206	4.43714706565297	4.80975188716135	5.18905629730673
2.95251357367747	4.4425465747683	4.81910241723286	5.19782263563517
2.95871508574289	4.44994195912734	4.83074373290554	5.2062661724575
2.9649165978083	4.46104938269798	4.84002237913865	5.21913088784612
2.97111810987371	4.4712168812995	4.8460455903133	5.22546835872373
2.97731962193913	4.48449885207505	4.85963497192698	5.23253396836898
2.98352113400454	4.48907304562271	4.86804171895443	5.24686765746772
2.98972264606995	4.49743461934181	4.87461138208565	5.2555090102004
2.99592415813537	4.50798474040293	4.88729165130087	5.26555185249528
3.00212567020078	4.51481011104218	4.89431465309965	5.27025926620018
3.00832718226619	4.52323807915978	4.90297778865023	5.28228300768262
3.01452869433161	4.54182862025617	4.91447797304168	5.29400354979513
3.02073020639702	4.54582681065363	4.92336010502522	5.30059627050127
3.02693171846244	4.55630027376518	4.93223116107932	5.31068201777791
3.03313323052785	4.56473036126592	4.94585001754727	5.32652658749794
3.03933474259326	4.57435252771781	4.95365743174796	5.3358864312635
3.04553625465868	4.58043353022215	4.9651436001103	5.34023145825498
3.05173776672409	4.59313130781142	4.97033673614671	5.35210780492694
3.0579392787895	4.60355626069877	4.98083313545414	5.35652366359687
3.06414079085492	4.61270665571977	4.99079714217575	5.37818542957371
3.07034230292033	4.62237142172619	5.0022534572249	5.38653462479761
3.07654381498575	4.62632461578026	5.00836406837607	5.39024990268759
3.08274532705116	4.63722121396482	5.01891425241028	5.40857137558969
3.08894683911657	4.65142324054908	5.03100429915125	5.41136600803158
3.09514835118199	4.65609561994237	5.04022872076393	5.42218586049049
3.1013498632474	4.67183508204962	5.05097269706823	5.42858328480781
3.10755137531281	4.67553737757474	5.05833287371547	5.4375282649647
3.11375288737823	4.68677252783859	5.06664634089011	5.45064953147911
3.11995439944364	4.69393234852019	5.07413666965891	5.45306079325669
3.12615591150906	4.703229400691	5.08436090085656	5.47365316322629
3.13235742357447	4.70647505230986	5.09504895476988	5.48016952570192
3.13855893563988	4.71761992860377	5.1048025283363	5.48853419464671
3.1447604477053	4.73355973722172	5.1173108797743	5.49643841856158
3.15096195977071	4.74175372558295	5.12398496828967	5.50700660816447
3.15716347183612	4.74994437680546	5.13484596851569	5.51271826402569
3.16336498390154	4.75136158402825	5.14045103261172	5.52087393697128
3.16956649596695	4.7646723440347	5.15076403859551	5.52947852020394
3.17576800803237	4.77770965422933	5.16387145206186	5.54719279974817
3.18196952009778	4.79125212364989	5.17074648574469	5.55442348942538
3.18817103216319	4.78708520458351	5.17980867176628	5.57203043874199
3.19437254422861	4.80859749685028	5.19127400149197	5.57212927863788
3.20057405629402	4.81632295301399	5.20170035474324	5.58298163151901
3.20677556835943	4.82959229557258	5.20881098716715	5.59843092158357
3.21297708042485	4.83216017477142	5.21578952925257	5.59868482193954
3.21917859249026	4.84666801925044	5.22933902862185	5.61588340676687
3.22538010455567	4.85694747175971	5.23648213646263	5.62116211789585
3.23158161662109	4.86271465965489	5.24811618120795	5.63872378353927
3.2377831286865	4.87444228088759	5.25642124677513	5.63866153400776
3.24398464075192	4.88451966197234	5.26163980881271	5.64711119250632
3.25018615281733	4.89417808879461	5.27563929781466	5.662278881866
3.25638766488274	4.90064723820834	5.28620835447829	5.66866128555726
3.26258917694816	4.91333330407486	5.29366000369409	5.67393301971212
3.26879068901357	4.91960962860128	5.30592144437361	5.6978706034274
3.27499220107898	4.9312188127959	5.31379629514274	5.69832518160057
3.2811937131444	4.94055492883515	5.32352697123832	5.7069579385524
3.28739522520981	4.94733452151819	5.33147155215523	5.7176710446489
3.29359673727523	4.95677661361739	5.34110334096836	5.73436197200033
3.29979824934064	4.96591943923666	5.34802339057974	5.73181494600937
3.30599976140605	4.97470692363216	5.35907709412657	5.7471307628524
3.31220127347147	4.98282994773028	5.36852400850921	5.75610964934924
3.31840278553688	4.9944005268343	5.38119820469607	5.76916500067008
3.32460429760229	5.00514773361123	5.38739842196602	5.77419808278997
3.33080580966771	5.00404231359774	5.4011615613317	5.78283924821073
3.33700732173312	5.02248422760308	5.40788386698238	5.79964493054289
3.34320883379853	5.03159467771814	5.41974640332838	5.80061953764363
3.34941034586395	5.04618560552523	5.42550265121968	5.81549321559932
3.35561185792936	5.05238159083098	5.43550425634294	5.82542549734145
3.36181336999478	5.06724226387707	5.44552122666864	5.83131260951452
3.36801488206019	5.07011472791219	5.45711985111982	5.84100220198948
3.3742163941256	5.07942735582465	5.46230353699992	5.86097300018316
3.38041790619102	5.08934024579672	5.47468836506779	5.86532802404185
3.38661941825643	5.10015707545365	5.48367019001814	5.86831096374106
3.39282093032184	5.10820387571041	5.49565690674569	5.88366378070213
3.39902244238726	5.114258654172	5.50178939599755	5.88814841459349
3.40522395445267	5.12230832603297	5.51053545839893	5.89859866696548
3.41142546651809	5.13411128876544	5.52037495641221	5.9122572497462
3.4176269785835	5.14293020026892	5.53330191539422	5.9214084353274
3.42382849064891	5.15030017955977	5.54234694602742	5.93538285430043
3.43003000271433	5.15655030725617	5.55004475746459	5.9366051595706
3.43623151477974	5.16928043569031	5.56241086450865	5.94976518672861
3.44243302684515	5.18145858244202	5.56984418802492	5.95290512690823
3.44863453891057	5.18907897236913	5.57939338504005	5.96565401788808
3.45483605097598	5.2009987404074	5.58854568089788	5.9771378630744
3.46103756304139	5.20916838860961	5.59880051867642	5.98837690984783
3.46723907510681	5.21634025922086	5.60771368260405	6.00682972241949
3.47344058717222	5.2282581785219	5.61561473751383	6.00462780410495
3.47964209923764	5.23735420386962	5.62761527055861	6.01998775535478
3.48584361130305	5.24752895649233	5.63837016161636	6.02574004324353
3.49204512336846	5.24994304942784	5.64739860073775	6.03961023809794
3.49824663543388	5.26784304057624	5.65507096198678	6.04944533725026
3.50444814749929	5.27936830528176	5.66387665223568	6.05730168283559
3.5106496595647	5.2817633051809	5.67212113003177	6.06353874222713
3.51685117163012	5.29029469333491	5.6812054760562	6.06942939793595
3.52305268369553	5.30678546078323	5.69253057350294	6.08726840818229
3.52925419576095	5.31390635777408	5.70231174786355	6.09349119115339
3.53545570782636	5.3201616651735	5.70991418757217	6.09802609070213
3.54165721989177	5.32760021067089	5.72435372096128	6.11075495632651
3.54785873195719	5.33565471966562	5.72932672077184	6.12105941018211
3.5540602440226	5.34605804969211	5.74146147852602	6.12848527684923
3.56026175608801	5.36048592810745	5.75280691653096	6.13941917232539
3.56646326815343	5.36580978879801	5.76160882862581	6.1486686924525
3.57266478021884	5.37834594822841	5.76969487972812	6.16530921722112
3.57886629228425	5.38939404002625	5.7793556513238	6.16685738077677
3.58506780434967	5.38765511320624	5.78623575542774	6.17689365278543
3.59126931641508	5.40010809736723	5.80134783130524	6.19791496632581
3.5974708284805	5.42130444165791	5.8084986884532	6.19904309818101
3.60367234054591	5.42848524278181	5.81741039374031	6.21504031701823
3.60987385261132	5.42813445276796	5.82583478498929	6.22228718820245
3.61607536467674	5.4483898547448	5.83429819400067	6.23623172595906
3.62227687674215	5.45976653197894	5.84474346447726	6.24232296605617
3.62847838880756	5.45680949982193	5.8545012614872	6.24772727083763
3.63467990087298	5.47462255471041	5.86369779986572	6.2571202539721
3.64088141293839	5.47803744012414	5.87278105931815	6.26590451424821
3.64708292500381	5.48378224529631	5.88302024737884	6.27995907872884
3.65328443706922	5.49251441102839	5.89272164048479	6.29262554802144
3.65948594913463	5.50136839392621	5.9003808636006	6.29746886333871
3.66568746120005	5.50848215335433	5.91212437865152	6.31030470241731
3.67188897326546	5.52864471093241	5.92362281815009	6.32132489282908
3.67809048533087	5.53248559969748	5.93153565172824	6.318100471657
3.68429199739629	5.53516270361075	5.93833230068241	6.33437041312691
3.6904935094617	5.56030367561304	5.95166054593474	6.34750093944197
3.69669502152711	5.56278367969987	5.95813881764392	6.35197927255863
3.70289653359253	5.57665651411807	5.96675565864051	6.36220397532716
3.70909804565794	5.58505234161193	5.97608423724264	6.37829175622016
3.71529955772336	5.59079108833317	5.98839877692644	6.37995770313027
3.72150106978877	5.60265283921801	5.99518191023712	6.39584310223039
3.72770258185418	5.61160647799953	6.00703265586676	6.40319730356109
3.7339040939196	5.61197138455091	6.01509242186929	6.42208698596276
3.74010560598501	5.63092804404282	6.02810368798289	6.42066189275145
3.74630711805042	5.6387152437033	6.03346622237295	6.43194569710295
3.75250863011584	5.64971097635972	6.04620866369167	6.43938876992538
3.75871014218125	5.65235182913798	6.05094436102336	6.4569069252999
3.76491165424667	5.66601989705579	6.06456864759552	6.45856404796665
3.77111316631208	5.67556592934114	6.07298444846635	6.46542635500036
3.77731467837749	5.68753418767397	6.0835581335349	6.48017237294856
3.78351619044291	5.68907976904937	6.08938447679561	6.49398042808587
3.78971770250832	5.6970947642168	6.10207922779677	6.50641697804372
3.79591921457373	5.70441230232615	6.10983932374017	6.51556536319848
3.80212072663915	5.71856936316886	6.11562087898082	6.51712691780094
3.80832223870456	5.73366043609265	6.12975765707021	6.53104085459041
3.81452375076997	5.74000083884263	6.13896366797085	6.53739578663028
3.82072526283539	5.75189361892125	6.15180027873271	6.547242930312
3.8269267749008	5.7575853980345	6.16047484210329	6.56467120422582
3.83312828696622	5.76630694786126	6.16599152366092	6.56178646466201
3.83932979903163	5.77794537063189	6.17665319983535	6.57684422325528
3.84553131109704	5.78407665342713	6.18425098578556	6.58047435234637
3.85173282316246	5.7932034122503	6.19790458621104	6.60106854225687
3.85793433522787	5.80411098317135	6.20519446277097	6.59857826742341
3.86413584729328	5.81940403009392	6.21614306365499	6.61425161789664
3.8703373593587	5.82303120843386	6.2234220251179	6.62665303866221
3.87653887142411	5.83456427792153	6.23396442498134	6.63657756947626
3.88274038348953	5.84338240307316	6.24459298248107	6.64385227520693
3.88894189555494	5.85723227019252	6.25411702197336	6.65403393760601
3.89514340762035	5.86165226930359	6.26084794822331	6.66507905711375
3.90134491968577	5.87226436167349	6.27215955851576	6.67443473283514
3.90754643175118	5.87830614473728	6.28250638205357	6.68261033303184
3.91374794381659	5.89172509913621	6.29117320358599	6.69375436365551
3.91994945588201	5.90273358047891	6.29930139949199	6.69720490688468
3.92615096794742	5.91532475432999	6.31001061488238	6.7098206935057
3.93235248001284	5.91254571495021	6.31921273139905	6.71753868688111
3.93855399207825	5.92961827892168	6.32875384656665	6.7362645360421
3.94475550414366	5.93789133501455	6.33867461551246	6.7461180804224
3.95095701620908	5.94500327950966	6.34642961674189	6.7493531790346
3.95715852827449	5.95641820448779	6.35842038960005	6.76150797192373
3.9633600403399	5.96547442404855	6.36529256493674	6.76987207684735
3.96956155240532	5.97306804533995	6.37718829280269	6.7787072758834
3.97576306447073	5.97951377794489	6.38615859896833	6.79106338525374
3.98196457653615	5.98764511576135	6.39161452105375	6.80749115193066
3.98816608860156	5.99209397436561	6.4038637993637	6.8137600794529
3.99436760066697	6.01580819431097	6.41558838536483	6.82651111987715
4.00056911273239	6.01437847643657	6.4217690555735	6.82431293597853
4.0067706247978	6.02780627293818	6.43232350932639	6.83557435593538
4.01297213686321	6.04138081252577	6.44309726583375	6.85156817001475
4.01917364892863	6.04292901460796	6.45133105698057	6.86101967554935
4.02537516099404	6.05817988077918	6.46268900288213	6.87258619056015
4.03157667305945	6.0640268023936	6.47038219301196	6.8787525181631
4.03777818512487	6.07978644512737	6.48082040699047	6.89175031766603
4.04397969719028	6.08372307705163	6.48962496056553	6.90460938891507
4.0501812092557	6.08951334778667	6.49728644617684	6.90528182270508
4.05638272132111	6.1097086587471	6.51040121902284	6.91504488519425
4.06258423338652	6.11793495540983	6.51987978578055	6.93023886377529
4.06878574545194	6.12337928621335	6.52825889928731	6.93506597030047
4.07498725751735	6.13885076658578	6.53754822016676	6.94779778829125
4.08118876958276	6.14414400035556	6.54733584234149	6.94903050597545
4.08739028164818	6.14465580482928	6.55809841401155	6.96702620207622
4.09359179371359	6.15960808631441	6.56863786179301	6.97188597147
4.09979330577901	6.17020592290557	6.57338798464895	6.98049384567519
4.10599481784442	6.17671231727437	6.58776795414677	6.99330402393916
4.11219632990983	6.19070523790188	6.59834850228891	7.00190767465451
4.11839784197525	6.18986501782096	6.60670524213583	7.01533380876541
4.12459935404066	6.20264894293703	6.61232620530164	7.02269662662008
4.13080086610607	6.21778167742837	6.61982325742835	7.0316152984015
4.13700237817149	6.22106598110801	6.633185711016	7.04259656555075
4.1432038902369	6.23534180843159	6.64576380010901	7.04937272486737
4.14940540230231	6.24633499399489	6.65008216985152	7.06279298929578
4.15560691436773	6.25250016232614	6.66101425747159	7.06589522002835
4.16180842643314	6.26428684054656	6.67140619651935	7.07809694884287
4.16800993849855	6.27029724859262	6.67922642142618	7.08534575857943
4.17421145056397	6.27957486577688	6.69002529663719	7.10035428158532
4.18041296262938	6.29123096349652	6.69805965390917	7.11628574409723
4.1866144746948	6.3014634478702	6.70742700612092	7.12508979696779
4.19281598676021	6.30295675214547	6.71753823890757	7.13150654628558
4.19901749882562	6.32044361581824	6.72487300468617	7.14214639881737
4.20521901089104	6.32569466964231	6.73771322036559	7.15127748163777
4.21142052295645	6.33343592674788	6.74868226482834	7.15602533715655
4.21762203502186	6.34612698754028	6.75516700495005	7.16848058862301
4.22382354708728	6.35816656729055	6.76463934904456	7.18078118491096
4.23002505915269	6.36643346630628	6.77423243480951	7.18227929568448
4.23622657121811	6.37353383166207	6.78333997438384	7.1966178561077
4.24242808328352	6.37710767168971	6.79471044400128	7.20857030701432
4.24862959534893	6.39052379718605	6.80278312228384	7.21856638073165
4.25483110741435	6.40364729554881	6.81681512167378	7.22744681097547
4.26103261947976	6.4185714665618	6.82274426839644	7.2319268809446
4.26723413154517	6.41663246323932	6.83372421409824	7.24159117463693
4.27343564361059	6.43100087771112	6.84292174625498	7.26062800974257
4.279637155676	6.44206820292963	6.85093209151227	7.26513108086108
4.28583866774142	6.44317726043336	6.86082363465535	7.27325543172446
4.29204017980683	6.45115527322177	6.87373790224921	7.27950035119084
