"mitochan"	"lwrNorm"	"medNorm"	"uprNorm"
-1.90327037354145	-4.82225770000606	-3.68377425740685	-2.51777367785126
-1.89706886147604	-4.8272164416068	-3.66826122296447	-2.51714980291696
-1.89086734941062	-4.80297993258186	-3.65350499667736	-2.4921206426307
-1.88466583734521	-4.79079390285088	-3.64231831648088	-2.48791500892735
-1.87846432527979	-4.76148294697636	-3.63123250749845	-2.47817740907846
-1.87226281321438	-4.74822207623804	-3.61729503077424	-2.47686826395951
-1.86606130114897	-4.73832541980238	-3.60804773984271	-2.45128095465277
-1.85985978908355	-4.73570620056748	-3.59833924936919	-2.448012287293
-1.85365827701814	-4.70178259609318	-3.58069905390592	-2.43967613384376
-1.84745676495273	-4.69471779619936	-3.56932812550404	-2.43172946717279
-1.84125525288731	-4.68699167215786	-3.55706382660701	-2.42053731116375
-1.8350537408219	-4.66826715959777	-3.54390127902653	-2.40532754799998
-1.82885222875648	-4.65636461428318	-3.52775097448311	-2.39798856462654
-1.82265071669107	-4.63806734890546	-3.51732436084387	-2.38103419625288
-1.81644920462566	-4.61941451462214	-3.5048333849243	-2.37103119519827
-1.81024769256024	-4.60240051303741	-3.49193870528149	-2.35273804271482
-1.80404618049483	-4.59287449641308	-3.48116040933992	-2.35223183768062
-1.79784466842942	-4.57762840984937	-3.46646084531865	-2.35486947481428
-1.791643156364	-4.56037675605362	-3.45370570370233	-2.34244706232137
-1.78544164429859	-4.54089476468192	-3.44610109802135	-2.33693530486549
-1.77924013223318	-4.53525559958865	-3.43472490757733	-2.3060527164684
-1.77303862016776	-4.51000165151431	-3.41815516638469	-2.28622126374585
-1.76683710810235	-4.51010703698931	-3.40526532279021	-2.30962492028448
-1.76063559603693	-4.48551598402408	-3.39728294833885	-2.2907240861891
-1.75443408397152	-4.47621024483963	-3.38167670126996	-2.27445878239533
-1.74823257190611	-4.45489478830609	-3.366864324382	-2.27242881501645
-1.74203105984069	-4.4494889988468	-3.35782361133927	-2.27164801652778
-1.73582954777528	-4.42533801824232	-3.34253478345054	-2.25337061769732
-1.72962803570987	-4.41281270127223	-3.33284058451732	-2.22613774238231
-1.72342652364445	-4.39168932494323	-3.31704202850485	-2.22748485808862
-1.71722501157904	-4.38570116609896	-3.30963866831946	-2.22699876904231
-1.71102349951362	-4.37107311238392	-3.29559021279243	-2.19947045576124
-1.70482198744821	-4.34552631330942	-3.2828249626422	-2.20508697987107
-1.6986204753828	-4.33462233847303	-3.26968180897575	-2.19152814250002
-1.69241896331738	-4.32045927283663	-3.25590001422923	-2.18184827627851
-1.68621745125197	-4.31671721231382	-3.24513925603334	-2.17144591963579
-1.68001593918656	-4.30154246237683	-3.2313626093557	-2.15282727544027
-1.67381442712114	-4.28128268705268	-3.22513938690433	-2.14192015176651
-1.66761291505573	-4.25981345631038	-3.20913969783126	-2.14650943358169
-1.66141140299031	-4.25623113740782	-3.19230769652182	-2.13541043524406
-1.6552098909249	-4.22611297824783	-3.18192995007015	-2.10952647851635
-1.64900837885949	-4.21332576351413	-3.17213449702889	-2.10308495967668
-1.64280686679407	-4.21031355263032	-3.15908939807418	-2.10007747552207
-1.63660535472866	-4.19231849809989	-3.14773046546281	-2.09760933710033
-1.63040384266325	-4.17069984071526	-3.13408375634093	-2.08354291673383
-1.62420233059783	-4.16813804505332	-3.12039970154796	-2.06218775947674
-1.61800081853242	-4.14595573862472	-3.10536792656371	-2.05901955081161
-1.61179930646701	-4.13247432538745	-3.09519184233398	-2.05780011421747
-1.60559779440159	-4.11746752287588	-3.08346876027245	-2.03597710353387
-1.59939628233618	-4.11032754935833	-3.06890929298829	-2.03340101318886
-1.59319477027076	-4.08445508127054	-3.05441131358243	-2.01203135444165
-1.58699325820535	-4.05936069686441	-3.04912019804998	-2.00018047301545
-1.58079174613994	-4.05542194956793	-3.03331620902445	-2.00306363826919
-1.57459023407452	-4.0508289022732	-3.02125013961536	-1.9843554273528
-1.56838872200911	-4.02926502303745	-3.00691004905112	-1.97264215083824
-1.5621872099437	-4.00988959361497	-2.99543949249291	-1.961351293241
-1.55598569787828	-3.99878035742652	-2.98280122286754	-1.95512675338146
-1.54978418581287	-3.98147394211518	-2.96976253550128	-1.95651005951051
-1.54358267374745	-3.96826011938201	-2.95715520592008	-1.94861799737698
-1.53738116168204	-3.95641031559068	-2.94866869798653	-1.9262094202171
-1.53117964961663	-3.93581081300349	-2.92984686974246	-1.91789742462441
-1.52497813755121	-3.93553078893907	-2.91919198988474	-1.90605598332361
-1.5187766254858	-3.9085346241753	-2.90827098494429	-1.89630401657149
-1.51257511342039	-3.90063725586521	-2.89620842643363	-1.88910376025735
-1.50637360135497	-3.88170448986686	-2.88834256453606	-1.88384138327511
-1.50017208928956	-3.8601232288613	-2.87158209281262	-1.86310540295739
-1.49397057722415	-3.85061356039578	-2.86248833420021	-1.85699334408994
-1.48776906515873	-3.8355722998005	-2.84681921129082	-1.84098590468696
-1.48156755309332	-3.82883473362177	-2.83622566855806	-1.83916337626036
-1.4753660410279	-3.79954547045847	-2.81887374620319	-1.82639757203539
-1.46916452896249	-3.78694540705388	-2.80666251599157	-1.81748891543745
-1.46296301689708	-3.76809026976179	-2.79812462258941	-1.79503435663705
-1.45676150483166	-3.77403713558401	-2.7866487348816	-1.79915141943969
-1.45055999276625	-3.73656273518835	-2.76713468110879	-1.79203682034829
-1.44435848070084	-3.72633011752647	-2.75816152209408	-1.77969428502515
-1.43815696863542	-3.72368113844878	-2.74851570306716	-1.76389105200612
-1.43195545657001	-3.70751434864077	-2.73537468050701	-1.74787848280853
-1.42575394450459	-3.68379882724653	-2.72508916270263	-1.74528191252415
-1.41955243243918	-3.66740894647705	-2.7109552117086	-1.73329139549809
-1.41335092037377	-3.65700953256005	-2.69807121093074	-1.72009813448972
-1.40714940830835	-3.63455698083757	-2.68198600382263	-1.7070267702509
-1.40094789624294	-3.62706017024817	-2.67301219040524	-1.69515972420945
-1.39474638417753	-3.60879495634907	-2.65632335409806	-1.68350620987347
-1.38854487211211	-3.60227294996144	-2.64895463667687	-1.70564495298533
-1.3823433600467	-3.5809914297541	-2.63530993774745	-1.68823497724295
-1.37614184798129	-3.56523768430471	-2.61706826521518	-1.66727456785912
-1.36994033591587	-3.55593796211116	-2.60799740277267	-1.64728631377841
-1.36373882385046	-3.53741475321738	-2.59876326566054	-1.64177497479539
-1.35753731178504	-3.53481077496071	-2.58234652113995	-1.64636394059761
-1.35133579971963	-3.51459375446378	-2.57407087839857	-1.62135409431288
-1.34513428765422	-3.48459459684506	-2.56330668407302	-1.62026328982062
-1.3389327755888	-3.48913145549775	-2.54800905659201	-1.61648960699491
-1.33273126352339	-3.4547498455193	-2.53528570946875	-1.58798055886606
-1.32652975145798	-3.4455458634308	-2.51847819736891	-1.58205182267013
-1.32032823939256	-3.45054354630893	-2.50913083209429	-1.5831620516085
-1.31412672732715	-3.42743573189356	-2.49538321212769	-1.5729595549676
-1.30792521526173	-3.40922778739002	-2.48871222178897	-1.54858780343817
-1.30172370319632	-3.38884018674216	-2.47493568010837	-1.53554244632819
-1.29552219113091	-3.38045181527461	-2.4577495493833	-1.53049328193459
-1.28932067906549	-3.36695993780307	-2.45118155335421	-1.51856376709575
-1.28311916700008	-3.34795446911806	-2.43313010598591	-1.50638356501793
-1.27691765493467	-3.33620415318263	-2.42669264076872	-1.50763497973198
-1.27071614286925	-3.31418840899971	-2.41212463418291	-1.49170775616656
-1.26451463080384	-3.3231956336134	-2.39844798299783	-1.48439405379515
-1.25831311873842	-3.28419272926402	-2.38552031780361	-1.46832160763488
-1.25211160667301	-3.27527851176073	-2.37105508065195	-1.45146428341456
-1.2459100946076	-3.26126427412431	-2.35834878432554	-1.45049618879377
-1.23970858254218	-3.24305810742516	-2.34659192213162	-1.43675241828066
-1.23350707047677	-3.23661518359062	-2.33629790837735	-1.43716296730434
-1.22730555841136	-3.22452705202354	-2.32185148368983	-1.41708879703648
-1.22110404634594	-3.20342957911311	-2.30911972319395	-1.41448627069908
-1.21490253428053	-3.19982255778723	-2.29270266044591	-1.40429300703556
-1.20870102221512	-3.18024846230839	-2.28047249869005	-1.38986474565876
-1.2024995101497	-3.15218284567669	-2.27698680887844	-1.36419711607968
-1.19629799808429	-3.14232716710614	-2.259415288664	-1.37090312558073
-1.19009648601887	-3.14824803915551	-2.24667846410645	-1.36112743070836
-1.18389497395346	-3.12902456065645	-2.23243355626661	-1.34463146002058
-1.17769346188805	-3.10405316890983	-2.22000493250437	-1.33603310629849
-1.17149194982263	-3.08697185164611	-2.21193333798542	-1.32670194871459
-1.16529043775722	-3.08049794351791	-2.20329095402647	-1.31440905893708
-1.15908892569181	-3.05038346549057	-2.19021392091184	-1.30731481845434
-1.15288741362639	-3.03882014684545	-2.17408566641997	-1.29588671999511
-1.14668590156098	-3.02571298310351	-2.16098656940786	-1.28244982773593
-1.14048438949556	-3.01563530914658	-2.15001516415416	-1.26906614231267
-1.13428287743015	-2.99996022309204	-2.14031525051723	-1.25759102415437
-1.12808136536474	-2.98741448115553	-2.12317827446067	-1.25688510051881
-1.12187985329932	-2.984839624337	-2.10964675150766	-1.24436215218956
-1.11567834123391	-2.9647343954036	-2.09766721441176	-1.24008077912516
-1.1094768291685	-2.95406492414432	-2.08356678783228	-1.22052337527241
-1.10327531710308	-2.92706365252346	-2.07768745442374	-1.20672874946982
-1.09707380503767	-2.90292359230837	-2.06479632847623	-1.20415179312195
-1.09087229297226	-2.88766221311556	-2.04876090210612	-1.19560261657892
-1.08467078090684	-2.88218724586176	-2.03426079460379	-1.18070743531676
-1.07846926884143	-2.87675894572396	-2.02062593199673	-1.16379884801163
-1.07226775677601	-2.86046685188301	-2.0128412666209	-1.17157770251902
-1.0660662447106	-2.84114195051705	-1.99726461569591	-1.1479060343856
-1.05986473264519	-2.83586945213191	-1.98286652869453	-1.13917795163779
-1.05366322057977	-2.81036171491184	-1.97046981218456	-1.11725359519554
-1.04746170851436	-2.80509501818012	-1.96015395769436	-1.11029408201961
-1.04126019644895	-2.78655711155616	-1.95082915503974	-1.11202942906513
-1.03505868438353	-2.77027939464381	-1.93476716347141	-1.1004017196151
-1.02885717231812	-2.7598000496658	-1.92370667772427	-1.08585625382033
-1.0226556602527	-2.73427720266062	-1.90889870782638	-1.07666709728835
-1.01645414818729	-2.73013126768481	-1.89892914265256	-1.06687931168242
-1.01025263612188	-2.7164430286747	-1.89040113581007	-1.05687482516992
-1.00405112405646	-2.70356502350768	-1.87259162944338	-1.04877237337535
-0.99784961199105	-2.6898414735952	-1.86282681213063	-1.02699712868478
-0.991648099925636	-2.67295576176957	-1.85348032739	-1.01091682641193
-0.985446587860222	-2.66245618263327	-1.8352644471603	-1.01659994309479
-0.979245075794809	-2.63619901120729	-1.82238657155945	-0.999389668216517
-0.973043563729395	-2.6374488476202	-1.81021852030031	-0.992289899810001
-0.966842051663981	-2.60925618867761	-1.8000503404324	-0.983604931810175
-0.960640539598568	-2.60206315152084	-1.78755479045583	-0.970514704245459
-0.954439027533154	-2.59339790524497	-1.774518131831	-0.960373494966024
-0.94823751546774	-2.57095435815693	-1.76846295906072	-0.95007116238537
-0.942036003402327	-2.55739724076832	-1.75218549947238	-0.934539171604142
-0.935834491336913	-2.54713649360768	-1.73777804345605	-0.925420427947727
-0.929632979271499	-2.53254393931482	-1.72704760769569	-0.914286204714894
-0.923431467206086	-2.51951975114592	-1.71207079086742	-0.895714627568166
-0.917229955140672	-2.50672458466437	-1.7023129569062	-0.896364533948368
-0.911028443075258	-2.50398829658167	-1.68794328917918	-0.877198223012838
-0.904826931009844	-2.47205120941814	-1.67635421367972	-0.873101527385852
-0.898625418944431	-2.45881074269249	-1.65755472742232	-0.868040120802503
-0.892423906879017	-2.43684226595242	-1.64997571039058	-0.859939372549559
-0.886222394813603	-2.43080565846002	-1.64056442300744	-0.842666691562457
-0.88002088274819	-2.41482663939546	-1.62645283257655	-0.839582837123613
-0.873819370682776	-2.40761527394997	-1.61365822020691	-0.819174429679438
-0.867617858617362	-2.38937520268365	-1.59868681587749	-0.805785207503408
-0.861416346551949	-2.37624323148169	-1.59002407528163	-0.79664511165111
-0.855214834486535	-2.35741315823601	-1.57361172084786	-0.782864079214831
-0.849013322421121	-2.35452666498787	-1.56632738071897	-0.774785058176272
-0.842811810355708	-2.32284210419171	-1.54988170165225	-0.753717528438879
-0.836610298290294	-2.31168153153175	-1.53439166059023	-0.763862437325274
-0.83040878622488	-2.31310471259594	-1.5261085161273	-0.750008970519549
-0.824207274159467	-2.29925067460218	-1.51443138681775	-0.73820831906664
-0.818005762094053	-2.28080143679306	-1.50359753045047	-0.718434875313002
-0.811804250028639	-2.26599645904345	-1.48906367581648	-0.708053759971345
-0.805602737963225	-2.2506731175546	-1.47635998753089	-0.707988175412504
-0.799401225897812	-2.23715234384718	-1.46549494030711	-0.70659145819147
-0.793199713832398	-2.22287241614291	-1.44962482988871	-0.675011901211823
-0.786998201766984	-2.20744052119584	-1.44265853292755	-0.67185503597094
-0.780796689701571	-2.20165037483844	-1.4261873999764	-0.664958432297323
-0.774595177636157	-2.18445269388199	-1.41666255117757	-0.637206307669512
-0.768393665570743	-2.17035767006083	-1.400437836295	-0.637150669503944
-0.76219215350533	-2.15138744094517	-1.3909448226032	-0.625345630338668
-0.755990641439916	-2.13443096575661	-1.37708209364021	-0.609133271814297
-0.749789129374502	-2.13437850384792	-1.36432693247528	-0.604215942536726
-0.743587617309089	-2.11397901367233	-1.35012534736333	-0.596048112589119
-0.737386105243675	-2.09304797705409	-1.33887335818242	-0.576215199311303
-0.731184593178261	-2.07123092358669	-1.32355747052201	-0.571825524372869
-0.724983081112847	-2.06698199019809	-1.31879127506487	-0.562750134988015
-0.718781569047434	-2.05076695378553	-1.3047037492022	-0.543455172247889
-0.71258005698202	-2.04247814621057	-1.28695209775478	-0.530856476304064
-0.706378544916606	-2.01966505126809	-1.2790716530713	-0.524116541755479
-0.700177032851193	-2.01791553135596	-1.26487152565038	-0.503939621510958
-0.693975520785779	-1.98895116429684	-1.25210105823423	-0.501786571986288
-0.687774008720365	-1.9883959037591	-1.24006606386001	-0.496656322569259
-0.681572496654952	-1.96680105579062	-1.22790061221785	-0.474252822158913
-0.675370984589538	-1.95032108539455	-1.21631713934909	-0.463134121586189
-0.669169472524124	-1.9443683912645	-1.20333955468104	-0.457278243551053
-0.66296796045871	-1.92647780362468	-1.1905721557614	-0.450358951405447
-0.656766448393297	-1.91337971781457	-1.17549291230016	-0.431029837256156
-0.650564936327883	-1.89399466760838	-1.16325960358792	-0.421499360824186
-0.644363424262469	-1.89565540917093	-1.15780361839172	-0.429864959582524
-0.638161912197056	-1.88535356524595	-1.14147014109592	-0.395104900894817
-0.631960400131642	-1.86944547557067	-1.12442037334228	-0.3940279566077
-0.625758888066228	-1.84266799919949	-1.11590275151784	-0.372677947960583
-0.619557376000815	-1.83963854477602	-1.09926205544733	-0.366767316296158
-0.613355863935401	-1.80832198159629	-1.09159901822616	-0.358620233321056
-0.607154351869987	-1.80278947985545	-1.07572168397466	-0.349409571595165
-0.600952839804574	-1.79125439043411	-1.06892124482556	-0.329411603670881
-0.59475132773916	-1.7765799108578	-1.05474955045323	-0.323484631229811
-0.588549815673746	-1.76917325686914	-1.04062811343972	-0.31550245167441
-0.582348303608333	-1.75452459373773	-1.02727511695973	-0.30509975462055
-0.576146791542919	-1.734688230255	-1.01590323574928	-0.297691859378661
-0.569945279477505	-1.71939861068948	-1.00623133440797	-0.284071687824806
-0.563743767412092	-1.70417605780909	-0.992229124032721	-0.269212376731158
-0.557542255346678	-1.7023465719514	-0.980185970638895	-0.259465749235267
-0.551340743281264	-1.68494941949111	-0.970111042262034	-0.238071717588885
-0.54513923121585	-1.66511284919218	-0.953418525445584	-0.243946574780582
-0.538937719150437	-1.66232497514133	-0.940114747707215	-0.217775606212721
-0.532736207085023	-1.64857717823269	-0.929599408932644	-0.222907989588999
-0.526534695019609	-1.62958608013691	-0.917124840622315	-0.196567483518971
-0.520333182954196	-1.62245865555467	-0.905209661161739	-0.189033726750269
-0.514131670888782	-1.60719150547856	-0.885975756309136	-0.185360962429645
-0.507930158823368	-1.59406317807607	-0.878428045385271	-0.167368513459647
-0.501728646757954	-1.56464494474911	-0.868703558648561	-0.155768620295621
-0.495527134692541	-1.55849889530155	-0.85090355181238	-0.148484022647096
-0.489325622627127	-1.54968070953105	-0.839612400678944	-0.120496970660809
-0.483124110561713	-1.53455479802999	-0.828865210724046	-0.122355791914744
-0.4769225984963	-1.51878568814194	-0.814647004878074	-0.107655759273375
-0.470721086430886	-1.51819556622583	-0.805109639263463	-0.0947789615014736
-0.464519574365472	-1.49290946413844	-0.791644128924626	-0.0781992121581302
-0.458318062300059	-1.47189378799661	-0.77981132682717	-0.0786618781823043
-0.452116550234645	-1.47507289443177	-0.768395383601957	-0.0656017917375341
-0.445915038169231	-1.45113370703708	-0.75223294529004	-0.0589826725108212
-0.439713526103818	-1.44533010286945	-0.742597566871951	-0.0488171492703775
-0.433512014038404	-1.42191411928608	-0.728694919892642	-0.0252106406796554
-0.42731050197299	-1.41590907411689	-0.718154960551385	-0.021745267639381
-0.421108989907577	-1.40583459595876	-0.704652667187971	-0.00403976169087011
-0.414907477842163	-1.38331036989709	-0.689983554258334	0.00273092781495547
-0.408705965776749	-1.36385571593802	-0.676621415133812	0.0189549791283581
-0.402504453711335	-1.35301429038132	-0.664328227280579	0.0252495799003963
-0.396302941645922	-1.34878111256345	-0.655312802872835	0.046565531202755
-0.390101429580508	-1.33834736302108	-0.644377086071226	0.0449552816840136
-0.383899917515094	-1.31393452563358	-0.628625250783808	0.0696080871353566
-0.377698405449681	-1.3110760833659	-0.616644324354336	0.0741534282626022
-0.371496893384267	-1.29519908500345	-0.605373679390258	0.0854555744734138
-0.365295381318853	-1.27431868005968	-0.59347604733333	0.093162735974295
-0.35909386925344	-1.26686272237261	-0.580195779911459	0.106004883585569
-0.352892357188026	-1.25501708906862	-0.568627957215128	0.123882151503149
-0.346690845122612	-1.24168871253574	-0.5539011688534	0.128613836927391
-0.340489333057199	-1.2221607639702	-0.542480871198983	0.142407081449617
-0.334287820991785	-1.22467596316611	-0.528716877035118	0.158232085965557
-0.328086308926371	-1.20047646980566	-0.519010978269089	0.167485198592915
-0.321884796860958	-1.18182470680084	-0.506434202877816	0.175364360779668
-0.315683284795544	-1.17027462256428	-0.494235804243234	0.187847501329084
-0.30948177273013	-1.1588677077585	-0.480043337285257	0.203383496059473
-0.303280260664716	-1.15060496252998	-0.466385582986982	0.213817078379164
-0.297078748599303	-1.13401180638896	-0.460308405683008	0.229628897620551
-0.290877236533889	-1.12596454673955	-0.44140125089289	0.243971195681247
-0.284675724468475	-1.11480019038283	-0.429325385524193	0.250595274067648
-0.278474212403062	-1.08825280827138	-0.418713069315875	0.26170775742962
-0.272272700337648	-1.07989546044866	-0.409151376671652	0.275288762809585
-0.266071188272234	-1.07641157102656	-0.392490856167577	0.283609973068649
-0.25986967620682	-1.05535172109533	-0.378532386303394	0.303504642702574
-0.253668164141407	-1.04131817781332	-0.37026845571966	0.313157432623657
-0.247466652075993	-1.0316740618032	-0.352272297580654	0.330367150719958
-0.241265140010579	-1.01573379908086	-0.346136568012132	0.33553824176306
-0.235063627945166	-1.00531957091026	-0.328025780822366	0.355321139169744
-0.228862115879752	-0.999418857795155	-0.314652092151046	0.363397689244336
-0.222660603814338	-0.981676076435763	-0.306909737952043	0.37521602182277
-0.216459091748925	-0.965606427263671	-0.292042352692663	0.388978809807131
-0.210257579683511	-0.95926403774331	-0.285023908565701	0.392701509190759
-0.204056067618097	-0.936223372830268	-0.267131683727476	0.404219089810756
-0.197854555552684	-0.926347653391307	-0.254825128022457	0.425741101484799
-0.19165304348727	-0.919788647033812	-0.244759582676292	0.429990532755633
-0.185451531421856	-0.907504515854867	-0.230235288809563	0.437765425835031
-0.179250019356443	-0.895317461941233	-0.220600151433486	0.458791888094964
-0.173048507291029	-0.875756639813086	-0.205270438266687	0.463968065820954
-0.166846995225615	-0.86283596179813	-0.196257959246382	0.481241444235473
-0.160645483160202	-0.844882249697716	-0.180545873351729	0.488434810266957
-0.154443971094788	-0.833956453560161	-0.168350004162817	0.501992805071751
-0.148242459029374	-0.826251174105774	-0.153481693511704	0.516840464135732
-0.14204094696396	-0.808646938532071	-0.145542781487764	0.524016860245445
-0.135839434898547	-0.803122366366649	-0.131344076680068	0.543491063040062
-0.129637922833133	-0.791348669052919	-0.116540650729899	0.548484049332054
-0.123436410767719	-0.77688061144816	-0.1028928574403	0.568588485375453
-0.117234898702306	-0.752775547384635	-0.0923761810615324	0.583909632580078
-0.111033386636892	-0.739860493037369	-0.0831807539620611	0.589205671742654
-0.104831874571478	-0.724068223527623	-0.0710073363085176	0.599766449977447
-0.0986303625060645	-0.725751826018506	-0.0580298295287157	0.610662054565979
-0.0924288504406507	-0.708047600686451	-0.044877318988945	0.63607277192592
-0.0862273383752372	-0.697552180703683	-0.0316788115881263	0.641326435149966
-0.0800258263098235	-0.668805270095448	-0.0201909551925535	0.651292938753761
-0.0738243142444097	-0.670177096208755	-0.00678320893194445	0.660833075009127
-0.067622802178996	-0.652857217895587	0.00763760284345958	0.681953095565172
-0.0614212901135824	-0.633982250872458	0.016924593314131	0.687627385476601
-0.0552197780481687	-0.639948346599974	0.029135521218488	0.694962689538639
-0.0490182659827549	-0.615307567608335	0.0414756507497651	0.722069042014516
-0.0428167539173414	-0.606872735018143	0.0555503193103201	0.727130294694178
-0.0366152418519277	-0.592708824625712	0.0678737141971795	0.739371306416896
-0.0304137297865139	-0.575519493972305	0.0760401253447426	0.756143328585172
-0.0242122177211002	-0.586313909234207	0.0933431869007993	0.764143914397562
-0.0180107056556866	-0.561984989175167	0.10673937806399	0.781204324620361
-0.0118091935902729	-0.548532410246998	0.119388056185935	0.779208414231782
-0.00560768152485913	-0.536085358277369	0.12805782905854	0.806156885217436
0.000593830540554618	-0.528951981055572	0.141092319511111	0.813809411209277
0.00679534260596815	-0.514295938047733	0.155965185202286	0.832822605944863
0.0129968546713819	-0.492359187608417	0.167112822789344	0.83384765220081
0.0191983667367956	-0.484697879614358	0.177691559435495	0.848797194580153
0.0253998788022094	-0.476280988777976	0.193057840971927	0.857501999650524
0.0316013908676229	-0.454825104735444	0.202839871257091	0.872757957314827
0.0378029029330367	-0.449396387299348	0.218729223293352	0.883268921573511
0.0440044149984504	-0.434978542540419	0.227550131685982	0.903618872551783
0.0502059270638642	-0.41705759067946	0.241177718304368	0.904869792651818
0.0564074391292777	-0.422619268964156	0.255840152443954	0.919509797816423
0.0626089511946915	-0.40532468696647	0.269365003934723	0.946712496087457
0.0688104632601052	-0.389494629703181	0.278110955772311	0.949032215346934
0.075011975325519	-0.377609081967467	0.294974668682855	0.963700381296014
0.0812134873909325	-0.356257523650445	0.304536396437646	0.974310600448142
0.0874149994563462	-0.353001880648635	0.317866115701	0.993041052045298
0.09361651152176	-0.33861276411148	0.331696963275713	0.993671786588597
0.0998180235871735	-0.329386451681347	0.345289048429504	1.01093929041
0.106019535652587	-0.31635858950197	0.354411652217521	1.02763185725718
0.112221047718001	-0.297439049037097	0.363579141266763	1.04388670269571
0.118422559783415	-0.290734894180989	0.379124791167288	1.05221306206253
0.124624071848829	-0.274733386510862	0.39161321356984	1.06444602264557
0.130825583914242	-0.271317904756754	0.402813072083985	1.07896537521405
0.137027095979656	-0.249908370479359	0.420120385385263	1.07923298777309
0.14322860804507	-0.241907211381648	0.428034492115437	1.10690971864544
0.149430120110483	-0.231556984717202	0.442191932438145	1.12460824665075
0.155631632175897	-0.214973400548699	0.455378024110678	1.12758133384571
0.161833144241311	-0.215142225291119	0.466721963599605	1.14260391588948
0.168034656306724	-0.189636603623319	0.480370344501095	1.15698919993711
0.174236168372138	-0.169962674850616	0.492217005268515	1.16121315537951
0.180437680437552	-0.17161999090451	0.503184641919257	1.183660616018
0.186639192502965	-0.152576126603928	0.516316019458214	1.19897420974875
0.192840704568379	-0.153965003520015	0.529318443037191	1.20675338812226
0.199042216633793	-0.121742625679477	0.54199139659142	1.21765110604145
0.205243728699207	-0.112039404258607	0.557474764168042	1.23313915459048
0.21144524076462	-0.10483995070356	0.56759677741711	1.24173394385043
0.217646752830034	-0.0934192306044005	0.577242145664747	1.25627776785873
0.223848264895448	-0.0845930672299051	0.591629780560421	1.26538138343827
0.230049776960861	-0.0684498120149934	0.60634956226233	1.2811334796318
0.236251289026275	-0.0576760004286449	0.613676910165571	1.28354540474385
0.242452801091689	-0.0453636174014401	0.625925983365161	1.30452385806778
0.248654313157102	-0.0332894732920182	0.639914154458098	1.31793469650526
0.254855825222516	-0.0278436437469867	0.653075027951023	1.3350265831413
0.26105733728793	-0.00798073769649575	0.662791811263122	1.34523336245323
0.267258849353343	-0.00950655252438765	0.678974957504898	1.3697512450726
0.273460361418757	0.0153549427167021	0.688238075725929	1.37196991201271
0.279661873484171	0.0210366829518316	0.703192370404201	1.38398328731261
0.285863385549584	0.0388976269317596	0.719968974023569	1.39896777194893
0.292064897614998	0.055625936023192	0.728815665575391	1.3984400319097
0.298266409680412	0.0572777555040794	0.735752843223619	1.43106416327125
0.304467921745825	0.0727326348377395	0.754546440904145	1.44162162451785
0.310669433811239	0.0815959117587501	0.765038764154263	1.44701996630564
0.316870945876653	0.092355460546979	0.775079352470764	1.47807509744292
0.323072457942067	0.113126669768973	0.788733882262385	1.48796363924057
0.32927397000748	0.111843926342415	0.80050526003167	1.50301704655881
0.335475482072894	0.118243315596142	0.816942230331092	1.5086102906977
0.341676994138308	0.144807055450425	0.827365099277574	1.52239704227612
0.347878506203721	0.160391231107581	0.842946871382877	1.54024763587274
0.354080018269135	0.161906841258982	0.853220910145396	1.54923456602149
0.360281530334549	0.175599412670104	0.866647414450582	1.5606479527729
0.366483042399962	0.196039223545342	0.877577208074791	1.57105476793085
0.372684554465376	0.198973714596224	0.887949782061825	1.58273617485367
0.37888606653079	0.220361039258614	0.900195226264628	1.60065117178336
0.385087578596203	0.225092857629732	0.914565994391303	1.61829869261207
0.391289090661617	0.227991450304744	0.926289683109261	1.61492070901925
0.397490602727031	0.247433181822378	0.938460507460768	1.63443256975084
0.403692114792444	0.252956049877342	0.954151799030587	1.65707263842021
0.409893626857858	0.257845949127739	0.963313931667005	1.66734482136598
0.416095138923272	0.275908867317846	0.97793573566947	1.68287145863335
0.422296650988685	0.282125464010806	0.989512174460383	1.69412645549257
0.428498163054099	0.303680016259129	1.00449317048241	1.71481512993524
0.434699675119513	0.311388194307781	1.01676051428429	1.71990494213452
0.440901187184927	0.314043822652871	1.02203466753874	1.72906119223836
0.44710269925034	0.33348351100719	1.03893141845792	1.75284742705884
0.453304211315754	0.352068885957465	1.05295872587153	1.77138578717027
0.459505723381168	0.35595771523235	1.06547893559361	1.76875425865398
0.465707235446581	0.369044550008093	1.07955390989088	1.78811705921087
0.471908747511995	0.381488259526695	1.09036918456929	1.79953407776966
0.478110259577409	0.387803914635478	1.09978941871336	1.81298286704727
0.484311771642822	0.409008567172998	1.11188833105919	1.82916067191945
0.490513283708236	0.41856056256244	1.1269728123848	1.85465190999251
0.49671479577365	0.42605677500471	1.1387705710114	1.85087129133994
0.502916307839063	0.440069190666498	1.14988694980041	1.86355245256911
0.509117819904477	0.448467390037535	1.16531339625788	1.8840622670547
0.515319331969891	0.459457801844347	1.17314309836611	1.88675474248492
0.521520844035305	0.463906579420727	1.18961748260866	1.90865961858117
0.527722356100718	0.481775323107196	1.20365154957743	1.92157146400977
0.533923868166132	0.496757018780254	1.21312978359046	1.94092061981417
0.540125380231546	0.510108215355505	1.22534973764645	1.94782899813879
0.54632689229696	0.518739003834657	1.23841626826435	1.9803672300534
0.552528404362373	0.527326327660665	1.24719904580266	1.98791259883256
0.558729916427787	0.540688951631098	1.26339935659457	1.98585426668744
0.564931428493201	0.540762879947183	1.27655444350874	2.01465455751063
0.571132940558614	0.563720020699678	1.28910936640026	2.01732481457766
0.577334452624028	0.563064038855126	1.30195761747303	2.0462459712982
0.583535964689442	0.578527157418559	1.31288529287297	2.04634482677364
0.589737476754855	0.593931034443321	1.32832435439587	2.07623322343119
0.595938988820269	0.607568653924465	1.33753705551384	2.07595946789396
0.602140500885683	0.622740489220419	1.34886377404956	2.08604796069178
0.608342012951097	0.629211795212652	1.36327798599484	2.11276848358242
0.61454352501651	0.6352452434866	1.37847784096553	2.11498902478291
0.620745037081924	0.653015619957173	1.38965458587697	2.12086591912304
0.626946549147338	0.680079400024775	1.4024439732677	2.14741397190679
0.633148061212751	0.676449233134636	1.41247545986374	2.15533913795151
0.639349573278165	0.679176037312917	1.42643934203482	2.17010388200079
0.645551085343579	0.699776207689165	1.43907092286663	2.1794984612032
0.651752597408992	0.707326591013859	1.44966028209487	2.19234151759814
0.657954109474406	0.714213434548409	1.46442678852131	2.21377960958808
0.66415562153982	0.729063926972104	1.47510484218675	2.22470202018037
0.670357133605233	0.734774342979737	1.48816271751396	2.24201507988157
0.676558645670647	0.762038158102468	1.49979433991979	2.25371394554032
0.682760157736061	0.749006779750404	1.51493455535542	2.25659239241521
0.688961669801474	0.769689532293565	1.52423801097651	2.27151948748428
0.695163181866888	0.789724181667104	1.53545606303953	2.29606850271525
0.701364693932302	0.800128119158127	1.55090844830147	2.31589798996712
0.707566205997715	0.794437910429021	1.56268239777452	2.32451964808077
0.713767718063129	0.81235838631843	1.57278148939486	2.35074496702145
0.719969230128543	0.823049875316987	1.58706209050729	2.3515945908666
0.726170742193957	0.840764018887116	1.59573640959671	2.36175124614732
0.73237225425937	0.836935576917884	1.61140623513708	2.37806420422144
0.738573766324784	0.864666281803624	1.62130336805881	2.39363888258846
0.744775278390198	0.875653453696416	1.63856391298557	2.40926842113669
0.750976790455611	0.878746948717115	1.64980274304734	2.42374023155878
0.757178302521025	0.893173812992995	1.66196504918501	2.42914059707319
0.763379814586439	0.900873802237596	1.67158943721028	2.44373062686476
0.769581326651852	0.917090298787318	1.68696579921968	2.4718870740121
0.775782838717266	0.923433072584931	1.6971360624687	2.4724432376552
0.78198435078268	0.94008919444399	1.71196772511607	2.48968516685943
0.788185862848093	0.943406011467733	1.72527861161807	2.5024901849902
0.794387374913507	0.959396128895633	1.73377965075842	2.52546298888791
0.800588886978921	0.977375805203555	1.74825668063224	2.53163777043221
0.806790399044334	0.970534590658815	1.76227639606735	2.54014427132346
0.812991911109748	0.990861929535051	1.7740697030564	2.56868123860009
0.819193423175162	0.997031969165265	1.78724480902201	2.56623778480664
0.825394935240575	1.00957425416601	1.80108342650985	2.58448028650416
0.831596447305989	1.01969634093722	1.81270084288545	2.60252236263998
0.837797959371403	1.03412469863451	1.82630492370216	2.62226148413285
0.843999471436817	1.04290542826778	1.84135527307268	2.63109964364963
0.85020098350223	1.05843986359782	1.84684011258562	2.64745169408931
0.856402495567644	1.06577638689319	1.86437621939999	2.6579754727343
0.862604007633058	1.07915239997491	1.87338124048378	2.68707727212511
0.868805519698471	1.08537843002284	1.88345170067209	2.68716258681668
0.875007031763885	1.10013457040541	1.89491732919426	2.7057485773738
0.881208543829299	1.1082551079636	1.90863577112234	2.71926736965158
0.887410055894712	1.12797394915407	1.92330580982989	2.73197510354826
0.893611567960126	1.1288092823042	1.93404163159805	2.74563775353407
0.89981308002554	1.13414957818794	1.94758122904098	2.77294642269999
0.906014592090953	1.14495697508289	1.95937590614718	2.77636234663283
0.912216104156367	1.16182567051534	1.97168273135314	2.78277284695633
0.918417616221781	1.17496639057691	1.9866589992951	2.78757678744514
0.924619128287195	1.18465806755071	1.99537945570476	2.81156171458065
0.930820640352608	1.19811874104543	2.01053481407141	2.8263473602493
0.937022152418022	1.20680243452348	2.01954715548994	2.84339545241235
0.943223664483436	1.21490823851797	2.03102595365096	2.86354343177763
0.94942517654885	1.23560098271324	2.04583696753713	2.8784358787334
0.955626688614263	1.23444015115957	2.0605710749694	2.8969536848614
0.961828200679677	1.24212437672968	2.07008925345462	2.89728936634446
0.968029712745091	1.25377962149356	2.08660303215292	2.91837896538057
0.974231224810504	1.27500288468565	2.09611247530744	2.93132109379636
0.980432736875918	1.28530697122573	2.11255814398369	2.94408952752635
0.986634248941332	1.28516798675025	2.11928792575277	2.9717935395615
0.992835761006745	1.30604695908187	2.13416699399339	2.98473788097658
0.999037273072159	1.31326937946231	2.14669520556948	2.98261830132109
1.00523878513757	1.31529197602397	2.16212661898007	3.00408341085073
1.01144029720299	1.3322184403985	2.16798947699188	3.02559828198029
1.0176418092684	1.33944370996876	2.18352308994684	3.03218563046019
1.02384332133381	1.36109537813727	2.19627753772003	3.04662859136957
1.03004483339923	1.36419011479565	2.21095390626412	3.06537970477525
1.03624634546464	1.38063247166538	2.22314003380266	3.07449439249213
1.04244785753005	1.38343175037687	2.23453447253417	3.08675010949333
1.04864936959547	1.39601928678886	2.24587865299197	3.1107989762785
1.05485088166088	1.40777209113061	2.25923559539066	3.13550307719205
1.0610523937263	1.40842040855682	2.27450199768483	3.12858779173939
1.06725390579171	1.42427673438547	2.28720058080655	3.15505593666757
1.07345541785712	1.43502835419391	2.29584515389313	3.17752777357662
1.07965692992254	1.44689487035149	2.30786577509493	3.17506614012192
1.08585844198795	1.46368711127638	2.32358685595612	3.18757947172413
1.09205995405336	1.45798887806645	2.33250855056138	3.21263647612762
1.09826146611878	1.47569818074234	2.34484569274958	3.21176073234757
1.10446297818419	1.4882799469886	2.35622259972474	3.23712719641954
1.11066449024961	1.49738683549491	2.3706880993574	3.24296005006749
1.11686600231502	1.51018070532194	2.38479629023897	3.26470539084359
1.12306751438043	1.52297625326087	2.39621809513149	3.27763999172992
1.12926902644585	1.53991885859712	2.40864162443048	3.28651553469385
1.13547053851126	1.55010440076988	2.41900087505882	3.29543092248031
1.14167205057667	1.55887600063802	2.43339438464915	3.32051030033172
1.14787356264209	1.56716134223077	2.44415357098381	3.34058404016647
1.1540750747075	1.57682079950542	2.45781239922757	3.34433254472487
1.16027658677291	1.58586256227928	2.47073981034724	3.37100188171289
1.16647809883833	1.59059408967568	2.48191844790542	3.38239086053055
1.17267961090374	1.60084650561366	2.49288031775887	3.40580382217848
1.17888112296916	1.6261518747719	2.51459384129611	3.41334048201794
1.18508263503457	1.62514889979813	2.52516815511347	3.41927460443211
1.19128414709998	1.63792196426124	2.53424570214862	3.43547398547171
1.1974856591654	1.64864806722175	2.54566190327968	3.45240694343351
1.20368717123081	1.64728851725452	2.55721547076077	3.46181335181456
1.20988868329622	1.67737133779927	2.57150075041363	3.48881520166048
1.21609019536164	1.68364736476008	2.58676643092932	3.49275844389991
1.22229170742705	1.69426057308985	2.59655789577944	3.50983892918821
1.22849321949247	1.70381978429326	2.60623339271407	3.5259078848779
1.23469473155788	1.70614974561486	2.6227133371949	3.53930646546359
1.24089624362329	1.70089137643225	2.6287608888	3.56159828806939
1.24709775568871	1.74462524022086	2.64505067353905	3.57303972008766
1.25329926775412	1.74339950370856	2.65843890086568	3.58184015828852
1.25950077981953	1.75786887066132	2.67314628394922	3.59908117572449
1.26570229188495	1.77198332061189	2.68119892241752	3.63269978335615
1.27190380395036	1.77547713188494	2.69279774130106	3.62917436609002
1.27810531601577	1.78940626455968	2.7080438270202	3.63806756577339
1.28430682808119	1.78844528688025	2.71544576001422	3.65417605819408
1.2905083401466	1.80691889218545	2.73065204291058	3.67591677708583
1.29670985221202	1.81750438253011	2.74792895791899	3.68976428573616
1.30291136427743	1.83267874491006	2.75812735697858	3.69231220727914
1.30911287634284	1.84133270478446	2.76975191869313	3.71800661726683
1.31531438840826	1.84846999614117	2.78222243741462	3.73469593623064
1.32151590047367	1.85336937536894	2.79350349633635	3.733821037813
1.32771741253908	1.86858566303544	2.80837138005263	3.75744354948149
1.3339189246045	1.86226447635961	2.82269357138116	3.77423440650933
1.34012043666991	1.88149414135216	2.83062663036519	3.78685079845967
1.34632194873533	1.90189109036373	2.84614517869966	3.8088858141247
1.35252346080074	1.91332880686561	2.8591278884984	3.8181373889679
1.35872497286615	1.9131972408535	2.86644660060901	3.8251714671913
1.36492648493157	1.92258144393006	2.87918106906275	3.84834170898675
1.37112799699698	1.93227485147262	2.8949586504489	3.86501474226388
1.37732950906239	1.9425336309906	2.90408106330632	3.87004398995927
1.38353102112781	1.95725181210812	2.9165376323427	3.88915461340245
1.38973253319322	1.98009049136668	2.93372322462824	3.89610654288395
1.39593404525864	1.9811833816746	2.94360447623941	3.936165322764
1.40213555732405	1.98391027759928	2.95334648589774	3.93256351262166
1.40833706938946	1.99599440430082	2.97128208408442	3.95897509953457
1.41453858145488	1.99799714980486	2.97867705843667	3.97198446170214
1.42074009352029	2.01805869955727	2.99762618881541	3.972109559357
1.4269416055857	2.03358695421971	3.00640785907909	3.99419407011116
1.43314311765112	2.04262170084321	3.01801377372536	3.99962137678535
1.43934462971653	2.05055449212311	3.03028758348281	4.01981204949674
1.44554614178194	2.05221235877492	3.03863663906741	4.04126824800164
1.45174765384736	2.06119211651111	3.05999843246725	4.05350725010445
1.45794916591277	2.06775922966683	3.06646967490387	4.0657585540671
1.46415067797819	2.08722884830204	3.0790693809314	4.08950100033497
1.4703521900436	2.09546546515623	3.09762601617371	4.09707266804638
1.47655370210901	2.1132235863184	3.10560828282646	4.11146051333076
1.48275521417443	2.12455475680412	3.11868822391984	4.13736295678925
1.48895672623984	2.13126683268767	3.13200756664328	4.14642527905409
1.49515823830525	2.14522436637432	3.14342799183268	4.16251702510458
1.50135975037067	2.14346051313099	3.15787023511584	4.16526301032289
1.50756126243608	2.16187665537971	3.16522366114829	4.18282396744175
1.5137627745015	2.16155497331592	3.18294868540074	4.19779681516229
1.51996428656691	2.18119915198372	3.19147514205806	4.22873911921268
1.52616579863232	2.1751124059767	3.20464699439261	4.23348932788972
1.53236731069774	2.20527270310907	3.21725439232008	4.24321340851994
1.53856882276315	2.21601347822027	3.22390146863159	4.25613302302036
1.54477033482856	2.23007851824263	3.24115713818757	4.26891657120997
1.55097184689398	2.23527886755269	3.25937293801365	4.28592830743847
1.55717335895939	2.24746201768251	3.26311377370117	4.30143246869496
1.5633748710248	2.25069584931721	3.28492055127222	4.32471062369896
1.56957638309022	2.27199239746258	3.29087173799007	4.32724478248929
1.57577789515563	2.27174147006896	3.30332415003101	4.35536804875086
1.58197940722105	2.27465156602979	3.31903748392346	4.37281718735436
1.58818091928646	2.27684283426543	3.32900687900516	4.38336593928752
1.59438243135187	2.30131985575066	3.34063580573307	4.39589397101318
1.60058394341729	2.31390314068825	3.35485929092232	4.40351833735274
1.6067854554827	2.3155614631379	3.36538789161955	4.42861722276895
1.61298696754811	2.33807878639441	3.38185335947922	4.45130254885864
1.61918847961353	2.3427638393989	3.39374852620588	4.46131461405108
1.62538999167894	2.36795191967467	3.40653866058735	4.46538219321847
1.63159150374436	2.36376141048729	3.41668787211784	4.49633563968512
1.63779301580977	2.38116973686435	3.42724465629243	4.49577181738339
1.64399452787518	2.39262803504823	3.43675898454886	4.52570243594761
1.6501960399406	2.38845245927476	3.45001955882124	4.52562720370784
1.65639755200601	2.39380867812417	3.46850813971196	4.54813301053743
1.66259906407142	2.4107186041384	3.47862890628457	4.56422982562129
1.66880057613684	2.42151678775124	3.49132540502779	4.58564895027524
1.67500208820225	2.43467740242436	3.50645159707045	4.6004240353356
1.68120360026766	2.45825439099829	3.51569153424626	4.60696929675505
1.68740511233308	2.44491957506601	3.53081018106387	4.61484307184026
1.69360662439849	2.46066597643506	3.53695624298151	4.62646624401709
1.69980813646391	2.47359803751836	3.56002182524638	4.64069549443235
1.70600964852932	2.48223035304991	3.56834386662047	4.67712735161121
1.71221116059473	2.50119266400648	3.57716933663941	4.66715448082266
1.71841267266015	2.52080872997405	3.59070635271622	4.69900655838549
1.72461418472556	2.50728183672915	3.60876051491418	4.7227972417728
1.73081569679097	2.53060695075325	3.61530428304651	4.72873541928409
1.73701720885639	2.53742032286268	3.62484527458248	4.73274462090889
1.7432187209218	2.54517394903414	3.6355710703555	4.75377057132435
1.74942023298722	2.56249611823099	3.65831615686759	4.75814427893805
1.75562174505263	2.56686625253498	3.66394805492161	4.76900948926548
1.76182325711804	2.5785434749659	3.68047633469957	4.79302838827348
1.76802476918346	2.57831383896294	3.68956615331812	4.82698903068894
1.77422628124887	2.59721778850517	3.69610317326908	4.82338064364987
1.78042779331428	2.60055689269157	3.7172108136948	4.84397274659114
1.7866293053797	2.61283866968612	3.73068293599282	4.86598525359291
1.79283081744511	2.62169476472253	3.74116891176208	4.87105573909491
1.79903232951053	2.62666980854759	3.75089778732865	4.88280422524725
1.80523384157594	2.64555409702819	3.76736175871757	4.91536163062994
1.81143535364135	2.64987140680348	3.77460690977257	4.92228438177738
1.81763686570677	2.647348905564	3.78777335803605	4.93261431789816
1.82383837777218	2.6678190924476	3.80371588081847	4.96612775263068
1.83003988983759	2.68022106542867	3.81812471659979	4.96086565711383
1.83624140190301	2.69157810886794	3.82873081134173	4.97601411635201
1.84244291396842	2.69797213268541	3.84242222126184	4.999975130611
1.84864442603383	2.72041109907443	3.85103608420298	5.00354361726932
1.85484593809925	2.73438510417224	3.871112358591	5.03283605086702
1.86104745016466	2.72860919245413	3.87737153091383	5.04648213190648
1.86724896223008	2.74402769741785	3.88722563162419	5.04062964503115
1.87345047429549	2.75619184454594	3.90010822459052	5.07270178809187
1.8796519863609	2.7745747415895	3.91299528996639	5.09964950055594
1.88585349842632	2.77712989761549	3.92891773204866	5.09372111004609
1.89205501049173	2.77425986920004	3.94233271903007	5.10298781649443
1.89825652255714	2.79212138869727	3.95326037896592	5.14102699467286
1.90445803462256	2.79291847638569	3.96805312309904	5.14616834363597
1.91065954668797	2.82688897874636	3.97330764521202	5.16163204455979
1.91686105875339	2.81891786087399	3.99023953276869	5.16711997258273
1.9230625708188	2.81297750616244	4.00081630923554	5.19788966262427
1.92926408288421	2.83315816688094	4.01208313025494	5.21680555878931
1.93546559494963	2.84805882960449	4.02578912903486	5.23358992733563
1.94166710701504	2.86158789001053	4.04563847764078	5.23236631991312
1.94786861908045	2.8733132483935	4.05250434805417	5.24806728487988
1.95407013114587	2.87854182727864	4.06502443374538	5.26548489732076
1.96027164321128	2.89731901545246	4.0761382780902	5.28848696368815
1.96647315527669	2.89088064968746	4.09110685081925	5.30104248496175
1.97267466734211	2.91534429628109	4.10166322624831	5.31416619489758
1.97887617940752	2.92573403985657	4.1127250255498	5.32738227544689
1.98507769147294	2.92492647395742	4.12649490665971	5.34832582654124
1.99127920353835	2.94908110255147	4.13772367600303	5.3529396379145
1.99748071560376	2.96914238970056	4.15407225495245	5.37987853369434
2.00368222766918	2.95885217150061	4.16307599646822	5.39496328375829
2.00988373973459	2.96737823197731	4.1728889473124	5.40043304827528
2.0160852518	2.98868625079644	4.19182029956249	5.41192215772592
2.02228676386542	3.00453808835691	4.19727050538068	5.43429139827531
2.02848827593083	2.99393129054501	4.21893575791454	5.44949007449107
2.03468978799625	3.0143583476263	4.22147247738468	5.47170906782089
2.04089130006166	3.02809173029609	4.23990516118741	5.47290322413174
2.04709281212707	3.03818886051912	4.25372770707728	5.4889469103923
2.05329432419249	3.04032933580756	4.25986246559369	5.5156688892441
2.0594958362579	3.05479777654301	4.28104187900428	5.517699086936
2.06569734832331	3.06082925555004	4.28389406789929	5.53319306215257
2.07189886038873	3.08053085330204	4.30267010259282	5.56305546350093
2.07810037245414	3.06517726868913	4.31547786908487	5.57142853344462
2.08430188451955	3.09792528847422	4.32821277716585	5.56648844484332
2.09050339658497	3.10637304646913	4.33707179253181	5.60018574284416
2.09670490865038	3.10867756679492	4.35138037032676	5.60677614321548
2.1029064207158	3.1304221520552	4.36247313257741	5.63225738568346
2.10910793278121	3.13327155452964	4.37531941325101	5.65194567167567
2.11530944484662	3.13947098574832	4.38752337894642	5.65665902915732
2.12151095691204	3.14523322958328	4.40074782684768	5.67150615343713
2.12771246897745	3.15700428401591	4.41459425326691	5.68215764592637
2.13391398104286	3.17538531627577	4.4285801450019	5.70451428781898
2.14011549310828	3.17352957696656	4.44106101098143	5.72369283827861
2.14631700517369	3.19274213216831	4.4470356979208	5.73617430927541
2.15251851723911	3.19042933244163	4.46514522463438	5.75710032125273
2.15872002930452	3.20454235917713	4.47530788484317	5.76560138385188
2.16492154136993	3.22123241693408	4.49292035203857	5.78781300975277
2.17112305343535	3.23362656479985	4.50252450215191	5.80072118166153
2.17732456550076	3.24605166500155	4.51360821193314	5.80529793952411
2.18352607756617	3.23720769279224	4.52749714974306	5.83616597001708
2.18972758963159	3.25551941832183	4.53507252360283	5.84243557881817
2.195929101697	3.26686112177423	4.55136108777756	5.85516290812642
2.20213061376242	3.28148238096135	4.56650990501992	5.86554197242735
2.20833212582783	3.29392276717287	4.57185474932218	5.89959370977031
2.21453363789324	3.3090389638197	4.58793504157311	5.89566556538575
2.22073514995866	3.29755134586871	4.59993472758532	5.92803452212704
2.22693666202407	3.31574516499606	4.60959093110071	5.93506439938853
2.23313817408948	3.33964563316879	4.62499016107478	5.9638031782058
2.2393396861549	3.34228785467381	4.64268010362791	5.96059268788219
2.24554119822031	3.34121903825756	4.64685821149823	5.9979949167672
2.25174271028573	3.35077862395871	4.66609292628228	5.99139483495208
2.25794422235114	3.36729064064173	4.67776097614817	6.01872103568302
2.26414573441655	3.37408563661409	4.68664333230572	6.03991197079502
2.27034724648197	3.3925864791149	4.69477947347408	6.0480171117194
2.27654875854738	3.39061466890502	4.71281275446592	6.05093712061704
2.28275027061279	3.41179962206002	4.72208983501712	6.0720015014114
2.28895178267821	3.40267664827519	4.73685300854739	6.08109058120396
2.29515329474362	3.42518250837528	4.74984625542799	6.09965803813217
2.30135480680903	3.44002364407709	4.76337408432933	6.130341376656
2.30755631887445	3.44147821762801	4.77293835957413	6.12811792918021
2.31375783093986	3.45391369740299	4.78510054513264	6.14140074443361
2.31995934300528	3.46985391656821	4.79750956359879	6.17521312252486
2.32616085507069	3.47499904144945	4.81153708392669	6.18193879872258
2.3323623671361	3.5019682527002	4.81750762229075	6.19397675185312
2.33856387920152	3.50943092512987	4.83712310261054	6.2086282907816
2.34476539126693	3.5006503635037	4.85505201166485	6.22386817622435
2.35096690333234	3.51165564709895	4.86345244653823	6.23012359179476
2.35716841539776	3.53304786894683	4.87341079542552	6.23913157034614
2.36336992746317	3.5327421050267	4.88510751045752	6.27175564292075
2.36957143952859	3.54272604895694	4.89556174734104	6.28783797720897
2.375772951594	3.56374367210853	4.90883517135719	6.30317533175844
2.38197446365941	3.5612601256186	4.92410804373866	6.32090990149247
2.38817597572483	3.57952412800378	4.93905730191388	6.34853642853416
2.39437748779024	3.57704577856622	4.94445683615429	6.34449548223862
2.40057899985565	3.59437508065009	4.96157843209715	6.34885602967514
2.40678051192107	3.59470892696788	4.97478844799608	6.36844142272783
2.41298202398648	3.61408117156631	4.97809181774369	6.389544564684
2.41918353605189	3.62767892848432	4.99521913864829	6.41263651593667
2.42538504811731	3.6205578342558	5.01098767985642	6.41426186691977
2.43158656018272	3.64156249776038	5.02586647487807	6.43588312492015
2.43778807224814	3.65220029680126	5.03559749212747	6.44905958959438
2.44398958431355	3.66113688304995	5.04292003613751	6.45763356570181
2.45019109637896	3.67344569209008	5.0656139779121	6.46501578302524
2.45639260844438	3.67919648182569	5.07123975003832	6.48834535730802
2.46259412050979	3.69065903804066	5.08386776398588	6.51600970458047
2.4687956325752	3.70822407612718	5.09899472311054	6.53117403671188
2.47499714464062	3.7258240405006	5.11167066284895	6.53631922231171
2.48119865670603	3.72407044522641	5.1174847162695	6.56049618102213
2.48740016877145	3.72528822050132	5.13372731379767	6.57002566778044
2.49360168083686	3.73109989304962	5.14611618059142	6.59022965772366
2.49980319290227	3.75788237758586	5.15828917439462	6.60727636272171
2.50600470496769	3.74981467757981	5.17775170761311	6.62366990063994
2.5122062170331	3.772331184565	5.18482180740339	6.63431951404766
2.51840772909851	3.78980026991169	5.19628567365405	6.64044518518914
2.52460924116393	3.79113821883269	5.20707958598437	6.67127836567025
2.53081075322934	3.79577929010056	5.22822564741209	6.68067409569821
2.53701226529475	3.79616547246018	5.2338540492692	6.68542568748798
2.54321377736017	3.83100318061437	5.24807126850709	6.72305905104661
2.54941528942558	3.83016117690189	5.26155300425937	6.73019838201748
2.555616801491	3.83461272913103	5.27778126330521	6.73063896407322
2.56181831355641	3.83154001470654	5.28210993966578	6.75951737994241
2.56801982562182	3.86540190902764	5.29850919434001	6.76385361806678
2.57422133768724	3.87071999842527	5.31133067293943	6.77737602296233
2.58042284975265	3.86583055404278	5.32056038405672	6.79042580082241
2.58662436181806	3.87713222591926	5.33536673189935	6.80891506114388
2.59282587388348	3.89041001124154	5.3510425708794	6.83778234676598
2.59902738594889	3.90515288779118	5.36067723094743	6.85418060895666
2.60522889801431	3.89497508248794	5.37421811889986	6.85354277755147
2.61143041007972	3.93709080537828	5.38694678384272	6.86197695413222
2.61763192214513	3.92512030215501	5.40085687501674	6.89410199822994
2.62383343421055	3.93388433725077	5.40447406974007	6.91094364037439
2.63003494627596	3.95263374974448	5.42456367539227	6.92154915933193
2.63623645834137	3.95993535929758	5.43225481447733	6.94677483232687
2.64243797040679	3.96134000423138	5.44218137812527	6.96580854831822
2.6486394824722	3.97640507952857	5.46517625481493	6.97775658229189
2.65484099453761	3.99290948593085	5.47320688161179	6.97493079377356
2.66104250660303	4.00041161139794	5.48505861873315	7.00095533712216
2.66724401866844	4.02089918365732	5.50347176149122	7.02874704184089
2.67344553073386	4.01088205611149	5.51037591154989	7.04016694539535
2.67964704279927	4.0299855637153	5.51613281652786	7.04159799882674
2.68584855486468	4.03352225217566	5.52765234524592	7.07151122409101
2.6920500669301	4.03895062948517	5.54549418387516	7.08501497817344
2.69825157899551	4.06984976963882	5.56272827217443	7.09649913907591
2.70445309106092	4.0610242209098	5.57486530693959	7.09774909317541
2.71065460312634	4.06216082487732	5.58265239954138	7.10771410480261
2.71685611519175	4.07953233594557	5.60068217276774	7.13320493535012
2.72305762725717	4.10326986883263	5.6094847032638	7.13707098167569
2.72925913932258	4.13225036979863	5.62629497083554	7.16915666366364
2.73546065138799	4.10545470853953	5.63344172057752	7.18592942624806
2.74166216345341	4.1313486410016	5.64793596874897	7.18336368748789
2.74786367551882	4.12899579325771	5.6604051371001	7.21809075659051
2.75406518758423	4.14929543581751	5.66934446577357	7.22371805794815
2.76026669964965	4.15671167915758	5.68016144331369	7.25606191867841
2.76646821171506	4.16985445799024	5.69449253376953	7.25835031853114
2.77266972378047	4.16766634051259	5.70349575316467	7.27386867963438
2.77887123584589	4.18265832706805	5.71615668877062	7.29146638324416
2.7850727479113	4.20108068908213	5.73913052098169	7.31303444568157
2.79127425997672	4.20310871226259	5.74563851231224	7.32806981425151
2.79747577204213	4.21546299056543	5.75892925998118	7.33006244379095
2.80367728410754	4.23426624760443	5.77003818960907	7.35767540517986
2.80987879617296	4.22641337892359	5.78251870873995	7.36049015550787
2.81608030823837	4.25919893207384	5.79463158542537	7.38238161245789
2.82228182030378	4.26851756337337	5.80569460235035	7.39449760611706
2.8284833323692	4.25682071015544	5.81688160792925	7.4029545395191
2.83468484443461	4.26838414022589	5.83523610454582	7.42455131156879
2.84088635650003	4.2791054810951	5.84948174028383	7.44277579485894
2.84708786856544	4.27519748796203	5.85286704317078	7.45183271693421
2.85328938063085	4.30709239121893	5.87329045526439	7.45301108752512
2.85949089269627	4.30496047841632	5.88478242941824	7.49705529800635
2.86569240476168	4.31710070790218	5.89511270331711	7.49691857096622
2.87189391682709	4.31673860048805	5.90125873446797	7.52060085075238
2.87809542889251	4.32855416376902	5.92443245498495	7.53397623507258
2.88429694095792	4.36086286443118	5.93632629442661	7.5388570657434
2.89049845302333	4.35190768763371	5.94148845859617	7.56353480325617
2.89669996508875	4.35895570365013	5.95554845253786	7.57610836931572
2.90290147715416	4.39091371287531	5.9701441693022	7.57884837395962
2.90910298921958	4.37583013093564	5.98938092072402	7.6202260012434
2.91530450128499	4.40307103998226	5.98944189256265	7.6171878206633
2.9215060133504	4.40966722121561	6.00549319446573	7.64660892275192
2.92770752541582	4.41583020770619	6.01814382036222	7.66377424978497
2.93390903748123	4.43141734945603	6.03522819766562	7.67860786597975
2.94011054954664	4.4420626541699	6.04723002566019	7.66524971092804
2.94631206161206	4.43949397656367	6.05784815660258	7.71792500011294
2.95251357367747	4.45768585621694	6.07183387262223	7.70623049527739
2.95871508574289	4.45297394284395	6.07839328645437	7.72615121420866
2.9649165978083	4.47732996789432	6.09106821999607	7.75336787844615
2.97111810987371	4.49593716727266	6.10677513364986	7.76478999723441
2.97731962193913	4.49914612625353	6.12520080459563	7.77290085173859
2.98352113400454	4.50665245683581	6.12763512618813	7.78899137979336
2.98972264606995	4.51187228790343	6.14164175609101	7.81751827000939
2.99592415813537	4.52258494924419	6.15295923893883	7.81933219414426
3.00212567020078	4.53838315665042	6.16869620416938	7.83894121359427
3.00832718226619	4.5445181949224	6.17440369579355	7.85795247056929
3.01452869433161	4.55489021780977	6.19218044722645	7.85986744740365
3.02073020639702	4.56609856294482	6.20832683332088	7.88244361317287
3.02693171846244	4.57443672961914	6.22003272251162	7.9046779183589
3.03313323052785	4.58241347808264	6.23742115607772	7.92721189951185
3.03933474259326	4.58568270411396	6.24313866992355	7.930981029889
3.04553625465868	4.597808996944	6.25911055201071	7.96146926739075
3.05173776672409	4.59510727699976	6.26898641745878	7.95224469824581
3.0579392787895	4.61329666481879	6.2866538333863	7.98505793462866
3.06414079085492	4.63838132513954	6.29501630169811	7.99188699137025
3.07034230292033	4.62917914337263	6.30775197740415	8.01357367034961
3.07654381498575	4.64411751413957	6.31821938860675	8.03328940864376
3.08274532705116	4.65270511401144	6.3234991297181	8.03143945189678
3.08894683911657	4.65521403322531	6.33505848331107	8.05480242828058
3.09514835118199	4.68636897380267	6.35666919605096	8.06550509180057
3.1013498632474	4.6851711082014	6.36601742855247	8.09537649303167
3.10755137531281	4.6972186479896	6.37637060051965	8.10192333755812
3.11375288737823	4.6998783953866	6.39484449516111	8.11566656529287
3.11995439944364	4.70160225544792	6.40647877373434	8.1244697461523
3.12615591150906	4.73448319468138	6.41299437682775	8.13789793876472
3.13235742357447	4.73650330543427	6.43163167969319	8.16721619037876
3.13855893563988	4.74812998804443	6.44589137291335	8.16068668422736
3.1447604477053	4.75196823958746	6.45337302954839	8.18905148893766
3.15096195977071	4.75940412277265	6.4715964599618	8.21372730546237
3.15716347183612	4.77475879957987	6.48245829520804	8.23017602527348
3.16336498390154	4.78862608449498	6.49730742191334	8.24410498520958
3.16956649596695	4.79330036865799	6.50692927725964	8.23725237501511
3.17576800803237	4.79726761082723	6.52442989155912	8.27821604631704
3.18196952009778	4.80933254235647	6.52791749239489	8.28435325545047
3.18817103216319	4.82014534682977	6.54232843517442	8.29729442836223
3.19437254422861	4.82358092685887	6.55258576625777	8.31442232694591
3.20057405629402	4.85440874924811	6.56670302742665	8.33627521832333
3.20677556835943	4.83773429702207	6.58226411953667	8.34451733727162
3.21297708042485	4.86261222805424	6.5897214551834	8.35688064121031
3.21917859249026	4.8710083316381	6.60766854419261	8.37348635597071
3.22538010455567	4.89821463916821	6.61854876643733	8.37907569165763
3.23158161662109	4.89162639386389	6.62958846513475	8.42006021055751
3.2377831286865	4.89740334623905	6.63677002433422	8.42811748949606
3.24398464075192	4.91213515927485	6.66123662325324	8.43118872595629
3.25018615281733	4.90844457366377	6.66566858549702	8.4426580292617
3.25638766488274	4.92426653560592	6.6835220698232	8.46749352034279
3.26258917694816	4.94602024360098	6.69373463574003	8.47957074336733
3.26879068901357	4.96324509286597	6.70434731921263	8.51661574315833
3.27499220107898	4.95707813883587	6.71453141235319	8.51645789283691
3.2811937131444	4.95907410527934	6.73401171280707	8.53152252367148
3.28739522520981	4.98678370098317	6.74312752666532	8.5499365294207
3.29359673727523	4.98041147689809	6.75346753783938	8.55772699980759
3.29979824934064	4.98878412307208	6.76647671395488	8.55951638535836
3.30599976140605	4.99106550357381	6.77914301565115	8.6042864769649
3.31220127347147	5.00591727690596	6.79098711936357	8.61124974101119
3.31840278553688	5.03194118931055	6.80551480228499	8.63026446437005
3.32460429760229	5.02131840687245	6.81884319660811	8.63626181742322
3.33080580966771	5.02798271427827	6.8263664575488	8.65123959201995
3.33700732173312	5.05646505296164	6.83933319384911	8.67077798547425
3.34320883379853	5.05658934433876	6.86072831468241	8.69536705122631
3.34941034586395	5.08161688884626	6.86467433388921	8.69610011431185
3.35561185792936	5.06143676820836	6.88310905933115	8.71263074502177
3.36181336999478	5.09283859346075	6.88956752754637	8.74046998317704
3.36801488206019	5.07852988263882	6.90340476966644	8.73446726190645
3.3742163941256	5.10907506465855	6.92014903856398	8.75332443274924
3.38041790619102	5.12390542099182	6.93066338719135	8.76881391486578
3.38661941825643	5.12263607026745	6.94098556292192	8.7825927280699
3.39282093032184	5.14930702531291	6.95643664093292	8.79885884560976
3.39902244238726	5.14399543676887	6.96389206672421	8.8111901598787
3.40522395445267	5.16592045883108	6.97618205112239	8.83994370153688
3.41142546651809	5.14819442277612	6.99124060955775	8.8541846222009
3.4176269785835	5.18386871328551	7.00405585047559	8.87518200142141
3.42382849064891	5.17742032845708	7.0174920533134	8.87443796571392
3.43003000271433	5.1825303830481	7.02997831579368	8.89047935048664
3.43623151477974	5.21170698092909	7.04455761740671	8.91039987122531
3.44243302684515	5.20694481028832	7.05121660552001	8.94029003582289
3.44863453891057	5.22521960226908	7.06425910654304	8.94677633931213
3.45483605097598	5.24253413008869	7.07547517041714	8.95656818473513
3.46103756304139	5.24144831315036	7.09093779210753	8.97730545950014
3.46723907510681	5.25034173111947	7.10425362458924	8.9926809368058
3.47344058717222	5.27540474276507	7.11146627321157	8.98415019112009
3.47964209923764	5.28535803682815	7.12972222626055	9.01769711679889
3.48584361130305	5.28660690919977	7.13805956568626	9.02770430946663
3.49204512336846	5.28342593290145	7.16121854520678	9.06102076828139
3.49824663543388	5.29955027823812	7.16359464241322	9.07621188217464
3.50444814749929	5.31452445898037	7.17245335888471	9.08515666229696
3.5106496595647	5.32588107193003	7.18457548320773	9.09753600949036
3.51685117163012	5.34419505647018	7.19589300609098	9.10259255141689
3.52305268369553	5.35058472049936	7.21300351043601	9.13489345376346
3.52925419576095	5.33852338993365	7.23065796502338	9.14827654049941
3.53545570782636	5.34912946479933	7.23503441875419	9.15812380456545
3.54165721989177	5.36801714346238	7.25410615587103	9.16845182795772
3.54785873195719	5.40069570167313	7.26653877832413	9.19737345426614
3.5540602440226	5.38544469081658	7.27890556265091	9.19480122953582
3.56026175608801	5.39199867805317	7.29193641087014	9.22264434996118
3.56646326815343	5.41700169423956	7.30819510323951	9.22722191282913
3.57266478021884	5.41838492283628	7.31722939312657	9.27736529598571
3.57886629228425	5.41796986303055	7.32888343797607	9.27075690639157
3.58506780434967	5.44109460218182	7.34432273085581	9.28340638093085
3.59126931641508	5.43964626656203	7.35036077307041	9.30839440579672
3.5974708284805	5.46580338975592	7.36812582601824	9.29937199106043
3.60367234054591	5.46932505652681	7.37570324968216	9.32277511279261
3.60987385261132	5.47807118579107	7.38675994303646	9.34552701713648
3.61607536467674	5.49341768127388	7.40348465700595	9.35529459529671
3.62227687674215	5.4978958623945	7.42113742274727	9.38306289081888
3.62847838880756	5.50325100930813	7.4325476728213	9.38484035640631
3.63467990087298	5.51797011814319	7.43935198751912	9.40754744284411
3.64088141293839	5.51167066782058	7.45204164506828	9.41822607458919
3.64708292500381	5.51290999910005	7.46342786487835	9.43526823440452
3.65328443706922	5.53389722993108	7.4783138583719	9.43411418291828
3.65948594913463	5.5589525864777	7.49204718089215	9.4639888496624
3.66568746120005	5.58610660919707	7.49933989791561	9.49242071906813
3.67188897326546	5.55769838746162	7.51330891228953	9.51617094720718
3.67809048533087	5.58462774401948	7.52264463886975	9.5179363127723
3.68429199739629	5.59443420103152	7.54032793272601	9.51499474593852
3.6904935094617	5.58047335054104	7.54973617435302	9.55872079835312
3.69669502152711	5.61958100512514	7.56470569118945	9.55568242755174
3.70289653359253	5.62196731371899	7.57070641045851	9.58456733704148
3.70909804565794	5.62279767678804	7.59467779591852	9.59594569502007
3.71529955772336	5.63124094821611	7.60158252946961	9.61521536893807
3.72150106978877	5.64462436367647	7.61857381561569	9.61824000853662
3.72770258185418	5.64819373676547	7.62676664209841	9.62577676502034
3.7339040939196	5.66397745562373	7.63802595843889	9.64273357895149
3.74010560598501	5.68098554043581	7.65887771916012	9.66047732353667
3.74630711805042	5.70412167853678	7.66853755289903	9.68134611311818
3.75250863011584	5.69652750791692	7.66803477444325	9.69683225504244
3.75871014218125	5.69983076168133	7.68620768663103	9.71603565302423
3.76491165424667	5.71444492621737	7.7035364031681	9.73184603823563
3.77111316631208	5.71921256908305	7.70850084216401	9.72654230333916
3.77731467837749	5.74075991226221	7.72433129253467	9.75075682499603
3.78351619044291	5.7488116672601	7.73604490458386	9.78074990803221
3.78971770250832	5.76420805933168	7.75602917594567	9.79378062764186
3.79591921457373	5.77921745913642	7.7607392574523	9.82029639593954
3.80212072663915	5.77487949086399	7.77453014592699	9.81230884079383
3.80832223870456	5.7859519887941	7.78872048432379	9.83396970712011
3.81452375076997	5.77662892873255	7.79738009993921	9.84768668195718
3.82072526283539	5.80286468231871	7.81646070135695	9.86161239937451
3.8269267749008	5.82204866010424	7.82121314516014	9.87443158283356
3.83312828696622	5.83732379850459	7.83846016588502	9.89699058075585
3.83932979903163	5.82559895708229	7.85379354812908	9.89053418232851
3.84553131109704	5.83027646258632	7.86667941542484	9.93030584471695
3.85173282316246	5.84845489714616	7.87582245977715	9.97346676464553
3.85793433522787	5.841608181235	7.89341672930678	9.95376911854415
3.86413584729328	5.87655122920578	7.90656650835932	9.96998989766267
3.8703373593587	5.86523261647474	7.90880978903275	9.9789670782223
3.87653887142411	5.88336552463335	7.91827120613826	10.0051142662545
3.88274038348953	5.89866587804463	7.94031854486109	10.0043502578147
3.88894189555494	5.91260716742515	7.95837475003237	10.0507931415227
3.89514340762035	5.91263460136864	7.963916595249	10.0723768921682
3.90134491968577	5.91635190332444	7.97435598722576	10.0668630733856
3.90754643175118	5.93790445448651	7.98937250966685	10.1007756507749
3.91374794381659	5.93450510636904	8.00185078309542	10.0950538603055
3.91994945588201	5.94775911313669	8.01146570153791	10.1022983995646
3.92615096794742	5.95872999562817	8.02710728279492	10.1358976410507
3.93235248001284	5.97259511057199	8.03731135001351	10.1522380136126
3.93855399207825	5.97697958039404	8.04799073602609	10.1572522315101
3.94475550414366	6.00151072099395	8.06374682849534	10.1936310200657
3.95095701620908	5.99286063458397	8.08424962575461	10.1913065680658
3.95715852827449	6.01611067813102	8.08785561382262	10.2211091198279
3.9633600403399	6.01309863227579	8.10109514524343	10.2252249363502
3.96956155240532	6.03363018312377	8.10415926555806	10.2427895215463
3.97576306447073	6.04389759918775	8.12428260352604	10.2734127000255
3.98196457653615	6.03836391763427	8.13812380028874	10.280474283213
3.98816608860156	6.06382774237168	8.14832086413043	10.2804664733478
3.99436760066697	6.0563534960786	8.16647572327293	10.3141165989946
4.00056911273239	6.07520189654598	8.18005877835171	10.3143076425143
4.0067706247978	6.08266604560256	8.18888608690957	10.3424421827643
4.01297213686321	6.08364798214079	8.20285364455705	10.3419171706645
4.01917364892863	6.11098548550154	8.20695774354843	10.3690364170939
4.02537516099404	6.12185639311882	8.22567013363607	10.3887955202901
4.03157667305945	6.12867941459834	8.23915316447498	10.3952791186297
4.03777818512487	6.13219490692286	8.24780330566636	10.4016236425287
4.04397969719028	6.13712746659575	8.27026707813341	10.4210889011815
4.0501812092557	6.16059500145678	8.27225365449327	10.4545831459632
4.05638272132111	6.16696616322773	8.28623491933013	10.4645161395883
4.06258423338652	6.18288824296687	8.29474467516222	10.4730612169755
4.06878574545194	6.18257069735649	8.31272065769663	10.4896669969667
4.07498725751735	6.1896163400791	8.32514939783226	10.5188361750981
4.08118876958276	6.1957452005074	8.32656569140539	10.5179528148638
4.08739028164818	6.22879417935101	8.34344311755206	10.5345022068894
4.09359179371359	6.22147073596992	8.36590511400786	10.5492911583286
4.09979330577901	6.23582361212637	8.36647550199637	10.5464061324728
4.10599481784442	6.24250565911916	8.39311809415071	10.5803566049832
4.11219632990983	6.24092661567122	8.39837755671804	10.6038925764998
4.11839784197525	6.26033515201615	8.41160453815994	10.6168964889678
4.12459935404066	6.2630103850969	8.42258509665417	10.6108978107448
4.13080086610607	6.25824837251078	8.43942310601824	10.6497890669883
4.13700237817149	6.28984529327255	8.44656764207443	10.6501768771336
4.1432038902369	6.29993105188237	8.46182300401089	10.6894804457448
4.14940540230231	6.30889112716107	8.47131381009332	10.696692228602
4.15560691436773	6.31668000939567	8.49147501110301	10.7034699945658
4.16180842643314	6.3346073487091	8.50019305093103	10.7222559756911
4.16800993849855	6.32998701413468	8.51112054397226	10.7261765962961
4.17421145056397	6.33054617219458	8.52438242928619	10.7615245074009
4.18041296262938	6.35185100002556	8.53741633059812	10.7609360128761
4.1866144746948	6.36274847824706	8.54591169632324	10.7893307941351
4.19281598676021	6.37875450018276	8.56302712297207	10.7823230186992
4.19901749882562	6.38410087420431	8.57626951532628	10.8017207928199
4.20521901089104	6.39503582704988	8.59047237691101	10.8163473465314
4.21142052295645	6.38473848113439	8.60129825736647	10.8357406018566
4.21762203502186	6.40761183619953	8.60954500950335	10.8563268923287
4.22382354708728	6.43273587961796	8.6269679104318	10.8614066342485
4.23002505915269	6.42041086308672	8.63117236659533	10.8771593374445
4.23622657121811	6.44488237805449	8.64797655068118	10.8917373556475
4.24242808328352	6.43895760858203	8.66191619094028	10.9250225809537
4.24862959534893	6.45100449313224	8.67400095895066	10.934303453609
4.25483110741435	6.45331097673836	8.68414937438883	10.9577498278857
4.26103261947976	6.45123504628614	8.70017314379683	10.962342681438
4.26723413154517	6.48967492467828	8.71180927369989	10.9689110598231
4.27343564361059	6.47868672827313	8.72115762225193	11.01197256634
4.279637155676	6.51752991366806	8.7358924051503	11.0058531966029
4.28583866774142	6.50980486050362	8.74862281970228	11.0275735058076
4.29204017980683	6.50736678322639	8.76009719802795	11.0198948818836
