"mitochan"	"lwrNorm"	"medNorm"	"uprNorm"
-1.90327037354145	-2.67004005346418	-2.257335053844	-1.84575973179761
-1.8966507915407	-2.66574974362528	-2.24977105513729	-1.84301475633907
-1.89003120953995	-2.65535833937073	-2.2389891730239	-1.83235742849553
-1.88341162753921	-2.63805854005831	-2.23183729465624	-1.8156043072213
-1.87679204553846	-2.63674122439463	-2.22565540101049	-1.81005073218531
-1.87017246353771	-2.62845086632577	-2.21325412590308	-1.80288999753308
-1.86355288153697	-2.61234199899404	-2.20246483172316	-1.79466386243296
-1.85693329953622	-2.60604424791524	-2.199966145054	-1.78565780704945
-1.85031371753547	-2.60357846651983	-2.18814478269693	-1.7741906274057
-1.84369413553472	-2.58446967440468	-2.18229876768852	-1.77295100534443
-1.83707455353398	-2.58094246849152	-2.17194003003952	-1.75892457711746
-1.83045497153323	-2.57515591701723	-2.16385112968262	-1.75974610917737
-1.82383538953248	-2.56435808732221	-2.15679268389301	-1.74484852784037
-1.81721580753174	-2.55639848428335	-2.14553678894146	-1.74266167488633
-1.81059622553099	-2.5549393047221	-2.13812658968622	-1.72604918584071
-1.80397664353024	-2.5427674697655	-2.12853376853178	-1.71703537800212
-1.7973570615295	-2.52445488031423	-2.11880561614803	-1.7173756155308
-1.79073747952875	-2.52532120431463	-2.11616419595339	-1.71106877289731
-1.784117897528	-2.51318884726975	-2.10609692022522	-1.70109642315245
-1.77749831552725	-2.51578463126813	-2.09875055153601	-1.67608951517806
-1.77087873352651	-2.49073961599076	-2.08812961824589	-1.67486198641444
-1.76425915152576	-2.48873430327025	-2.08065182927857	-1.67131941090901
-1.75763956952501	-2.47970713451302	-2.07131652367641	-1.66416985938952
-1.75101998752427	-2.47401569661887	-2.0611766945931	-1.65975020542269
-1.74440040552352	-2.46688079431217	-2.05874802617736	-1.64867557673308
-1.73778082352277	-2.45720183384154	-2.04688046755656	-1.63384229160962
-1.73116124152202	-2.43726732423001	-2.03464436042368	-1.62417601187832
-1.72454165952128	-2.44377456872379	-2.02873365931966	-1.62297409513937
-1.71792207752053	-2.43064591739529	-2.0224053484039	-1.61765790509701
-1.71130249551978	-2.42031550187739	-2.01281932283741	-1.6100938835724
-1.70468291351904	-2.4088740351105	-2.00434986237048	-1.60114905971616
-1.69806333151829	-2.4116074361127	-1.9972750876677	-1.59753993125023
-1.69144374951754	-2.40083530132387	-1.98836074153053	-1.58091204579637
-1.68482416751679	-2.39020331697389	-1.98305633979425	-1.56987022639768
-1.67820458551605	-2.37916499879266	-1.97169966975027	-1.56681385386717
-1.6715850035153	-2.37373245759267	-1.96118561604481	-1.55071075266601
-1.66496542151455	-2.37331571539095	-1.95327940520424	-1.54730895665384
-1.65834583951381	-2.35045721731403	-1.94510999907286	-1.5387340658082
-1.65172625751306	-2.34605410898107	-1.93796940469832	-1.5328845279397
-1.64510667551231	-2.33586346492767	-1.93021368821546	-1.51991599964817
-1.63848709351156	-2.32932041953767	-1.92127872046629	-1.51674223318384
-1.63186751151082	-2.32622919238377	-1.9164470041487	-1.50682119744767
-1.62524792951007	-2.31832471332656	-1.90213745484923	-1.5037789179263
-1.61862834750932	-2.30354223431852	-1.89708619074358	-1.49140428677372
-1.61200876550858	-2.29362202383161	-1.8898114173028	-1.47985576103823
-1.60538918350783	-2.29498546887065	-1.87908411115031	-1.47186455201455
-1.59876960150708	-2.27759571451359	-1.87299215281687	-1.45971570948554
-1.59215001950634	-2.27469287109353	-1.86495024749255	-1.46289922268339
-1.58553043750559	-2.26440687196118	-1.85493461846655	-1.44916237785851
-1.57891085550484	-2.25847321547086	-1.84981644688994	-1.44287161559796
-1.57229127350409	-2.24875195522532	-1.8372189900667	-1.43489247912477
-1.56567169150335	-2.23487007450731	-1.82886772821265	-1.42644759305322
-1.5590521095026	-2.22727550478011	-1.8223279434709	-1.41587591325252
-1.55243252750185	-2.21827191903005	-1.81600093429594	-1.40883867403857
-1.54581294550111	-2.21223046242801	-1.80504628723526	-1.39462565429619
-1.53919336350036	-2.20738888331175	-1.79698579377064	-1.39471366531615
-1.53257378149961	-2.19840287298099	-1.78837839647712	-1.38129108207697
-1.52595419949886	-2.18818468123566	-1.78213433794377	-1.372323425917
-1.51933461749812	-2.17819072488178	-1.76925154324342	-1.36984803779719
-1.51271503549737	-2.17404052568814	-1.76560946525864	-1.35099914964793
-1.50609545349662	-2.16124262443603	-1.75529835054498	-1.34343071052248
-1.49947587149588	-2.15696135546996	-1.75042845403973	-1.3388636677126
-1.49285628949513	-2.15068424219235	-1.74051974263053	-1.33122208749603
-1.48623670749438	-2.13867356932274	-1.73207729922374	-1.3246085975
-1.47961712549363	-2.12742519927181	-1.71879086198751	-1.31567153999588
-1.47299754349289	-2.11902048776272	-1.71261104931866	-1.30604926792054
-1.46637796149214	-2.11596736630005	-1.7092543973815	-1.29633697582365
-1.45975837949139	-2.10572354735948	-1.6987313840291	-1.29153950689887
-1.45313879749065	-2.0960960156327	-1.6895573301888	-1.2847168052926
-1.4465192154899	-2.08535983670959	-1.6810852977791	-1.27344001728646
-1.43989963348915	-2.08739641308994	-1.67306170663868	-1.27319277543819
-1.4332800514884	-2.07238188695047	-1.66445170628393	-1.25365777298869
-1.42666046948766	-2.06323781126394	-1.65321635913399	-1.24696431928649
-1.42004088748691	-2.05266338660627	-1.64557760536966	-1.24480375326216
-1.41342130548616	-2.04880185212986	-1.63784989774762	-1.2320330395802
-1.40680172348542	-2.03648693023187	-1.62835981494235	-1.22582412074289
-1.40018214148467	-2.02695094610101	-1.62379386234436	-1.21315614906997
-1.39356255948392	-2.0167700515984	-1.61311579968716	-1.20640448897053
-1.38694297748317	-2.01730177532597	-1.60407723201616	-1.20248282863951
-1.38032339548243	-2.00430238877439	-1.5937881038055	-1.19202652690363
-1.37370381348168	-1.99213234573921	-1.58938266333868	-1.1824372333147
-1.36708423148093	-1.99271460137933	-1.57909037814634	-1.17638214188812
-1.36046464948019	-1.97555307106669	-1.57250640527458	-1.17476912475685
-1.35384506747944	-1.97300115764717	-1.56116739779616	-1.15329734158398
-1.34722548547869	-1.958942378204	-1.55359441207631	-1.1520723621626
-1.34060590347795	-1.94942027075268	-1.54770355293641	-1.14629225783016
-1.3339863214772	-1.94703565863012	-1.53806652328975	-1.13223335234088
-1.32736673947645	-1.93016127154934	-1.53334398642042	-1.1244098033236
-1.3207471574757	-1.92645024021832	-1.52301538459614	-1.11065765189314
-1.31412757547496	-1.91234270013083	-1.51458160580758	-1.10638025701906
-1.30750799347421	-1.91229098803013	-1.50688641883846	-1.1038439610167
-1.30088841147346	-1.89654700549803	-1.49748509985981	-1.09487117983044
-1.29426882947272	-1.88943094125165	-1.48860815147942	-1.08361666467175
-1.28764924747197	-1.88313812195227	-1.47831259734591	-1.07171600412246
-1.28102966547122	-1.88474863072054	-1.47373863160032	-1.07124476569698
-1.27441008347047	-1.87287197979722	-1.46339543936401	-1.05230545239114
-1.26779050146973	-1.85835426749921	-1.45372940562694	-1.04874872392064
-1.26117091946898	-1.84517086806516	-1.44686124538212	-1.03812502616738
-1.25455133746823	-1.83335843869476	-1.43612673560447	-1.03628093230444
-1.24793175546749	-1.82953367161254	-1.42970952495522	-1.02484200315638
-1.24131217346674	-1.82189592666261	-1.42404051226841	-1.02213932073436
-1.23469259146599	-1.8238246153055	-1.4118800705814	-1.00873752528924
-1.22807300946524	-1.81441676914649	-1.40339167172809	-1.00159620108737
-1.2214534274645	-1.80447985437317	-1.39803551063519	-0.994015065737288
-1.21483384546375	-1.79980818103117	-1.38623627916907	-0.984134194701262
-1.208214263463	-1.77934527392246	-1.37937611938651	-0.969662889806842
-1.20159468146226	-1.77496499159018	-1.37417780648847	-0.963238165955978
-1.19497509946151	-1.76802263497126	-1.36393960900373	-0.96054073874496
-1.18835551746076	-1.75902797285801	-1.35722731022637	-0.941631085542299
-1.18173593546001	-1.74800223211311	-1.34599130794438	-0.9423735266596
-1.17511635345927	-1.73919457681374	-1.34014944113373	-0.933264534189888
-1.16849677145852	-1.73213438763348	-1.32921073535075	-0.923997578477547
-1.16187718945777	-1.72944099042029	-1.32215935867186	-0.927621550889786
-1.15525760745703	-1.713807630811	-1.3144691944316	-0.908227891855563
-1.14863802545628	-1.71074600892688	-1.30495148826903	-0.897454213886995
-1.14201844345553	-1.69857610580405	-1.29820661348391	-0.893574283906907
-1.13539886145479	-1.6884421647622	-1.28751363450264	-0.883375701206346
-1.12877927945404	-1.68589840942705	-1.28264627560468	-0.882156352165476
-1.12215969745329	-1.68023204048026	-1.27539057405922	-0.869538057233703
-1.11554011545254	-1.65987319524186	-1.26432263692969	-0.86205377090944
-1.1089205334518	-1.65434097232485	-1.25498858287565	-0.850238627533354
-1.10230095145105	-1.65362255166504	-1.24946283289309	-0.847282244621899
-1.0956813694503	-1.64498887268413	-1.23786721956105	-0.834051439825273
-1.08906178744956	-1.63830932654883	-1.23400680041557	-0.827849447530006
-1.08244220544881	-1.62661672741734	-1.21986592004567	-0.818549118606322
-1.07582262344806	-1.62327326463732	-1.2123577862911	-0.807282952687727
-1.06920304144731	-1.60760454090334	-1.20427039991153	-0.801969665949092
-1.06258345944657	-1.59651394700093	-1.19530970387203	-0.789523361131442
-1.05596387744582	-1.59419072209176	-1.19122009726149	-0.782806001208056
-1.04934429544507	-1.5771390178972	-1.17906171347871	-0.779119543723121
-1.04272471344433	-1.5694620415066	-1.17482278649005	-0.768938673270279
-1.03610513144358	-1.57036949302826	-1.16420491229493	-0.763560793646867
-1.02948554944283	-1.55852362975557	-1.15704024440626	-0.757976189095846
-1.02286596744208	-1.55065905063055	-1.14420776770826	-0.74263106773492
-1.01624638544134	-1.54544414372156	-1.13732595990184	-0.738754098419297
-1.00962680344059	-1.53108816099379	-1.13287648382528	-0.732580915241957
-1.00300722143984	-1.52596789883379	-1.12076666226687	-0.718067432008481
-0.996387639439096	-1.51235259894885	-1.11220628513659	-0.712497846185956
-0.989768057438349	-1.50811654983808	-1.10529009705445	-0.70501219825962
-0.983148475437602	-1.49419181784065	-1.09618079085791	-0.69492119694548
-0.976528893436855	-1.49042385151162	-1.08780211591069	-0.686100407943193
-0.969909311436108	-1.48141547584917	-1.07777551989087	-0.678083052213444
-0.96328972943536	-1.47339208718754	-1.0726940979053	-0.679501956800944
-0.956670147434613	-1.45960921518243	-1.06281855208079	-0.660334305631168
-0.950050565433866	-1.45579146195725	-1.05431439277056	-0.650633708796654
-0.943430983433119	-1.44581481879063	-1.04442902650631	-0.645280851976037
-0.936811401432372	-1.43953458022167	-1.03749443490929	-0.637193633800991
-0.930191819431625	-1.43375925695676	-1.03334951728625	-0.627999923634971
-0.923572237430878	-1.41952650274048	-1.02012269176367	-0.622774644135259
-0.916952655430131	-1.41901794288458	-1.01168996642578	-0.613015286335703
-0.910333073429384	-1.40579912636238	-1.00603002934862	-0.602310218059582
-0.903713491428637	-1.39327787197832	-0.999993091561923	-0.597315373157861
-0.897093909427889	-1.38692809432971	-0.98919867229571	-0.581879318678694
-0.890474327427142	-1.38153917135001	-0.980376059083299	-0.579918211314027
-0.883854745426395	-1.36811488278078	-0.969996197435492	-0.570192136971017
-0.877235163425648	-1.3644654516199	-0.960864259117302	-0.555647001153755
-0.870615581424901	-1.3533013136881	-0.958283806256647	-0.558299069593168
-0.863995999424154	-1.34991634332845	-0.946529324132149	-0.545935932955426
-0.857376417423407	-1.33939558723995	-0.940284369292442	-0.535872254429196
-0.85075683542266	-1.32736348755701	-0.933860295268996	-0.536352342997651
-0.844137253421913	-1.31605499651319	-0.91956050380434	-0.519117320922311
-0.837517671421166	-1.31848615676054	-0.914290024205395	-0.511970527058997
-0.830898089420418	-1.29713404109166	-0.900810504259447	-0.501038302735443
-0.824278507419671	-1.29831056820714	-0.896317087513179	-0.503718710955607
-0.817658925418924	-1.2941705271731	-0.891372613837822	-0.488776826885065
-0.811039343418177	-1.27900184117113	-0.881328669788883	-0.486193786233687
-0.80441976141743	-1.27098480505293	-0.87454203962625	-0.471612014651482
-0.797800179416683	-1.26744544956004	-0.865543782792252	-0.46697517628114
-0.791180597415936	-1.25644135291132	-0.856061163745399	-0.458409662467431
-0.784561015415189	-1.2459733438813	-0.848261568652093	-0.440374041864659
-0.777941433414442	-1.24430174894726	-0.838548953597827	-0.433746691445761
-0.771321851413695	-1.22575678252317	-0.830339042772805	-0.436465057617092
-0.764702269412947	-1.22691135895672	-0.823173180637132	-0.421517207983121
-0.7580826874122	-1.21037851705511	-0.815631437391098	-0.414325699788738
-0.751463105411453	-1.19896851329307	-0.803708718947491	-0.399722465798294
-0.744843523410706	-1.19265431765334	-0.79925873264329	-0.401708473894149
-0.738223941409959	-1.18737687410778	-0.790416804834165	-0.389815167623456
-0.731604359409212	-1.1882346884474	-0.779790915172282	-0.375569615598332
-0.724984777408465	-1.17245479819068	-0.771577354403815	-0.367973498247215
-0.718365195407718	-1.16565572605952	-0.764524147855715	-0.363527055826216
-0.711745613406971	-1.15719376431084	-0.752872882964002	-0.355061921492474
-0.705126031406224	-1.14121117822997	-0.746701883911651	-0.349438602473859
-0.698506449405476	-1.13904130507301	-0.736692165027275	-0.338669948850819
-0.691886867404729	-1.12955477504573	-0.731450445689823	-0.333085464829755
-0.685267285403982	-1.12790576609766	-0.719734004817607	-0.319261008176204
-0.678647703403235	-1.11358409947797	-0.714781020693693	-0.315739331568761
-0.672028121402488	-1.09961654150525	-0.702075154361007	-0.302520128467415
-0.665408539401741	-1.09357112830514	-0.694230660098567	-0.290560679717865
-0.658788957400994	-1.0893714541148	-0.686331803372399	-0.286980636487565
-0.652169375400247	-1.07169452464739	-0.679981685458386	-0.276574992704955
-0.6455497933995	-1.07204053848085	-0.6730508309261	-0.276086005927403
-0.638930211398753	-1.06398882040948	-0.666881093176964	-0.273122759426189
-0.632310629398005	-1.05212257442876	-0.657997471466887	-0.247530995479411
-0.625691047397258	-1.04023129529779	-0.647289376525607	-0.254375611799159
-0.619071465396511	-1.03911235338953	-0.638631990687278	-0.22981001764003
-0.612451883395764	-1.02610157843517	-0.628751882156375	-0.229758666532946
-0.605832301395017	-1.02529013323805	-0.621914952275351	-0.2201409019888
-0.59921271939427	-1.00967392364509	-0.61521731723741	-0.215933544842203
-0.592593137393523	-1.0063742826152	-0.602132633302423	-0.208271479285063
-0.585973555392776	-0.988920457658263	-0.594293878624154	-0.191863993065679
-0.579353973392029	-0.997699197878871	-0.587645455407864	-0.184937747805908
-0.572734391391281	-0.98110020503251	-0.581851274998955	-0.186285083958258
-0.566114809390534	-0.976693940959279	-0.572828634501623	-0.172802783439852
-0.559495227389787	-0.957734546893836	-0.564272309857058	-0.169185824900636
-0.55287564538904	-0.952528665488346	-0.556466477461269	-0.155306257888723
-0.546256063388293	-0.945836130523997	-0.5453625616162	-0.147766758144377
-0.539636481387546	-0.938169720623703	-0.539712540544149	-0.140977504609958
-0.533016899386799	-0.920670856018172	-0.530415594621255	-0.134188644095674
-0.526397317386052	-0.926135344291639	-0.522435510485138	-0.128183928975736
-0.519777735385305	-0.9138204073645	-0.513715653354857	-0.109534511735609
-0.513158153384558	-0.906630279350424	-0.501769109792697	-0.112191078061635
-0.50653857138381	-0.890777580978076	-0.494578707501871	-0.0949958330021267
-0.499918989383063	-0.889103970760736	-0.488994747136616	-0.0895497387552118
-0.493299407382316	-0.879187753333775	-0.478769081302966	-0.0812507564344657
-0.486679825381569	-0.868639998100405	-0.470166359566135	-0.0770577044242846
-0.480060243380822	-0.858212936831325	-0.465132644917577	-0.0675082228352206
-0.473440661380075	-0.853275857003767	-0.455355003470673	-0.0553174640919215
-0.466821079379328	-0.846040640212296	-0.44632710355665	-0.0466679833381509
-0.460201497378581	-0.839731932330673	-0.43805030395246	-0.0453820605964983
-0.453581915377834	-0.831432406953096	-0.429166386378981	-0.032838966025306
-0.446962333377086	-0.816662716196963	-0.41957060801361	-0.0170054699755318
-0.440342751376339	-0.803915400805711	-0.41272410547213	-0.0197753965292199
-0.433723169375592	-0.803044440793689	-0.403589022116445	-0.00315713784782822
-0.427103587374845	-0.793626956923413	-0.396732445552511	-7.50876139475813e-05
-0.420484005374098	-0.788906786371215	-0.39050767262031	0.00339617665869228
-0.413864423373351	-0.776745368558572	-0.382074063157108	0.019625461252768
-0.407244841372604	-0.770270908523147	-0.371309487788377	0.0210505579328214
-0.400625259371857	-0.762107304443317	-0.365952882747207	0.0259413887317257
-0.39400567737111	-0.752464407022665	-0.35816226162122	0.0446134005142578
-0.387386095370363	-0.751307552547254	-0.348159864356238	0.0542556835422392
-0.380766513369615	-0.734429818640488	-0.33916398771644	0.0589527518133592
-0.374146931368868	-0.729763632319036	-0.330905762264198	0.0677485983956442
-0.367527349368121	-0.720581997586226	-0.324350935595968	0.0704884951669887
-0.360907767367374	-0.715291574826547	-0.315481991305812	0.0866491557120609
-0.354288185366627	-0.695710833240459	-0.302019948699161	0.093444304233392
-0.34766860336588	-0.693344803443547	-0.298411697100326	0.103734057747544
-0.341049021365133	-0.684698256199714	-0.287970340813126	0.106466529545536
-0.334429439364386	-0.681286008853621	-0.282145434062234	0.110605562347771
-0.327809857363639	-0.666681505122666	-0.273444169055848	0.12422472572505
-0.321190275362892	-0.656822039874392	-0.265346247194417	0.128125033676352
-0.314570693362144	-0.643732180031101	-0.254130852883775	0.138668105753155
-0.307951111361397	-0.638478062776301	-0.249357485515201	0.149388282787129
-0.30133152936065	-0.635368084281959	-0.240410112330695	0.160691090744683
-0.294711947359903	-0.625433527104019	-0.230380897973107	0.164226125972355
-0.288092365359156	-0.615724587944348	-0.220567733886394	0.178630481961239
-0.281472783358409	-0.614231105365738	-0.211408541737055	0.177885241719842
-0.274853201357662	-0.602721037553779	-0.206546795931287	0.188137464275904
-0.268233619356915	-0.59412544121034	-0.19500469002867	0.199889117689379
-0.261614037356168	-0.593400128065734	-0.191574637040065	0.205001323642374
-0.254994455355421	-0.574155505149086	-0.180460362987578	0.211941891099669
-0.248374873354674	-0.56484363630931	-0.174089605640481	0.226252787074226
-0.241755291353926	-0.559776446486188	-0.163903089825794	0.23740996570934
-0.235135709353179	-0.547750933751179	-0.154015061286724	0.249463262494597
-0.228516127352432	-0.544783734241624	-0.142096676914466	0.242339360074707
-0.221896545351685	-0.534733137284261	-0.138090831648808	0.256149711191015
-0.215276963350938	-0.520861765827259	-0.128365117997601	0.260940830811768
-0.208657381350191	-0.515993063435413	-0.121896894006936	0.27282602071909
-0.202037799349444	-0.500494001515012	-0.1128726642496	0.271959196420399
-0.195418217348697	-0.498422745457465	-0.104863954186932	0.293523048855441
-0.18879863534795	-0.496738405981789	-0.0957642825553225	0.301997610089663
-0.182179053347203	-0.485008977632087	-0.0857187937617966	0.307921345850817
-0.175559471346455	-0.478787706457067	-0.0804446130954075	0.315234649897262
-0.168939889345708	-0.470652276301585	-0.0712778280467883	0.324011015396288
-0.162320307344961	-0.459112761911748	-0.0632456494165932	0.326109450658857
-0.155700725344214	-0.452274051889908	-0.0580944555518188	0.341031906305902
-0.149081143343467	-0.44449187565425	-0.0471151358833252	0.35808969181082
-0.14246156134272	-0.436903782840347	-0.0403182611944495	0.35361872173241
-0.135841979341973	-0.436976560752512	-0.0322448714562881	0.363863889268552
-0.129222397341226	-0.416810972678258	-0.0207399014855995	0.369201651500633
-0.122602815340479	-0.408191216442347	-0.0138174499760196	0.385823188234843
-0.115983233339731	-0.3990059663471	-0.00514473400962034	0.393138542559179
-0.109363651338984	-0.392451406846902	0.00112071634711306	0.398717246279007
-0.102744069338237	-0.376974808174986	0.0150323077867254	0.406405644871984
-0.09612448733749	-0.376056683595701	0.0189217530089683	0.416750747865844
-0.0895049053367429	-0.370486583833272	0.0267689423824164	0.423124222911946
-0.0828853233359959	-0.360711767901242	0.0389112349004986	0.432826144468745
-0.0762657413352488	-0.352658103014899	0.0463968533859287	0.442380982891879
-0.0696461593345017	-0.338955668324832	0.0536541318853428	0.449416604255392
-0.0630265773337546	-0.339271354636803	0.0588034123707829	0.456146144412239
-0.0564069953330075	-0.328693041283281	0.0700286178125418	0.458980580796542
-0.0497874133322604	-0.316769966329644	0.080535080262835	0.474924571714881
-0.0431678313315134	-0.30622152178264	0.0874003416223014	0.479833104030431
-0.0365482493307663	-0.303646287309361	0.0933010053203212	0.487857673118606
-0.0299286673300192	-0.290544660688176	0.103901087214953	0.507384690582288
-0.0233090853292719	-0.281130657095331	0.111912163109806	0.505594465460466
-0.0166895033285248	-0.277545125879258	0.120692234886492	0.523956674344966
-0.0100699213277777	-0.263313240416689	0.130320619227876	0.522450369705226
-0.00345033932703065	-0.251684189951589	0.137597823478571	0.535211034590824
0.00316924267371643	-0.246403489241555	0.146241950129244	0.540314771274115
0.00978882467446351	-0.244165229145278	0.155847038811516	0.552923644992154
0.0164084066752106	-0.237251921928032	0.159165099899197	0.55272842314799
0.0230279886759577	-0.223721865982195	0.169911763800678	0.56695559361446
0.0296475706767048	-0.220093166786222	0.175869950057859	0.578130410756686
0.0362671526774518	-0.20466141844924	0.191072803764332	0.590059887964814
0.0428867346781989	-0.197208308289244	0.194780499536764	0.589884473571588
0.0495063166789462	-0.193030186892281	0.204446813028227	0.596808716145693
0.0561258986796933	-0.179525764363585	0.208042323863772	0.605978061250913
0.0627454806804404	-0.170468815609005	0.219793626172533	0.6116181749631
0.0693650626811875	-0.163439553956953	0.23031093809445	0.621781690637625
0.0759846446819346	-0.151159616723222	0.238349759516834	0.635677322324353
0.0826042266826816	-0.151896321235137	0.241943559009025	0.63662066899522
0.0892238086834287	-0.140963682375708	0.254202618609577	0.651079569741014
0.0958433906841758	-0.123667221128418	0.261231430139642	0.650656253045588
0.102462972684923	-0.124420662268997	0.269118697872548	0.664807392151893
0.10908255468567	-0.116959391147149	0.279812666697354	0.67431628374986
0.115702136686417	-0.106920648922161	0.289802570114485	0.680881106675899
0.122321718687164	-0.0957740046051086	0.295639996871915	0.68273869163962
0.128941300687911	-0.0968520016564949	0.30656669309476	0.702176213422305
0.135560882688659	-0.0819850921365967	0.311798191749762	0.708999565851229
0.142180464689405	-0.065476701105191	0.32186679933018	0.719217134855984
0.148800046690153	-0.0631098672845816	0.331304307070511	0.720863983250084
0.1554196286909	-0.0534711771834577	0.336352717516225	0.731370103914909
0.162039210691647	-0.0509957503510243	0.345371436684309	0.738382397453495
0.168658792692394	-0.0408954668917577	0.354609270018738	0.751943043780699
0.175278374693141	-0.0336463032294416	0.359556288137487	0.751552378332031
0.181897956693888	-0.0265558758775764	0.371656560350476	0.767653965980281
0.188517538694635	-0.0188343771872023	0.37702099291072	0.769387574354571
0.195137120695382	-0.00753023527335459	0.385231055864992	0.779344208048758
0.201756702696129	0.00317938075802558	0.397400662996195	0.785145058858071
0.208376284696877	0.0066146028645511	0.4046916768859	0.794356557211605
0.214995866697623	0.0204567456433511	0.414694431414938	0.811642215975661
0.221615448698371	0.0324583323016395	0.419394266993147	0.817204676730145
0.228235030699118	0.0343606392234674	0.429159035390736	0.827194613317736
0.234854612699865	0.0416435474741666	0.435256143527452	0.837013194593226
0.241474194700612	0.0488161663018136	0.445190343098356	0.837405856522966
0.248093776701359	0.0624688787842237	0.449768256899238	0.844389820796342
0.254713358702106	0.0695558110424575	0.462548762179989	0.855394770951
0.261332940702853	0.0729824394912649	0.472798963574737	0.859487499970266
0.267952522703601	0.0890054076228771	0.477422997659954	0.874032374565687
0.274572104704347	0.098168290214545	0.484767732404777	0.882000656529577
0.281191686705095	0.107609336969842	0.494475044186629	0.889663563577495
0.287811268705842	0.107655303482388	0.501949656548809	0.896531668670928
0.294430850706589	0.120942109725916	0.513207782773663	0.907884782753122
0.301050432707336	0.131107557922022	0.521540195096261	0.90682800930776
0.307670014708083	0.133346658437384	0.529176709182067	0.929682008268023
0.31428959670883	0.138139102853014	0.534530716507871	0.940607309172645
0.320909178709577	0.153793939517104	0.54765188932314	0.937478600325745
0.327528760710325	0.167401409930221	0.554701974241001	0.941701081591616
0.334148342711071	0.16551591506123	0.563119256747379	0.955872886070863
0.340767924711819	0.168596272635977	0.568566761393078	0.973425592907102
0.347387506712566	0.182441813377059	0.576126875189827	0.970205807565974
0.354007088713313	0.193122095703397	0.585032289338402	0.983509100590075
0.36062667071406	0.196136190961165	0.593707435309959	0.983396389833348
0.367246252714807	0.213172150407647	0.60247919981654	1.00067928791532
0.373865834715554	0.21644316646008	0.61243302860558	1.01068941877011
0.380485416716301	0.226025185733487	0.6199367163662	1.01921360621499
0.387104998717049	0.235541016659476	0.628763431785128	1.02209741624547
0.393724580717795	0.236546399621411	0.635976559896439	1.02783557379241
0.400344162718543	0.250524685943304	0.647675905937292	1.04248423755998
0.40696374471929	0.25481361485309	0.651186599021224	1.04252132372408
0.413583326720037	0.273356350729421	0.660260492934866	1.05823650434503
0.420202908720784	0.274936628152554	0.668872746154714	1.05964133350885
0.426822490721531	0.283299813345952	0.676665366171572	1.07237211307187
0.433442072722278	0.293609386056455	0.684777307828714	1.07673135330913
0.440061654723025	0.301972651883519	0.69495710690444	1.08914031393146
0.446681236723772	0.315343685456754	0.703192299663679	1.09115163916314
0.453300818724519	0.3138984460425	0.710116362508256	1.10654003081933
0.459920400725267	0.323667081022261	0.721215597750402	1.11537974270066
0.466539982726013	0.332907571986864	0.728139044204904	1.12508169420257
0.473159564726761	0.339097955823919	0.739096393140108	1.1351116815491
0.479779146727508	0.355195711732207	0.749247129026781	1.14380217160942
0.486398728728255	0.362545913242123	0.753857406743122	1.15146525478108
0.493018310729002	0.373770777008732	0.761624983858475	1.16423941940019
0.499637892729749	0.381349053014805	0.770070779616659	1.15919031347181
0.506257474730496	0.383436341724328	0.777790246988715	1.1749604357078
0.512877056731243	0.394504111881663	0.785805035552951	1.1793637252391
0.51949663873199	0.403978285727565	0.79522046672458	1.18588986980735
0.526116220732737	0.412399775520803	0.802541532711684	1.19444595734029
0.532735802733485	0.423534752235627	0.81126427789165	1.210506052641
0.539355384734232	0.43159758895625	0.821175257887118	1.21821567745043
0.545974966734979	0.43109058812626	0.830648363210695	1.22889880858117
0.552594548735726	0.444454462593982	0.836613872128461	1.22280520338063
0.559214130736473	0.455433315032473	0.846136277713298	1.24014100820329
0.56583371273722	0.465401564099077	0.854525922204148	1.24507685578509
0.572453294737967	0.472537763318985	0.863302304683078	1.25146366403597
0.579072876738714	0.471228222463674	0.868393886770293	1.25706536637044
0.585692458739461	0.486885528039637	0.877110283712124	1.27373586527027
0.592312040740208	0.496455588721276	0.886197052395334	1.27909110494904
0.598931622740956	0.500559944856797	0.893033741637085	1.28219080615447
0.605551204741703	0.511649277661197	0.907016942372721	1.29689545795342
0.61217078674245	0.517441319597351	0.911768121273801	1.30692044396797
0.618790368743197	0.52742682790229	0.918920024810467	1.31219541486233
0.625409950743944	0.531834082389706	0.930402061034251	1.32403728601819
0.632029532744691	0.543007677527717	0.937480403134427	1.33116952117624
0.638649114745438	0.561142588395473	0.94369595528904	1.34021217543402
0.645268696746185	0.562606994276469	0.954711170809833	1.33835531125878
0.651888278746932	0.572072374203521	0.963258587692527	1.36057190099069
0.65850786074768	0.577546972901399	0.973610938718642	1.36635854201998
0.665127442748426	0.590050335799609	0.97692104434746	1.37212906454885
0.671747024749174	0.591286205934163	0.98714339762222	1.37926211851288
0.678366606749921	0.599767707932157	0.992141513143902	1.3846989809944
0.684986188750668	0.61446092176702	1.00439358540818	1.3970071647648
0.691605770751415	0.619552593555343	1.01371276845221	1.40431234137725
0.698225352752162	0.628467823399066	1.019825840648	1.41127829198218
0.704844934752909	0.631871286713558	1.0299343381972	1.42507241295217
0.711464516753656	0.642989578788593	1.03600733854373	1.44013181734593
0.718084098754403	0.64666169454581	1.04359228187081	1.44250225245016
0.72470368075515	0.660020926024127	1.05212534321136	1.45182758053382
0.731323262755898	0.66512897286902	1.06295180413131	1.45766708659989
0.737942844756645	0.677253465773013	1.07044647862058	1.46391750511183
0.744562426757392	0.683872599957241	1.08145489870384	1.47034121460989
0.751182008758139	0.698565513111864	1.08709287567219	1.48049498068341
0.757801590758886	0.698522127781697	1.0947617778214	1.4956673777456
0.764421172759633	0.711035773438665	1.10362452023534	1.49769264858911
0.77104075476038	0.720190108218097	1.11124145668457	1.51234523061453
0.777660336761127	0.728802613874192	1.12186850001321	1.5134965615233
0.784279918761874	0.739780186313899	1.12746577309448	1.52452125253634
0.790899500762622	0.744888120660018	1.1377689993889	1.54148154280376
0.797519082763368	0.75362966225553	1.14582000619997	1.54083497517785
0.804138664764116	0.761972966996382	1.15371655064728	1.54662827098395
0.810758246764863	0.759177292137751	1.16158219592345	1.55390127026481
0.81737782876561	0.781813181583217	1.1700029630749	1.56077640185014
0.823997410766357	0.792678150903864	1.1786767818021	1.57352461731454
0.830616992767104	0.789188482270929	1.18874058305115	1.58214962040486
0.837236574767851	0.804103088555747	1.1956209218056	1.5890682765887
0.843856156768598	0.810779500203179	1.20060234267654	1.59488895128494
0.850475738769346	0.819739274019514	1.21630801503094	1.60339136540566
0.857095320770092	0.828255729998846	1.22431343884852	1.61346555729994
0.86371490277084	0.835664647436719	1.23134547261757	1.61450449768458
0.870334484771587	0.847200768015001	1.23800270452158	1.6291583160408
0.876954066772334	0.855728513030938	1.24368698285668	1.6285449903296
0.883573648773081	0.865777103423261	1.24929462855489	1.64079528894286
0.890193230773828	0.86927343039973	1.26213836592798	1.65395674733402
0.896812812774575	0.872819028781003	1.27061556812164	1.66473311995283
0.903432394775322	0.879804042009151	1.27313348043736	1.67220923938163
0.91005197677607	0.890744636338417	1.28647355779576	1.68617593402006
0.916671558776816	0.902329210150881	1.29401009604387	1.69200328039058
0.923291140777564	0.91082655715105	1.30609367795453	1.69162276305537
0.929910722778311	0.915609202244363	1.31089578008901	1.70746362862007
0.936530304779058	0.934683280998491	1.32000704966862	1.71023213514282
0.943149886779805	0.934500335953677	1.32789115094547	1.72601636572665
0.949769468780552	0.941722848885064	1.33821321945701	1.73288911877944
0.956389050781299	0.949636869615583	1.34346119630486	1.73683168402709
0.963008632782046	0.960075254899146	1.35614432215534	1.7508988342615
0.969628214782793	0.969401784425955	1.36135285177898	1.74865045585683
0.97624779678354	0.974907592971915	1.37084407316007	1.75563670393163
0.982867378784288	0.99103148325532	1.37579820286687	1.78396587935767
0.989486960785035	0.996460456731875	1.38920401852788	1.78284199469531
0.996106542785782	1.00654672735667	1.3975591910708	1.79059481664104
1.00272612478653	1.01188351664657	1.40298030831737	1.79743269111585
1.00934570678728	1.01795553485871	1.41060482579889	1.80939548376915
1.01596528878802	1.03113415483501	1.42079132197912	1.81057832391216
1.02258487078877	1.03435765650318	1.43114104418233	1.82337106524422
1.02920445278952	1.04985574916983	1.43902471186499	1.82851629719248
1.03582403479026	1.04783904250697	1.44846697279815	1.83433403953026
1.04244361679101	1.06210890745215	1.45415825807465	1.84127519734568
1.04906319879176	1.06886326040214	1.46027658056552	1.85652744488325
1.05568278079251	1.07574613149214	1.47048711339722	1.86145881705234
1.06230236279325	1.090783606593	1.48253526978356	1.86695854872745
1.068921944794	1.09252992363181	1.48732759847901	1.87786228180323
1.07554152679475	1.10739721551021	1.49826884562169	1.89202617475218
1.08216110879549	1.1132868435412	1.50716972055901	1.89755195201651
1.08878069079624	1.11024666252283	1.51194367171543	1.90473682494844
1.09540027279699	1.12920642984955	1.52113907492151	1.91675384324735
1.10201985479774	1.1410383763063	1.53136815791266	1.91955369304922
1.10863943679848	1.14436350303833	1.53838356271641	1.93127001062586
1.11525901879923	1.15237064448175	1.54178878730908	1.93352097340551
1.12187860079998	1.16168900982709	1.55363336800116	1.94716464417658
1.12849818280072	1.16756018300498	1.55966436411754	1.95676615200459
1.13511776480147	1.181741769421	1.57243538087629	1.96327066587802
1.14173734680222	1.18365504793086	1.57861959607871	1.96623937364329
1.14835692880296	1.19818012146816	1.58545609439165	1.97681891608179
1.15497651080371	1.20691009882911	1.59857039007923	1.982687260841
1.16159609280446	1.20886985354931	1.6029169600231	2.00174293732397
1.16821567480521	1.21585952952248	1.61088753112361	2.00280371736578
1.17483525680595	1.22783236831379	1.62143007280942	2.02002067997237
1.1814548388067	1.23636727083789	1.6284577900159	2.01923633612128
1.18807442080745	1.24271032213781	1.63996704503797	2.0311165761457
1.19469400280819	1.26113351075701	1.64695044201954	2.04440447252578
1.20131358480894	1.25980177357722	1.65419121168483	2.0477229083437
1.20793316680969	1.2710081170062	1.66319510575821	2.05897597249858
1.21455274881044	1.27508346469909	1.67317641870924	2.06028128190633
1.22117233081118	1.29097941016564	1.67811821710498	2.06473760786775
1.22779191281193	1.28851426886474	1.69001946637907	2.0803571655957
1.23441149481268	1.30651113981282	1.69732917405868	2.08599752322475
1.24103107681342	1.31142817055797	1.70048532229492	2.09621032228928
1.24765065881417	1.31631330917985	1.71388643960189	2.11018383357288
1.25427024081492	1.32652662261117	1.71981054207373	2.11556695991455
1.26088982281567	1.34007537542683	1.72908935070673	2.11481136028782
1.26750940481641	1.34918253796595	1.73460130733244	2.13550443289149
1.27412898681716	1.35385087172534	1.74460451742355	2.13989843896039
1.28074856881791	1.36222178854495	1.75644914625252	2.15393215766568
1.28736815081865	1.36680123353485	1.76423661693044	2.14960648609986
1.2939877328194	1.38054959522016	1.76770536844123	2.16348812641041
1.30060731482015	1.38270435714592	1.77623459700676	2.17019643184697
1.3072268968209	1.39489576248139	1.78598489333124	2.18098571658856
1.31384647882164	1.40030711874882	1.79530051629026	2.18326471281386
1.32046606082239	1.40960871469854	1.80186901545795	2.18952464713456
1.32708564282314	1.41777245715797	1.81173310092883	2.19813296258147
1.33370522482388	1.42578116076871	1.81962279070871	2.21497128717134
1.34032480682463	1.43484524078685	1.82706281915407	2.22171063689961
1.34694438882538	1.44066591831728	1.83553589423078	2.22885844571196
1.35356397082613	1.45331720054757	1.84641972760578	2.23866180127783
1.36018355282687	1.45516037239318	1.85060899787129	2.24190742475923
1.36680313482762	1.46796077097306	1.86433851882372	2.25501328171904
1.37342271682837	1.47390900886816	1.87176523391797	2.26160061211067
1.38004229882911	1.49077697780112	1.87703341102483	2.27122067976249
1.38666188082986	1.49506161994231	1.88896003997744	2.28250289450423
1.39328146283061	1.50098294679235	1.89722165847962	2.28970721560504
1.39990104483135	1.51017383693782	1.90121384151907	2.30280520371616
1.4065206268321	1.51843235282038	1.91157679971919	2.31078985890563
1.41314020883285	1.52345686183499	1.919934795275	2.31584910486749
1.4197597908336	1.5344492813256	1.93240129652244	2.32945795653421
1.42637937283434	1.54665319675918	1.93920376202156	2.33266364405336
1.43299895483509	1.55736129928754	1.94604846652102	2.34414269058488
1.43961853683584	1.56449751516492	1.95366292571026	2.34812987677806
1.44623811883658	1.57285742961357	1.96466684274033	2.35259731913332
1.45285770083733	1.57914587315487	1.9722015223711	2.36369819696176
1.45947728283808	1.58289095115737	1.97580978767255	2.36892981512154
1.46609686483883	1.59487830107523	1.98861224052037	2.38014630850879
1.47271644683957	1.6040722304492	1.99511677788469	2.39513186169508
1.47933602884032	1.61093835225527	2.00487452821099	2.39491941920806
1.48595561084107	1.62193319351808	2.01029345643919	2.39824506959489
1.49257519284181	1.63120413013798	2.02081886866047	2.41862080586149
1.49919477484256	1.63140683726904	2.02926994456952	2.42688477106459
1.50581435684331	1.64826856241285	2.03677496190201	2.43273224284822
1.51243393884406	1.65581447168834	2.04754770393959	2.44145220456725
1.5190535208448	1.66326926724004	2.05201280404552	2.44708105955395
1.52567310284555	1.65612259378753	2.06071191883027	2.45423593700131
1.5322926848463	1.67016903159718	2.07151771837807	2.46373250699533
1.53891226684704	1.68660455718334	2.07927133474151	2.47382730257663
1.54553184884779	1.6941324367353	2.08753588652422	2.4782356639478
1.55215143084854	1.70649437089907	2.09665595016393	2.49293061356433
1.55877101284929	1.70904461988535	2.10506137588856	2.49688536096714
1.56539059485003	1.71623616885177	2.112901628679	2.51155203780493
1.57201017685078	1.73257653672333	2.11792886770237	2.51603267429139
1.57862975885153	1.74135743079766	2.12546533989301	2.52151717848716
1.58524934085227	1.73997144204134	2.13547227958028	2.5292399081077
1.59186892285302	1.7547069613689	2.14568226972623	2.5383194675675
1.59848850485377	1.76283045898238	2.15384106252096	2.54231363012109
1.60510808685452	1.76988999305726	2.16119646908984	2.55053453565708
1.61172766885526	1.77830126783876	2.17514898488867	2.56912775312801
1.61834725085601	1.78262551457439	2.17793791396572	2.56970342772726
1.62496683285676	1.78886829147678	2.1857241525959	2.58400879187694
1.6315864148575	1.79824393227497	2.19417246674637	2.58989786482317
1.63820599685825	1.81096551221675	2.20554817738134	2.59812499403686
1.644825578859	1.81506713022241	2.2151614707115	2.60733160264258
1.65144516085974	1.83805533584522	2.22038268123511	2.60665507152464
1.65806474286049	1.83927504800093	2.22919929903238	2.62853453315768
1.66468432486124	1.84414529552629	2.23838619851984	2.632837364805
1.67130390686199	1.85132990782691	2.24660961818333	2.64110596269128
1.67792348886273	1.85799525586837	2.25184616406295	2.64661729022588
1.68454307086348	1.8725198954431	2.26189401989907	2.66090449864207
1.69116265286423	1.87541660224408	2.27150412091016	2.66163236962458
1.69778223486497	1.88535616173628	2.27998265995787	2.6686224621161
1.70440181686572	1.89861300328078	2.28985386558401	2.67545843339219
1.71102139886647	1.90299281110065	2.29743163425929	2.69524879164153
1.71764098086722	1.91176878227183	2.30239212707938	2.68959077555576
1.72426056286796	1.921797592451	2.31327637220756	2.7091078771433
1.73088014486871	1.93505374516131	2.32407293769774	2.71543610134903
1.73749972686946	1.93490707975905	2.33155151664201	2.72508485536868
1.7441193088702	1.94307192342292	2.3411906227839	2.73035081759533
1.75073889087095	1.95150227399443	2.34636412405141	2.73758601927939
1.7573584728717	1.96040571976329	2.35021466895245	2.75059541249039
1.76397805487245	1.97292651698449	2.36292416118044	2.75798218810972
1.77059763687319	1.97300732547535	2.37087230248345	2.76211523235786
1.77721721887394	1.98364560640241	2.37960607907101	2.77982026918072
1.78383680087469	1.99468907914515	2.38862520914661	2.78324123392453
1.79045638287543	1.99924030958478	2.39622248052187	2.78715396512884
1.79707596487618	2.00680168999146	2.4026500001925	2.80334430182807
1.80369554687693	2.0164105411389	2.41389533251403	2.80466073391212
1.81031512887768	2.02957604744845	2.41974892224235	2.81735039490964
1.81693471087842	2.03715779601012	2.42973686797818	2.81570499314533
1.82355429287917	2.04368896846296	2.43879561646837	2.83182523746514
1.83017387487992	2.05494017400824	2.44388366571563	2.83857108209516
1.83679345688066	2.05935040929526	2.45248408145742	2.8504768696192
1.84341303888141	2.07230103152323	2.46377931135927	2.84848895758922
1.85003262088216	2.0753329238062	2.47049583487352	2.86421133375724
1.85665220288291	2.08283798404128	2.4793292971435	2.87096208755367
1.86327178488365	2.09167304956016	2.4886300420119	2.88568174123684
1.8698913668844	2.10392167640306	2.49685722267545	2.89276311626912
1.87651094888515	2.10753608874711	2.5040596951681	2.89806274756832
1.88313053088589	2.11235611391479	2.51256308005976	2.90929231453769
1.88975011288664	2.12777528240631	2.5205287050579	2.92584507779802
1.89636969488739	2.13233951150371	2.53063774602584	2.92325722950069
1.90298927688813	2.14133218575821	2.53625112826182	2.93021364129616
1.90960885888888	2.15242363590278	2.54547008811121	2.93780564640805
1.91622844088963	2.16370512406908	2.55456295483175	2.94746710303127
1.92284802289038	2.16559042231215	2.5610550530024	2.96070930458214
1.92946760489112	2.17491774581483	2.57159036353084	2.9619928836632
1.93608718689187	2.1815366918678	2.58082739132505	2.97012271445381
1.94270676889262	2.18859308510682	2.58469166934856	2.9839987163397
1.94932635089336	2.19950865847323	2.5950579603038	2.98839131818273
1.95594593289411	2.20588545120389	2.60227742536605	3.0019195454965
1.96256551489486	2.21166590458307	2.61030210114505	3.00953611695199
1.96918509689561	2.23302917950445	2.62076691499177	3.01330107921358
1.97580467889635	2.23620790720041	2.63031271613994	3.03146780972112
1.9824242608971	2.24133360894044	2.6382892766435	3.02569632326806
1.98904384289785	2.25040952569329	2.64544015009962	3.03818699095109
1.99566342489859	2.26244305210907	2.65508302166449	3.04933978834892
2.00228300689934	2.26314303904627	2.66160413267494	3.05326669173205
2.00890258890009	2.27564191847227	2.67189980631257	3.0682388699138
2.01552217090084	2.28616443275172	2.67871039947795	3.07644296509971
2.02214175290158	2.28627235019208	2.68677116455398	3.08241272295795
2.02876133490233	2.29673718931534	2.69686395471948	3.09550148246219
2.03538091690308	2.3136411574001	2.7041844781688	3.10158504040062
2.04200049890382	2.32065617821493	2.71426112243938	3.10775992522775
2.04862008090457	2.32379446077461	2.71942705750899	3.1138958371215
2.05523966290532	2.32470454535889	2.73100811543237	3.12453784731137
2.06185924490606	2.33437928447271	2.73561554569422	3.13011208247617
2.06847882690681	2.35288224367785	2.74650408364209	3.13762097191733
2.07509840890756	2.35206206242044	2.75457397888668	3.14894159234736
2.08171799090831	2.36259536902273	2.76052392398786	3.16173135384158
2.08833757290905	2.38543052095555	2.77058697383393	3.16833312417938
2.0949571549098	2.38383554948042	2.77862298947627	3.17655067479172
2.10157673691055	2.39829101238017	2.78605919491119	3.17969016964376
2.10819631891129	2.40541386678797	2.79792612521187	3.19331425923171
2.11481590091204	2.41094075781073	2.80661039920626	3.19952633928337
2.12143548291279	2.42317436953478	2.81473140860969	3.20208233169685
2.12805506491354	2.42511789642664	2.82415134939891	3.21304871961723
2.13467464691428	2.43619146339437	2.83031310112606	3.22230346880004
2.14129422891503	2.44346776267011	2.83712046078887	3.23108666354767
2.14791381091578	2.45317128463336	2.84867607225585	3.23997920267699
2.15453339291652	2.45955128614507	2.85707301558435	3.25537073328719
2.16115297491727	2.4677775417842	2.86194100777943	3.26084171599098
2.16777255691802	2.47255670555011	2.86852743689655	3.26625786762534
2.17439213891877	2.48155044414049	2.88070099878903	3.27860863281861
2.18101172091951	2.48736431885716	2.88730437373737	3.28419648532857
2.18763130292026	2.49725341939928	2.89261430876077	3.29165518379352
2.19425088492101	2.50107044698699	2.90593387587712	3.29631581252932
2.20087046692175	2.51566163384267	2.91595503491694	3.3136926236949
2.2074900489225	2.52928519526685	2.92300837594143	3.30905677042179
2.21410963092325	2.53156895968769	2.93137959308892	3.32529483828109
2.220729212924	2.54118776618777	2.93801541531547	3.32207988600701
2.22734879492474	2.55403336855611	2.94727197076586	3.33937421289288
2.23396837692549	2.56429809952636	2.95444845892447	3.351232312584
2.24058795892624	2.56176059650425	2.96516358778588	3.35528369998148
2.24720754092698	2.57358666774018	2.97431861530187	3.36419754389747
2.25382712292773	2.58574323330491	2.98080245567671	3.37199430888178
2.26044670492848	2.58676771213626	2.98533453294767	3.37823183651619
2.26706628692923	2.59662543133013	2.99109900772373	3.38601444964822
2.27368586892997	2.60887622042898	3.00357585029411	3.40244614519186
2.28030545093072	2.61600601715264	3.01044749949139	3.40631506325781
2.28692503293147	2.63032327530645	3.02460311998504	3.42195698379409
2.29354461493221	2.6291276594737	3.02851447159578	3.42284627327191
2.30016419693296	2.64307084269871	3.04036898075927	3.43650252326638
2.30678377893371	2.65558214613686	3.0472762799224	3.43963329860986
2.31340336093446	2.65768259620927	3.05370956444958	3.45091532034928
2.3200229429352	2.66610308014326	3.06253364810945	3.46282416929526
2.32664252493595	2.67603732082407	3.07042811999062	3.46818880283603
2.3332621069367	2.68128691540601	3.0780672864034	3.4696092930029
2.33988168893744	2.68519235418874	3.08879680458816	3.4855934692228
2.34650127093819	2.70830343344635	3.09994984737643	3.49360501347947
2.35312085293894	2.70195314184193	3.10189577545514	3.50062113749683
2.35974043493968	2.71613596637972	3.11357698534753	3.50702080438876
2.36636001694043	2.7228720944426	3.12287574281217	3.51716173156264
2.37297959894118	2.72724427479957	3.13442903959152	3.52307224064079
2.37959918094193	2.74600879263745	3.13917655299797	3.53525391617756
2.38621876294267	2.75604004900137	3.14567587542963	3.54387395337543
2.39283834494342	2.75563984896482	3.15529004322362	3.55741421733953
2.39945792694417	2.76425920010795	3.16130590640569	3.56386618878287
2.40607750894491	2.77099622815248	3.16964776114398	3.55946316985875
2.41269709094566	2.78082069350006	3.17715846017267	3.57696536659884
2.41931667294641	2.79043689589293	3.18937203454976	3.5880394833598
2.42593625494716	2.79437593829046	3.19332694984684	3.59544196411309
2.4325558369479	2.80771197801768	3.20419578568291	3.60824216316529
2.43917541894865	2.81628916239661	3.21246448348516	3.60923971896572
2.4457950009494	2.82587602966343	3.22162185016325	3.61848772424067
2.45241458295014	2.8362150737364	3.22794342818863	3.62063870089273
2.45903416495089	2.8379650091211	3.24161060668139	3.63904282888715
2.46565374695164	2.85592580436636	3.24283295800462	3.64775808127791
2.47227332895239	2.85737381018559	3.25850248516525	3.6539122159853
2.47889291095313	2.86739364606844	3.26505163784469	3.65816166833406
2.48551249295388	2.86992337833777	3.27075071156116	3.67446957453874
2.49213207495463	2.87416647684792	3.27594716980654	3.67695933816618
2.49875165695537	2.89046866314002	3.2868844573416	3.68550879496795
2.50537123895612	2.89575999100795	3.29869008216893	3.69553602115451
2.51199082095687	2.91282348473121	3.30522181402769	3.70283515803453
2.51861040295762	2.91765123126938	3.31426905096758	3.71167639773664
2.52522998495836	2.92495864493098	3.32173327538408	3.72172492788575
2.53184956695911	2.9341475210436	3.32987844046548	3.72649186676568
2.53846914895986	2.93429559161584	3.33454291050527	3.73443868377282
2.5450887309606	2.9486398855873	3.34555498687557	3.73828336023147
2.55170831296135	2.95586196381529	3.35665687833787	3.7482784951139
2.5583278949621	2.95949587019359	3.35972485645336	3.75966210832817
2.56494747696284	2.96875847366905	3.36998642930989	3.76799013785267
2.57156705896359	2.97656661086698	3.37833155130537	3.77892930489996
2.57818664096434	2.98678147306415	3.38602499609447	3.78495150065113
2.58480622296509	2.99464694657322	3.39737983520101	3.79828705552743
2.59142580496583	3.00434181789947	3.40460306320152	3.80699354004268
2.59804538696658	3.01021615343503	3.41177365692118	3.80911771392244
2.60466496896733	3.02040941356794	3.42039926155064	3.81930361966833
2.61128455096807	3.03601211849666	3.43114118775507	3.83118111421367
2.61790413296882	3.04138796730364	3.43555732180931	3.83287766308892
2.62452371496957	3.05164781532001	3.44368129615355	3.83701893947341
2.63114329697032	3.0535368787754	3.45340250525705	3.852030696891
2.63776287897106	3.06516087423116	3.46403345965939	3.85916971590076
2.64438246097181	3.06990535980227	3.46808524507205	3.86859010006443
2.65100204297256	3.0789910130374	3.48230238972464	3.87767472804652
2.6576216249733	3.08600627007658	3.48661721992773	3.88560944661962
2.66424120697405	3.10102009783684	3.49446574527646	3.89063567781794
2.6708607889748	3.10963830896891	3.50247040885951	3.90273110063237
2.67748037097555	3.11237621079133	3.5103508663471	3.91584942526824
2.68409995297629	3.12997619265318	3.51906168109629	3.91093734292908
2.69071953497704	3.1388185194969	3.53199225964692	3.92627219698605
2.69733911697779	3.14561386511499	3.53876169356853	3.93742984327886
2.70395869897853	3.14782716551195	3.54672741853499	3.94497316140799
2.71057828097928	3.15001382341255	3.55338437755688	3.95124004408047
2.71719786298003	3.16208395382944	3.5635320444797	3.96569924807471
2.72381744498077	3.16712692544396	3.57072552040113	3.96847779405181
2.73043702698152	3.179268610802	3.57961462431079	3.97780094529142
2.73705660898227	3.19144750520337	3.5876658524839	3.98715063255347
2.74367619098302	3.19949607496032	3.59736386793903	3.99816080038385
2.75029577298376	3.20697039156741	3.60464790804532	4.00382001020234
2.75691535498451	3.2129366859561	3.61335171316626	4.01234163155679
2.76353493698526	3.21548169908291	3.62065492610546	4.02606693325721
2.770154518986	3.23344659448299	3.62876508650461	4.0294161940841
2.77677410098675	3.23651202496977	3.6374217817442	4.03359591481266
2.7833936829875	3.24647114109593	3.64609019875801	4.04531095410009
2.79001326498825	3.25806817584092	3.65417079574576	4.05740538044128
2.79663284698899	3.26358323365074	3.66346179878051	4.06658549687122
2.80325242898974	3.27226020265931	3.67013265316973	4.07271837759393
2.80987201099049	3.28049694142556	3.67870092795119	4.07654546554138
2.81649159299123	3.28727322920625	3.69031551388437	4.0922884375035
2.82311117499198	3.29822411316185	3.69494870288776	4.09746635499516
2.82973075699273	3.30326753735085	3.70607017347099	4.11159686450881
2.83635033899348	3.3185938047323	3.71340656768095	4.11644222351555
2.84296992099422	3.32586964195117	3.72051839628873	4.12157366954309
2.84958950299497	3.3278776864107	3.72873560945848	4.12884518004474
2.85620908499572	3.33893808715913	3.73704270806922	4.1317131426167
2.86282866699646	3.34902926581999	3.74541110968195	4.1437475555747
2.86944824899721	3.35289788262446	3.75546508316152	4.15642188382927
2.87606783099796	3.35616631484802	3.76291425947073	4.15932451724215
2.88268741299871	3.37335435087001	3.7710760409268	4.16453442455857
2.88930699499945	3.38036865141964	3.78114468002188	4.1853339857587
2.8959265770002	3.38626471695704	3.78876951290982	4.18942869167829
2.90254615900095	3.39801634613192	3.79452405394042	4.19650333449128
2.90916574100169	3.40112412629548	3.80496368783148	4.2016714802661
2.91578532300244	3.42008863340692	3.81419937044093	4.21147875854182
2.92240490500319	3.41835658339965	3.82144944067944	4.22293127251864
2.92902448700394	3.42526349332298	3.8290084499755	4.23073055390672
2.93564406900468	3.44099178455352	3.83633128129543	4.23675830045067
2.94226365100543	3.44460956484149	3.85192667709707	4.24500880838019
2.94888323300618	3.45647627936687	3.85280186867983	4.25898793111546
2.95550281500692	3.45541965430804	3.85977322590723	4.26460845617104
2.96212239700767	3.47295239753598	3.87470758811587	4.26642344360225
2.96874197900842	3.47926758122788	3.8799964781369	4.27908043304991
2.97536156100917	3.48401957487106	3.88827704404566	4.2916858140204
2.98198114300991	3.49684591951717	3.89792411631187	4.2974167023228
2.98860072501066	3.49733636693645	3.90365318755054	4.30668275044416
2.99522030701141	3.50997460029257	3.91136120914687	4.31158297551539
3.00183988901215	3.52096654622861	3.92108412386599	4.32842840509538
3.0084594710129	3.53183432229729	3.93402804689771	4.32430796741172
3.01507905301365	3.52391713839982	3.93544501659734	4.34050217297048
3.0216986350144	3.54252926873774	3.9461196987061	4.35469064308797
3.02831821701514	3.55398306324358	3.95618952319577	4.35637762065945
3.03493779901589	3.56594594254507	3.96397566788281	4.36330763536974
3.04155738101664	3.57023632727992	3.97194825687656	4.38517432565419
3.04817696301738	3.57740407223858	3.9804454529271	4.38768912718696
3.05479654501813	3.5860194118264	3.98670933437485	4.38753595791581
3.06141612701888	3.58729981443358	3.99742227470029	4.39828918609509
3.06803570901962	3.60195734952822	4.00609468308761	4.40664584150887
3.07465529102037	3.61045887232991	4.01866486519213	4.41653611113263
3.08127487302112	3.61593703380811	4.02074059444569	4.418005485147
3.08789445502187	3.62219921350917	4.03270256444248	4.42974530588485
3.09451403702261	3.63916944659601	4.03954128139376	4.43550436621994
3.10113361902336	3.64125331914524	4.04855204846313	4.44477539735951
3.10775320102411	3.65457152636195	4.05602308925958	4.4536682789264
3.11437278302485	3.663392652156	4.06422397185245	4.46378064377371
3.1209923650256	3.66968387767226	4.06722128045041	4.47132073005835
3.12761194702635	3.67907166234281	4.0810780296929	4.48631412587803
3.1342315290271	3.69203307179831	4.08965363221614	4.49144830416584
3.14085111102784	3.69162369131361	4.09753200048917	4.50159491722554
3.14747069302859	3.70446194203367	4.10156103825069	4.50262982099786
3.15409027502934	3.70761627914918	4.11449909141968	4.51549275096019
3.16070985703008	3.7219989257883	4.12189875150635	4.52887226615206
3.16732943903083	3.7274178175125	4.13181734927971	4.54163989621716
3.17394902103158	3.73769655594925	4.13724106709713	4.54067674705503
3.18056860303233	3.74484932501739	4.14415830099596	4.55160362949916
3.18718818503307	3.75753511697738	4.1542294217172	4.56037172475206
3.19380776703382	3.75625526938639	4.16114431185376	4.56660419007445
3.20042734903457	3.76782956255616	4.17233400329014	4.57976965215828
3.20704693103531	3.78023485268987	4.18281671394027	4.58193127131226
3.21366651303606	3.78473088365754	4.1859832405883	4.59213294837256
3.22028609503681	3.79433732801883	4.19299217457054	4.59581207984088
3.22690567703755	3.79567522794264	4.20300165854771	4.60408993086876
3.2335252590383	3.80711998929378	4.2114618680052	4.61104796561163
3.24014484103905	3.81681600730693	4.22242553918873	4.6238070078112
3.2467644230398	3.82385576192485	4.23045813013012	4.6353907917103
3.25338400504054	3.83210622391106	4.23642004927058	4.64496723531715
3.26000358704129	3.83823156385358	4.24556754738466	4.65343739357099
3.26662316904204	3.84443541230408	4.25222248023548	4.66113164046147
3.27324275104278	3.86633422870865	4.2639676923371	4.66942023868314
3.27986233304353	3.8647242507315	4.27056763277394	4.67787328465183
3.28648191504428	3.88240440649414	4.28253204617186	4.69030909668161
3.29310149704503	3.88170192079125	4.28806811575354	4.68846982047952
3.29972107904577	3.8920660974672	4.29521353224768	4.69960938881013
3.30634066104652	3.90210581706872	4.31061729491203	4.71584762281198
3.31296024304727	3.89846799778621	4.31187111832848	4.72303087637363
3.31957982504801	3.91455879164814	4.32147797420304	4.72688115834257
3.32619940704876	3.92831745281009	4.32580470049322	4.73463403436107
3.33281898904951	3.93720106627965	4.34145947557611	4.74190336556034
3.33943857105026	3.95028899266306	4.34812618768937	4.74630496293911
3.346058153051	3.94820175046666	4.35570499189797	4.76391431158144
3.35267773505175	3.95715016926062	4.36292004828519	4.76897228485749
3.3592973170525	3.96438571943419	4.36981382612906	4.77440759422227
3.36591689905324	3.97321703104964	4.38182829834089	4.77916145858232
3.37253648105399	3.98860558763513	4.38748185836026	4.79301662116967
3.37915606305474	3.99763796671994	4.39502473481952	4.7977484303335
3.38577564505549	4.0026761375498	4.40243579759413	4.81080456934584
3.39239522705623	4.01121447420134	4.41375011191548	4.82477827973587
3.39901480905698	4.0149361218784	4.41736683241067	4.83351064618767
3.40563439105773	4.02135543819649	4.43385450518877	4.84235781141264
3.41225397305847	4.03247100245866	4.43752508669253	4.84528559644066
3.41887355505922	4.04523803319198	4.44637098945627	4.8521283337355
3.42549313705997	4.04253660487196	4.45261794918014	4.86409222998604
3.43211271906072	4.0525870075429	4.46308099420962	4.86954535702343
3.43873230106146	4.07288612726869	4.47346467553559	4.88137025858616
3.44535188306221	4.06819108058509	4.47977300888373	4.88432025194001
3.45197146506296	4.0914872017156	4.48742317934012	4.8943821348302
3.4585910470637	4.09403489803505	4.49970079147352	4.89707374352615
3.46521062906445	4.10263626765186	4.50531266109111	4.91560492190923
3.4718302110652	4.10756493705441	4.5102970813307	4.91692205954147
3.47844979306595	4.11873775850367	4.52402868397497	4.93170106879009
3.48506937506669	4.12055418176935	4.52877935269543	4.93860903870729
3.49168895706744	4.13424239179841	4.54007431728048	4.9545721836735
3.49830853906819	4.1478353517501	4.54736541626619	4.95417681216524
3.50492812106893	4.13992728517349	4.55647608126641	4.96255737747796
3.51154770306968	4.15120683823306	4.56389572816775	4.96756149264587
3.51816728507043	4.16656601981871	4.56809620254161	4.98484978506563
3.52478686707117	4.17407151411597	4.58086455595032	4.98387979118257
3.53140644907192	4.18159072040753	4.58815805134344	4.9968930385411
3.53802603107267	4.19617839843765	4.59707400386756	4.99590081423964
3.54464561307342	4.20040127075819	4.60520122845392	5.00948545422915
3.55126519507416	4.2003414024483	4.61322441568875	5.02266891921918
3.55788477707491	4.21159049013789	4.62070844527774	5.02695755091219
3.56450435907566	4.22254318739491	4.62814868615441	5.04003930257626
3.5711239410764	4.23137304101496	4.64016223501445	5.04686204117851
3.57774352307715	4.24139074094014	4.64645398327464	5.06122781513543
3.5843631050779	4.24290567227246	4.65176370547587	5.06424492171963
3.59098268707865	4.25543834096278	4.6605446014095	5.0746282162817
3.59760226907939	4.25712081443674	4.67221440748787	5.08001700655285
3.60422185108014	4.27703290841702	4.6799359771897	5.08152164057605
3.61084143308089	4.27909767427931	4.68576310470878	5.09036564423484
3.61746101508163	4.29429351330884	4.6956778725564	5.10415322631454
3.62408059708238	4.29913267655165	4.70160180924121	5.11778469755415
3.63070017908313	4.2991259580728	4.70983157419196	5.11640579952484
3.63731976108388	4.31430274269866	4.723124818724	5.13657449335699
3.64393934308462	4.32322036963867	4.72943927253426	5.13235571160301
3.65055892508537	4.32976747116593	4.73768033056559	5.14515585648987
3.65717850708612	4.33814775864679	4.74750510241074	5.16477785670485
3.66379808908686	4.34113580740562	4.75323231466312	5.16058400023849
3.67041767108761	4.3518980029229	4.76458295036912	5.18026471940244
3.67703725308836	4.36168183227932	4.7706898017174	5.18179774900451
3.68365683508911	4.37326312615527	4.78124785439906	5.19020016628768
3.69027641708985	4.37518294931581	4.7875722210218	5.20106479131398
3.6968959990906	4.38094060661632	4.79920825267255	5.20908871000239
3.70351558109135	4.38783126484962	4.80024346509481	5.2166237757584
3.71013516309209	4.40284660383184	4.8134289705724	5.21568910982045
3.71675474509284	4.40616693675927	4.81814195067441	5.23491075728091
3.72337432709359	4.42525004323495	4.83084718266494	5.23738945160037
3.72999390909433	4.42502330012213	4.83719987285591	5.24429281622081
3.73661349109508	4.44509936817148	4.84713826669525	5.25270140136649
3.74323307309583	4.4433795637032	4.85382070654056	5.26513986222225
3.74985265509658	4.45584391054287	4.86062126328122	5.27009201986885
3.75647223709732	4.46011145733647	4.87081933169219	5.28283697320064
3.76309181909807	4.46912725062057	4.87667481176205	5.28954984117378
3.76971140109882	4.47857786434078	4.8885897211133	5.30350263971457
3.77633098309956	4.48521337999251	4.89430381910037	5.31235425994415
3.78295056510031	4.49702245609455	4.9044396461022	5.30677274353347
3.78957014710106	4.50536891457089	4.91395110670587	5.32737371437478
3.79618972910181	4.51549400325669	4.92344700835121	5.33158488886875
3.80280931110255	4.5177500970002	4.93101543043987	5.34093510816831
3.8094288931033	4.52247346087358	4.93664819069898	5.34301824861993
3.81604847510405	4.53269641043477	4.94535476914801	5.3521395866581
3.82266805710479	4.54267540880892	4.95765138123514	5.36310135496062
3.82928763910554	4.55125013743668	4.96402576747913	5.37425552069086
3.83590722110629	4.56352559456336	4.97278629077223	5.3830500075893
3.84252680310703	4.57519380238396	4.97969970084684	5.39433648255171
3.84914638510778	4.57862268449189	4.9878910984189	5.40379430689621
3.85576596710853	4.58350072566354	4.99564114898318	5.40572604581466
3.86238554910928	4.590745323784	5.00180367324304	5.41219959181339
3.86900513111002	4.59690536463441	5.01335439441841	5.42692546943177
3.87562471311077	4.61022236153024	5.02404437061233	5.43769043815892
3.88224429511152	4.62185131653478	5.02951187704553	5.44158927116798
3.88886387711226	4.62984971701164	5.03754337954813	5.45287006146252
3.89548345911301	4.63457076520085	5.04663063440315	5.45495659839936
3.90210304111376	4.64412881890777	5.05696597772525	5.47309073568628
3.90872262311451	4.65497040638512	5.06439252255316	5.47901714664693
3.91534220511525	4.65828513657365	5.07156918751953	5.47830983049022
3.921961787116	4.67181348420387	5.08172642880713	5.48537546456968
3.92858136911675	4.67723573717339	5.0892801259064	5.49980878666178
3.93520095111749	4.68701833513907	5.09642278735425	5.50852264799217
3.94182053311824	4.6954420274512	5.10303493852208	5.50706639710028
3.94844011511899	4.69710474133842	5.11132830862392	5.52667106713209
3.95505969711974	4.70458027340994	5.11946873905196	5.53087319156416
3.96167927912048	4.71882765144231	5.12883291507643	5.53956617124144
3.96829886112123	4.72228900504814	5.13691798026547	5.55894505387258
3.97491844312198	4.74218091205951	5.14685751171275	5.55796325326015
3.98153802512272	4.74154849296112	5.15621477235857	5.56513580425657
3.98815760712347	4.74646897788102	5.16261367632813	5.57286800293529
3.99477718912422	4.75574354387655	5.17364948169566	5.58025926130793
4.00139677112497	4.76896546176184	5.18230793527972	5.59378289369128
4.00801635312571	4.78151601167212	5.18870641722	5.59949034257333
4.01463593512646	4.77654719803945	5.19784713143481	5.61530656158159
4.02125551712721	4.78824789858023	5.2056697202907	5.6162509478313
4.02787509912795	4.79986108061306	5.21248901779084	5.63082297668744
4.0344946811287	4.806039175758	5.22190504578927	5.63656133254075
4.04111426312945	4.82007091127089	5.22937145225871	5.64443314119061
4.0477338451302	4.82954919291359	5.23927703030849	5.65524412658202
4.05435342713094	4.82864268548853	5.24356804516067	5.66307642814436
4.06097300913169	4.84031115887637	5.25392391899211	5.66744374470229
4.06759259113244	4.84915607334122	5.26138021036996	5.67713917613412
4.07421217313318	4.85616806998185	5.27175275813796	5.68897473684376
4.08083175513393	4.86176656697709	5.28003450061269	5.6971535497397
4.08745133713468	4.87436660616404	5.29005610508336	5.70786157048496
4.09407091913543	4.87871558821501	5.29644063113743	5.70686562825396
4.10069050113617	4.89507027109344	5.30256288234844	5.72032973341845
4.10731008313692	4.89908946876299	5.31450902088452	5.73687934454735
4.11392966513767	4.91053120133614	5.32187354569023	5.73510147036543
4.12054924713841	4.91465881166485	5.32847379621152	5.73731466602966
4.12716882913916	4.93075735220707	5.33784566969197	5.75627536890913
4.13378841113991	4.93727887412984	5.34765394099799	5.76058093754118
4.14040799314066	4.93610149974495	5.35482539770217	5.76586568865001
4.1470275751414	4.9516711001574	5.36629244651778	5.78350804614917
4.15364715714215	4.95321388862176	5.37209332958227	5.78113724219878
4.1602667391429	4.96554343175236	5.38161373967586	5.7949974513875
4.16688632114364	4.98516963163572	5.38778078567701	5.80351478125142
4.17350590314439	4.98077558930153	5.3999925894354	5.81358375304638
4.18012548514514	4.98836488097149	5.40355541117668	5.81369521385699
4.18674506714589	4.99644017670473	5.41466113284584	5.8298167005443
4.19336464914663	5.0021857709614	5.41898298840707	5.82663633557201
4.19998423114738	5.00984367017165	5.42925390823996	5.84064751391552
4.20660381314813	5.02685265440842	5.43848802424937	5.85411573328668
4.21322339514887	5.02828092409065	5.44741973523233	5.85573934822943
4.21984297714962	5.0367034124859	5.45513725201388	5.87083097772472
4.22646255915037	5.04700667700714	5.46369434665085	5.86970051930934
4.23308214115112	5.05423001571524	5.47208324868549	5.88978346813093
4.23970172315186	5.06194905552798	5.4794901983935	5.89850789122555
4.24632130515261	5.06522442057747	5.48820519902449	5.9103497896564
4.25294088715336	5.08246849695769	5.49643495959889	5.90908007270447
4.2595604691541	5.08012835375882	5.50345104297478	5.91944314579388
4.26618005115485	5.09731742566987	5.5138163433616	5.92602659085857
4.2727996331556	5.10757500587547	5.52088909126471	5.94211456841308
4.27941921515634	5.1127408779062	5.52869997975247	5.94000849734107
4.28603879715709	5.11967682912069	5.53791851327234	5.95474146969574
4.29265837915784	5.12335643897166	5.54542148353926	5.96798279656099
4.29927796115859	5.13494849409287	5.55431474451159	5.97324469224468
4.30589754315933	5.14945869657607	5.56354577818976	5.97797251530373
4.31251712516008	5.149980293436	5.5724330946514	5.98990241079255
4.31913670716083	5.16380505814184	5.57919545246187	5.99414509890979
4.32575628916157	5.17057030006491	5.58884188686908	6.00368109182409
4.33237587116232	5.18529632067329	5.5972475486209	6.00969661797524
4.33899545316307	5.1840952071563	5.60560131494152	6.02125081837166
4.34561503516382	5.19467236367102	5.61630561079381	6.03133647805188
4.35223461716456	5.20370778894884	5.62117047905268	6.0352893167096
4.35885419916531	5.20926832246237	5.628273759321	6.04424186264616
4.36547378116606	5.2219757455764	5.63713421466656	6.05376381456795
4.3720933631668	5.23039265192042	5.64829210563367	6.06845404235044
4.37871294516755	5.24166567832362	5.65907949302357	6.07722254739117
4.3853325271683	5.2436315617265	5.66565550310773	6.07993131847787
4.39195210916905	5.25404728689225	5.67414470809211	6.08742421897008
4.39857169116979	5.25630640500598	5.67862817279353	6.09984894676827
4.40519127317054	5.26964678153808	5.68991368160409	6.10884429900026
4.41181085517129	5.27186125997704	5.6936172610991	6.11542634248833
4.41843043717203	5.28698643593848	5.7025386236961	6.121342046419
4.42505001917278	5.29049115748216	5.71432351236767	6.12624401588243
4.43166960117353	5.30002695693878	5.72107655263839	6.14212701450435
4.43828918317428	5.30739055021949	5.72825749985466	6.15009755184744
4.44490876517502	5.32427813962723	5.74146749014619	6.15802952761886
4.45152834717577	5.32632173466843	5.75091777866404	6.17326164823444
4.45814792917652	5.33188159731522	5.75640303951089	6.17387446170844
4.46476751117726	5.34715752316184	5.76393190377066	6.1815917442118
4.47138709317801	5.35039201227542	5.7701647709842	6.18660055637821
4.47800667517876	5.35389541006325	5.77790578341841	6.19996270007069
4.4846262571795	5.36946477982711	5.78864533328121	6.20603455457034
4.49124583918025	5.37548953185189	5.79433964349696	6.21461421014928
4.497865421181	5.38773109183225	5.80524268297487	6.2270904477258
4.50448500318175	5.38797883682657	5.81378365082829	6.23045406176806
4.51110458518249	5.40129787868645	5.8223302878699	6.24285037008063
4.51772416718324	5.4049661786817	5.83007235320951	6.25065688267384
4.52434374918399	5.41712949861865	5.83884680899509	6.25635584959397
4.53096333118473	5.42061403589015	5.8472129060095	6.26873717044194
4.53758291318548	5.43144451143675	5.85406285905371	6.27979565020371
4.54420249518623	5.44331438488352	5.86574046883694	6.28335391054945
4.55082207718698	5.45105497066599	5.87077013088963	6.28678184334654
4.55744165918772	5.45713546318208	5.87839266814283	6.29926435292643
4.56406124118847	5.46937011607645	5.88314202572096	6.2994309355455
4.57068082318922	5.47727749464322	5.89898083790872	6.31643012214749
4.57730040518996	5.48493311683365	5.90497645197341	6.32829805741497
4.58391998719071	5.49297086008373	5.91438661893925	6.33548990072962
4.59053956919146	5.5046293409527	5.9214984703993	6.34442191830634
4.5971591511922	5.50779588098085	5.92896145773994	6.34859433633711
4.60377873319295	5.51939761799653	5.94227905761282	6.3547985957239
4.6103983151937	5.52144554196851	5.94621301977092	6.36975619352211
4.61701789719445	5.53282762627295	5.95512757572341	6.38030737466585
4.62363747919519	5.53663928164992	5.96147642722995	6.37897254972541
4.63025706119594	5.55396502701082	5.96851659116001	6.39862789288408
4.63687664319669	5.55895106284801	5.97783331338496	6.39949299586621
4.64349622519743	5.56717373816759	5.98804763687804	6.41025520348233
4.65011580719818	5.5712074331275	6.0001403596387	6.42067775444995
4.65673538919893	5.57985408604268	6.00740921487791	6.43152421421497
4.66335497119968	5.58857921604212	6.01169614410266	6.43441532458056
4.66997455320042	5.59989679118945	6.02697123182361	6.44206499559978
4.67659413520117	5.60647984186798	6.02947590767604	6.45640609291865
4.68321371720192	5.61419554148495	6.03995796921269	6.46439571474539
4.68983329920266	5.62891776486426	6.04721214737659	6.46475925079334
4.69645288120341	5.6278630471654	6.0546320999235	6.47631096504843
4.70307246320416	5.6423852337493	6.06103281975562	6.48737279527631
4.70969204520491	5.6513483348381	6.07672200176103	6.49318335104615
