"mitochan"	"lwrNorm"	"medNorm"	"uprNorm"
-1.90327037354145	-3.22953962498838	-2.80918654053587	-2.3798251787833
-1.89675012620563	-3.22197524185061	-2.8004529368834	-2.37639792276713
-1.89022987886982	-3.21216339242814	-2.78817224678699	-2.36653338731454
-1.88370963153401	-3.19776579724206	-2.78146065002709	-2.35806014665358
-1.87718938419819	-3.20036233964021	-2.77169075603536	-2.35374511711516
-1.87066913686238	-3.18005303111949	-2.76475336350819	-2.3441968765987
-1.86414888952656	-3.17702478538975	-2.75730165819063	-2.32642626178882
-1.85762864219075	-3.16685097955729	-2.74582929612142	-2.32216905703104
-1.85110839485494	-3.15268498726052	-2.73431585995518	-2.30677398877434
-1.84458814751912	-3.14560304609019	-2.72520657862382	-2.30637596775979
-1.83806790018331	-3.14198708081944	-2.71902230322311	-2.29786367497203
-1.83154765284749	-3.13208717277798	-2.7064094912643	-2.28009036278725
-1.82502740551168	-3.1260141597806	-2.69907412569395	-2.28468091000171
-1.81850715817587	-3.11245883124437	-2.68745474623385	-2.26402118676798
-1.81198691084005	-3.10181647461678	-2.67743989557583	-2.25005564177005
-1.80546666350424	-3.09000952698109	-2.67075400574922	-2.24951213382489
-1.79894641616842	-3.07824119410807	-2.65955339134142	-2.23037649363808
-1.79242616883261	-3.06915741940572	-2.65327878832835	-2.22393903649272
-1.7859059214968	-3.0606098281402	-2.64190257525104	-2.21965048966172
-1.77938567416098	-3.05242069858081	-2.63190250563019	-2.20632287799696
-1.77286542682517	-3.04198487009218	-2.62282313676098	-2.20356517209648
-1.76634517948935	-3.03042824247163	-2.61166441132282	-2.19121746254099
-1.75982493215354	-3.02629371668695	-2.60240919509122	-2.18075736398029
-1.75330468481773	-3.0159943347972	-2.59717281615999	-2.17450122646412
-1.74678443748191	-3.00018619330499	-2.58410056413651	-2.1661287586852
-1.7402641901461	-2.99650401538551	-2.57642817809423	-2.15189092514661
-1.73374394281028	-2.99257948528177	-2.5670623894353	-2.14709791116176
-1.72722369547447	-2.97898473280286	-2.56075579985284	-2.1370612206612
-1.72070344813866	-2.9728895718134	-2.54742594360163	-2.12841843440112
-1.71418320080284	-2.95971747413945	-2.53790955029724	-2.11009358454696
-1.70766295346703	-2.9520065484343	-2.5229464020104	-2.10703444576701
-1.70114270613121	-2.94788305854986	-2.52031667178291	-2.10531161861831
-1.6946224587954	-2.92909016083742	-2.50977524452049	-2.09207692171935
-1.68810221145959	-2.91978778779216	-2.5012531733637	-2.08523685731308
-1.68158196412377	-2.91359715736696	-2.49280765805395	-2.07384345890746
-1.67506171678796	-2.89727598136155	-2.48346905973457	-2.05756992584357
-1.66854146945214	-2.89429154808695	-2.4750905784547	-2.04796873504405
-1.66202122211633	-2.87821532759732	-2.46569207859161	-2.03966953093677
-1.65550097478052	-2.87832060746939	-2.45617042594739	-2.02648321679178
-1.6489807274447	-2.86190672308067	-2.44180918858821	-2.02965630621809
-1.64246048010889	-2.85343865904601	-2.43585789101767	-2.01874823377976
-1.63594023277307	-2.84516819736609	-2.42658051678094	-2.00722819503349
-1.62941998543726	-2.83619553302876	-2.41310395821469	-2.00216186511448
-1.62289973810144	-2.82160216961155	-2.406362212186	-1.98342360991937
-1.61637949076563	-2.81767073004728	-2.39612544638495	-1.98074437141368
-1.60985924342982	-2.80932703039339	-2.38768292906565	-1.97385274641628
-1.603338996094	-2.78988736762753	-2.37658990575123	-1.9637672878007
-1.59681874875819	-2.78901689612661	-2.37288963090523	-1.95285767843059
-1.59029850142237	-2.77254822024494	-2.36244656688894	-1.9389048490746
-1.58377825408656	-2.77598462181564	-2.35212042814505	-1.93163393066011
-1.57725800675075	-2.76295874260211	-2.34450362191225	-1.92560642565265
-1.57073775941493	-2.7454074859378	-2.33322732638759	-1.91699095100201
-1.56421751207912	-2.73195144642332	-2.32096991073367	-1.90934673923243
-1.5576972647433	-2.72907800540757	-2.312826751501	-1.89795979204842
-1.55117701740749	-2.71757127339874	-2.30439003358712	-1.88333669152514
-1.54465677007168	-2.71175582589938	-2.29209923753514	-1.87749097091812
-1.53813652273586	-2.70649936991017	-2.28406913800132	-1.86057695140298
-1.53161627540005	-2.69312515037867	-2.27696817139962	-1.8560510529323
-1.52509602806423	-2.68114780800077	-2.26764532423461	-1.84769537307853
-1.51857578072842	-2.66743866565633	-2.2582526166037	-1.8373001544981
-1.51205553339261	-2.66567493571315	-2.248821466373	-1.83307931860811
-1.50553528605679	-2.65653312294741	-2.23493911334135	-1.82394114075269
-1.49901503872098	-2.65652557719114	-2.23015504889848	-1.80931160184133
-1.49249479138516	-2.63932430993535	-2.21982122448505	-1.80251322082237
-1.48597454404935	-2.62828333410638	-2.21085344949734	-1.79068924930472
-1.47945429671354	-2.61124663175702	-2.19928401758055	-1.78067777611943
-1.47293404937772	-2.61124180079991	-2.19341545441558	-1.7768609374292
-1.46641380204191	-2.5947602361767	-2.18553402115232	-1.77132366742252
-1.45989355470609	-2.58769702935156	-2.17234939597185	-1.75582300706792
-1.45337330737028	-2.57874224267724	-2.15968808954308	-1.75099979807105
-1.44685306003447	-2.57248502226377	-2.15297961649753	-1.7326477392601
-1.44033281269865	-2.56099450785062	-2.14650448247456	-1.73654231193852
-1.43381256536284	-2.5509717435903	-2.13685605557694	-1.71605740373205
-1.42729231802702	-2.54604900564212	-2.12408040265584	-1.71344742920104
-1.42077207069121	-2.54280317497132	-2.11858651501921	-1.69962334807863
-1.4142518233554	-2.52758362443847	-2.10803855387107	-1.6863261035021
-1.40773157601958	-2.51343725080087	-2.09715581750021	-1.67818822175763
-1.40121132868377	-2.50349955808006	-2.0876684815498	-1.67844605427264
-1.39469108134795	-2.49779966389456	-2.08062834982595	-1.66187671420521
-1.38817083401214	-2.4834018223851	-2.06829926766236	-1.65102263715148
-1.38165058667633	-2.47742991970411	-2.06354340847078	-1.63384399749274
-1.37513033934051	-2.47041273648167	-2.04781250816308	-1.63887854466022
-1.3686100920047	-2.4626422268052	-2.03863897544585	-1.61840008617891
-1.36208984466888	-2.44482190240935	-2.03370265308847	-1.61706145434458
-1.35556959733307	-2.4437159241617	-2.02409331727585	-1.6100210365375
-1.34904934999725	-2.42864676540512	-2.01468241531887	-1.59889462745329
-1.34252910266144	-2.41765896889457	-2.00540165528763	-1.58911702568188
-1.33600885532563	-2.41518628833474	-1.99656143358635	-1.57666463466146
-1.32948860798981	-2.40274561326344	-1.98524649964701	-1.57413466777416
-1.322968360654	-2.40087622181644	-1.97561596406066	-1.56537492242657
-1.31644811331818	-2.38841322050196	-1.97021771622376	-1.54702897105191
-1.30992786598237	-2.37831204787897	-1.95877562159697	-1.54473414672655
-1.30340761864656	-2.36356534373862	-1.94745734225142	-1.53148031349206
-1.29688737131074	-2.35638934943227	-1.93857489569114	-1.52338872383049
-1.29036712397493	-2.34639720022307	-1.93402473426023	-1.51071370822006
-1.28384687663911	-2.33970629388136	-1.91925344451487	-1.50817863269484
-1.2773266293033	-2.33004565799207	-1.91087784653001	-1.49744110642473
-1.27080638196749	-2.32057687619388	-1.89936360419979	-1.4868566199186
-1.26428613463167	-2.30918662467554	-1.89206712526059	-1.46893685153406
-1.25776588729586	-2.30079476987687	-1.88566463673569	-1.46573614580469
-1.25124563996004	-2.28647724227882	-1.87364164436861	-1.46031764632722
-1.24472539262423	-2.28272339979119	-1.86260934422397	-1.4452882519579
-1.23820514528842	-2.27876764512335	-1.85931672430669	-1.44150335258999
-1.2316848979526	-2.26213500750793	-1.84504043870163	-1.43691769780038
-1.22516465061679	-2.25175357711278	-1.8378359959792	-1.42203884697858
-1.21864440328097	-2.23734544943542	-1.82711714860114	-1.41206373215748
-1.21212415594516	-2.23359464252861	-1.81912686299434	-1.40233172290279
-1.20560390860935	-2.22483898425185	-1.80737367053279	-1.39413026647998
-1.19908366127353	-2.21720549581693	-1.79722756633213	-1.38349805912989
-1.19256341393772	-2.20565742782211	-1.78614537292163	-1.3736869004683
-1.1860431666019	-2.193436839896	-1.77644605793905	-1.35500374911526
-1.17952291926609	-2.19092451310925	-1.77365364262772	-1.35630849189231
-1.17300267193028	-2.17322013025901	-1.75907463872057	-1.34644849359377
-1.16648242459446	-2.16629649804098	-1.7554652383061	-1.32788843372756
-1.15996217725865	-2.16000337159182	-1.74528407252886	-1.32648646976964
-1.15344192992283	-2.1455434418816	-1.73484297396597	-1.32836969371612
-1.14692168258702	-2.13778779821759	-1.72423200580712	-1.30797106557149
-1.14040143525121	-2.12663338530201	-1.71292539788206	-1.29873719307706
-1.13388118791539	-2.11353993424191	-1.70531585800012	-1.2835287213562
-1.12736094057958	-2.11200022288606	-1.69567909305136	-1.27863459313692
-1.12084069324376	-2.1032982522125	-1.68723878748594	-1.27414355883558
-1.11432044590795	-2.09341722378205	-1.67817296744707	-1.26033002449705
-1.10780019857214	-2.0821637179347	-1.6680974887556	-1.25115363466676
-1.10127995123632	-2.07467946093352	-1.65920786795684	-1.24506408138566
-1.09475970390051	-2.06056755080816	-1.6484343032244	-1.22837248344752
-1.08823945656469	-2.04467749219293	-1.64064737755759	-1.21974006118768
-1.08171920922888	-2.04466951217984	-1.63084668285097	-1.21247501839512
-1.07519896189307	-2.03573128122077	-1.61984284092932	-1.20908525604464
-1.06867871455725	-2.02640362447311	-1.611599588268	-1.20039978650143
-1.06215846722144	-2.01694358151298	-1.60414671873802	-1.18953027818763
-1.05563821988562	-2.00584429265933	-1.59477187291897	-1.18110046455492
-1.04911797254981	-1.99654443209584	-1.58200392672109	-1.17282982960442
-1.04259772521399	-1.98133992584209	-1.57563017922186	-1.16193422445142
-1.03607747787818	-1.98658732664056	-1.56270067633222	-1.14979334691107
-1.02955723054237	-1.96931692912491	-1.55506074083386	-1.14089547005552
-1.02303698320655	-1.95810144272962	-1.54777390950067	-1.13255073685596
-1.01651673587074	-1.95477106110093	-1.53746804043165	-1.12807114896522
-1.00999648853492	-1.94564337604159	-1.52789825543389	-1.10980931590046
-1.00347624119911	-1.93727531932208	-1.51858678654553	-1.10430925839299
-0.996955993863296	-1.91871127860252	-1.50895316624638	-1.09522353481421
-0.990435746527482	-1.91881731332377	-1.50141335476357	-1.08426603139937
-0.983915499191668	-1.90198457036552	-1.49058444965829	-1.07515957606139
-0.977395251855854	-1.89033546468099	-1.48050172650098	-1.06511726629946
-0.97087500452004	-1.88128993588205	-1.46945688581278	-1.05795250955108
-0.964354757184226	-1.87103879009532	-1.45939505425669	-1.04901776725382
-0.957834509848412	-1.86147009265677	-1.4530659629357	-1.04531624621595
-0.951314262512598	-1.85736070437864	-1.44374110046677	-1.02961765926209
-0.944794015176784	-1.84554188639967	-1.43349552187498	-1.01881756720173
-0.93827376784097	-1.83487303157211	-1.42534247345785	-1.01493039053769
-0.931753520505156	-1.82799469107715	-1.41249510098689	-1.00209049178515
-0.925233273169342	-1.82243524450638	-1.4057848832474	-0.998784662970979
-0.918713025833528	-1.80880070194133	-1.395553993727	-0.983426300633709
-0.912192778497714	-1.79651728498557	-1.38597592533664	-0.974320434407837
-0.9056725311619	-1.78799963004772	-1.37964221535695	-0.97132538767506
-0.899152283826086	-1.77212328988516	-1.36946574395358	-0.963391471060613
-0.892632036490272	-1.76892182031923	-1.3591127790746	-0.944723316471187
-0.886111789154458	-1.76081509880734	-1.35000046689327	-0.938094369996756
-0.879591541818644	-1.75734568266168	-1.340514759901	-0.922438830195954
-0.87307129448283	-1.74493296379831	-1.33007450982395	-0.918886816343512
-0.866551047147015	-1.73956757343104	-1.32468562387144	-0.905120925523606
-0.860030799811201	-1.72473873238953	-1.31605643863191	-0.90618336014629
-0.853510552475387	-1.71404695116894	-1.30022969230358	-0.892549257581928
-0.846990305139573	-1.70241596410911	-1.29292825227181	-0.88602424598589
-0.840470057803759	-1.6992677628504	-1.28605592041794	-0.865145059638814
-0.833949810467945	-1.68399625915655	-1.2766894247749	-0.86569359782256
-0.827429563132131	-1.67043694174036	-1.26488975538593	-0.858322633198126
-0.820909315796317	-1.67489104391583	-1.25675103802696	-0.840612633494072
-0.814389068460503	-1.66002256062627	-1.24544966026072	-0.83387676216237
-0.807868821124689	-1.64278432333991	-1.23820165608283	-0.820770442882421
-0.801348573788875	-1.64095522166385	-1.22948138218217	-0.820011983610384
-0.794828326453061	-1.63438902149262	-1.22129065347282	-0.809472139695379
-0.788308079117247	-1.62054548067904	-1.21141006902296	-0.79566243509691
-0.781787831781433	-1.60704500395043	-1.19794108526866	-0.789072829984615
-0.775267584445619	-1.60714427187079	-1.19169060486752	-0.775306541065898
-0.768747337109805	-1.5920487612912	-1.18419778324378	-0.77078119918342
-0.762227089773991	-1.58887671746486	-1.16973576342797	-0.760900289940428
-0.755706842438177	-1.57768062440075	-1.16218667110683	-0.749935194194641
-0.749186595102363	-1.56905062020906	-1.15274079622845	-0.737690406955473
-0.742666347766549	-1.55561189615056	-1.14490993566718	-0.735093683043798
-0.736146100430735	-1.5475365893221	-1.13541044045734	-0.719491587388378
-0.72962585309492	-1.53387690540607	-1.12481953349174	-0.714836806216456
-0.723105605759107	-1.52305348932004	-1.11727399228656	-0.706595730593616
-0.716585358423292	-1.51660027164635	-1.10656323508162	-0.68923014048207
-0.710065111087478	-1.51343650938987	-1.09665100723672	-0.68708032790028
-0.703544863751664	-1.49894672308661	-1.08758345877013	-0.680197784585936
-0.69702461641585	-1.48814835702936	-1.07964974705831	-0.671421422437462
-0.690504369080036	-1.48073529592555	-1.07026392403356	-0.661759949305765
-0.683984121744222	-1.46440797231044	-1.05713152003922	-0.654975309556347
-0.677463874408408	-1.46075228527796	-1.04877637458154	-0.637740376461639
-0.670943627072594	-1.45072323383054	-1.04087615344289	-0.630594243965077
-0.66442337973678	-1.45416364313591	-1.0358807577883	-0.62138599990065
-0.657903132400966	-1.43130565474852	-1.02388892675856	-0.617892013978675
-0.651382885065152	-1.41801411921289	-1.01423765987366	-0.594817233658008
-0.644862637729338	-1.41294714478142	-1.00421945933999	-0.594349521536861
-0.638342390393524	-1.40557421825685	-0.996149571525768	-0.588970424353501
-0.63182214305771	-1.39003365520501	-0.985760703859701	-0.572169766939082
-0.625301895721896	-1.38244401731327	-0.975617853471447	-0.561715407568513
-0.618781648386082	-1.37744858942905	-0.965042025090028	-0.549022907252469
-0.612261401050268	-1.36910065524428	-0.957072410790674	-0.541628695014557
-0.605741153714454	-1.35308811322002	-0.948291590842255	-0.538189829114815
-0.59922090637864	-1.35112520986137	-0.939391774278729	-0.52960517890844
-0.592700659042826	-1.34031729341501	-0.928204569775286	-0.524402900455562
-0.586180411707012	-1.32946357966829	-0.921963333768882	-0.512621487998368
-0.579660164371197	-1.31689835600523	-0.907884259605291	-0.497798579450966
-0.573139917035383	-1.31072069744851	-0.901279630391415	-0.485283925564723
-0.566619669699569	-1.29763427140751	-0.895195662254348	-0.485140283520223
-0.560099422363755	-1.29740388476333	-0.883654011751007	-0.475227339492647
-0.553579175027941	-1.28009808230013	-0.873419227801552	-0.462998290926377
-0.547058927692127	-1.26516199715769	-0.866166914454528	-0.455518782593846
-0.540538680356313	-1.25909548201995	-0.851955727803535	-0.444768000182824
-0.534018433020499	-1.24908117213425	-0.843860010836363	-0.433531542868661
-0.527498185684685	-1.24294823420868	-0.836403842849054	-0.426407740407045
-0.520977938348871	-1.24269695962092	-0.823407975330164	-0.407158516201399
-0.514457691013057	-1.22338726643134	-0.817296735723589	-0.40143292035414
-0.507937443677243	-1.21912617314565	-0.807053282878486	-0.393264938569794
-0.501417196341429	-1.20608052475993	-0.798539484403729	-0.386776455408943
-0.494896949005615	-1.19236471720502	-0.787254693485469	-0.376687352451465
-0.488376701669801	-1.18459709027207	-0.778757596227045	-0.378844732666566
-0.481856454333987	-1.189912295108	-0.772971611889228	-0.364936178806697
-0.475336206998173	-1.1816945239836	-0.761753182302122	-0.359327360756985
-0.468815959662359	-1.15711208474679	-0.749688119765274	-0.333370151726115
-0.462295712326545	-1.15322382349866	-0.745721698118136	-0.330161617774011
-0.455775464990731	-1.13863227405697	-0.731334068513129	-0.325656079009743
-0.449255217654916	-1.13490879858512	-0.721986242116509	-0.311779991711083
-0.442734970319103	-1.12611859761412	-0.71550156295583	-0.297660637666416
-0.436214722983288	-1.11687881405746	-0.705659947552008	-0.286808525285293
-0.429694475647474	-1.09684565024662	-0.695183822240749	-0.280875084173647
-0.42317422831166	-1.09447043879189	-0.688041958940148	-0.273127779179166
-0.416653980975846	-1.08364295904325	-0.676835637156211	-0.264605302355997
-0.410133733640032	-1.07613665338168	-0.670670058257922	-0.255931701446971
-0.403613486304218	-1.06954782699634	-0.656845439785692	-0.246616804565411
-0.397093238968404	-1.05365234916487	-0.647159318027563	-0.240101081012865
-0.39057299163259	-1.0532299029757	-0.641222611718339	-0.230423059063502
-0.384052744296776	-1.03771170855904	-0.630555606275391	-0.223756311315367
-0.377532496960962	-1.02730581764197	-0.618765319698121	-0.20754953130157
-0.371012249625148	-1.02393792285704	-0.60740474016828	-0.201302973250806
-0.364492002289334	-1.00893735931033	-0.602107835112734	-0.194115442665509
-0.35797175495352	-0.994878495207294	-0.594670105439857	-0.185589594535275
-0.351451507617706	-0.997791559014092	-0.581150828116877	-0.170417693145335
-0.344931260281892	-0.983525674558091	-0.572843982901019	-0.171269306887712
-0.338411012946078	-0.975096510121734	-0.564520600014027	-0.153793067674067
-0.331890765610264	-0.97303675621926	-0.558417282619412	-0.144755644294259
-0.32537051827445	-0.955648958793798	-0.542527229101545	-0.136787783705176
-0.318850270938636	-0.950432802293339	-0.539584105040809	-0.125061278979939
-0.312330023602821	-0.944208344484455	-0.524537526234771	-0.120988800773728
-0.305809776267008	-0.927978327864203	-0.517905503465834	-0.112387604630663
-0.299289528931193	-0.923938775243074	-0.507940103298962	-0.097207574955064
-0.292769281595379	-0.905671760977048	-0.500688368475803	-0.0845418711183764
-0.286249034259565	-0.898587329251606	-0.488314208502387	-0.0811083294006056
-0.279728786923751	-0.889998795227539	-0.484483651321326	-0.0760763184602256
-0.273208539587937	-0.876442561880973	-0.470624897548739	-0.0639702125419333
-0.266688292252123	-0.871919623014028	-0.460517206817196	-0.0580007572687432
-0.260168044916309	-0.86706544545029	-0.453470884238489	-0.0427988603950027
-0.253647797580495	-0.854869510282263	-0.443126025796822	-0.035613548616221
-0.247127550244681	-0.839049261255102	-0.435306242652779	-0.0282680827238034
-0.240607302908867	-0.832609207080209	-0.425731943789994	-0.0166347184647409
-0.234087055573053	-0.823575621441674	-0.415856518538184	-0.0070051831033945
-0.227566808237239	-0.817304778435404	-0.404411229768181	-0.00113373421583236
-0.221046560901425	-0.80946937073105	-0.399554568240418	0.0115652640456613
-0.214526313565611	-0.796616247642306	-0.386563690842702	0.0204788367513418
-0.208006066229797	-0.78431734381465	-0.373905389856768	0.0393632360609886
-0.201485818893983	-0.78137288165592	-0.369119819361753	0.0434503032467529
-0.194965571558169	-0.765277174578126	-0.357733109817089	0.0486199621594586
-0.188445324222355	-0.753189817157587	-0.346635563876619	0.0573747374140832
-0.181925076886541	-0.748420835696521	-0.338546418019019	0.0651362267738546
-0.175404829550727	-0.726969152758947	-0.330538073447152	0.0745941021737823
-0.168884582214913	-0.731153116709334	-0.319097526819003	0.0819769291661175
-0.162364334879098	-0.725902365001334	-0.311825457772849	0.0915308052325825
-0.155844087543284	-0.708268339089468	-0.300416030320814	0.0998251710107068
-0.14932384020747	-0.702496469665215	-0.290113883717434	0.115418454255813
-0.142803592871656	-0.68755089334894	-0.284835424686601	0.120182786239719
-0.136283345535842	-0.683965804035874	-0.271855107946506	0.129786906738809
-0.129763098200028	-0.667897606158329	-0.263283503673319	0.14404828624916
-0.123242850864214	-0.654842039290389	-0.253429510041467	0.154321186267427
-0.1167226035284	-0.656849440404495	-0.24374217537866	0.160060266242617
-0.110202356192586	-0.649018832224661	-0.236879912385536	0.177612261547363
-0.103682108856772	-0.637437394426761	-0.229316795908366	0.177413746214805
-0.097161861520958	-0.631307522044371	-0.219886613352338	0.18362145717929
-0.090641614185144	-0.619030083470363	-0.209819039795372	0.200262866371006
-0.0841213668493299	-0.614540330021546	-0.200260530063051	0.20283133938318
-0.0776011195135158	-0.600427862998716	-0.18666468471695	0.219403115145367
-0.0710808721777019	-0.591396099708314	-0.180723655600191	0.229083247813995
-0.0645606248418877	-0.585542032187024	-0.172819941014682	0.230041746139518
-0.0580403775060738	-0.570814861611377	-0.161175879273829	0.237520078804527
-0.0515201301702597	-0.556833512434448	-0.155590836048005	0.256128908775202
-0.0449998828344456	-0.550801541613335	-0.140545288324233	0.263005478716294
-0.0384796354986316	-0.540511113472384	-0.133761423327908	0.277949751140618
-0.0319593881628175	-0.533648786989812	-0.125338378549618	0.285053053979079
-0.0254391408270034	-0.520338505581739	-0.116400375941207	0.285823591223888
-0.0189188934911895	-0.507961501213091	-0.102920899661661	0.307000450016835
-0.0123986461553753	-0.505451221382077	-0.0948096230014604	0.318685105633785
-0.00587839881956143	-0.493338566281177	-0.0844469098063724	0.314631508391836
0.000641848516252708	-0.482827539002108	-0.076987434716674	0.326300054422901
0.00716209585206684	-0.473316324350023	-0.0686336295610173	0.339394913447611
0.0136823431878808	-0.461107862710307	-0.0571634454861585	0.351530047992343
0.0202025905236949	-0.458914077043318	-0.0523015143650169	0.357544787397318
0.0267228378595088	-0.444963993018035	-0.0419093472352985	0.363073096300221
0.0332430851953229	-0.441376464564004	-0.0321888807118095	0.376241068392544
0.0397633325311371	-0.427615469540573	-0.0200799307834979	0.387694220281832
0.046283579866951	-0.425097183636239	-0.0138568208405248	0.393195895502889
0.0528038272027651	-0.408266345808609	-0.00387547135190219	0.401821676188791
0.059324074538579	-0.394562844138214	0.00588772782995727	0.406762824142718
0.0658443218743932	-0.390044381349177	0.0152561982540787	0.422516609312269
0.0723645692102073	-0.375813141843048	0.0264275212688715	0.438001952394721
0.0788848165460212	-0.374023454537938	0.0341481227073816	0.444021746951031
0.0854050638818353	-0.367914826282819	0.0437728504703963	0.450834468936736
0.0919253112176492	-0.352955200747125	0.0500444362212637	0.461057210090088
0.0984455585534634	-0.3443777955892	0.064957383689897	0.469189657232699
0.104965805889278	-0.334447431204607	0.0688114544366608	0.478603409454109
0.111486053225092	-0.324034767740997	0.0820360105463009	0.493274655861808
0.118006300560905	-0.315073115617228	0.0908862457297839	0.49007062421897
0.124526547896719	-0.309599031338397	0.0959949925310638	0.504906909031703
0.131046795232534	-0.298308202362506	0.111265645484203	0.516303721340807
0.137567042568348	-0.279557167726774	0.120261087715662	0.523984518069178
0.144087289904162	-0.282746982418355	0.129343743057784	0.534382885018279
0.150607537239976	-0.267403591582787	0.134832606269194	0.549562853377024
0.15712778457579	-0.264864719277051	0.143360243139729	0.556669302102236
0.163648031911604	-0.25818650006319	0.154942147926069	0.563277117365665
0.170168279247418	-0.244368435274749	0.162837700009827	0.574708579184792
0.176688526583232	-0.222686681746792	0.173244043584815	0.580480899122667
0.183208773919046	-0.219998138087112	0.181262845040003	0.580100042632964
0.18972902125486	-0.210546512703203	0.196073613962883	0.600617676076684
0.196249268590674	-0.203281343419324	0.203970076943605	0.609572525408435
0.202769515926488	-0.199361270326753	0.211478518771298	0.617201134691528
0.209289763262302	-0.188233235940394	0.223316420973685	0.6192037166862
0.215810010598116	-0.174872508452819	0.229581909913186	0.637019160910313
0.22233025793393	-0.166592486509208	0.240413774957533	0.639756658144725
0.228850505269744	-0.155031567878365	0.249422456399237	0.656649922796676
0.235370752605558	-0.151398705819755	0.257135967257477	0.653228235628059
0.241890999941373	-0.139448821453895	0.266310685790131	0.674947724191037
0.248411247277187	-0.12738753795796	0.277215144654772	0.68074866451376
0.254931494613	-0.116145740552985	0.285335241767535	0.692973364237835
0.261451741948814	-0.103860222748967	0.297642306408541	0.697513736752032
0.267971989284629	-0.10495630248174	0.306642196673301	0.719331576149431
0.274492236620443	-0.0918735173026572	0.314990219892757	0.716363301776099
0.281012483956257	-0.0772958979392939	0.323349923034695	0.723601179082955
0.287532731292071	-0.0748738921976834	0.332162244906383	0.72928612893919
0.294052978627885	-0.0642241166146988	0.341997120300996	0.748482035732585
0.300573225963699	-0.0548402728126895	0.349387682175904	0.757823071493784
0.307093473299513	-0.0430053573463488	0.362450531208351	0.768926344525624
0.313613720635327	-0.0355199526394157	0.372250627178134	0.777446022488432
0.320133967971141	-0.0232260247935504	0.379370188610593	0.784775880481273
0.326654215306955	-0.0185990068129298	0.389366717214434	0.797834715785862
0.333174462642769	-0.0106348376961644	0.397911663588572	0.804104750447261
0.339694709978583	0.00441971245669321	0.406341779037021	0.816738338109995
0.346214957314397	0.0122307996026344	0.415191231946983	0.827216361123277
0.352735204650211	0.0243700181578105	0.426665570560786	0.834687983676102
0.359255451986025	0.0307237650863884	0.436339674634017	0.842440384275901
0.365775699321839	0.0426228861979455	0.447339272958004	0.849378417412278
0.372295946657653	0.0542344023253665	0.454663504121442	0.860148895326311
0.378816193993468	0.0602450873616221	0.465315218386383	0.868171619677531
0.385336441329281	0.0720995881144542	0.476804812191792	0.879622930122192
0.391856688665095	0.0798574114821271	0.483567654345775	0.887836351479479
0.39837693600091	0.0810234880774611	0.493191921245559	0.896610210902531
0.404897183336724	0.0962905714227274	0.500004899767512	0.907298332430991
0.411417430672538	0.109315252144432	0.511877141597061	0.905538141497703
0.417937678008351	0.113054217425803	0.518110837444832	0.92184386804353
0.424457925344166	0.13175422237021	0.529901853381528	0.938437334115899
0.43097817267998	0.133741086865297	0.542738334293043	0.943379546753537
0.437498420015794	0.1472686827926	0.547202190696058	0.960716415826848
0.444018667351608	0.153484725616519	0.556217200792348	0.959230012185725
0.450538914687422	0.170152024664984	0.56775639427395	0.966931169509022
0.457059162023236	0.171233819649685	0.577836444643804	0.982526202096979
0.46357940935905	0.173617470733595	0.586798810024928	0.984624554960974
0.470099656694864	0.190327494349224	0.594544405552956	1.00538740724005
0.476619904030678	0.201504700104493	0.606169730942599	1.01305218383364
0.483140151366492	0.209411662148884	0.61434214411639	1.01908000644159
0.489660398702306	0.214268205762902	0.622155729956517	1.02524828967499
0.49618064603812	0.231879969277427	0.633470588823881	1.03506446354128
0.502700893373934	0.231648778057336	0.640740632635428	1.0417189709815
0.509221140709748	0.249254430816103	0.652929533642381	1.05839781263031
0.515741388045563	0.259579223680885	0.661795298400134	1.07356596440144
0.522261635381376	0.26736067603988	0.670405302405333	1.07148302286815
0.52878188271719	0.273204862248899	0.675779591949886	1.07885418143635
0.535302130053005	0.282578987936787	0.685945403792602	1.09278518380267
0.541822377388819	0.29467173170049	0.6987687737878	1.09919361938432
0.548342624724633	0.302335068886572	0.706351947508253	1.10737397073143
0.554862872060446	0.31341093376882	0.714755902806471	1.11807191071304
0.561383119396261	0.319593861688912	0.726710874684687	1.13363767435626
0.567903366732075	0.329523389059652	0.735063671419685	1.14034262774042
0.574423614067889	0.333367935077858	0.745995136189807	1.15184166792426
0.580943861403703	0.351643337309666	0.756017427671368	1.15435049177734
0.587464108739517	0.362567465187953	0.765732368260374	1.17259323656007
0.593984356075331	0.369957758917217	0.773855741337225	1.17772945837503
0.600504603411145	0.37784509788511	0.780763969794902	1.18882638840834
0.607024850746959	0.386634937937067	0.790365471790682	1.19332494610803
0.613545098082773	0.401503393849441	0.802860445738899	1.20603230181394
0.620065345418587	0.414838021014307	0.810476344358467	1.21954466849338
0.626585592754401	0.410754464028141	0.82280946474579	1.22031178987682
0.633105840090215	0.426284720900768	0.830394572585	1.23768344271155
0.639626087426029	0.424437047983392	0.837542298675731	1.24011495512397
0.646146334761843	0.442144925232203	0.84826099669542	1.2468057259209
0.652666582097657	0.46087455846754	0.855296495653161	1.26098601279933
0.659186829433471	0.463707169327127	0.867845534730535	1.2717363722868
0.665707076769285	0.472841820241718	0.877836867258674	1.2805341230785
0.6722273241051	0.480756705372164	0.884978230200344	1.29371585981808
0.678747571440914	0.483561213328733	0.892983996090356	1.29583747816874
0.685267818776727	0.497089105770233	0.903199341845982	1.30717761565867
0.691788066112542	0.507407893527507	0.910635244163551	1.30906470077865
0.698308313448356	0.511835394491443	0.921244361370848	1.33040444898335
0.70482856078417	0.524771655853705	0.930598272103349	1.3385536857009
0.711348808119984	0.532540219598071	0.939197881354075	1.34402988417329
0.717869055455798	0.551496117010256	0.950065530398003	1.35211307406329
0.724389302791612	0.562400235617108	0.959659764300124	1.36614179644405
0.730909550127426	0.562005124961794	0.971238426989843	1.37682996154737
0.73742979746324	0.571232807693907	0.97904619612206	1.37549004628671
0.743950044799054	0.587089147482298	0.98575905832994	1.40078287706532
0.750470292134868	0.585439460660457	0.99827579504858	1.39574750127823
0.756990539470682	0.600381331698792	1.0045268545969	1.42339285338493
0.763510786806496	0.617838378775088	1.0140051998063	1.42638639105039
0.77003103414231	0.62048897988219	1.02275492852338	1.43548268647187
0.776551281478124	0.625204996765796	1.03185785133858	1.44377939230735
0.783071528813938	0.636695497504261	1.04078943477675	1.44685995453353
0.789591776149752	0.648437598054734	1.05587697170246	1.45862929266376
0.796112023485566	0.656957390467046	1.06337749203626	1.46147621225538
0.80263227082138	0.661612437987926	1.07184827668601	1.48127603558319
0.809152518157195	0.677633728810175	1.07884712249229	1.49110799397618
0.815672765493009	0.684903796329206	1.08532471854332	1.49232588523591
0.822193012828822	0.69636159915086	1.09949868827447	1.50520040311691
0.828713260164637	0.706076561793673	1.1087423801418	1.50852922489733
0.835233507500451	0.71845825378921	1.11703879991545	1.52109440407875
0.841753754836265	0.718347851607705	1.1284524538184	1.53301402288087
0.848274002172079	0.732433393914327	1.13470870686719	1.53993845919027
0.854794249507893	0.741122440246061	1.1444857291284	1.55761178227064
0.861314496843707	0.750918799250206	1.1571182917419	1.56472268074833
0.867834744179521	0.756161717075771	1.16592060887505	1.57218798687957
0.874354991515335	0.773855958861647	1.17404515909208	1.57915998031528
0.880875238851149	0.78100200588381	1.18054575228369	1.5826782382531
0.887395486186963	0.79548637321009	1.19317892790556	1.59482502703866
0.893915733522777	0.807166560461897	1.20413681991886	1.60926344210525
0.900435980858591	0.808651151772381	1.21228025601984	1.62065581650546
0.906956228194405	0.816283865679788	1.21733447506514	1.61615820961073
0.913476475530219	0.82739670389704	1.23043411437674	1.63332767420653
0.919996722866033	0.829326572589021	1.24018373147506	1.64722408586094
0.926516970201847	0.842454922409064	1.25066225436686	1.653912388108
0.933037217537661	0.848789699456993	1.25698582501357	1.66296827913113
0.939557464873475	0.866884004490179	1.27073749536732	1.67995660337738
0.94607771220929	0.878500421469671	1.2807916296639	1.6794402260655
0.952597959545103	0.887011844487021	1.29001152541645	1.6951980509803
0.959118206880917	0.888853272955692	1.2975185142387	1.70456256376778
0.965638454216732	0.903503638784028	1.30547418244088	1.70522234313721
0.972158701552546	0.911412271085099	1.31585451312068	1.71902937686882
0.97867894888836	0.921612804295134	1.32170768893519	1.7242070197483
0.985199196224174	0.932850699656834	1.33608188343321	1.73235594456399
0.991719443559988	0.934747580794891	1.3426969977073	1.75084900983107
0.998239690895802	0.947294860996846	1.35210190281836	1.76152821262191
1.00475993823162	0.964449871878593	1.36450145990265	1.76794692503673
1.01128018556743	0.962656512681486	1.36945887300336	1.78293680467799
1.01780043290324	0.96988281528505	1.37999458955481	1.7848933560418
1.02432068023906	0.987590960400267	1.38786954381576	1.7979833962013
1.03084092757487	0.99633178740098	1.39983029783062	1.80036791703599
1.03736117491069	1.00705351756265	1.40911306718416	1.80939874857032
1.0438814222465	1.0098873398364	1.41876318315373	1.82177759123661
1.05040166958231	1.02924632024067	1.4252471523978	1.82377822089073
1.05692191691813	1.03177420712482	1.43377289654826	1.84888788041555
1.06344216425394	1.05292139005189	1.44678789258035	1.85141337932907
1.06996241158976	1.05648247721608	1.45823548214051	1.86905087576038
1.07648265892557	1.05875573330797	1.46378584655359	1.86555018871431
1.08300290626138	1.07116022176242	1.47458359127666	1.87509614822289
1.0895231535972	1.07834854824045	1.48214342705337	1.89149273807547
1.09604340093301	1.08642720010889	1.49214682038017	1.90008167986252
1.10256364826883	1.10393934373515	1.50436645170811	1.90550778771165
1.10908389560464	1.11171414187226	1.51098306228446	1.91228460180602
1.11560414294045	1.11804968732285	1.52341389635286	1.93291166552342
1.12212439027627	1.12356391286428	1.53213648917384	1.93684183634605
1.12864463761208	1.13451583118364	1.54223072972225	1.94241027232707
1.1351648849479	1.14741360407498	1.54740205801364	1.94923192147336
1.14168513228371	1.14217057643753	1.55745096269887	1.9618491371272
1.14820537961953	1.16101341598001	1.56872198538585	1.97483858055817
1.15472562695534	1.17593987172987	1.57726398132264	1.97541197130992
1.16124587429115	1.18405626790938	1.58569466260791	1.98768542166438
1.16776612162697	1.19227522747971	1.59656852914651	1.99998831107666
1.17428636896278	1.19940178244453	1.60739765917612	2.00842192505997
1.1808066162986	1.2014903186176	1.61108855241904	2.0148308003496
1.18732686363441	1.21196071843229	1.62192123969286	2.03058323017781
1.19384711097022	1.22264326132961	1.63366484242336	2.03718295729292
1.20036735830604	1.24346023092443	1.64333850907754	2.04709681929279
1.20688760564185	1.25217281820277	1.65412103489435	2.05607154837331
1.21340785297767	1.26216860127726	1.65944771937423	2.06232922267866
1.21992810031348	1.26938732939657	1.67166817595332	2.06929955883179
1.22644834764929	1.26689091640001	1.6782120592633	2.08288688579695
1.23296859498511	1.28600034879143	1.68895711545019	2.08583936207868
1.23948884232092	1.29729733240156	1.69806071147652	2.09675958523753
1.24600908965674	1.31035976803261	1.7078197143236	2.11421214453341
1.25252933699255	1.30221851595156	1.71672424109066	2.12116549252113
1.25904958432836	1.32214714896267	1.72673127628036	2.13282016704297
1.26556983166418	1.33476182331919	1.73732416138447	2.14062880159097
1.27209007899999	1.34718739810962	1.74937348452618	2.14808872606638
1.27861032633581	1.34567065571809	1.75168327906391	2.15547883907855
1.28513057367162	1.36475841621611	1.76254294444933	2.16594814311411
1.29165082100743	1.3617792858462	1.77531816257703	2.18176463926059
1.29817106834325	1.3779183456442	1.7843426197831	2.18627190381252
1.30469131567906	1.39194061052446	1.79645049651216	2.19766686319682
1.31121156301488	1.38635999474374	1.80235648752871	2.2069249701858
1.31773181035069	1.40916657705639	1.81200110318653	2.21216910124598
1.3242520576865	1.4219261113153	1.81945670620779	2.22094489821038
1.33077230502232	1.43488363451396	1.82962496414821	2.22820889583892
1.33729255235813	1.44146976476253	1.83809960336773	2.24703120057685
1.34381279969395	1.43937305165612	1.84378370000015	2.24841655184237
1.35033304702976	1.46186103004918	1.85713464493166	2.25997254747962
1.35685329436557	1.4637662392318	1.86311054085081	2.26522844633727
1.36337354170139	1.47464776889091	1.87778834124115	2.28315684336817
1.3698937890372	1.48345330076841	1.88585043100906	2.29378857787678
1.37641403637302	1.48937122529131	1.89224692980987	2.30150742978563
1.38293428370883	1.49834121886216	1.90526855039887	2.30492155754435
1.38945453104464	1.50849721059837	1.91555177617084	2.3234668682911
1.39597477838046	1.51882122284382	1.92222174404436	2.32440444659645
1.40249502571627	1.52417567238828	1.92979794738203	2.33964393489288
1.40901527305209	1.53983635659183	1.94020925770699	2.34157758995193
1.4155355203879	1.55592029646613	1.95362965899821	2.34813680123396
1.42205576772371	1.55761525918106	1.96497779689621	2.36280122003023
1.42857601505953	1.56457983176729	1.96887049937717	2.37235321524734
1.43509626239534	1.57284563264331	1.98052753629485	2.38943537239238
1.44161650973116	1.57963568562999	1.9913381898506	2.39538164914589
1.44813675706697	1.59354517901906	1.99899312527625	2.40954977474699
1.45465700440278	1.5960683233834	2.00594973919809	2.41309106674354
1.4611772517386	1.61869285811143	2.0171917850213	2.41902267378558
1.46769749907441	1.62539027288596	2.02458699134321	2.43443959284294
1.47421774641023	1.62931418102379	2.03621262413335	2.43935407532826
1.48073799374604	1.64018509054138	2.04384036874298	2.44826283178013
1.48725824108186	1.65548259356281	2.05627966111511	2.45653831885897
1.49377848841767	1.66391483584828	2.06606678057909	2.46728977962427
1.50029873575348	1.66738890833043	2.07289779679504	2.47730084258655
1.5068189830893	1.66857610366671	2.08298189924041	2.47911906948622
1.51333923042511	1.68912233700135	2.09225192733643	2.49875670955431
1.51985947776093	1.69942151607242	2.09949203769214	2.50506831033759
1.52637972509674	1.70717585094065	2.1133214365134	2.50918872410296
1.53289997243255	1.71560698775473	2.11815971329099	2.52254111612103
1.53942021976837	1.72184986011029	2.13028350254035	2.52793957475627
1.54594046710418	1.72734273131841	2.13856337134293	2.54688512256869
1.55246071444	1.74643420876042	2.15062132958013	2.55394313512918
1.55898096177581	1.75105145283165	2.15630001149846	2.56035758154472
1.56550120911162	1.76482390567327	2.16524321809325	2.57351590542881
1.57202145644744	1.77194634588454	2.17675326204564	2.5818631470484
1.57854170378325	1.77808047738305	2.18544250067903	2.5946347765554
1.58506195111907	1.78993729992186	2.19356250778476	2.59910479389258
1.59158219845488	1.80299815280429	2.20494857410503	2.60333601970765
1.59810244579069	1.80515667627266	2.21401098284761	2.61719559802093
1.60462269312651	1.81720286939061	2.2225342397014	2.62525555300873
1.61114294046232	1.83193072910712	2.23135217259892	2.63933454876359
1.61766318779814	1.84298116798909	2.23990123049788	2.64384012998032
1.62418343513395	1.84865346856984	2.25049961091014	2.65378304170845
1.63070368246976	1.84912718296259	2.26241469416352	2.66432124743683
1.63722392980558	1.86646015102643	2.2687868143152	2.66959211784599
1.64374417714139	1.87389384342633	2.28034056156339	2.69017574606758
1.65026442447721	1.89079184556581	2.2898976761222	2.68838107923359
1.65678467181302	1.8919193505765	2.29494431818537	2.69836280162669
1.66330491914883	1.90776137386227	2.30725720389484	2.70676624942518
1.66982516648465	1.91595974988584	2.31935438306055	2.72783600878826
1.67634541382046	1.92089471905232	2.32373035997336	2.73269776616173
1.68286566115628	1.92637986167572	2.33413919315887	2.74148722203134
1.68938590849209	1.94259048750356	2.34255004502303	2.74784144696087
1.6959061558279	1.95335718596064	2.35138416508939	2.75767044859765
1.70242640316372	1.95489450917005	2.36310622562862	2.77302259056358
1.70894665049953	1.96612026306686	2.37220299552971	2.77564870613397
1.71546689783535	1.98082131545698	2.38166326744614	2.7891143439821
1.72198714517116	1.98735362175147	2.39310344346826	2.79427001786528
1.72850739250697	1.98808054969504	2.40169040472453	2.80563584504612
1.73502763984279	2.00965969260207	2.40834591199221	2.81765926144306
1.7415478871786	2.01148133309956	2.41703903522333	2.81555379812847
1.74806813451442	2.03187610789556	2.42773475020688	2.84163604577152
1.75458838185023	2.03917694275429	2.43845937383939	2.83945588756912
1.76110862918605	2.0390669304794	2.44899241119044	2.84630367664661
1.76762887652186	2.05309030807672	2.45680045014887	2.86344600438476
1.77414912385767	2.06076698900946	2.46506484618747	2.86974475735623
1.78066937119349	2.07122468322668	2.47681892616595	2.88664336594045
1.7871896185293	2.0764192903763	2.48691367284192	2.88911284979257
1.79370986586512	2.09377585483675	2.49533810105663	2.89166792064706
1.80023011320093	2.09981135047037	2.50458127732887	2.90637080518604
1.80675036053674	2.10542446820324	2.51291067701723	2.9121941568078
1.81327060787256	2.12268583807708	2.52010243714854	2.92998212988151
1.81979085520837	2.12422198193244	2.52988805906472	2.9395252652298
1.82631110254419	2.13402923461475	2.53893096406496	2.9458712775121
1.83283134988	2.1526138746624	2.54990789536955	2.95099131226758
1.83935159721581	2.15608904069688	2.55815532914397	2.96711631716333
1.84587184455163	2.16798515123915	2.57245513885055	2.97380763996365
1.85239209188744	2.17521538842127	2.57915372510636	2.98411663680407
1.85891233922326	2.1945992001831	2.58835961842955	2.99036497731382
1.86543258655907	2.19517368456165	2.59920585734892	3.00631168221318
1.87195283389488	2.20481977083546	2.60410521875978	3.00869865413252
1.8784730812307	2.21768432410957	2.61574246943843	3.01828118041798
1.88499332856651	2.21578328007644	2.62675597358332	3.03402999871015
1.89151357590233	2.22211179780271	2.63077685594077	3.0349880449049
1.89803382323814	2.23515235928944	2.64193379418249	3.04788868548894
1.90455407057395	2.25468773236041	2.64949465945422	3.05591915590854
1.91107431790977	2.25483767782845	2.6629594729925	3.06353537969242
1.91759456524558	2.26090462170263	2.67059725153491	3.07552942609106
1.9241148125814	2.28017228437091	2.68057124449532	3.09018133412575
1.93063505991721	2.28189837012511	2.69455776259535	3.10561449732407
1.93715530725302	2.29989535092972	2.69985420458356	3.11206191272416
1.94367555458884	2.30461712020752	2.71075168486557	3.11551737977376
1.95019580192465	2.30724173326019	2.71684839440384	3.12100419982061
1.95671604926047	2.32251754427986	2.72805820616782	3.13039859558789
1.96323629659628	2.33873111241898	2.73941311887359	3.13658669059066
1.96975654393209	2.34401342485773	2.74370800901276	3.15525238430314
1.97627679126791	2.35165691209768	2.75579277519105	3.15737181321663
1.98279703860372	2.36694557512746	2.76309583188666	3.17079690896484
1.98931728593954	2.37295872552493	2.77676579353912	3.175056153516
1.99583753327535	2.37674464462196	2.78438148079468	3.19620089622205
2.00235778061116	2.37901811349012	2.79105264334421	3.19519240709385
2.00887802794698	2.39241958528896	2.80158958340003	3.20978925636698
2.01539827528279	2.40896992366231	2.80967898354442	3.21777340180544
2.02191852261861	2.41636284578877	2.82251990131496	3.22667029255609
2.02843876995442	2.42717250561258	2.82981380744335	3.22722084553702
2.03495901729024	2.43734130985058	2.83835293014566	3.24210424038902
2.04147926462605	2.44301685957781	2.84626656642956	3.25400388323122
2.04799951196186	2.45514754040648	2.8547253075814	3.26185796272336
2.05451975929768	2.46431961881771	2.86776421668213	3.2721895148643
2.06104000663349	2.47022945092994	2.87796696416472	3.28520941006846
2.06756025396931	2.48630170330955	2.88592347101471	3.29764929278397
2.07408050130512	2.49734638233803	2.89940671701773	3.31409267932149
2.08060074864093	2.50354393802256	2.90697705413708	3.31052865561357
2.08712099597675	2.51070903167353	2.91457893700573	3.32078637378844
2.09364124331256	2.52138864884413	2.9253010198271	3.32571863679607
2.10016149064838	2.53077635531394	2.93376681275745	3.33970656430348
2.10668173798419	2.54248706004776	2.94369845670709	3.34915109940891
2.11320198532	2.54533857965815	2.95444625887909	3.35938712389034
2.11972223265582	2.55475657199695	2.96059231655049	3.36414842288589
2.12624247999163	2.57025714601734	2.97485942436612	3.38054317880938
2.13276272732745	2.58109530597547	2.97915646319314	3.38288060547378
2.13928297466326	2.5894859503514	2.98805970560136	3.39136680681403
2.14580322199907	2.59255597386297	2.99852322054242	3.40524333994251
2.15232346933489	2.59759588910613	3.00705487577078	3.40874694735839
2.1588437166707	2.61073137629744	3.01646950482121	3.42756875618657
2.16536396400652	2.61819620830206	3.02599914557056	3.43685931126561
2.17188421134233	2.62607502453395	3.03576911002695	3.43988423296405
2.17840445867814	2.63606796700901	3.04479343690147	3.45705350757513
2.18492470601396	2.65405541368518	3.05267386687253	3.45077114792646
2.19144495334977	2.66018708435852	3.06478376121394	3.46468185469383
2.19796520068559	2.66802947863964	3.07451047181277	3.4792218057437
2.2044854480214	2.67842449755433	3.08302068516383	3.4906754444529
2.21100569535721	2.69758660919121	3.09073258288776	3.49866074462812
2.21752594269303	2.69967921869745	3.10270548130733	3.50686293035253
2.22404619002884	2.70459420696838	3.11269833471621	3.51851582057754
2.23056643736466	2.72087049788705	3.1204287437165	3.52493332720937
2.23708668470047	2.72925547390732	3.12822738336836	3.54169416198511
2.24360693203628	2.73372113008712	3.13976340834713	3.54745233215776
2.2501271793721	2.7445293284828	3.15173597704508	3.5554248405366
2.25664742670791	2.75619896170034	3.15930520787424	3.56102222929404
2.26316767404373	2.75996424953048	3.16492231155583	3.57248988436581
2.26968792137954	2.77305222331511	3.17808416459781	3.58541714239927
2.27620816871535	2.781847553281	3.18670967180529	3.59193593436978
2.28272841605117	2.78556574113628	3.19597177941963	3.60049187131295
2.28924866338698	2.79246879237812	3.2041138250877	3.61682123674594
2.2957689107228	2.80676267261527	3.21606482472106	3.6169100987695
2.30228915805861	2.8199797825002	3.22459284408431	3.62444811758271
2.30880940539443	2.82735792962679	3.23586463041094	3.63988141482676
2.31532965273024	2.83834399914868	3.24391488927915	3.64119675472537
2.32184990006605	2.84272997511707	3.24924954864682	3.65156838087866
2.32837014740187	2.86014233125341	3.259770602186	3.66854801163829
2.33489039473768	2.86882088479802	3.27067333927608	3.67551424517498
2.3414106420735	2.87162061732574	3.27675257841885	3.68761912423878
2.34793088940931	2.87432503766267	3.29256117260294	3.70101239626032
2.35445113674512	2.89220357587322	3.29808475381266	3.70860302423222
2.36097138408094	2.89670742725159	3.30972417105595	3.71936518963353
2.36749163141675	2.91086599150674	3.31812860762065	3.71783453134441
2.37401187875257	2.91432023861286	3.32563801406596	3.72783803089077
2.38053212608838	2.93443977172906	3.33767390392309	3.74232535779845
2.38705237342419	2.9361774666786	3.34374599200746	3.75289255380168
2.39357262076001	2.9468428539797	3.35376893274874	3.75869052142354
2.40009286809582	2.95667214611622	3.36288557090054	3.76988032223479
2.40661311543164	2.96323120722031	3.37164372568429	3.78688074630928
2.41313336276745	2.97289652336771	3.38107179502188	3.79148262591944
2.41965361010326	2.98004921040688	3.39497386020023	3.799340346413
2.42617385743908	2.99046126587416	3.39725492804409	3.80138210084769
2.43269410477489	3.00524159952783	3.40924952732816	3.81232432995208
2.43921435211071	3.00895216259471	3.41473950380981	3.82286785418465
2.44573459944652	3.02717755058398	3.4316903676452	3.83877456500749
2.45225484678233	3.04331200932033	3.43849289777516	3.84535694301736
2.45877509411815	3.0421520344162	3.44632337038411	3.84906294602441
2.46529534145396	3.05578795032919	3.45581226013542	3.86184047197309
2.47181558878978	3.06339389606607	3.46571948046962	3.87324210284064
2.47833583612559	3.06851434927398	3.47811679143744	3.88316287038787
2.4848560834614	3.07602646732496	3.48366815833181	3.89145258047933
2.49137633079722	3.08749283085104	3.49745381245172	3.89950091568616
2.49789657813303	3.09668751371589	3.50509817818794	3.91432497588306
2.50441682546885	3.10679731599284	3.50966079331472	3.92016998061042
2.51093707280466	3.1165484485281	3.52640748622531	3.93194448304175
2.51745732014047	3.13147996700843	3.53439164890785	3.93755686439163
2.52397756747629	3.13903505304736	3.54406017865648	3.95262288582153
2.5304978148121	3.13920950078489	3.5479544226455	3.95104176923166
2.53701806214792	3.14860646808814	3.56087118572259	3.96494398639234
2.54353830948373	3.16497901129518	3.56791212392697	3.97494373362339
2.55005855681954	3.17278655157306	3.57980896701552	3.99031488051677
2.55657880415536	3.17876524610094	3.59109411384118	3.99257879084957
2.56309905149117	3.19042929843219	3.59624153268975	4.01028748339982
2.56961929882699	3.20345548316494	3.60505062155427	4.01301498332794
2.5761395461628	3.20837734717275	3.61722626998074	4.02212216382044
2.58265979349862	3.22437290786703	3.62426591832773	4.03512964597494
2.58918004083443	3.22389844689194	3.63449873877677	4.04411202404041
2.59570028817024	3.23360893704964	3.64600896517018	4.04857361311822
2.60222053550606	3.2501136145877	3.65305737402279	4.05605167451919
2.60874078284187	3.25615150226008	3.66626701341044	4.06753521875259
2.61526103017769	3.26720031274988	3.67616472940935	4.08841380035019
2.6217812775135	3.26799708586744	3.68000193649143	4.08638153063723
2.62830152484931	3.2893860005461	3.69107695839136	4.09590127123224
2.63482177218513	3.28941661704007	3.69819549482809	4.10358996670536
2.64134201952094	3.29873895562308	3.70813313776097	4.1171037692695
2.64786226685676	3.30801491706191	3.7208537648326	4.12381025711917
2.65438251419257	3.32675790546166	3.72605617194019	4.12959502184271
2.66090276152838	3.33840146574448	3.73809971988644	4.14162755136895
2.6674230088642	3.33944651967293	3.7472901278845	4.15771284587769
2.67394325620001	3.34710909393953	3.75834924974579	4.1639986260557
2.68046350353583	3.36019743883707	3.76812706430803	4.18039501849946
2.68698375087164	3.37056096884528	3.77463468076562	4.18667901351328
2.69350399820745	3.37732098211315	3.78600404809957	4.18995212383234
2.70002424554327	3.38739277708851	3.79322698207782	4.20225827821527
2.70654449287908	3.39694805315448	3.80308741258127	4.21420134843561
2.7130647402149	3.4035723239113	3.81244802245557	4.22031965290043
2.71958498755071	3.40890772542483	3.82362119534357	4.23367486172571
2.72610523488652	3.42300199722011	3.82951253918127	4.24433722436956
2.73262548222234	3.43573436368896	3.84203759706447	4.2434396181325
2.73914572955815	3.43778179915358	3.84928483102267	4.25289460650961
2.74566597689397	3.45355713387554	3.85777713784963	4.26849105549986
2.75218622422978	3.46370258389521	3.8675089183916	4.27071028134556
2.75870647156559	3.46920701784132	3.87462992965087	4.29229656807673
2.76522671890141	3.48440921551414	3.88799208259984	4.29276011741885
2.77174696623722	3.48901874815223	3.89811087589786	4.31706469145877
2.77826721357304	3.49628389141162	3.90609145164266	4.31419801863528
2.78478746090885	3.49751916750497	3.9157308853627	4.32625005208429
2.79130770824466	3.51928976878843	3.92546443527187	4.33850891130719
2.79782795558048	3.52181757316883	3.93468747609007	4.33940668764173
2.80434820291629	3.53273106482458	3.94146757247241	4.35940486393548
2.81086845025211	3.5413090133299	3.95348089762036	4.36124175762652
2.81738869758792	3.55226257302234	3.95816602782309	4.37029650080453
2.82390894492373	3.5618445158082	3.96884490006953	4.38152467420152
2.83042919225955	3.57368117726067	3.98105439323418	4.38617804914668
2.83694943959536	3.58946172441484	3.99245123120506	4.39382154842296
2.84346968693118	3.5838973067719	4.00243473378848	4.40780963477022
2.84998993426699	3.60482237973657	4.01507076859121	4.42236247462956
2.85651018160281	3.60724803020597	4.0160973002219	4.42345221612266
2.86303042893862	3.62438728567611	4.03010812280301	4.43614327191627
2.86955067627443	3.63126153821873	4.03794137295544	4.44708896481802
2.87607092361025	3.64038727108151	4.04572142774166	4.45555977085458
2.88259117094606	3.65065580387231	4.05905003061528	4.46591786871503
2.88911141828188	3.66214324183779	4.06347577867194	4.47862536202344
2.89563166561769	3.66326163999816	4.07743726156901	4.48354240076245
2.9021519129535	3.67212243965191	4.08485889742174	4.48756801018307
2.90867216028932	3.68228841499693	4.09470718605091	4.49946734338107
2.91519240762513	3.68542395091689	4.10240266976315	4.50701634317714
2.92171265496095	3.69312728632321	4.11152927851893	4.51989673867542
2.92823290229676	3.70809073851184	4.12057059511885	4.53330074183664
2.93475314963257	3.71905209477997	4.12870959084283	4.53895602054436
2.94127339696839	3.73074162860683	4.14080702988402	4.55415139030934
2.9477936443042	3.74172921123243	4.15050975737803	4.55902266879776
2.95431389164002	3.75130462319133	4.1609105921014	4.57230970270702
2.96083413897583	3.75413995572953	4.16864739030686	4.5780586106917
2.96735438631164	3.77191625717473	4.17812247943036	4.58061179952383
2.97387463364746	3.77880834333669	4.18517571028547	4.59579341488625
2.98039488098327	3.78781309695022	4.19652262889455	4.60279303619366
2.98691512831909	3.80401971107539	4.20748245094433	4.61611632758811
2.9934353756549	3.80614402217352	4.21647112746611	4.62260452843309
2.99995562299071	3.81041163921854	4.22816472340701	4.63062893087575
3.00647587032653	3.82803328791531	4.23313479126504	4.64066651087987
3.01299611766234	3.82715011566319	4.24175922904392	4.64683049117801
3.01951636499816	3.84563187437993	4.25191672717146	4.66308139136833
3.02603661233397	3.84342114725978	4.26249483081902	4.67641880257598
3.03255685966978	3.86013469905614	4.27089023899133	4.68152058305728
3.0390771070056	3.86714987902377	4.27734146301971	4.68076046047726
3.04559735434141	3.8793645047677	4.29054703237246	4.69742522331841
3.05211760167723	3.89433950350514	4.30005080517871	4.70731092177773
3.05863784901304	3.89538516579042	4.30923368637347	4.71755951432099
3.06515809634885	3.91341319868553	4.31873554306563	4.73137396198751
3.07167834368467	3.91236914453656	4.32711557458443	4.73339821957708
3.07819859102048	3.93148423098975	4.33790456059222	4.7496795998572
3.0847188383563	3.93966830251177	4.3480539814788	4.75231821798728
3.09123908569211	3.94677861949682	4.35410636212047	4.76485327217297
3.09775933302792	3.95797236957942	4.36534708695333	4.77763524007757
3.10427958036374	3.96568037141401	4.37402681323315	4.78738993190734
3.11079982769955	3.97284309024035	4.3837093508551	4.7970317695441
3.11732007503537	3.98294417133798	4.39083720803338	4.80802260049084
3.12384032237118	3.99176442727895	4.40252784452569	4.81493664065946
3.130360569707	3.99699905503851	4.41004370866279	4.82109016031041
3.13688081704281	4.01535102622443	4.41904186610341	4.83145696592857
3.14340106437862	4.01802624934423	4.429251955164	4.83335534864023
3.14992131171444	4.03127516004239	4.43900301202941	4.8405998722986
3.15644155905025	4.0381692401063	4.44931072430371	4.8646379799039
3.16296180638607	4.05098952028832	4.45822243903152	4.86428609093008
3.16948205372188	4.05030637218284	4.46785413388426	4.8830928642477
3.17600230105769	4.06747824619122	4.47747043574158	4.89429810365364
3.18252254839351	4.07661280454276	4.48493390872335	4.90256939332808
3.18904279572932	4.09293095352948	4.49537949119518	4.90816400712944
3.19556304306514	4.09056367327631	4.50709413888058	4.91020531442903
3.20208329040095	4.11132535377353	4.51076645426344	4.92428556023124
3.20860353773676	4.11696102655749	4.52166821216751	4.93670043662775
3.21512378507258	4.12383516889783	4.5320619064907	4.94405049175108
3.22164403240839	4.13333418756643	4.54262537628945	4.9462846361229
3.22816427974421	4.14163766016377	4.55256693090517	4.96268202483351
3.23468452708002	4.15434035231383	4.56350190156971	4.97492374667443
3.24120477441583	4.15674502319729	4.57332720225479	4.98578692802757
3.24772502175165	4.17242838166669	4.57946868445626	4.99042699326105
3.25424526908746	4.18016874161851	4.58930974360514	4.99753137780532
3.26076551642328	4.18292601155937	4.59684763474762	5.01390761592134
3.26728576375909	4.20346607944481	4.60590929209878	5.01701390911055
3.2738060110949	4.21399530590078	4.61510070626175	5.03530844316463
3.28032625843072	4.21306754179047	4.62606367593941	5.03864936221286
3.28684650576653	4.2253368810925	4.63625963422755	5.04877857550821
3.29336675310235	4.2305780189419	4.64451780411006	5.06108895929281
3.29988700043816	4.23891994838851	4.65110136192613	5.063386202443
3.30640724777397	4.25021891673577	4.66661158499348	5.06816426847987
3.31292749510979	4.25282883057041	4.67290948222207	5.08782007817132
3.3194477424456	4.27505740616987	4.68437862323567	5.09271486074822
3.32596798978142	4.2785194964219	4.6924690068445	5.10461631323672
3.33248823711723	4.29043974635818	4.69998282705822	5.11637461287523
3.33900848445304	4.29651011159732	4.7098351117013	5.12991443702175
3.34552873178886	4.3080916676515	4.71878307304375	5.12720820517468
3.35204897912467	4.32183434190529	4.73187991433787	5.14417789429667
3.35856922646049	4.32074268009853	4.7364778585175	5.14797870225923
3.3650894737963	4.33268026692035	4.75181625237291	5.16249373726294
3.37160972113211	4.33712265573408	4.7560798770705	5.16552554096461
3.37812996846793	4.35394685103515	4.76777998159857	5.18124601935148
3.38465021580374	4.36218458955941	4.77571351195602	5.18998619421817
3.39117046313956	4.37389141191511	4.78214791947364	5.19985029036584
3.39769071047537	4.38220784381849	4.79569220469742	5.20418890056698
3.40421095781119	4.38796567194266	4.80690771154222	5.2209695426095
3.410731205147	4.40314594728836	4.81201089697583	5.22472597608963
3.41725145248281	4.40562182170455	4.82358189868714	5.23613495103457
3.42377169981863	4.41590759518558	4.82922703382573	5.24880573763921
3.43029194715444	4.43135736948385	4.84208455696942	5.25129267086728
3.43681219449026	4.44145408381835	4.85091330736906	5.2588667380756
3.44333244182607	4.44781676172311	4.86055698394973	5.28342157584273
3.44985268916188	4.45557028655565	4.87182003049873	5.28474187858041
3.4563729364977	4.46636327809451	4.87824112306892	5.29574872947997
3.46289318383351	4.47983000734072	4.89081624315919	5.30153887526175
3.46941343116933	4.49250841785905	4.89897514263773	5.31310065222067
3.47593367850514	4.49030109551204	4.90545184526233	5.32106112174174
3.48245392584095	4.50883218960468	4.91834422859243	5.33257970145511
3.48897417317677	4.5117029116327	4.92670680822398	5.33895341091129
3.49549442051258	4.52112440386847	4.93865755933233	5.35193606890439
3.5020146678484	4.53090956587257	4.94314895129141	5.36413951380165
3.50853491518421	4.54031922056607	4.95470516861586	5.3644777511252
3.51505516252002	4.55531993407103	4.9621828434846	5.37862418716105
3.52157540985584	4.55701535993159	4.97439484548504	5.38540739636463
3.52809565719165	4.56611094821218	4.98119686601732	5.39334365967377
3.53461590452747	4.57954213227929	4.98969611237306	5.40599228201691
3.54113615186328	4.59056377110494	4.99986978001371	5.41512652221021
3.54765639919909	4.5976015818599	5.00777650304574	5.422208044053
3.55417664653491	4.60816768225395	5.01760385391681	5.43434112204979
3.56069689387072	4.61389248764144	5.03084913606798	5.43778862745428
3.56721714120654	4.62633996374216	5.0393487390139	5.4578400095292
3.57373738854235	4.64215619716631	5.04802408180174	5.45687409263046
3.58025763587816	4.6452810399222	5.05831524452754	5.46960723209929
3.58677788321398	4.64836899508327	5.06771070713382	5.47391064027985
3.59329813054979	4.65767986562069	5.07696929886666	5.49241901970896
3.59981837788561	4.67443265602407	5.08603831213422	5.49952278068156
3.60633862522142	4.6793729949179	5.0941597533006	5.5114141601098
3.61285887255723	4.69364544445488	5.10716508202468	5.52208881696883
3.61937911989305	4.69893116965885	5.11283118363938	5.52294334955926
3.62589936722886	4.69892898302758	5.1188565454015	5.53907342835969
3.63241961456468	4.7165156934175	5.13017926219755	5.55681684847294
3.63893986190049	4.72516739631073	5.14085482282426	5.55614182482259
3.6454601092363	4.74111703004391	5.15191672964586	5.56063734312502
3.65198035657212	4.74418237756193	5.16274433037351	5.56982572435201
3.65850060390793	4.74995305208248	5.16815105855822	5.58735159797164
3.66502085124375	4.76627211552675	5.17640716287847	5.59188479135072
3.67154109857956	4.76823192021017	5.18370965162774	5.60215041832808
3.67806134591537	4.782424987404	5.19418389182208	5.60839133720017
3.68458159325119	4.79115450346368	5.20419776014854	5.61973281752581
3.691101840587	4.7930578200163	5.21303425977566	5.62940125417184
3.69762208792282	4.80855678610791	5.2225672085967	5.63585531074284
3.70414233525863	4.82266378954928	5.2338201085195	5.65355474457529
3.71066258259445	4.83252230860491	5.24455245503445	5.65964709583474
3.71718282993026	4.83319902536313	5.25271721428074	5.6722983373985
3.72370307726607	4.84099467875972	5.26159070861143	5.68046936578299
3.73022332460189	4.857322529234	5.27261795763673	5.69061762855472
3.7367435719377	4.86723424810454	5.28126047004661	5.69072416745423
3.74326381927352	4.8745076447013	5.28912656037453	5.71154441323146
3.74978406660933	4.89252324975699	5.29847378495644	5.71509096923281
3.75630431394514	4.89141277937792	5.31063411386613	5.72236667299726
3.76282456128096	4.90470816507651	5.3189064483029	5.73532086307608
3.76934480861677	4.91169710091348	5.32854199141983	5.74457560755626
3.77586505595259	4.92123196235312	5.3383286583193	5.75907134666266
3.7823853032884	4.92807393583757	5.35010045789232	5.77190864545476
3.78890555062421	4.93543600346687	5.35737487877143	5.77535956593767
3.79542579796003	4.95301181158498	5.36617270836572	5.7769593597103
3.80194604529584	4.95899043356713	5.37320221605277	5.78972173752625
3.80846629263166	4.96985330459738	5.38585874928247	5.80172714389177
3.81498653996747	4.97984757410492	5.3922885615233	5.81498316280848
3.82150678730328	4.98448377454236	5.40194813272121	5.81637350636893
3.8280270346391	4.99261012373161	5.41256378512839	5.83032114416397
3.83454728197491	5.00853182012435	5.42066072056275	5.83279237334157
3.84106752931073	5.00970255651639	5.4276810966043	5.8449519137476
3.84758777664654	5.01959822260288	5.44067782658831	5.85454966122837
3.85410802398235	5.03489986972484	5.4491887245265	5.87179224223646
3.86062827131817	5.04659182527084	5.45783461099919	5.86929665414776
3.86714851865398	5.04718813846301	5.4696302426563	5.88536256176649
3.8736687659898	5.06034270722838	5.47520576013318	5.89004268380359
3.88018901332561	5.06855966560951	5.48506085360085	5.9050940176133
3.88670926066142	5.07670750357073	5.49665011498632	5.90915459015672
3.89322950799724	5.08700843092668	5.50665095461918	5.92009656767248
3.89974975533305	5.09549655886286	5.51470958408531	5.93710967757872
3.90627000266887	5.11400580762375	5.5236773076745	5.93337341408354
3.91279025000468	5.12059507661652	5.5364356546707	5.95261506699061
3.91931049734049	5.11997082312565	5.54230308098701	5.95634785317019
3.92583074467631	5.12708388548745	5.55001039867141	5.97617173125792
3.93235099201212	5.14319300106553	5.56374429627628	5.99067796579285
3.93887123934794	5.15692962614437	5.57011911983332	5.99238219921556
3.94539148668375	5.16620345418236	5.57700740124505	5.99360225880425
3.95191173401956	5.17530427808572	5.58962691548825	6.00585772588542
3.95843198135538	5.1796393349536	5.59998964292232	6.01622576182603
3.96495222869119	5.19547737423918	5.60789399695381	6.02589770693097
3.97147247602701	5.19716638055935	5.61911648067432	6.03375898001035
3.97799272336282	5.20459971697143	5.62710087614376	6.04321763759831
3.98451297069864	5.21031820247903	5.63842800969667	6.05407651881571
3.99103321803445	5.23072569386896	5.64854433648784	6.06305260387393
3.99755346537026	5.23845312473902	5.65915101216005	6.07435286424891
4.00407371270608	5.25188227674601	5.66369778015679	6.07479866509008
4.01059396004189	5.25515516279849	5.67608899014615	6.09315982969053
4.01711420737771	5.26678840769694	5.68538707688554	6.10219130955208
4.02363445471352	5.26962503529584	5.69307501468929	6.11049025340962
4.03015470204933	5.28269896495838	5.69916061467525	6.11828625353997
4.03667494938515	5.30105309840216	5.71196122942573	6.13395551471611
4.04319519672096	5.30467546695438	5.72022548275681	6.13282364515355
4.04971544405678	5.31222750805488	5.72985252959789	6.15631906991881
4.05623569139259	5.31778072602361	5.7411503004126	6.15703319369678
4.0627559387284	5.32756192503775	5.74587562674237	6.16039768153664
4.06927618606422	5.33861024869197	5.75595865327284	6.1767409226456
4.07579643340003	5.35244613428043	5.76750176020661	6.18681704306187
4.08231668073585	5.35678741329092	5.77484804033081	6.19961001211862
4.08883692807166	5.37324040620485	5.78564912412674	6.20385255786102
4.09535717540747	5.37722035307299	5.79801618542755	6.21333436408523
4.10187742274329	5.38700795943258	5.80693278633574	6.2280613527315
4.1083976700791	5.39008647003986	5.81497051979195	6.23492075960235
4.11491791741492	5.40364186714838	5.82151689810031	6.24483214569679
4.12143816475073	5.41096761316689	5.83331341502039	6.25345007915187
4.12795841208654	5.41824269245101	5.83942226574252	6.25741157505855
4.13447865942236	5.43390429537618	5.85377743531201	6.26814072991684
4.14099890675817	5.44925471739171	5.85913076486193	6.27420901181435
4.14751915409399	5.45091016438343	5.86807839312456	6.29011664135501
4.1540394014298	5.45748388002469	5.88233085634336	6.29882821223841
4.16055964876561	5.47022414123922	5.89062373079759	6.30770412393976
4.16707989610143	5.48466635132698	5.90199418419806	6.31290571772594
4.17360014343724	5.49310237380122	5.90902949251609	6.3238143240389
4.18012039077306	5.50000377599792	5.91884110948202	6.33959214621586
4.18664063810887	5.50522546503561	5.92389687620043	6.3464591613436
4.19316088544469	5.51985015284776	5.93401755446612	6.35905625762109
4.1996811327805	5.52038320965823	5.94450502447127	6.36056272561179
4.20620138011631	5.53402698036995	5.9534578438094	6.37770889830098
4.21272162745213	5.54562060275365	5.96505567754468	6.38784492177301
4.21924187478794	5.55598925197038	5.97445720032299	6.39541625560237
4.22576212212375	5.56043516365771	5.98309011342367	6.41178792875713
4.23228236945957	5.56852364148402	5.99296925268171	6.41657669614847
4.23880261679538	5.57811832575751	6.00313144877958	6.42351206773577
4.2453228641312	5.59721323175662	6.00976021569912	6.43227321472488
4.25184311146701	5.59830120601783	6.02165796540406	6.43885492049523
4.25836335880282	5.60164039372621	6.02669847898449	6.44214310130381
4.26488360613864	5.61955092732595	6.03863788475064	6.45422479692077
4.27140385347445	5.62735885306076	6.04655685578017	6.46414484711047
4.27792410081027	5.639981035534	6.05843297691521	6.4796535408451
4.28444434814608	5.6433934442492	6.06430150200744	6.4876926990973
4.2909645954819	5.65106047649227	6.0723239535265	6.49348164566181
4.29748484281771	5.6599960889654	6.08295164813553	6.50465718731985
4.30400509015352	5.67474055318836	6.0910198571426	6.51303496062441
4.31052533748934	5.68463626991142	6.10188753345795	6.52297153715302
4.31704558482515	5.69174025270154	6.11361364282998	6.53268003607352
4.32356583216097	5.70097051146148	6.12346997110776	6.55212641945847
4.33008607949678	5.71441798356299	6.13158043113507	6.55290321674187
4.33660632683259	5.72145167384543	6.13950669096061	6.56201258693155
4.34312657416841	5.73192186451527	6.15037220548635	6.56883865276944
4.34964682150422	5.73671595833304	6.15849371241411	6.57594166868509
4.35616706884004	5.74417870966456	6.16936970727401	6.59024786719791
4.36268731617585	5.75586297260203	6.1800765985514	6.60413336263416
4.36920756351166	5.7739239658066	6.1872601223962	6.61469020391793
4.37572781084748	5.77270842232296	6.19690393945891	6.62066105303013
4.38224805818329	5.78387794673255	6.20656823775978	6.63133879415034
4.38876830551911	5.79326502283065	6.21532373645931	6.6359794785565
4.39528855285492	5.8004918473419	6.22540405499111	6.64961333330701
4.40180880019073	5.81044359168296	6.23119545550456	6.6537812568122
4.40832904752655	5.82112530269082	6.24405315856573	6.66308741901555
4.41484929486236	5.82998102536287	6.25440199635582	6.67434077605662
4.42136954219818	5.83690605974281	6.26355506762859	6.69060634686919
4.42788978953399	5.85317098347888	6.27375489664157	6.69858279607571
4.4344100368698	5.86150556103588	6.28532280732027	6.70522234236468
4.44093028420562	5.86564819217761	6.2906386320032	6.71513232344133
4.44745053154143	5.87199425333224	6.30093802043051	6.72375313984362
4.45397077887725	5.88338702100698	6.30988673028386	6.72916427590754
4.46049102621306	5.89268820041698	6.31926359406702	6.73839814487363
4.46701127354888	5.9043316681399	6.32967550532607	6.74911460587021
4.47353152088469	5.91053916163648	6.33634662333168	6.76447462359341
4.4800517682205	5.92002186403303	6.34928122235292	6.77084646170458
4.48657201555632	5.93844614714873	6.35468136485225	6.78745223081517
4.49309226289213	5.95406716083805	6.3675197607178	6.79063588834003
4.49961251022794	5.94927827793337	6.37609904268601	6.79772568542071
4.50613275756376	5.96104019572553	6.38289808358654	6.81123361050817
4.51265300489957	5.97135188377648	6.39211359503785	6.82537119579981
4.51917325223539	5.98367926627904	6.40201593587445	6.82258316035277
4.5256934995712	5.98634689124554	6.41218889509865	6.83420435589187
4.53221374690701	5.99822441803076	6.42041046295349	6.83882400535844
4.53873399424283	6.00286990237437	6.43094497889577	6.85385051820093
4.54525424157864	6.02396487393928	6.4380419989528	6.87274559102229
4.55177448891446	6.02705573493706	6.44820423789033	6.87232972291541
4.55829473625027	6.02977131336649	6.45460338049232	6.88247340480937
4.56481498358609	6.0483981940005	6.46939286669507	6.89102311603197
4.5713352309219	6.05423451167803	6.48047915690771	6.89997070023909
4.57785547825771	6.06215005142569	6.48615768513834	6.9077880573406
4.58437572559353	6.07055438054691	6.49730372252961	6.92292658532395
4.59089597292934	6.08462065362482	6.50581766100676	6.93561489067314
4.59741622026516	6.09061453247531	6.51609863299194	6.94684436391827
4.60393646760097	6.09647712981681	6.52307250463629	6.95442276500511
4.61045671493678	6.10582329966027	6.53304847040893	6.96242080862983
