"mitochan"	"lwrNorm"	"medNorm"	"uprNorm"
-1.90327037354145	-4.81835542615957	-3.67965707892174	-2.53650502206874
-1.89642966235248	-4.80641847560692	-3.66543632694457	-2.52309120470737
-1.8895889511635	-4.78200578150295	-3.65214341913859	-2.52029003983699
-1.88274823997453	-4.77415394752893	-3.64000567010066	-2.5008391696985
-1.87590752878556	-4.75048226544404	-3.63011286176962	-2.49257179410041
-1.86906681759659	-4.73713946253584	-3.61112703583348	-2.48143201176131
-1.86222610640761	-4.7236432366594	-3.5986423414855	-2.47177928199391
-1.85538539521864	-4.71949080043429	-3.58042782589107	-2.46356424701817
-1.84854468402967	-4.68310712966181	-3.56742601877071	-2.45476257958424
-1.8417039728407	-4.67041560084814	-3.55763314368065	-2.43569007472617
-1.83486326165172	-4.6643797828511	-3.54253434165483	-2.43015748682291
-1.82802255046275	-4.62377421711891	-3.53214398926733	-2.4162711771932
-1.82118183927378	-4.63157988111108	-3.51385814961553	-2.39663743220351
-1.8143411280848	-4.61629920702525	-3.50273982206089	-2.38847192074326
-1.80750041689583	-4.59543521145471	-3.48892621125402	-2.38514850787865
-1.80065970570686	-4.58375945438485	-3.4761193185532	-2.36929228906899
-1.79381899451789	-4.55429244686744	-3.45906974930633	-2.36468735198996
-1.78697828332891	-4.54750978885338	-3.44400111433586	-2.34548104518033
-1.78013757213994	-4.53465215638826	-3.43169622501464	-2.33449070143012
-1.77329686095097	-4.51105791475171	-3.4180115008775	-2.32420215913564
-1.766456149762	-4.50305256598799	-3.4042417001056	-2.31065328037309
-1.75961543857302	-4.48231302720016	-3.38839140436656	-2.30027753281285
-1.75277472738405	-4.44979885405646	-3.37623362522211	-2.29377424675588
-1.74593401619508	-4.44939868291638	-3.36463681741564	-2.28201851315406
-1.73909330500611	-4.42899515584402	-3.35141827020864	-2.26073852716189
-1.73225259381713	-4.42387885905093	-3.33811002454939	-2.25634893540506
-1.72541188262816	-4.39647788273451	-3.32400448947446	-2.24937576761495
-1.71857117143919	-4.39200260657785	-3.30918651848599	-2.23985413888009
-1.71173046025022	-4.36136692668107	-3.29485906880321	-2.21614331824611
-1.70488974906124	-4.34794216355107	-3.28217926364823	-2.2023017813328
-1.69804903787227	-4.32252217813297	-3.26452160134247	-2.20488213343986
-1.6912083266833	-4.30869292838901	-3.25371733166567	-2.1938182454394
-1.68436761549432	-4.29934588275098	-3.23772372822151	-2.1880725273771
-1.67752690430535	-4.28332564000316	-3.2254497117091	-2.17051020356587
-1.67068619311638	-4.26558630708709	-3.21354731795927	-2.15306799740762
-1.66384548192741	-4.25815585748229	-3.19983021372061	-2.16014213118941
-1.65700477073843	-4.22974056752708	-3.18444144623399	-2.14149255027528
-1.65016405954946	-4.2256528365654	-3.16932177128174	-2.12685875639167
-1.64332334836049	-4.19098227701986	-3.15948012464673	-2.11900531364
-1.63648263717152	-4.19183737664237	-3.14587374845831	-2.10182798217345
-1.62964192598254	-4.17843119720017	-3.13168158525934	-2.0937885621097
-1.62280121479357	-4.14513730408155	-3.11461618626344	-2.08045681847988
-1.6159605036046	-4.13827696986796	-3.10266721672523	-2.07468347399776
-1.60911979241563	-4.11642414402221	-3.09034250447872	-2.06048248747751
-1.60227908122665	-4.10310186394419	-3.07446469684813	-2.04444031478147
-1.59543837003768	-4.08103322408865	-3.06529260130149	-2.02588808014296
-1.58859765884871	-4.0824449449907	-3.0437336457374	-2.03544456390177
-1.58175694765974	-4.05675511005966	-3.03345618667511	-2.01394962940594
-1.57491623647076	-4.03877368687086	-3.01924582449915	-2.00359142918955
-1.56807552528179	-4.01251292625013	-3.00941382821057	-1.99214904720842
-1.56123481409282	-4.00037393079039	-2.99417490904094	-1.97880612567361
-1.55439410290384	-3.98883989758386	-2.97818562293603	-1.9806151233734
-1.54755339171487	-3.97216771050512	-2.96088324301115	-1.96229493630832
-1.5407126805259	-3.95869085529544	-2.95119747585802	-1.95857739869002
-1.53387196933693	-3.93417466776043	-2.93786608823015	-1.93294028514993
-1.52703125814795	-3.92800726419864	-2.92325741554171	-1.92822704623796
-1.52019054695898	-3.90499656278756	-2.91051276775788	-1.89973647380009
-1.51334983577001	-3.88706007751116	-2.89663492964648	-1.89796097648334
-1.50650912458104	-3.87635771567437	-2.88338540998258	-1.90043375219913
-1.49966841339206	-3.86610744078322	-2.87474508427204	-1.88139672320171
-1.49282770220309	-3.84752928103179	-2.85539443050559	-1.86070570739986
-1.48598699101412	-3.8231527569802	-2.84348416855203	-1.86244820107765
-1.47914627982515	-3.80839749241459	-2.82379790064588	-1.83935340397248
-1.47230556863617	-3.77869663018926	-2.81165037454098	-1.82278987278794
-1.4654648574472	-3.77601894522222	-2.80325910164681	-1.81492958518931
-1.45862414625823	-3.75093376216065	-2.78675556347518	-1.81375571994216
-1.45178343506926	-3.74066039259361	-2.77285855833798	-1.80287329474445
-1.44494272388028	-3.73627437285364	-2.76091331443516	-1.78960766207921
-1.43810201269131	-3.71389839432264	-2.74363642562976	-1.77653566995204
-1.43126130150234	-3.70796493586207	-2.72550355851802	-1.76557955327231
-1.42442059031336	-3.67385384991361	-2.71375048386625	-1.75288338553286
-1.41757987912439	-3.65248857372972	-2.70149625184213	-1.75469208791538
-1.41073916793542	-3.63674354084701	-2.6909026899605	-1.72502200777611
-1.40389845674645	-3.63344077258552	-2.67852767039305	-1.72856563541418
-1.39705774555747	-3.60535119712077	-2.65762881940737	-1.71617757863684
-1.3902170343685	-3.59480723966154	-2.64891191251671	-1.69572426654591
-1.38337632317953	-3.58512835025459	-2.63658832404882	-1.68400935099481
-1.37653561199056	-3.56336716053447	-2.62649255463435	-1.68794955604893
-1.36969490080158	-3.54310896086326	-2.60715159748145	-1.6715772006545
-1.36285418961261	-3.5384916404202	-2.5912506137917	-1.66144514896185
-1.35601347842364	-3.51313224824811	-2.57948913566549	-1.64192978494972
-1.34917276723467	-3.50607526963692	-2.56838027078148	-1.63119253812254
-1.34233205604569	-3.49124469888627	-2.55260548063146	-1.62515566439519
-1.33549134485672	-3.47312125065924	-2.53852657835767	-1.6032334611602
-1.32865063366775	-3.45604679594649	-2.52626232911196	-1.59093108570842
-1.32180992247878	-3.44463402870591	-2.51305993721816	-1.57605763422229
-1.3149692112898	-3.42894993917306	-2.49951979649569	-1.57890336359354
-1.30812850010083	-3.40637620060928	-2.485126462565	-1.57480882475662
-1.30128778891186	-3.3893443670843	-2.47433856004934	-1.54722518609183
-1.29444707772288	-3.37601961843666	-2.45683145554488	-1.54012773092727
-1.28760636653391	-3.35533256463181	-2.43845182826517	-1.52953630946082
-1.28076565534494	-3.33790369038737	-2.42882239936515	-1.51919267766933
-1.27392494415597	-3.3225926674104	-2.41251151214948	-1.50502063654797
-1.26708423296699	-3.30606839619265	-2.39859182367001	-1.48687455761356
-1.26024352177802	-3.30124715138293	-2.39134132815293	-1.48297329103504
-1.25340281058905	-3.28001375302991	-2.37498301740048	-1.4724763253689
-1.24656209940008	-3.26048688682156	-2.36139277292105	-1.45805709132875
-1.2397213882111	-3.23792325518245	-2.34350605268178	-1.45185634603226
-1.23288067702213	-3.22521697593093	-2.33427613853186	-1.42893816960848
-1.22603996583316	-3.20778898339695	-2.32243423885429	-1.42515006269719
-1.21919925464419	-3.19012518193832	-2.30914596981744	-1.40899902701896
-1.21235854345521	-3.18440982413274	-2.29308707795888	-1.4013632141366
-1.20551783226624	-3.16527861938113	-2.27840054071287	-1.3881835906356
-1.19867712107727	-3.14743868892559	-2.26662748950559	-1.38199787257057
-1.1918364098883	-3.1215289684424	-2.25144890580108	-1.37214872440326
-1.18499569869932	-3.11768950434436	-2.2356521803178	-1.3480949751106
-1.17815498751035	-3.1065314473947	-2.22109065622706	-1.34441329998646
-1.17131427632138	-3.08809232442224	-2.21425466522468	-1.34410155662277
-1.1644735651324	-3.05791171873959	-2.19417610110486	-1.32448505200698
-1.15763285394343	-3.05633883566211	-2.18082951608347	-1.30237927204919
-1.15079214275446	-3.0394329301311	-2.16274377659405	-1.30718103755595
-1.14395143156549	-3.01454551005758	-2.1581176852057	-1.29244589416947
-1.13711072037651	-3.00539605200507	-2.14110043247379	-1.27433372116289
-1.13027000918754	-2.98656098475051	-2.1243354988657	-1.26109966197166
-1.12342929799857	-2.98548939161828	-2.11508371304849	-1.25674335412488
-1.1165885868096	-2.95767617159375	-2.09684194246223	-1.24354329524907
-1.10974787562062	-2.94898101593793	-2.08768470990684	-1.23108265242047
-1.10290716443165	-2.92686616108263	-2.07203251523748	-1.22464746534616
-1.09606645324268	-2.91366744104203	-2.05694004405372	-1.21303000402577
-1.08922574205371	-2.90944926763624	-2.04618611458446	-1.1923501294272
-1.08238503086473	-2.8829695632797	-2.03139272717904	-1.18017031019811
-1.07554431967576	-2.86518098388772	-2.01672566206772	-1.17556808723302
-1.06870360848679	-2.84699129549718	-2.00471660065033	-1.15467906208335
-1.06186289729782	-2.84130387168558	-1.99214440036832	-1.13959612707128
-1.05502218610884	-2.81609403477355	-1.97591024104193	-1.13711887119664
-1.04818147491987	-2.80857376286689	-1.96196024554445	-1.12236250054588
-1.0413407637309	-2.78257932468908	-1.95023350782411	-1.11812577390305
-1.03450005254193	-2.77177114637676	-1.93339767876986	-1.09847229433526
-1.02765934135295	-2.75732076807085	-1.92117820411139	-1.09194354530959
-1.02081863016398	-2.73428611918193	-1.90746139306891	-1.08389938227587
-1.01397791897501	-2.72249451923408	-1.89030756123576	-1.06909606517529
-1.00713720778603	-2.70269338034766	-1.8800151619149	-1.05011387515969
-1.00029649659706	-2.68560665751976	-1.8693708346982	-1.04819797063466
-0.993455785408089	-2.671877811555	-1.85054960880267	-1.03135827510942
-0.986615074219117	-2.66581774774798	-1.83805183286951	-1.02301037600794
-0.979774363030144	-2.64909256369808	-1.82279976887625	-1.01024416535251
-0.972933651841172	-2.62563430858978	-1.80852342320629	-1.0015605308023
-0.966092940652199	-2.60989471786157	-1.79590060602735	-0.985694379332527
-0.959252229463226	-2.58952371284249	-1.78750058183764	-0.978873788440155
-0.952411518274254	-2.57207383202671	-1.76901234456054	-0.957140639474302
-0.945570807085281	-2.56431620625334	-1.75903841266333	-0.948709863949813
-0.938730095896308	-2.53473427461914	-1.7391841397025	-0.943230871153069
-0.931889384707336	-2.53375172228066	-1.72530816535007	-0.924283918733066
-0.925048673518363	-2.51851130520198	-1.71219834853974	-0.914159241748332
-0.918207962329391	-2.49502591344504	-1.70198253988721	-0.898997424531183
-0.911367251140418	-2.48751753604259	-1.68741243581779	-0.883584786721492
-0.904526539951445	-2.46696745212866	-1.67504073291903	-0.874071526457623
-0.897685828762473	-2.45347527311425	-1.65570265357541	-0.860937292458544
-0.8908451175735	-2.43904830333691	-1.6468327780132	-0.850572762702644
-0.884004406384527	-2.42014854132643	-1.63320586467367	-0.841462747770854
-0.877163695195555	-2.42168928934442	-1.6187771070336	-0.836695068736564
-0.870322984006582	-2.39703096440467	-1.60762850010366	-0.816287371443875
-0.863482272817609	-2.38956662785316	-1.59387883530725	-0.799730336504935
-0.856641561628637	-2.36590460231401	-1.57449240615084	-0.793394863233664
-0.849800850439664	-2.33766091629392	-1.56615024648646	-0.788048478802025
-0.842960139250692	-2.3292908400803	-1.55307965228499	-0.769412618287747
-0.836119428061719	-2.31177005542639	-1.53543669953586	-0.759648010277685
-0.829278716872746	-2.30360247589223	-1.52241967786092	-0.741499757417219
-0.822438005683774	-2.28820605885235	-1.50479933517716	-0.73167087118538
-0.815597294494801	-2.25770695929207	-1.49320508718715	-0.734154463495636
-0.808756583305829	-2.25427289420975	-1.48133749576127	-0.711111398483514
-0.801915872116856	-2.23930613805551	-1.46537027838559	-0.695693985064935
-0.795075160927883	-2.22107904123263	-1.4531219732363	-0.685013550907446
-0.788234449738911	-2.21583104303895	-1.44220778320505	-0.684059250083424
-0.781393738549938	-2.19017296167319	-1.42494164386267	-0.669268549758369
-0.774553027360965	-2.17575104260876	-1.41416720694063	-0.649686780130948
-0.767712316171993	-2.15765960100551	-1.39604341185039	-0.639297959729122
-0.76087160498302	-2.15532260960774	-1.38675870121691	-0.627189377662769
-0.754030893794047	-2.12640877254897	-1.36762192218329	-0.613553396221562
-0.747190182605075	-2.11217523531965	-1.36019253740066	-0.600989224049255
-0.740349471416102	-2.09897384853	-1.33985283416477	-0.587522791888842
-0.73350876022713	-2.08462051074584	-1.3272334462019	-0.580327589093459
-0.726668049038157	-2.05925137977111	-1.31828951879288	-0.566182518784837
-0.719827337849184	-2.04404827925198	-1.30329207258586	-0.552131425795165
-0.712986626660212	-2.04178231193771	-1.29037527454948	-0.542528778933548
-0.706145915471239	-2.03194218234639	-1.2753132807808	-0.530416808505487
-0.699305204282267	-2.00428319105269	-1.26165573699984	-0.517873256931929
-0.692464493093294	-1.99404646519151	-1.24720717497803	-0.501041028296299
-0.685623781904321	-1.9851881480711	-1.23296976249442	-0.495416961615655
-0.678783070715349	-1.96399011136495	-1.21952563080198	-0.488493096883043
-0.671942359526376	-1.93952320544131	-1.20809603286923	-0.467740110077494
-0.665101648337403	-1.93225530045193	-1.19300925652319	-0.447545219638536
-0.658260937148431	-1.90715927506275	-1.17583827414901	-0.447776996306658
-0.651420225959458	-1.89431409574104	-1.1660068633825	-0.436606234112539
-0.644579514770485	-1.89011173972278	-1.1510475325779	-0.420024977335014
-0.637738803581513	-1.87526100723853	-1.13607348870772	-0.412386974639355
-0.63089809239254	-1.86455274650575	-1.12558658080508	-0.39632305466536
-0.624057381203567	-1.84235098723505	-1.10863232695358	-0.381599760009728
-0.617216670014595	-1.81508752006794	-1.09724855202066	-0.373343116600398
-0.610375958825622	-1.80243975821292	-1.08534019696002	-0.363867832165833
-0.60353524763665	-1.79781366557708	-1.0684301890429	-0.35876696726968
-0.596694536447677	-1.78282655845384	-1.05522832558242	-0.346646625339621
-0.589853825258704	-1.77858688069324	-1.04026280082902	-0.325700399222378
-0.583013114069732	-1.74720499465405	-1.02626436625341	-0.309950437319607
-0.576172402880759	-1.73669088231591	-1.01317703734113	-0.299029789888327
-0.569331691691787	-1.72051432416632	-1.00020108458355	-0.284726721610103
-0.562490980502814	-1.6995920046568	-0.988243913900483	-0.273491481757274
-0.555650269313841	-1.69076421491149	-0.975503958209615	-0.258551364187893
-0.548809558124869	-1.68068687178272	-0.957672355702967	-0.247988144554163
-0.541968846935896	-1.66213429519479	-0.943209676948641	-0.237204238652162
-0.535128135746923	-1.6395430663003	-0.927749156711413	-0.21852590907773
-0.528287424557951	-1.62046349710082	-0.917677727550785	-0.201952985359727
-0.521446713368978	-1.60825522588039	-0.906743736408372	-0.196516491964456
-0.514606002180005	-1.59944608867118	-0.890482080543126	-0.186084720540761
-0.507765290991033	-1.58685964165818	-0.878331515831493	-0.176571348137252
-0.50092457980206	-1.57135027751393	-0.863870205827448	-0.15986627587361
-0.494083868613088	-1.54255617698025	-0.851639442655863	-0.147077555055753
-0.487243157424115	-1.53217183197004	-0.83455643368492	-0.143046541438956
-0.480402446235142	-1.51698816123523	-0.817829172792971	-0.117902869666368
-0.47356173504617	-1.51164968791622	-0.813015219665692	-0.107374970925156
-0.466721023857197	-1.48492547448859	-0.797788305353956	-0.102935154138098
-0.459880312668224	-1.48092908821406	-0.783497757468144	-0.0825931270192619
-0.453039601479252	-1.47427641416282	-0.767123494699692	-0.071341043275806
-0.446198890290279	-1.45451298994688	-0.751822598884028	-0.0606583994343557
-0.439358179101307	-1.43757341070581	-0.740470364230715	-0.0398424159336586
-0.432517467912334	-1.42309305334575	-0.72739150771447	-0.0248765085935433
-0.425676756723361	-1.40912991752472	-0.708703286269762	-0.0211203759409517
-0.418836045534389	-1.38497568722297	-0.700793256382653	-0.0138782633976087
-0.411995334345416	-1.37200015926925	-0.683742286221404	-0.00135086887458186
-0.405154623156443	-1.35607005973805	-0.669738791599912	0.0170586066789828
-0.398313911967471	-1.34514216424243	-0.653513862090201	0.0289314635618818
-0.391473200778498	-1.32911925527708	-0.642161560082096	0.0333566731132905
-0.384632489589525	-1.31753484662586	-0.625006136223091	0.0510717523507761
-0.377791778400553	-1.29930937567202	-0.615826056989254	0.0738718986717256
-0.37095106721158	-1.28898759518513	-0.604227906840101	0.0853012808191971
-0.364110356022608	-1.27394979323935	-0.587743375620354	0.0900310057535241
-0.357269644833635	-1.25094677456369	-0.57029986177631	0.1057261228485
-0.350428933644662	-1.24911855865896	-0.562866558466324	0.120412235883841
-0.34358822245569	-1.22535769705951	-0.544050941447164	0.12838626398016
-0.336747511266717	-1.2091046485474	-0.527834298029412	0.148816700340597
-0.329906800077745	-1.19675541475328	-0.516504779486974	0.159835529278572
-0.323066088888772	-1.19143714288583	-0.501477702811956	0.173578247034393
-0.316225377699799	-1.1734578171693	-0.49066044823446	0.186712319272413
-0.309384666510827	-1.16141193845672	-0.476773851032193	0.188249745180035
-0.302543955321854	-1.13791120950095	-0.467099871817237	0.212307081757517
-0.295703244132881	-1.13490368610655	-0.450566784268565	0.221503537693469
-0.288862532943909	-1.11141953405222	-0.439853132672032	0.240230765703562
-0.282021821754936	-1.09316618955937	-0.424555840099219	0.247822762290263
-0.275181110565964	-1.08369672274561	-0.406429552468285	0.27533521033718
-0.268340399376991	-1.0676888829606	-0.398056770522215	0.27362417164684
-0.261499688188018	-1.05869491547948	-0.386072271202243	0.287812997365682
-0.254658976999046	-1.03835317756822	-0.368832485575682	0.295487899003085
-0.247818265810073	-1.03026000398979	-0.355492362500507	0.311793954419327
-0.2409775546211	-1.00731086434463	-0.344811214487578	0.322109810114804
-0.234136843432128	-0.994601743645448	-0.328011804933404	0.341843467259434
-0.227296132243155	-0.983889147836704	-0.314478602886035	0.3665823486808
-0.220455421054182	-0.970956801669313	-0.301323644031865	0.361341715130408
-0.21361470986521	-0.962129625825846	-0.287263818277445	0.388620293467424
-0.206773998676237	-0.949952576457556	-0.272913015031555	0.39645139419714
-0.199933287487265	-0.932119335774103	-0.262108514382505	0.41096014792748
-0.193092576298292	-0.91360291567525	-0.243381109355452	0.417020871705758
-0.186251865109319	-0.901155647592446	-0.228200032615446	0.431165818473605
-0.179411153920347	-0.880644030426891	-0.218115695439709	0.45506624163715
-0.172570442731374	-0.874030058855247	-0.205570890644287	0.474067521145409
-0.165729731542402	-0.855048885303866	-0.190301440441586	0.476709720315493
-0.158889020353429	-0.84419304387087	-0.175761918383724	0.489208474949152
-0.152048309164456	-0.818873589742832	-0.162580846310772	0.499127150619134
-0.145207597975484	-0.809599318185372	-0.147949330154279	0.515915885762556
-0.138366886786511	-0.795108081240407	-0.136208226837061	0.533988607409486
-0.131526175597538	-0.783400563115883	-0.120179943732851	0.541723898778234
-0.124685464408566	-0.782475867286967	-0.104409141093267	0.553594519890042
-0.117844753219593	-0.756577760921359	-0.0928233846058894	0.573452974080067
-0.11100404203062	-0.751370380763103	-0.0813143412969509	0.585522423819239
-0.104163330841648	-0.730534040431099	-0.0643993219087983	0.598022574567568
-0.0973226196526753	-0.710003306002906	-0.0533000462838509	0.614859995475857
-0.0904819084637025	-0.693662414918192	-0.0389327552949129	0.625695430364772
-0.08364119727473	-0.6973610230976	-0.0213288080352409	0.634734174691836
-0.0768004860857574	-0.669993940562845	-0.0127149209487674	0.650971482110699
-0.0699597748967846	-0.659007440991655	0.00321814471685481	0.666197516606547
-0.0631190637078121	-0.642331766623631	0.0152076147233926	0.677945528779665
-0.0562783525188395	-0.628515706613744	0.0298170514172277	0.695653876478239
-0.0494376413298667	-0.61557734262749	0.0414134773502152	0.713221453291205
-0.0425969301408942	-0.600244796871893	0.0552907577997829	0.720814089072748
-0.0357562189519216	-0.596284516710729	0.0723886510156984	0.731482008653986
-0.0289155077629488	-0.579198731571313	0.0827582911652813	0.749311645203859
-0.0220747965739763	-0.563812089417193	0.10019051625183	0.7592421945131
-0.0152340853850037	-0.55141312426193	0.114948848388949	0.775290253934598
-0.00839337419603114	-0.537612962109261	0.124797281461777	0.791573124656424
-0.00155266300705836	-0.527396537647496	0.138789289267663	0.803427940092348
0.0052880481819142	-0.511433909831262	0.150560768612476	0.81268357060084
0.0121287593708868	-0.4910049902744	0.167360335541518	0.825205068625604
0.0189694705598595	-0.484462561778072	0.181960233044229	0.840035615593574
0.0258101817488321	-0.48146839014677	0.192443686017596	0.864116945984575
0.0326508929378047	-0.463112845767275	0.209816347363061	0.866551809608865
0.0394916041267774	-0.450524189568722	0.224613315853186	0.881485754999491
0.04633231531575	-0.434228456440384	0.23338186078132	0.901990519781136
0.0531730265047226	-0.411077551234274	0.252642730297326	0.912462679153684
0.0600137376936953	-0.400581562095689	0.264054207165915	0.917520494637729
0.0668544488826679	-0.39765948213014	0.276837050169728	0.936323999406116
0.0736951600716405	-0.374361622732173	0.291104656120485	0.959071394764982
0.080535871260613	-0.367428553528228	0.306799732149128	0.960245427702372
0.0873765824495858	-0.352364719349955	0.318017917534431	0.978173228662445
0.0942172936385584	-0.340400214891884	0.331877683231235	0.995851470944182
0.101058004827531	-0.321520742723909	0.341258399458473	1.00447985164336
0.107898716016503	-0.310096277354556	0.356655185242965	1.02455165251981
0.114739427205476	-0.30297974222126	0.375128922608813	1.03293466114936
0.121580138394449	-0.288331175520773	0.387727166638453	1.05099495865996
0.128420849583422	-0.2692630311862	0.400779444463258	1.06316571021912
0.135261560772394	-0.254954536267692	0.411072874124825	1.0744157678351
0.142102271961367	-0.240332529429038	0.429921745550571	1.09172850840969
0.148942983150339	-0.228489156424921	0.444227509823893	1.10650090478393
0.155783694339312	-0.205990771704634	0.456964725203442	1.12091712971223
0.162624405528285	-0.194570615487304	0.475501357002734	1.13092203503797
0.169465116717257	-0.182501465758753	0.483989859739008	1.14476882523112
0.17630582790623	-0.170206611344494	0.497341260681635	1.1704015784418
0.183146539095203	-0.166489051544693	0.512511239751239	1.18221422393917
0.189987250284175	-0.153159351979952	0.521426395544901	1.18666697416484
0.196827961473148	-0.133458137823132	0.540393124186775	1.21004243544635
0.203668672662121	-0.12357926714308	0.550436243576625	1.22278459492681
0.210509383851093	-0.109339104448431	0.565941494257337	1.2385605826514
0.217350095040066	-0.0914407393230562	0.578981196473403	1.24922002625978
0.224190806229038	-0.0801007786583446	0.593742450530823	1.26081044757101
0.231031517418011	-0.0714193616623356	0.609041680246697	1.28233443904058
0.237872228606983	-0.055949217403664	0.621702067348312	1.29677604577308
0.244712939795956	-0.0484480871842727	0.632078577073592	1.30803806804817
0.251553650984929	-0.023664792265267	0.646799933315952	1.33272796999169
0.258394362173902	-0.025882714308911	0.660154079068965	1.33752858895058
0.265235073362874	0.00349955205119704	0.673120568403739	1.34705475783126
0.272075784551847	0.00880070364437676	0.689693018888373	1.36196955569338
0.278916495740819	0.0211277230720205	0.700511613511382	1.3727996636374
0.285757206929792	0.043322074844145	0.718223588318123	1.39838375790294
0.292597918118765	0.0503760050687527	0.730287936880254	1.41101747413062
0.299438629307737	0.0563668630582481	0.743382141182638	1.41008393489947
0.30627934049671	0.0594871355704247	0.755479506026681	1.43843837610093
0.313120051685682	0.0811421965454167	0.772376337319619	1.45305824656952
0.319960762874655	0.10027270199563	0.786708611170071	1.46889371299777
0.326801474063628	0.125550236110125	0.800426457725196	1.47623608233656
0.3336421852526	0.124387979695162	0.813961641241129	1.50162452993848
0.340482896441573	0.142013607882524	0.82302436541304	1.51182959228577
0.347323607630546	0.155349494880237	0.840319018112495	1.5226301143181
0.354164318819518	0.167207983468136	0.849743940867097	1.53991270223268
0.361005030008491	0.172899422215347	0.868950246859912	1.55654468724368
0.367845741197463	0.19981923167753	0.879733522245442	1.56327667707469
0.374686452386436	0.19788182364273	0.893726117979771	1.58164515521495
0.381527163575409	0.221455272673154	0.910348005089942	1.6076314454084
0.388367874764382	0.233839750689717	0.923715637275473	1.61139721193253
0.395208585953354	0.23906330075154	0.937659463544751	1.61971861806894
0.402049297142327	0.254829600148285	0.945260456843714	1.65293052316596
0.408890008331299	0.270291442135832	0.962645098940136	1.66002766055804
0.415730719520272	0.278404816640183	0.9711107752151	1.6760345419513
0.422571430709244	0.285539546303548	0.992602624547888	1.69259469380066
0.429412141898217	0.303920437038295	1.00497570485094	1.70014517876666
0.43625285308719	0.313572633056294	1.02357127205246	1.71643101492728
0.443093564276162	0.333103878713759	1.030704584831	1.73556859926887
0.449934275465135	0.348871102003827	1.04366197367316	1.74846517010068
0.456774986654108	0.350797026013919	1.06077004452857	1.77023785384964
0.46361569784308	0.374681382678497	1.06963094832487	1.77000834711483
0.470456409032053	0.377943715666947	1.08923688137043	1.79368835572146
0.477297120221026	0.398310586631185	1.10242781196312	1.81285098676921
0.484137831409998	0.405850082775562	1.11526571289459	1.83034205715984
0.490978542598971	0.42168428771607	1.13185040698645	1.84197711513447
0.497819253787943	0.440010501596653	1.14223156581866	1.85096627227852
0.504659964976916	0.445376109451253	1.15705483609731	1.86696552387666
0.511500676165888	0.451042249819255	1.16887775583706	1.88194825436007
0.518341387354861	0.470769070354668	1.18253801847073	1.89662601414185
0.525182098543834	0.475261073413068	1.19603810034585	1.91018628590357
0.532022809732807	0.494095792239822	1.20981256048248	1.92760895126474
0.538863520921779	0.516307982674812	1.22331395331983	1.94768258285661
0.545704232110752	0.523212695031483	1.2401130163886	1.96488372774457
0.552544943299724	0.540878811380788	1.25526764428672	1.96343400415449
0.559385654488697	0.550105784516286	1.26607043316529	1.98588577156047
0.56622636567767	0.552666014222406	1.28129286461352	2.00389927511298
0.573067076866642	0.572022648750577	1.29564546962307	2.01080389897054
0.579907788055615	0.589181120793687	1.31049630383403	2.03540772503797
0.586748499244587	0.587578246080781	1.32103611809557	2.03630934909349
0.59358921043356	0.602754262383744	1.33687767050597	2.0681081157805
0.600429921622533	0.631957606071218	1.34977129158391	2.08450052160706
0.607270632811506	0.633455418793003	1.36069244810394	2.08882357100888
0.614111344000478	0.642125549060944	1.37328751078287	2.09993795559723
0.620952055189451	0.658243926621895	1.3914269823051	2.12302493690018
0.627792766378423	0.667318448522909	1.40456965616231	2.12657598198419
0.634633477567396	0.685033501614425	1.41599062904066	2.15001556677046
0.641474188756368	0.690190788373769	1.43081949408471	2.17585018412756
0.648314899945341	0.702959641125652	1.44070711152471	2.17924799593964
0.655155611134314	0.713864557666166	1.45839246080809	2.19266771062045
0.661996322323287	0.735396928561268	1.47540863751205	2.21777640837005
0.668837033512259	0.739080046466914	1.48247279051897	2.23187391585851
0.675677744701232	0.760413915219347	1.50038682463237	2.24420058211171
0.682518455890204	0.771054888671682	1.51511435995678	2.25647604007402
0.689359167079177	0.782946466453387	1.52779605795642	2.27142076511369
0.69619987826815	0.789213593466119	1.54304699061596	2.29269790914698
0.703040589457122	0.79186612772091	1.55149973708196	2.3068304423234
0.709881300646095	0.805883157617158	1.56892309708367	2.31496797864423
0.716722011835067	0.822915114862338	1.58110177716737	2.33730114222606
0.72356272302404	0.837101016449259	1.59530988822183	2.3490745111464
0.730403434213013	0.848628027633092	1.61091060205364	2.36798403834548
0.737244145401986	0.863311205681144	1.6247070800511	2.38693631284344
0.744084856590958	0.879300701845775	1.63592049243481	2.38906230248974
0.750925567779931	0.868582942892179	1.65148624102187	2.40582798825167
0.757766278968903	0.898880329182604	1.65973932266487	2.4351022464434
0.764606990157876	0.917679729409187	1.68464985174753	2.44157107894623
0.771447701346848	0.933310944922474	1.69270917920588	2.45691744107349
0.778288412535821	0.942517413603963	1.70644156821185	2.47574293626806
0.785129123724794	0.941273716403227	1.71982924065636	2.48138465010564
0.791969834913766	0.952199259161183	1.73489742674161	2.51275959032595
0.798810546102739	0.971859650311877	1.74456464538424	2.53387559741339
0.805651257291712	0.979551142303144	1.7571343219118	2.53111411994449
0.812491968480684	0.997273390008732	1.77763862767544	2.55475054428219
0.819332679669657	1.00844502606358	1.78762437910748	2.56781438163715
0.82617339085863	1.01913721032255	1.80094953490914	2.5905274269377
0.833014102047602	1.01745750658314	1.81175302619836	2.59344498082486
0.839854813236575	1.03729291811933	1.82738793871533	2.61833865304145
0.846695524425547	1.04922364497708	1.84458693706413	2.64301728340534
0.85353623561452	1.05847857695906	1.8598755387803	2.65134913655095
0.860376946803493	1.08253332213755	1.8705381802746	2.66626961950638
0.867217657992465	1.09054028555018	1.88829755382432	2.67912388095391
0.874058369181438	1.10411457423878	1.90013965406629	2.68712776074415
0.880899080370411	1.11721344175649	1.90799384069394	2.70087668690054
0.887739791559383	1.12556958727914	1.92544016087739	2.72084265929652
0.894580502748356	1.13565769258915	1.93757453502948	2.74476050064577
0.901421213937328	1.15448667227855	1.95103696415109	2.7559413413121
0.908261925126301	1.16589024108878	1.97054059959281	2.775738340182
0.915102636315274	1.17174131887401	1.97949611900087	2.7782808587548
0.921943347504246	1.18960793277259	1.99790749677221	2.80671013822382
0.928784058693219	1.20189259274411	2.00709638871394	2.8235513247778
0.935624769882192	1.20641613214224	2.02027899525992	2.83298429156852
0.942465481071164	1.22300431674815	2.03455472197414	2.85058075659578
0.949306192260137	1.23556225955205	2.04937365876334	2.87286468852105
0.956146903449109	1.24080093007911	2.06256788714381	2.88435224203599
0.962987614638082	1.2527405475923	2.07703604460387	2.89731926701242
0.969828325827055	1.27123939326356	2.09032775638636	2.91671921299359
0.976669037016027	1.28766298076874	2.10579078349666	2.92986869340055
0.983509748205	1.28751438173302	2.11561660675369	2.95004872012626
0.990350459393972	1.30478435700066	2.13244131177018	2.96045220151306
0.997191170582945	1.31260946945136	2.1424020089991	2.97476502197169
1.00403188177192	1.33337526722102	2.15723569872841	3.00217438473658
1.01087259296089	1.33180726284482	2.17612534365081	3.00633536595907
1.01771330414986	1.33893140263885	2.1934753061383	3.0307360588313
1.02455401533884	1.36637489930445	2.20249805889697	3.03707767953999
1.03139472652781	1.36927015133236	2.21787282423933	3.05690948189926
1.03823543771678	1.38879465586234	2.22800572969191	3.07038454791765
1.04507614890575	1.3915907569451	2.2406551842072	3.09415529674125
1.05191686009473	1.40337664106354	2.25319226499168	3.091979639875
1.0587575712837	1.42881271755185	2.27074007138275	3.11668412242826
1.06559828247267	1.42543298577393	2.28459534220155	3.14087122191239
1.07243899366164	1.43701542902918	2.29848779510533	3.14730536119941
1.07927970485062	1.45488666891119	2.31035211136257	3.16921232779655
1.08612041603959	1.45929040676255	2.32450620190048	3.17618023081013
1.09296112722856	1.47359952198405	2.33798091689466	3.20985304423771
1.09980183841753	1.50183379613622	2.35036686230182	3.21607980634795
1.10664254960651	1.50571452449385	2.36999248567558	3.22815831794305
1.11348326079548	1.50554176858879	2.37548298875994	3.25487506201456
1.12032397198445	1.53422477280239	2.38968014861994	3.25715627358949
1.12716468317342	1.54750815252972	2.41071757366072	3.279935940596
1.1340053943624	1.5458532514627	2.42426163287535	3.30025327903193
1.14084610555137	1.5466575663577	2.43282423240182	3.30477416630671
1.14768681674034	1.56035266055802	2.4489182880115	3.31705657638045
1.15452752792932	1.58489326199294	2.46259826313029	3.34223242275474
1.16136823911829	1.5782119849871	2.4737912502504	3.36552274502698
1.16820895030726	1.60187688136459	2.49121743092987	3.36736496572745
1.17504966149623	1.61633784968401	2.50405066472297	3.38182640180711
1.18189037268521	1.62309651188316	2.51679977462535	3.41047349021018
1.18873108387418	1.63684950477249	2.53115869597201	3.41565882197107
1.19557179506315	1.65370698452992	2.54233988316237	3.43080745383327
1.20241250625212	1.66344270931457	2.55767965472858	3.45259411485459
1.2092532174411	1.66786098030077	2.57314172908824	3.47457404121507
1.21609392863007	1.68455293182344	2.58593318338162	3.4817495868737
1.22293463981904	1.69288856353098	2.59867717283488	3.4975796280851
1.22977535100801	1.72400091103787	2.61344622338934	3.51472920915645
1.23661606219699	1.71534838666006	2.62609130668354	3.5321490213566
1.24345677338596	1.7224329746672	2.64038380675418	3.5528313172131
1.25029748457493	1.73553904986826	2.65604231653359	3.56138114556278
1.2571381957639	1.75458384044203	2.6687361266594	3.57482681366099
1.26397890695288	1.76909811948196	2.68031678376994	3.60081056945359
1.27081961814185	1.76141242716699	2.6974228639655	3.61883547671841
1.27766032933082	1.79392337354405	2.70710895429789	3.62849095072197
1.2845010405198	1.80795208086273	2.72704929793255	3.65232773999135
1.29134175170877	1.80309405516549	2.73668296414924	3.65050513718852
1.29818246289774	1.81817122905505	2.74734830032821	3.68376887218966
1.30502317408671	1.83414012522753	2.76104504873192	3.6887719304846
1.31186388527569	1.85404854296414	2.77893499679857	3.71340154812143
1.31870459646466	1.85225176878598	2.79463260061774	3.71723173908953
1.32554530765363	1.87175300950609	2.80293217115684	3.73758717522025
1.3323860188426	1.87504391814729	2.81944960153737	3.75878089110859
1.33922673003158	1.89306391567896	2.83202133986115	3.76962096186072
1.34606744122055	1.8952635569092	2.84878069217065	3.78388074072842
1.35290815240952	1.91605540207008	2.85788401997632	3.80549137057762
1.35974886359849	1.92754431367003	2.87349066776559	3.81706629756042
1.36658957478747	1.94256387508789	2.88539234636313	3.83151181630694
1.37343028597644	1.9514112728296	2.90508556801751	3.86041975696217
1.38027099716541	1.94971554898308	2.91594548440417	3.85821211278327
1.38711170835438	1.96929842642242	2.93153598924776	3.88549592974152
1.39395241954336	1.96866478380926	2.94409847855957	3.88633896120099
1.40079313073233	1.99950598077675	2.95353435697636	3.9106069119064
1.4076338419213	2.01009251879251	2.97428349559981	3.92890549011248
1.41447455311028	2.00949592262175	2.98673363279334	3.96090731044019
1.42131526429925	2.02680063073158	3.00105921247896	3.97857063522872
1.42815597548822	2.03333648100839	3.01096189801112	3.98125933081169
1.43499668667719	2.04517622150527	3.02528336750754	3.98664587332289
1.44183739786617	2.05975405279178	3.03776890149731	4.01021026816249
1.44867810905514	2.06916952725761	3.04972252065999	4.02368319583546
1.45551882024411	2.07963699898887	3.06757978243938	4.04141531131477
1.46235953143308	2.0807189508654	3.08028501930479	4.06895784028741
1.46920024262206	2.09422115462613	3.09253081844074	4.07263000825735
1.47604095381103	2.12077555193739	3.10623964143291	4.11068154832558
1.482881665	2.13159745584575	3.12064520307853	4.11021535038916
1.48972237618897	2.14692089701779	3.12964721729429	4.13027357148485
1.49656308737795	2.1471580639396	3.15219529454667	4.15324640412517
1.50340379856692	2.16189517380317	3.16195387672892	4.16471168637212
1.51024450975589	2.17601229250939	3.17906802203574	4.17669546164337
1.51708522094486	2.17750113303231	3.18889706611542	4.18947872827885
1.52392593213384	2.19355222951108	3.20477706586168	4.20836260349323
1.53076664332281	2.20549082774704	3.21688643162574	4.24086893482724
1.53760735451178	2.2206976389587	3.22904739976186	4.2467855815455
1.54444806570076	2.21022897856501	3.25109680793719	4.26217679491123
1.55128877688973	2.23721331917549	3.26025515070821	4.27000576019639
1.5581294880787	2.2523448859908	3.27327256225142	4.28554289578487
1.56497019926767	2.26075746448371	3.28802540304913	4.30055972298575
1.57181091045665	2.27496890611218	3.29872813695938	4.32608644437767
1.57865162164562	2.28199848034794	3.31343603483086	4.34140090439235
1.58549233283459	2.29148258444374	3.33058006100667	4.34635610525854
1.59233304402356	2.29698559880795	3.3409836569234	4.37718165309283
1.59917375521254	2.32408601193952	3.35216040103137	4.38422133107563
1.60601446640151	2.3281054476826	3.36657353338875	4.40421774958929
1.61285517759048	2.33634770356853	3.38280140922496	4.41561981992779
1.61969588877945	2.33609367076031	3.39768551450834	4.43942219618522
1.62653659996843	2.34986439756497	3.4085814905142	4.46827234176817
1.6333773111574	2.37494806515248	3.42720005765981	4.46848660874573
1.64021802234637	2.38681300500641	3.43540999409325	4.48318882005904
1.64705873353534	2.39738099763708	3.449877009455	4.49320564423179
1.65389944472432	2.40134134170241	3.46107783140536	4.5154896798425
1.66074015591329	2.42865091220396	3.47845735790942	4.52890582594119
1.66758086710226	2.42426011282056	3.4921286018211	4.55469575088475
1.67442157829124	2.44745099562231	3.5073291236618	4.5781245692259
1.68126228948021	2.45058929206873	3.523090796574	4.58824237298714
1.68810300066918	2.4668651596681	3.53632610588333	4.62213233102681
1.69494371185815	2.46226837079234	3.54752102969003	4.62051890833035
1.70178442304713	2.48894372925798	3.56217293527404	4.63955307072514
1.7086251342361	2.48585410636633	3.57446020332208	4.63805249631804
1.71546584542507	2.50311243452319	3.58644477855011	4.66117714154087
1.72230655661404	2.51652354519136	3.60895540583455	4.69097461596337
1.72914726780302	2.51562255248809	3.62294704432586	4.69030444213919
1.73598797899199	2.53721002885024	3.6271430414194	4.72631175680509
1.74282869018096	2.53925488141476	3.6456317000023	4.7284299198587
1.74966940136993	2.56011026586097	3.66204635050225	4.75789193704126
1.75651011255891	2.57423030778474	3.66588036062616	4.76993013842849
1.76335082374788	2.5802082547169	3.68597016791186	4.77906392259661
1.77019153493685	2.58716041493247	3.69587934497128	4.80154941211886
1.77703224612582	2.60034724873195	3.7059943926219	4.82547324485843
1.7838729573148	2.62251519181976	3.72414619095721	4.83420273334477
1.79071366850377	2.62793658696214	3.74496609630408	4.85319651820832
1.79755437969274	2.628742368856	3.75540700155599	4.86631992614148
1.80439509088172	2.65660452652637	3.7665540084752	4.86866863882358
1.81123580207069	2.66806987478461	3.78149544532278	4.89436904351177
1.81807651325966	2.67312738179584	3.79503807435102	4.9137745666114
1.82491722444863	2.69565721842719	3.80620964575262	4.92289063641654
1.83175793563761	2.69090410486813	3.82160214987873	4.94213086206607
1.83859864682658	2.71846997151906	3.8373782527555	4.95405131884462
1.84543935801555	2.71625322921619	3.84745735537129	4.98336551166878
1.85228006920452	2.72733480696031	3.86307208958947	5.00923477427862
1.8591207803935	2.73493696005052	3.87502021141936	5.00802708729142
1.86596149158247	2.73454955216295	3.88709270609291	5.02786369659214
1.87280220277144	2.77161935763088	3.90573987455595	5.06110667359504
1.87964291396041	2.76636257805605	3.91770603991096	5.06091845387627
1.88648362514939	2.77076786898845	3.9323097354548	5.09148596056249
1.89332433633836	2.79283132678471	3.94422265637759	5.09988569059605
1.90016504752733	2.79918158476448	3.95914128896062	5.10118439663524
1.9070057587163	2.80545769767926	3.97446156118234	5.13040711117523
1.91384646990528	2.82478165515846	3.98841727259231	5.14669180127373
1.92068718109425	2.84389527911307	4.00123315289461	5.15980510108222
1.92752789228322	2.84592301897261	4.01906075656787	5.18263707197441
1.9343686034722	2.86056494688473	4.02857836385652	5.20898576677992
1.94120931466117	2.85796391635659	4.04040297947133	5.21999376571522
1.94805002585014	2.88023136910146	4.05221903260754	5.24516868017577
1.95489073703911	2.89523394767419	4.07402652606414	5.25597734502293
1.96173144822809	2.89606732071623	4.08022299853868	5.25593373853423
1.96857215941706	2.91618491511928	4.09511534460842	5.27847247893311
1.97541287060603	2.92844572682755	4.10935201164739	5.30035680355606
1.982253581795	2.93936489691056	4.12919054405413	5.31366937996081
1.98909429298398	2.94563161616054	4.1372116287155	5.32138184647788
1.99593500417295	2.96469699899227	4.14983240038277	5.35381384468154
2.00277571536192	2.96306513694716	4.16346917548098	5.36154852813193
2.00961642655089	2.98522865461572	4.1767335674533	5.38047888234661
2.01645713773987	2.9786822370826	4.19559578952078	5.40332556736643
2.02329784892884	2.9869041555749	4.21012155359952	5.40706123428668
2.03013856011781	2.99726764657404	4.21845083496428	5.42750517677851
2.03697927130678	3.02183668787793	4.233974648329	5.4446854972482
2.04381998249576	3.0379817426834	4.24855284817364	5.45603834245436
2.05066069368473	3.04907925187144	4.26397462601868	5.47895729456739
2.0575014048737	3.04675785654516	4.27438344501599	5.49938767062055
2.06434211606267	3.06621294987207	4.2946352714251	5.52088205020748
2.07118282725165	3.09000423425535	4.30626132219459	5.53466794178921
2.07802353844062	3.09382856856062	4.31622500543121	5.54655323734191
2.08486424962959	3.09224323658606	4.32377574593726	5.55961643354393
2.09170496081857	3.11467142297452	4.34732862734607	5.57738954535104
2.09854567200754	3.12208572478688	4.35862736641593	5.5912859314064
2.10538638319651	3.12149359395504	4.37137558050035	5.61608510661779
2.11222709438548	3.14454432066003	4.38217237154518	5.63060413560926
2.11906780557446	3.1644680028866	4.40032999687742	5.6484668918722
2.12590851676343	3.15378734534075	4.41672547090567	5.64973058540051
2.1327492279524	3.18355121307188	4.42895995481122	5.67512458496222
2.13958993914137	3.17426602328437	4.44240990163797	5.68996827636638
2.14643065033035	3.19344204892748	4.45613772494316	5.71236708385714
2.15327136151932	3.20110295199722	4.46495549065675	5.71417184785344
2.16011207270829	3.22468279210587	4.47759151430612	5.74731929203857
2.16695278389726	3.23907290417884	4.49231519127136	5.76188258483808
2.17379349508624	3.24131193368542	4.50827494064966	5.77831938109285
2.18063420627521	3.2450834252249	4.52270213771903	5.79804183742934
2.18747491746418	3.24831869444516	4.53235377901978	5.80824271512385
2.19431562865316	3.27138404332322	4.54726350620745	5.83540417174445
2.20115633984213	3.28818344980918	4.56373740394687	5.85007506863699
2.2079970510311	3.29188310572929	4.57766177095218	5.86646965200323
2.21483776222007	3.30346883583003	4.58912897106682	5.87686705276774
2.22167847340905	3.31400696305343	4.60604744154124	5.8958681597662
2.22851918459802	3.33389449436889	4.62106028185054	5.91602948489453
2.23535989578699	3.33244057111275	4.62951185567747	5.9271685596211
2.24220060697596	3.33515407886943	4.64063426171824	5.9416410044699
2.24904131816494	3.35832438521993	4.66164112445592	5.95019724182062
2.25588202935391	3.37262336486378	4.67639542237076	5.98366434750363
2.26272274054288	3.37613605397333	4.68630590620257	5.99349372606565
2.26956345173185	3.38728196157408	4.69861403123807	6.0117257635426
2.27640416292083	3.40922538655174	4.71316510298558	6.03081504162433
2.2832448741098	3.42047121981657	4.72068525357993	6.04423091035132
2.29008558529877	3.42735358559904	4.74195665535847	6.05646978183057
2.29692629648774	3.4377973699016	4.75786181235165	6.0838009914335
2.30376700767672	3.43877197941514	4.76590758896887	6.09534185236118
2.31060771886569	3.46582017470764	4.78177604724802	6.10722809447557
2.31744843005466	3.47904153495598	4.79861148000166	6.13015535322436
2.32428914124364	3.48152413501045	4.81331789455348	6.15273251003725
2.33112985243261	3.48897996845434	4.82468036447282	6.15918449876558
2.33797056362158	3.49076472243819	4.84171217011385	6.18873731138462
2.34481127481055	3.50955278614004	4.8453323954238	6.19811287692218
2.35165198599953	3.50618348446187	4.86659873217644	6.20979450612347
2.3584926971885	3.53747134027128	4.88068422497706	6.21211413313472
2.36533340837747	3.53616367880519	4.89770190713992	6.23711780148792
2.37217411956644	3.55997702200451	4.91058852093349	6.24514022151614
2.37901483075542	3.56592963764673	4.92328105313649	6.28272573055521
2.38585554194439	3.57310264592005	4.93651181368712	6.28961894901673
2.39269625313336	3.58536364316498	4.94911217328284	6.31097617387797
2.39953696432233	3.59693844539142	4.96353570997206	6.32410443112304
2.40637767551131	3.60491586343613	4.97229247397434	6.33216626643638
2.41321838670028	3.62056062910389	4.99150831208152	6.36081565733918
2.42005909788925	3.62411434737087	5.00330182862437	6.38591635144004
2.42689980907822	3.62990682901004	5.01320426304647	6.40614839061875
2.4337405202672	3.6518724910104	5.02798413789025	6.40632959710903
2.44058123145617	3.66733585913358	5.03756941668758	6.44484582010007
2.44742194264514	3.67244863184211	5.05814539620829	6.44760594519944
2.45426265383412	3.68756126800478	5.07157698454138	6.46649427487475
2.46110336502309	3.69465262108835	5.08713919201604	6.46313747158529
2.46794407621206	3.69582445376215	5.09656122339638	6.48251206601475
2.47478478740103	3.71845970882099	5.11497539328997	6.51003196580637
2.48162549859001	3.73425693148862	5.13099630269238	6.54300683075726
2.48846620977898	3.73164678001887	5.14394906452382	6.5391713335342
2.49530692096795	3.7550300874303	5.1557810972516	6.54587176508802
2.50214763215692	3.76181685559113	5.16463613685736	6.59397563068852
2.5089883433459	3.78277582383689	5.18409890272099	6.59804525213752
2.51582905453487	3.79054497138545	5.19796022939953	6.60509110733545
2.52266976572384	3.79435826717353	5.20815420384185	6.63848017580803
2.52951047691281	3.80546355551795	5.22519338234791	6.64407159896046
2.53635118810179	3.81402860778603	5.23686675922952	6.66992908253291
2.54319189929076	3.82830075556457	5.2473500111602	6.69006881346916
2.55003261047973	3.83486550412669	5.26292309825704	6.68899447332899
2.5568733216687	3.84814659436051	5.27917551008282	6.71065999886449
2.56371403285768	3.85542431566692	5.29500036135316	6.73551639552546
2.57055474404665	3.86157197278511	5.30438151905369	6.75073887052518
2.57739545523562	3.86799787393459	5.31549639939463	6.76589768228797
2.5842361664246	3.89136338198814	5.33155186549263	6.7845956248559
2.59107687761357	3.88385672464848	5.35000228118973	6.78123404248819
2.59791758880254	3.90878155780963	5.36468046136682	6.83292694677224
2.60475829999151	3.92595470278644	5.36890062945586	6.82442349968491
2.61159901118049	3.93621694205921	5.39547997202695	6.84946659333758
2.61843972236946	3.93657021297918	5.40597968616708	6.86499107233241
2.62528043355843	3.95053119752285	5.41718796370134	6.89438524299565
2.6321211447474	3.96727618334701	5.42634204813227	6.90461737214081
2.63896185593638	3.94995677589008	5.43971619079191	6.91117950412359
2.64580256712535	3.99386475916064	5.45550220228443	6.93921580017878
2.65264327831432	3.986655209936	5.46769235182018	6.95938424763702
2.65948398950329	4.00003664604504	5.47838127686422	6.96892867678303
2.66632470069227	4.01625528618403	5.49362472227005	6.98288947269667
2.67316541188124	4.03465517001875	5.51071431696187	6.98505373470635
2.68000612307021	4.03547384048278	5.52751667404319	7.00908540304381
2.68684683425918	4.05691124810877	5.53759083152996	7.03286560356068
2.69368754544816	4.05984865979858	5.55205242259208	7.04363731724406
2.70052825663713	4.07220016991843	5.57078786959364	7.07298895966946
2.7073689678261	4.07315417935864	5.58604834213003	7.0869182928944
2.71420967901508	4.08727591650521	5.58822590391153	7.10806771692356
2.72105039020405	4.08728386226966	5.60479761408231	7.12726954335884
2.72789110139302	4.11824034569733	5.62447208270326	7.14645815314015
2.73473181258199	4.12507538082564	5.63552044156263	7.14717866631999
2.74157252377097	4.12498614586725	5.6461848051542	7.17525075283795
2.74841323495994	4.13474051305916	5.65968394555296	7.17680044640754
2.75525394614891	4.16063576183658	5.67943243633315	7.19392002392203
2.76209465733788	4.16371993299703	5.69207075667449	7.22401976986617
2.76893536852686	4.18267312333622	5.70101602662055	7.23840466486037
2.77577607971583	4.18654934642123	5.72011660048184	7.24994312992487
2.7826167909048	4.18243136092445	5.7351422104348	7.27626427611938
2.78945750209377	4.20554013547275	5.74224201231101	7.28213472701981
2.79629821328275	4.23235026569391	5.7588185615126	7.29262885506384
2.80313892447172	4.22449096568917	5.77089198591874	7.31674337107657
2.80997963566069	4.24255555827416	5.7938811146367	7.32354955160082
2.81682034684966	4.25284590847897	5.79682096772333	7.35093915302947
2.82366105803864	4.25989474729379	5.80952054947007	7.37792067664368
2.83050176922761	4.27818503451673	5.82547147718639	7.36624180991851
2.83734248041658	4.28053235329616	5.8419490690134	7.40662690279804
2.84418319160556	4.30308277401071	5.85275959914358	7.42476247223991
2.85102390279453	4.29884286085772	5.86336009603682	7.42760126967543
2.8578646139835	4.32747522943661	5.88945030929333	7.46321459451814
2.86470532517247	4.32535887535035	5.8933609919779	7.48483025570767
2.87154603636145	4.32677701405381	5.90966501276585	7.47901535145843
2.87838674755042	4.33568862765788	5.926844992068	7.50384258855508
2.88522745873939	4.35931279254619	5.93932375144877	7.51257025199327
2.89206816992836	4.38047352321774	5.95176877488799	7.52875260896262
2.89890888111734	4.38808254105454	5.96048231714792	7.55227466337755
2.90574959230631	4.38511114724365	5.97406863973066	7.57559241312164
2.91259030349528	4.39491577582736	5.99596825853459	7.59733959747172
2.91943101468425	4.41348724398742	6.00670997094048	7.59128410574111
2.92627172587323	4.4026086007056	6.01772561643522	7.63303262244059
2.9331124370622	4.434276619637	6.03563074888631	7.64379430195232
2.93995314825117	4.43211280779407	6.04501570580109	7.6519464707061
2.94679385944014	4.47251748860676	6.05847151985211	7.67489086214436
2.95363457062912	4.47063316076322	6.0771027071579	7.67969873715514
2.96047528181809	4.46603810652456	6.08577166694132	7.70219880720641
2.96731599300706	4.47951580848449	6.09836002335897	7.72476136654619
2.97415670419604	4.50328261393607	6.11965942402533	7.72571032213203
2.98099741538501	4.52194314790542	6.12944045244604	7.76436554103656
2.98783812657398	4.52361407502277	6.14847630835838	7.78016300255401
2.99467883776295	4.52780641577119	6.15704228155286	7.80337878252075
3.00151954895193	4.52620329775856	6.16651577643651	7.81596781434369
3.0083602601409	4.54323908238576	6.18336299304272	7.82809201255248
3.01520097132987	4.54953946518944	6.19889009474449	7.84365523313917
3.02204168251884	4.57337177324114	6.22152145150102	7.86376321839914
3.02888239370782	4.57293049519593	6.22970065822598	7.87589135647734
3.03572310489679	4.60258507104327	6.24102724429039	7.89295703815488
3.04256381608576	4.59277077782324	6.25420421648505	7.91711648820427
3.04940452727473	4.61161923632142	6.26326605577944	7.92072831495515
3.05624523846371	4.64180729451138	6.28378631189926	7.94488769278707
3.06308594965268	4.63422133061861	6.29630061443807	7.97065555213835
3.06992666084165	4.65904107048324	6.31416346539164	7.97074044059824
3.07676737203062	4.65838160865414	6.31871010666131	7.99221365953932
3.0836080832196	4.66561531308018	6.33448271254889	8.00942446312932
3.09044879440857	4.67956217187465	6.34526091559813	8.04550486852767
3.09728950559754	4.68509874648231	6.3612446891842	8.05188791364339
3.10413021678651	4.69605441800065	6.37774935568705	8.06998251424601
3.11097092797549	4.72922616207991	6.39063113310817	8.07911671043203
3.11781163916446	4.71162188783348	6.40718009343769	8.086199726495
3.12465235035343	4.73204573839227	6.4138419792242	8.12249606682788
3.13149306154241	4.73673985186449	6.42352676189001	8.12647974711062
3.13833377273138	4.76154958601113	6.44353816880337	8.16280836121117
3.14517448392035	4.76959140126858	6.45854203233639	8.16119436785468
3.15201519510932	4.78061695327654	6.47391983150376	8.17104641868281
3.1588559062983	4.78189605273614	6.48216044318919	8.20353261593346
3.16569661748727	4.78183069637306	6.49753147198705	8.22139413925887
3.17253732867624	4.79403242493156	6.51250081084573	8.22632854706034
3.17937803986521	4.81348944991969	6.5270974858301	8.25676570050524
3.18621875105419	4.83854639122175	6.54452256510063	8.26228613704979
3.19305946224316	4.83463516961874	6.54959538166924	8.2746308284153
3.19990017343213	4.85825860638514	6.57433746446978	8.2996095340045
3.2067408846211	4.86165690000126	6.58780982807536	8.31719879149259
3.21358159581008	4.87857886424749	6.59326866984679	8.32254791166603
3.22042230699905	4.87836768708995	6.61136073067946	8.3453896718917
3.22726301818802	4.88720678966273	6.62637973050873	8.36915214888652
3.23410372937699	4.88618221458508	6.63862906089171	8.3861463768163
3.24094444056597	4.91662211959448	6.65167597625364	8.40356748499474
3.24778515175494	4.93349779006177	6.66392934472706	8.41797098084573
3.25462586294391	4.93897980332203	6.68035769515251	8.4217535204418
3.26146657413289	4.94635371318101	6.69191317927693	8.45870222377404
3.26830728532186	4.94273978936366	6.70196126022707	8.46258761328355
3.27514799651083	4.96368578023597	6.72404590190755	8.48921723052464
3.2819887076998	4.95192810810237	6.73692806331279	8.51002972894196
3.28882941888878	4.98808120793415	6.74650492354268	8.49156035827216
3.29567013007775	4.99860775069257	6.76501070483959	8.53900662157774
3.30251084126672	5.00727843086485	6.77763910940633	8.56119469362832
3.30935155245569	5.00233357399342	6.78314732803978	8.54617409254123
3.31619226364467	5.02791794977673	6.8010511602891	8.59708767267353
3.32303297483364	5.04023189712892	6.81984596843311	8.59365719001569
3.32987368602261	5.03795109256889	6.83147080849427	8.61681550906308
3.33671439721158	5.05688576047493	6.84390041449446	8.64630486825601
3.34355510840056	5.07226160493926	6.85641569797553	8.65805495137045
3.35039581958953	5.08936703691565	6.86747325422171	8.67115933944591
3.3572365307785	5.09286370315771	6.89015876568413	8.6834402334986
3.36407724196747	5.10166624475294	6.90007759243951	8.69640761235523
3.37091795315645	5.1182375752461	6.91695061092432	8.72554901122269
3.37775866434542	5.13410885380974	6.92914045179991	8.72866263212583
3.38459937553439	5.13710786584373	6.93314066948789	8.75248864080814
3.39144008672337	5.14249256487602	6.95056442865657	8.7781354993131
3.39828079791234	5.15741138433501	6.96205680569753	8.79391955096223
3.40512150910131	5.16043709374019	6.97665763424514	8.81556036653835
3.41196222029028	5.18576684022126	7.00174383449103	8.82184387362135
3.41880293147926	5.18471484721918	7.00728916993528	8.84176886977808
3.42564364266823	5.20143770289381	7.01978743017826	8.85564324752121
3.4324843538572	5.19699198499	7.04049081848561	8.86875709393234
3.43932506504617	5.20502217824333	7.05202767664299	8.88843839864689
3.44616577623515	5.2112892435268	7.062463109545	8.90289199732736
3.45300648742412	5.23913980847148	7.07837908661707	8.93232978038113
3.45984719861309	5.25070550890666	7.0915433218895	8.93363023156846
3.46668790980206	5.27147708610234	7.09982956221009	8.9543661554118
3.47352862099104	5.28185639921261	7.11864176357781	8.97056039303449
3.48036933218001	5.29516950682804	7.13324141056959	8.96601418957571
3.48721004336898	5.29002365595527	7.1395571571749	9.00393591629326
3.49405075455795	5.29771446037851	7.15930604437575	9.02291152652866
3.50089146574693	5.30294956674893	7.16948224656276	9.06016570938655
3.5077321769359	5.32431740918687	7.18893517263845	9.05800272508384
3.51457288812487	5.33685237151086	7.20436208114223	9.0725642200687
3.52141359931385	5.33505220759171	7.20689731268294	9.09227285502786
3.52825431050282	5.37162890098086	7.2224772670562	9.10771293526324
3.53509502169179	5.35263886554989	7.24548275704922	9.11988243409038
3.54193573288076	5.37862251114083	7.25814454363336	9.14029704631327
3.54877644406974	5.3758078844177	7.27446171992964	9.16566010166781
3.55561715525871	5.41029503474213	7.28014450023657	9.18130604762962
3.56245786644768	5.42452481439609	7.29573995929878	9.18471107990431
3.56929857763665	5.43288889634735	7.31167154081885	9.21472198652442
3.57613928882563	5.43347442087618	7.32045530473196	9.2313774562317
3.5829800000146	5.43899209779817	7.34146733091598	9.23626711297123
3.58982071120357	5.44959136838163	7.34787718191105	9.25761279874013
3.59666142239254	5.47201806495438	7.36355667410359	9.26615368102149
3.60350213358152	5.46320929347011	7.38414528314722	9.29118208967403
3.61034284477049	5.47772034729897	7.39196767355702	9.31878022155462
3.61718355595946	5.50591278968671	7.40893722553581	9.32646422446286
3.62402426714843	5.51136420426267	7.42259818486531	9.32029026863848
3.63086497833741	5.52520659408154	7.43618236233178	9.36499476366564
3.63770568952638	5.55209238857185	7.4494935618856	9.37481205791986
3.64454640071535	5.51484126335171	7.46252391584164	9.39456207294853
3.65138711190433	5.54284280452127	7.48386678205265	9.41132020917732
3.6582278230933	5.56353140254426	7.48969947706929	9.41757952271532
3.66506853428227	5.57524802334182	7.50732184680945	9.43661285328082
3.67190924547124	5.58176619238762	7.51927114507977	9.47793977894788
3.67874995666022	5.58731138570455	7.52834434759841	9.47779297230519
3.68559066784919	5.60382290291958	7.55146113442303	9.49519375367022
3.69243137903816	5.59133055801488	7.55501313310903	9.51895700193099
3.69927209022713	5.61474774921206	7.5695786037769	9.52321911137842
3.70611280141611	5.64184936986314	7.58428134432329	9.55208475506115
3.71295351260508	5.65048271224549	7.59816067501671	9.55142632733151
3.71979422379405	5.65221214413801	7.61160954335961	9.58277409772798
3.72663493498302	5.66969057523249	7.62618266674232	9.61053124236881
3.733475646172	5.6791855581967	7.64285305377416	9.61390183785512
3.74031635736097	5.68365102868186	7.65287215110651	9.63527300095638
3.74715706854994	5.69307579544641	7.67187068262752	9.64881044212576
3.75399777973891	5.71371611859584	7.68625338266336	9.64604444602751
3.76083849092789	5.72870920685464	7.70079851845521	9.69732455293804
3.76767920211686	5.73371208126759	7.71263327310139	9.71702420263422
3.77451991330583	5.73554399104295	7.72779381424688	9.72743408503393
3.78136062449481	5.76590569068726	7.74457251644976	9.74983150852958
3.78820133568378	5.77260403150562	7.75051961573436	9.75529296020365
3.79504204687275	5.75596891369692	7.76001894692243	9.76326340868601
3.80188275806172	5.78698640431175	7.77998989665061	9.79625900371839
3.8087234692507	5.80824246810829	7.79485696730086	9.81683653003386
3.81556418043967	5.79894666562302	7.80381530985152	9.83585123294323
3.82240489162864	5.81211006169293	7.81968561185696	9.83156091841932
3.82924560281761	5.81879110020249	7.83024497014063	9.8609445469833
3.83608631400659	5.84408060623113	7.84887444334424	9.86398956699473
3.84292702519556	5.84201287138387	7.86847860951649	9.88523322530681
3.84976773638453	5.85579180544715	7.8698647787167	9.90226881809601
3.8566084475735	5.87382033676986	7.88604244560076	9.92905882890148
3.86344915876248	5.87077096035023	7.90260558307105	9.95112858818794
3.87028986995145	5.9059064459667	7.91881865338184	9.95381665924227
3.87713058114042	5.89277791933533	7.92676076600602	9.96691165442195
3.88397129232939	5.92940718576986	7.94470521369396	9.99857569911812
3.89081200351837	5.92094760981562	7.95814344217724	10.0028889069685
3.89765271470734	5.94504451215361	7.97613483974737	10.0405279398455
3.90449342589631	5.94658576187054	7.98863015887918	10.0312909878834
3.91133413708528	5.94485409161636	7.99585768669729	10.0614204369287
3.91817484827426	5.9711898382752	8.01226053221251	10.0751642844626
3.92501555946323	5.97132627661732	8.02249143937543	10.093213131844
3.9318562706522	5.98676155778439	8.04403210270662	10.0970681755748
3.93869698184118	5.99207311432907	8.05096850871727	10.12105947453
3.94553769303015	6.00017472756347	8.06609703045691	10.1335468880433
3.95237840421912	5.99446519332338	8.08312302112478	10.1538121959043
3.95921911540809	6.01823708544301	8.1030710144436	10.1977154703341
3.96605982659707	6.05669928124271	8.10557163547733	10.1858340063522
3.97290053778604	6.05220928344548	8.11957600105612	10.2167147762487
3.97974124897501	6.0550477237946	8.13766908697923	10.2193463785816
3.98658196016398	6.06116429653883	8.14551943896253	10.2475774671422
3.99342267135296	6.07530975905911	8.16346971280753	10.2503316953768
4.00026338254193	6.09281568687221	8.17974770831684	10.2853891090338
4.0071040937309	6.09235688048157	8.19204942730507	10.2925248776105
4.01394480491987	6.10102141785612	8.21306903079233	10.3303675875557
4.02078551610885	6.12554760994503	8.22200983016574	10.3401077175317
4.02762622729782	6.13093931483634	8.23055135669647	10.3624721696296
4.03446693848679	6.14964819318226	8.24721703652907	10.3633004244425
4.04130764967577	6.16134668670541	8.26156929061313	10.3808340731459
4.04814836086474	6.17408009936848	8.2729838053488	10.3878271121317
4.05498907205371	6.17015238429112	8.292424167874	10.4124905604248
4.06182978324268	6.16299894512887	8.30421635775944	10.4450900574644
4.06867049443166	6.19916933697347	8.31656542757367	10.4540793473868
4.07551120562063	6.20463982634596	8.3350363180218	10.4647353906565
4.0823519168096	6.23572328223797	8.34229860578843	10.492413480808
4.08919262799857	6.21093605848272	8.36064029918466	10.5073413230195
4.09603333918755	6.23260931067338	8.37041159036722	10.5226026846674
4.10287405037652	6.2549581271979	8.37900331827326	10.5374152115638
4.10971476156549	6.25644319192415	8.40234207280691	10.5531280388803
4.11655547275446	6.26526528063629	8.40416456817615	10.5709833592686
4.12339618394344	6.26650471120351	8.43657640401819	10.5831757814592
4.13023689513241	6.28513709348724	8.43697101375794	10.603357463628
4.13707760632138	6.29912302488724	8.4502842922603	10.6182167206121
4.14391831751035	6.31935608976228	8.46439793357399	10.6591242871549
4.15075902869933	6.31831512425258	8.48013233540679	10.6641201924881
4.1575997398883	6.31947467062016	8.49339622931752	10.6771514241728
4.16444045107727	6.33188546757714	8.50286808794591	10.6855423445594
4.17128116226625	6.35191853302388	8.51745031194569	10.708963650225
4.17812187345522	6.36772629527153	8.53538579631575	10.7204218259873
4.18496258464419	6.3615963860051	8.54597065500815	10.748938048286
4.19180329583316	6.38544869126496	8.56405857972792	10.746723973692
4.19864400702214	6.38206832169942	8.57943008091401	10.7818924221915
4.20548471821111	6.40937378130828	8.58803823073908	10.7882983251444
4.21232542940008	6.40858555395235	8.60355139317279	10.80668377599
4.21916614058905	6.42177875806217	8.6178866981026	10.8188067475835
4.22600685177803	6.4256108136584	8.63052488982655	10.8506379481048
4.232847562967	6.43460263537119	8.64107216324459	10.8576998253161
4.23968827415597	6.45559706841151	8.65325553922207	10.8756023543612
4.24652898534494	6.4820059829056	8.67181806764609	10.8765499267136
4.25336969653392	6.49072210079099	8.68071500310284	10.9037552157126
4.26021040772289	6.47390523975639	8.70399545451867	10.9221851999731
4.26705111891186	6.51784570214591	8.70882469094624	10.9399690286481
4.27389183010083	6.49861055068028	8.72567702600185	10.9399755158633
4.28073254128981	6.50196666792711	8.74181452064513	10.9852762246997
4.28757325247878	6.54051022261366	8.75176144444951	10.9938255379361
4.29441396366775	6.53599331880314	8.76643205921423	10.9956250143678
4.30125467485672	6.56987778207853	8.78303401886064	11.0484143472971
4.3080953860457	6.57402597698517	8.78883217020497	11.0505876888109
4.31493609723467	6.5792588204411	8.81209394601103	11.0605010799892
4.32177680842364	6.57941893200724	8.82026571692537	11.0979186263632
4.32861751961262	6.61198265545018	8.83516500478035	11.1041245709776
4.33545823080159	6.58743513728352	8.84970022577034	11.118665993666
4.34229894199056	6.62256271985098	8.86259455070138	11.1224186731534
4.34913965317953	6.63722547655498	8.87053938751283	11.1393446511325
4.35598036436851	6.6323781197108	8.8914129283604	11.1669595263244
4.36282107555748	6.61895292647834	8.90329898078807	11.1810658354989
4.36966178674645	6.65118613659618	8.92140808808389	11.2010874765368
4.37650249793542	6.65991083531066	8.93283274930062	11.2050711547953
4.3833432091244	6.68534455414619	8.94542553368253	11.25377152268
4.39018392031337	6.68849430053578	8.95664703994171	11.24689049874
4.39702463150234	6.69681491257913	8.97161491084023	11.2694060182352
4.40386534269131	6.70047239264881	8.98525579073202	11.2697737090362
4.41070605388029	6.70709618288379	8.99522122225583	11.2958347715477
4.41754676506926	6.72877541906152	9.01201460701122	11.3225740187275
4.42438747625823	6.72811333149331	9.03026319500635	11.3315562427143
4.4312281874472	6.74993001456258	9.0418753561504	11.3376570090224
4.43806889863618	6.74832553196096	9.06375593401714	11.3744994911569
4.44490960982515	6.77508568332527	9.06905040001854	11.3852143947331
4.45175032101412	6.79175131281055	9.09001861917959	11.4085518259286
4.4585910322031	6.76885497714504	9.09596455547206	11.4270527696719
4.46543174339207	6.81787772322884	9.11016516372239	11.4438509619039
4.47227245458104	6.81821243307809	9.12482208768625	11.4653664995122
4.47911316577001	6.81389230820152	9.13631402744064	11.4779249169833
4.48595387695899	6.83968071048382	9.16085189534092	11.4803080691553
4.49279458814796	6.83782269219153	9.16889296591306	11.514158453344
4.49963529933693	6.86240495728176	9.17861879265775	11.5314428272082
4.5064760105259	6.85969693226239	9.19667757371085	11.5358648247347
4.51331672171488	6.88082839518543	9.20505674561283	11.5565136881502
4.52015743290385	6.87666248099204	9.22117895219773	11.559711313916
4.52699814409282	6.89235800013581	9.23844762682149	11.6030941341216
4.53383885528179	6.91258214462837	9.24560559690038	11.6081003160575
4.54067956647077	6.91787790069121	9.26428585675183	11.6310603278613
4.54752027765974	6.92172985458088	9.27649924419028	11.6378086308693
4.55436098884871	6.93049669932255	9.29410290025558	11.6411030533904
4.56120170003768	6.94602686973424	9.29589090132654	11.6718624924659
4.56804241122666	6.9678594912646	9.31962702995256	11.6904766446996
4.57488312241563	6.96681844332742	9.33276414662246	11.7110191715788
4.5817238336046	6.98327178624694	9.35590508325252	11.7301949983556
4.58856454479358	6.99344242916517	9.35096929444689	11.7140270110843
4.59540525598255	7.01559461822153	9.37331813498812	11.761670282899
4.60224596717152	7.02042398171655	9.38556026480249	11.7786026703183
4.60908667836049	7.01461587843895	9.39190618838874	11.7791733984974
4.61592738954947	7.02550763826591	9.41639214803282	11.7957095550466
4.62276810073844	7.04685228742937	9.42893746514128	11.8337844244357
4.62960881192741	7.05712177037733	9.43378045261069	11.8553036243655
4.63644952311638	7.07650237718563	9.45465706333763	11.8588744737954
4.64329023430536	7.08783402813225	9.47031269757997	11.8745341594996
4.65013094549433	7.07784862007541	9.47746814108004	11.8999040236087
4.6569716566833	7.10458379497825	9.5003859214728	11.9100046538991
4.66381236787227	7.11076065299194	9.51447868590875	11.9194051513722
4.67065307906125	7.10837180770005	9.52152687970472	11.9454835204162
4.67749379025022	7.13573756420972	9.53863578855168	11.9675009475723
4.68433450143919	7.12585401740912	9.55405371882875	11.9759581357054
4.69117521262816	7.14160713690338	9.56318560123168	11.9946453404807
4.69801592381714	7.16666452171278	9.57168357122504	12.0232376314302
4.70485663500611	7.17449116337604	9.59465821643311	12.0257952179258
4.71169734619508	7.18969895358744	9.61159269786353	12.04082811107
4.71853805738406	7.18276149208962	9.62173389508136	12.0592547296622
4.72537876857303	7.20709104555864	9.64381714902923	12.0871175368936
4.732219479762	7.21960178453592	9.65211565454436	12.1100032497622
4.73906019095097	7.24348119201152	9.66444540608247	12.1262853820465
4.74590090213995	7.23416944314406	9.67651978360884	12.1283227427709
4.75274161332892	7.23836393472386	9.69285687639598	12.1543692638883
4.75958232451789	7.25620136985969	9.70667365240717	12.1662451841396
4.76642303570686	7.28101052490095	9.71614370833103	12.1770808399794
4.77326374689584	7.26706711806312	9.72774016381242	12.2123218477065
4.78010445808481	7.28142065567477	9.738224954583	12.229209062443
4.78694516927378	7.29154743598084	9.75906988549674	12.2249188796707
4.79378588046275	7.30279606393661	9.76765724189658	12.2642556525147
4.80062659165173	7.32265631785418	9.78067363404406	12.2676517537691
4.8074673028407	7.30478910696664	9.79529185225693	12.2820456571515
4.81430801402967	7.34136157835023	9.81131621827951	12.3101590122172
4.82114872521864	7.33410129527023	9.82955436890363	12.3288364107422
4.82798943640762	7.38047501960974	9.83686922828938	12.344435981266
4.83483014759659	7.37622278971362	9.85340576954184	12.3579033260674
4.84167085878556	7.40150749418101	9.86106728891667	12.3666046232997
4.84851156997454	7.37788160731704	9.87983891933066	12.3781866908888
4.85535228116351	7.40755992417834	9.89718926661127	12.3966089544709
4.86219299235248	7.39720573272269	9.90290128635018	12.432021839655
4.86903370354145	7.42011252862244	9.91668188689177	12.4416758007348
4.87587441473043	7.42828830262147	9.94139009321546	12.4510534186271
4.8827151259194	7.45142660868227	9.94818932061968	12.4685075269006
4.88955583710837	7.43986810725866	9.96624497528693	12.4805936070401
4.89639654829734	7.46565641832316	9.98026175801042	12.5148077738695
4.90323725948632	7.4749632229565	9.99241534305287	12.5418929975847
4.91007797067529	7.50485565568523	10.0027169910079	12.5521391823818
4.91691868186426	7.51067367451083	10.0293980732654	12.5639108823482
4.92375939305323	7.48922288405395	10.0329249109188	12.5798308003332
4.93060010424221	7.52179617460942	10.0432028630959	12.5880047047143
