"mitochan"	"lwrNorm"	"medNorm"	"uprNorm"
-1.90327037354145	-3.8637592974545	-2.7298494354921	-1.6014933186254
-1.89677163120065	-3.8606926781036	-2.72418570191767	-1.60194871613265
-1.89027288885985	-3.84294186582357	-2.71243253791002	-1.58482495206857
-1.88377414651905	-3.82355857770372	-2.70413941862182	-1.58217341296205
-1.87727540417826	-3.82980675610136	-2.69900800449665	-1.58603649483072
-1.87077666183746	-3.80084144686646	-2.69101916618069	-1.57280170275465
-1.86427791949666	-3.78759004087459	-2.67685688951001	-1.56679059219538
-1.85777917715586	-3.77624512456629	-2.66878025545163	-1.56175849480767
-1.85128043481507	-3.76240490185359	-2.66047905760116	-1.549560683309
-1.84478169247427	-3.75246273229328	-2.65193523528555	-1.56348180321233
-1.83828295013347	-3.74447972450758	-2.64428554651823	-1.54218835363918
-1.83178420779267	-3.72784551995326	-2.63506537512935	-1.54160691977446
-1.82528546545187	-3.72344740122624	-2.62220544675388	-1.52827958212815
-1.81878672311108	-3.71141034245068	-2.61584682088338	-1.51750204923169
-1.81228798077028	-3.69928356520859	-2.60766189203388	-1.5174079160511
-1.80578923842948	-3.68500827381874	-2.60098234744218	-1.52425436478222
-1.79929049608868	-3.67655458458856	-2.59182877191642	-1.51074332119576
-1.79279175374788	-3.67215379187562	-2.57891849147991	-1.5046612009443
-1.78629301140709	-3.64022950604585	-2.57206875731592	-1.49601106641408
-1.77979426906629	-3.64294945681114	-2.56207719295487	-1.49308039164742
-1.77329552672549	-3.63809939805496	-2.55709945304972	-1.49066353698073
-1.76679678438469	-3.6107401247055	-2.54572897184207	-1.47539552487915
-1.76029804204389	-3.6087800746569	-2.53994438241894	-1.47506639499773
-1.7537992997031	-3.59389114904169	-2.53154475746577	-1.45534857730757
-1.7473005573623	-3.59245177870601	-2.5159690116568	-1.45549238599486
-1.7408018150215	-3.56496248310449	-2.51142476519343	-1.45166101942159
-1.7343030726807	-3.57221897383071	-2.50218823722692	-1.4467903689711
-1.7278043303399	-3.54370612224372	-2.49133342991225	-1.43827694423384
-1.72130558799911	-3.54796752745034	-2.48353437242976	-1.43837606878908
-1.71480684565831	-3.53548531517056	-2.47344551051173	-1.41938597553726
-1.70830810331751	-3.52034294098403	-2.46525064573575	-1.42985005470329
-1.70180936097671	-3.49429809187816	-2.45802780823032	-1.41597159054567
-1.69531061863591	-3.48793169494678	-2.44824562463915	-1.39792153541911
-1.68881187629512	-3.47699958463967	-2.43999690760914	-1.40439317790476
-1.68231313395432	-3.46956952069322	-2.43299431322771	-1.39682377394906
-1.67581439161352	-3.47110170650322	-2.42343115786563	-1.39376710424545
-1.66931564927272	-3.4515982688621	-2.41328462585764	-1.39346927550397
-1.66281690693192	-3.43077902573814	-2.39985210990812	-1.3688078168164
-1.65631816459113	-3.42372111903778	-2.39462319054188	-1.3695320461712
-1.64981942225033	-3.41731376361972	-2.39222116082044	-1.36290843224402
-1.64332067990953	-3.39458171069389	-2.38163793609954	-1.36587111309934
-1.63682193756873	-3.39464757457291	-2.3699698291685	-1.35266688659064
-1.63032319522793	-3.37849874830994	-2.36029710375503	-1.35176371255888
-1.62382445288714	-3.3663790384094	-2.35160876433945	-1.3434049557012
-1.61732571054634	-3.35305177087627	-2.34455542177632	-1.33111858552359
-1.61082696820554	-3.34527335717159	-2.33533478475735	-1.33079256026437
-1.60432822586474	-3.33258728262394	-2.3283004775456	-1.33088055171743
-1.59782948352394	-3.3219823997615	-2.31537517078015	-1.32107263628686
-1.59133074118315	-3.31880077742727	-2.30708414365548	-1.29992727883604
-1.58483199884235	-3.31181539706735	-2.29885325315676	-1.2975852586702
-1.57833325650155	-3.28999624312465	-2.29226311080059	-1.29531740208208
-1.57183451416075	-3.284392191408	-2.28083977828766	-1.29963801083845
-1.56533577181995	-3.25893385025018	-2.2793628042177	-1.29284136402594
-1.55883702947916	-3.2681355053832	-2.26947615316464	-1.27101612338778
-1.55233828713836	-3.25165864492329	-2.25678078388239	-1.28213333480389
-1.54583954479756	-3.23821440389099	-2.2511738936256	-1.26718793796622
-1.53934080245676	-3.21903941599188	-2.23753943046531	-1.26388480125374
-1.53284206011596	-3.20993844571582	-2.22976298270675	-1.25328746738114
-1.52634331777517	-3.19905442558125	-2.22608554498682	-1.24499341167891
-1.51984457543437	-3.18586610573893	-2.21148790859763	-1.23743035890507
-1.51334583309357	-3.17899380904329	-2.20606369015136	-1.24289448134129
-1.50684709075277	-3.16281628206604	-2.19451718773756	-1.2318934962174
-1.50034834841197	-3.15388911558498	-2.18581645060421	-1.21901978470419
-1.49384960607118	-3.13221164825249	-2.17719476063875	-1.20966305142306
-1.48735086373038	-3.14009995679659	-2.17061549134517	-1.20606383936446
-1.48085212138958	-3.11618078192535	-2.16079670983291	-1.2084121873768
-1.47435337904878	-3.1074864096963	-2.15197715544864	-1.20864697051676
-1.46785463670798	-3.09798962202086	-2.14087722275326	-1.1908790762639
-1.46135589436719	-3.08822777820231	-2.13495248559349	-1.19034093142144
-1.45485715202639	-3.07863052098701	-2.12614602839526	-1.18626958728633
-1.44835840968559	-3.06486767915722	-2.11635075566676	-1.16782474076802
-1.44185966734479	-3.05577215754278	-2.10781044682614	-1.17641772292544
-1.43536092500399	-3.04191709831668	-2.09919060624658	-1.15679096275598
-1.4288621826632	-3.03095453060638	-2.0927304581394	-1.16364589018506
-1.4223634403224	-3.01304369168037	-2.08240372850639	-1.14990244232801
-1.4158646979816	-3.00168311963611	-2.0749571068877	-1.1381046784982
-1.4093659556408	-2.98968399803476	-2.06450993431803	-1.13567460430357
-1.4028672133	-2.98680061604104	-2.05490018084792	-1.12175459317959
-1.39636847095921	-2.97652302871101	-2.04592201091399	-1.11174185086499
-1.38986972861841	-2.9667058902544	-2.03692660743773	-1.12199335138662
-1.38337098627761	-2.94845487859483	-2.0270870662782	-1.10689736860986
-1.37687224393681	-2.94017674544085	-2.01891807153531	-1.11022718249622
-1.37037350159601	-2.93424955870511	-2.01560155406679	-1.09606943009587
-1.36387475925522	-2.92121045209479	-2.00402662120936	-1.08255801802543
-1.35737601691442	-2.91455490356691	-1.99443169867226	-1.0825843042297
-1.35087727457362	-2.90046571377779	-1.98294222424288	-1.07899947680986
-1.34437853223282	-2.8816247580147	-1.97596421456951	-1.07788384468234
-1.33787978989202	-2.87221979520172	-1.96780184566588	-1.06201540302125
-1.33138104755123	-2.87000811202332	-1.95869897154967	-1.04822590830125
-1.32488230521043	-2.85803832701168	-1.95053966432825	-1.05960410494013
-1.31838356286963	-2.8295158366476	-1.93864252725793	-1.04241353286092
-1.31188482052883	-2.83155810019341	-1.93015560364779	-1.03395101371398
-1.30538607818803	-2.82537905569125	-1.92717677999953	-1.03373696989187
-1.29888733584724	-2.79913323556416	-1.91324001946118	-1.02711953864256
-1.29238859350644	-2.79738555689469	-1.90653347449142	-1.02603767685664
-1.28588985116564	-2.77896588719267	-1.90092429228546	-1.01442573887477
-1.27939110882484	-2.7753660179422	-1.88726897415853	-1.00902375303567
-1.27289236648405	-2.76069473229139	-1.87918447673929	-1.0009785603016
-1.26639362414325	-2.76155414445536	-1.86842451367409	-0.992854244203355
-1.25989488180245	-2.74288837361695	-1.85935099487226	-0.984020859073925
-1.25339613946165	-2.72559921242444	-1.85484129472219	-0.98131620819947
-1.24689739712085	-2.72036362596839	-1.84369203301214	-0.974893300620017
-1.24039865478005	-2.70787054597144	-1.83488218668675	-0.977288456442539
-1.23389991243926	-2.6960193040351	-1.82271713952452	-0.958369921173045
-1.22740117009846	-2.68278420297711	-1.81780274880053	-0.952817736261212
-1.22090242775766	-2.67066103176114	-1.80855154757903	-0.955422130720795
-1.21440368541686	-2.66654748950528	-1.7999070771896	-0.927307370231398
-1.20790494307607	-2.64375660073593	-1.79158280568275	-0.924143603475741
-1.20140620073527	-2.64727025413956	-1.7820469960051	-0.921020509423666
-1.19490745839447	-2.63362732743987	-1.77472558121995	-0.921500415863002
-1.18840871605367	-2.63155529690399	-1.76194802305319	-0.913934482443789
-1.18190997371287	-2.61050435041032	-1.7536174765324	-0.901781463741175
-1.17541123137208	-2.60453052476616	-1.74878123193351	-0.903771865954191
-1.16891248903128	-2.58436120911809	-1.7382690192907	-0.900943189913231
-1.16241374669048	-2.56425859065378	-1.72764112512086	-0.880021909104931
-1.15591500434968	-2.56375519178031	-1.724712142099	-0.883940866550941
-1.14941626200888	-2.55395235008255	-1.70962764393141	-0.883757806611142
-1.14291751966809	-2.54262127986343	-1.70171629804031	-0.878767750700083
-1.13641877732729	-2.53433354058578	-1.6977929588428	-0.862941892741151
-1.12992003498649	-2.52259631200454	-1.68892619310043	-0.853954633568052
-1.12342129264569	-2.50456496129458	-1.67885305434711	-0.846898334272888
-1.11692255030489	-2.50074141731012	-1.66617360706305	-0.844352972403994
-1.1104238079641	-2.48948864406351	-1.66177217622649	-0.835641079458516
-1.1039250656233	-2.48040109741408	-1.65624765705483	-0.828768061884608
-1.0974263232825	-2.46029503277406	-1.64165034824958	-0.816764583031823
-1.0909275809417	-2.45769902984911	-1.63270305862493	-0.817015933584629
-1.0844288386009	-2.44300845578729	-1.62507459081582	-0.806317569631999
-1.07793009626011	-2.43406801332511	-1.61342900544813	-0.803657229712841
-1.07143135391931	-2.42121746398912	-1.60610150361856	-0.789399287115957
-1.06493261157851	-2.42694869582879	-1.59713556158863	-0.785857376211017
-1.05843386923771	-2.40831812962657	-1.5873669258249	-0.788288501821172
-1.05193512689691	-2.39342092613236	-1.57998201313302	-0.785574120711401
-1.04543638455612	-2.37939188612041	-1.57347970401537	-0.772749799911042
-1.03893764221532	-2.36640178561198	-1.56258674047277	-0.75577019611524
-1.03243889987452	-2.35620852357167	-1.55356173601106	-0.761395161933071
-1.02594015753372	-2.34750448274829	-1.54570407109312	-0.75893632755797
-1.01944141519292	-2.33467496235342	-1.53596870122804	-0.736210303344564
-1.01294267285213	-2.32959283068937	-1.52995904937311	-0.724838089943396
-1.00644393051133	-2.31185907062686	-1.52228556382798	-0.726176212221166
-0.99994518817053	-2.31234456962667	-1.51016799202666	-0.717003067972958
-0.993446445829732	-2.29699680639929	-1.49770738945808	-0.722310454873582
-0.986947703488934	-2.28530810116239	-1.49342503163805	-0.708022281289755
-0.980448961148136	-2.28088268346731	-1.48336235047936	-0.696943088276778
-0.973950218807338	-2.26327128004762	-1.47447356869677	-0.710366270816488
-0.96745147646654	-2.26007271370117	-1.46814982339047	-0.696075644457838
-0.960952734125742	-2.25438601794488	-1.46134141608051	-0.677507656180022
-0.954453991784944	-2.22676147973556	-1.4486975725297	-0.678372134503925
-0.947955249444146	-2.21160331414263	-1.44027020040702	-0.664151372375023
-0.941456507103348	-2.20102268999757	-1.43236910384574	-0.659257875606284
-0.93495776476255	-2.18952642871441	-1.42266316423171	-0.652406699891333
-0.928459022421752	-2.18245528305785	-1.41318729452136	-0.649251775481922
-0.921960280080954	-2.16982405212198	-1.40390629876154	-0.640007643834801
-0.915461537740156	-2.16636809598654	-1.39985576280393	-0.633428169976834
-0.908962795399358	-2.15304946126418	-1.38230220509541	-0.630050615905549
-0.90246405305856	-2.141543291393	-1.37692196773407	-0.624460289290474
-0.895965310717762	-2.13747873670331	-1.36839722113903	-0.606435712330925
-0.889466568376964	-2.1196572260377	-1.36116799491491	-0.61293652651723
-0.882967826036166	-2.09991950240825	-1.35293113074073	-0.598894295244736
-0.876469083695368	-2.10146722412411	-1.34274871210701	-0.588155794690365
-0.86997034135457	-2.08703151050174	-1.33384172174921	-0.585504095733098
-0.863471599013772	-2.07899356099622	-1.324837044802	-0.584568333554717
-0.856972856672974	-2.06547395839059	-1.31477428764769	-0.567270982423267
-0.850474114332176	-2.05720011088245	-1.30665407531938	-0.566373459287761
-0.843975371991378	-2.04999575832379	-1.30018493894432	-0.551441711419521
-0.83747662965058	-2.03017009072392	-1.28709105647123	-0.555695933294246
-0.830977887309782	-2.02730713187068	-1.28464174361859	-0.551027307343072
-0.824479144968984	-2.00348541746228	-1.27036561716399	-0.541566298654956
-0.817980402628186	-2.00293148708787	-1.26469969006342	-0.528589470394187
-0.811481660287388	-1.99070828819895	-1.25852323612181	-0.522855083287944
-0.80498291794659	-1.9886888404634	-1.24927144731345	-0.514152119983119
-0.798484175605792	-1.97434219941691	-1.23580617795348	-0.50895455751957
-0.791985433264994	-1.95572578896817	-1.22764718583886	-0.506742369215008
-0.785486690924196	-1.94702376213512	-1.22138371363869	-0.499817859233874
-0.778987948583398	-1.946117575227	-1.20999253082257	-0.497244086042555
-0.772489206242601	-1.93490243132916	-1.20535169240435	-0.480491335552125
-0.765990463901802	-1.91834787431956	-1.19261994763182	-0.483526075069739
-0.759491721561005	-1.91164720507524	-1.18553585368329	-0.462185802186926
-0.752992979220207	-1.90151184071571	-1.18099581298676	-0.462351845459141
-0.746494236879409	-1.89539914298924	-1.16689637070061	-0.452468208051235
-0.739995494538611	-1.88060465709239	-1.15940616635773	-0.450059724813582
-0.733496752197813	-1.86480522522668	-1.14910089294183	-0.43501803474816
-0.726998009857015	-1.8565835702634	-1.14123089954932	-0.438129566594605
-0.720499267516217	-1.84708838662789	-1.13061427505825	-0.430225191293443
-0.714000525175419	-1.84016364001072	-1.12561994476351	-0.414271131328454
-0.707501782834621	-1.83327914194822	-1.11919689632403	-0.40700016960217
-0.701003040493823	-1.80905571694189	-1.10860167335694	-0.404180479059772
-0.694504298153025	-1.80594332439116	-1.09599094785143	-0.392305273755363
-0.688005555812227	-1.80257401880491	-1.09204344529698	-0.39056212283561
-0.681506813471429	-1.79457581023698	-1.07873427410114	-0.38558695619902
-0.675008071130631	-1.78141622832334	-1.07183675171401	-0.372815127496122
-0.668509328789833	-1.76435473568443	-1.06319509581253	-0.373644976894911
-0.662010586449035	-1.74380951138246	-1.05147608158163	-0.362601585150196
-0.655511844108237	-1.73778878355087	-1.04608175325358	-0.352952867588421
-0.649013101767439	-1.72642628252244	-1.03600417905632	-0.343937456277305
-0.642514359426641	-1.72172783421909	-1.02406733497781	-0.335032469514395
-0.636015617085843	-1.73040741747837	-1.01756270252688	-0.328594242289613
-0.629516874745045	-1.71332783385141	-1.00944759223656	-0.322221562478638
-0.623018132404247	-1.69772034299416	-1.00028476720104	-0.311959905362533
-0.616519390063449	-1.67790088695823	-0.992116356532924	-0.312430789304638
-0.610020647722651	-1.67276554902797	-0.985695138118774	-0.301691220382769
-0.603521905381853	-1.66829427399685	-0.976037353587882	-0.297060815672709
-0.597023163041055	-1.65255044824667	-0.966033412324018	-0.285450484787317
-0.590524420700257	-1.6401398274339	-0.955644744011692	-0.276121937914861
-0.584025678359459	-1.63781278223539	-0.947609156356825	-0.273273978562036
-0.577526936018661	-1.62443533470277	-0.938877419953655	-0.264329483910796
-0.571028193677863	-1.61798238678807	-0.929734818901967	-0.257385689788751
-0.564529451337065	-1.5970657332215	-0.921585237007732	-0.249652000961242
-0.558030708996267	-1.58491692306575	-0.913297002049206	-0.248159509807622
-0.551531966655469	-1.58692207478899	-0.90484658412663	-0.234543449184728
-0.545033224314671	-1.57101144313968	-0.897517615420787	-0.23620513417434
-0.538534481973873	-1.56916784457609	-0.887436599814408	-0.215715649769324
-0.532035739633075	-1.55542189389774	-0.880400235202777	-0.209615170420226
-0.525536997292277	-1.54285493115834	-0.868119757610878	-0.203360386590746
-0.519038254951479	-1.53197118639339	-0.861848690555071	-0.191904879955216
-0.512539512610681	-1.52307513479231	-0.852486722291522	-0.184610226354162
-0.506040770269883	-1.51103613561911	-0.843009178731284	-0.18413837338671
-0.499542027929085	-1.50686485500194	-0.837967140450784	-0.180174166200262
-0.493043285588287	-1.49386134760717	-0.821364866344588	-0.169647924620952
-0.486544543247489	-1.48678977847317	-0.81839060272409	-0.156693940809974
-0.480045800906691	-1.47579262464748	-0.807791171728503	-0.15363452395322
-0.473547058565893	-1.45685939933815	-0.800270567129439	-0.143745988354617
-0.467048316225096	-1.44681454912849	-0.790980296927741	-0.136607281994086
-0.460549573884298	-1.43750105472483	-0.780613777617018	-0.131257161848084
-0.454050831543499	-1.43127126299264	-0.7746042448218	-0.128193133628051
-0.447552089202702	-1.41314596970031	-0.763718927789539	-0.118290294376282
-0.441053346861904	-1.41431678117531	-0.754820349464074	-0.103372728848982
-0.434554604521106	-1.39901169625907	-0.747963019549543	-0.0975624073393484
-0.428055862180308	-1.39501630837365	-0.73820108605258	-0.0909977385031203
-0.42155711983951	-1.3784972361503	-0.730244417807041	-0.0885472273201887
-0.415058377498712	-1.37099627782287	-0.718798481757565	-0.0735918225861569
-0.408559635157914	-1.36932152567656	-0.711847836016355	-0.0646940171708799
-0.402060892817116	-1.34600175672579	-0.70103009398033	-0.0625132190122325
-0.395562150476318	-1.34638736530244	-0.694064703986245	-0.0551974792751668
-0.38906340813552	-1.33636633433975	-0.684296257321828	-0.0459048023367955
-0.382564665794722	-1.31935781267384	-0.675210038562098	-0.0427389207254951
-0.376065923453924	-1.31376398017274	-0.670122521840868	-0.0232039944559652
-0.369567181113126	-1.29615959244935	-0.656638531731029	-0.0162903410227501
-0.363068438772328	-1.29532178468512	-0.651338326681664	-0.0063267745021918
-0.35656969643153	-1.2811519118881	-0.64243908503922	-0.0047585812377651
-0.350070954090732	-1.27560833735865	-0.631734886827367	0.0017310649276677
-0.343572211749934	-1.26417129085824	-0.623822034762034	0.01301606047708
-0.337073469409136	-1.26495528771846	-0.618115263794198	0.01703063056011
-0.330574727068338	-1.24250606489667	-0.605910025459582	0.0246589198108902
-0.32407598472754	-1.24114530647882	-0.59989197529085	0.0265726455026709
-0.317577242386742	-1.22330300973009	-0.587979501825092	0.0420531210540155
-0.311078500045944	-1.21878555891582	-0.581936409373181	0.0508124241178767
-0.304579757705146	-1.21055205687359	-0.568895511613277	0.0548747468795069
-0.298081015364348	-1.19915972345744	-0.563536122714929	0.0676850347837946
-0.29158227302355	-1.19710469308303	-0.55106101383221	0.0656296111095788
-0.285083530682752	-1.17751356894144	-0.542771461846348	0.0853736037702451
-0.278584788341954	-1.16589096294694	-0.538737664618213	0.0971759503708923
-0.272086046001156	-1.16019749795825	-0.526195881373567	0.0981160680968226
-0.265587303660358	-1.15792804642132	-0.518500318337323	0.110497344629723
-0.25908856131956	-1.14421857615762	-0.511704346574366	0.119728463357737
-0.252589818978762	-1.13079002802639	-0.50143672971294	0.124046591560623
-0.246091076637964	-1.12188607163568	-0.491702214994575	0.126015175325549
-0.239592334297166	-1.10903867639471	-0.485160958792473	0.131989158338588
-0.233093591956368	-1.10366267793363	-0.475491436978923	0.138297758565905
-0.22659484961557	-1.09549550547099	-0.466158530732695	0.150191959628309
-0.220096107274772	-1.08239654141016	-0.45736477807165	0.158978009018854
-0.213597364933974	-1.07189828114903	-0.446068855366135	0.171023689969274
-0.207098622593176	-1.07001052104578	-0.440701344239098	0.180101034505185
-0.200599880252378	-1.05282110916051	-0.42833960776873	0.193853770529412
-0.19410113791158	-1.04791053673088	-0.423576060131715	0.19830255105395
-0.187602395570782	-1.02872511031009	-0.413609803319301	0.204014653424184
-0.181103653229984	-1.02439872294055	-0.403498926110868	0.212070703554301
-0.174604910889187	-1.01722687376879	-0.397731964558178	0.224061026819423
-0.168106168548388	-1.01201176248087	-0.385015305839527	0.224436677194334
-0.16160742620759	-1.00172791303149	-0.378795035925295	0.238572712662814
-0.155108683866793	-0.996072689159119	-0.369025545075606	0.251933694797758
-0.148609941525994	-0.977345078459046	-0.358500474286636	0.258323562550845
-0.142111199185196	-0.964602720496085	-0.354201297851608	0.271940304486797
-0.135612456844399	-0.965052930119031	-0.345201277823743	0.272215795088409
-0.129113714503601	-0.952583161563161	-0.335089433987237	0.27546547097615
-0.122614972162802	-0.94992634057403	-0.323624166687922	0.286257246686287
-0.116116229822005	-0.939446442307591	-0.313814277618833	0.294431847849058
-0.109617487481207	-0.919434891759716	-0.307938562284196	0.302719094060702
-0.103118745140409	-0.92076351368724	-0.299929787829157	0.308603429908763
-0.0966200027996107	-0.909120914335338	-0.289051400398481	0.324381701762942
-0.0901212604588126	-0.896033202424648	-0.280753976160318	0.323247147846365
-0.0836225181180148	-0.896089266254854	-0.272524521681196	0.342741388482356
-0.0771237757772167	-0.876361439073559	-0.263150619892549	0.34386213672901
-0.0706250334364187	-0.868851322611066	-0.256763135022599	0.357224118153676
-0.0641262910956208	-0.860949110898298	-0.247929629049312	0.360106184798186
-0.0576275487548228	-0.854751249323926	-0.238611035269634	0.36986209813186
-0.0511288064140247	-0.83742065870506	-0.229921617534395	0.388322944276521
-0.0446300640732269	-0.837973815713467	-0.221455705843362	0.395623421504898
-0.0381313217324288	-0.825904161849221	-0.212144366417703	0.402558734296839
-0.0316325793916308	-0.819136669604422	-0.202263587827957	0.400773958273667
-0.0251338370508329	-0.80962429385753	-0.192855213823971	0.412328177528582
-0.0186350947100349	-0.797393422390126	-0.186483638194246	0.426027934692312
-0.0121363523692368	-0.791555747657001	-0.175591309303009	0.437172567663022
-0.00563761002843899	-0.783050375633415	-0.165566553960661	0.441223860542831
0.00086113231235907	-0.780582071695296	-0.156369333963237	0.458265587911317
0.00735987465315691	-0.762910925891662	-0.147226423018468	0.456575718972881
0.013858616993955	-0.758854387640033	-0.143362598489738	0.471759790799757
0.020357359334753	-0.745069480451648	-0.13015136125181	0.478307695276435
0.0268561016755509	-0.734961015326937	-0.119167006899804	0.486264221485647
0.0333548440163489	-0.735722314984214	-0.112041978097854	0.497219747707777
0.039853586357147	-0.719826667901584	-0.105072280968965	0.504728765537302
0.0463523286979448	-0.722508089666333	-0.0956534382110336	0.510799477489773
0.0528510710387429	-0.703539685089394	-0.0884058697052887	0.527648162386123
0.0593498133795409	-0.698467951001354	-0.0789951734236835	0.528226185265432
0.0658485557203388	-0.691040043799917	-0.0693065126316717	0.548983766800435
0.0723472980611368	-0.676377914159142	-0.0638734996101778	0.547810171755916
0.0788460404019349	-0.672787496005956	-0.051727332778074	0.562091115084327
0.0853447827427327	-0.665047853983993	-0.0425591874272823	0.567042491407738
0.0918435250835308	-0.653884020720969	-0.034688600203255	0.583470439719719
0.0983422674243286	-0.647250136372616	-0.0274322854608629	0.581071959688447
0.104841009765127	-0.634842494482356	-0.0207941489786507	0.601214004963323
0.111339752105925	-0.629054799270392	-0.0105383073273855	0.604483577925969
0.117838494446723	-0.6118199052101	-0.00188931918449025	0.61003115453157
0.124337236787521	-0.609515026280523	0.00836592483870981	0.62401431452069
0.130835979128319	-0.601591306810608	0.0158836775719503	0.634178143895392
0.137334721469117	-0.592945142338793	0.0272264174765057	0.635770967658648
0.143833463809915	-0.587069432618026	0.035831063640367	0.649891404929323
0.150332206150713	-0.580315425988296	0.0436891404291251	0.65602286905287
0.15683094849151	-0.572914222645137	0.0529805374509354	0.672818926656962
0.163329690832308	-0.55550240268943	0.0605109856033032	0.668633619317092
0.169828433173107	-0.550838810142191	0.0707675973387955	0.684046148219266
0.176327175513904	-0.552827755732766	0.0762228731971117	0.684809076232518
0.182825917854702	-0.534451755351165	0.0869625230779886	0.704144317407329
0.189324660195501	-0.525336231598111	0.0923514423340128	0.717471498761872
0.195823402536298	-0.520759656290126	0.104218605072237	0.727855122754264
0.202322144877096	-0.507921026261315	0.11497446095143	0.731211226738906
0.208820887217894	-0.505475366183443	0.122542321027572	0.73746542936779
0.215319629558692	-0.50216399451819	0.130657990749226	0.746654737947491
0.22181837189949	-0.490796680671827	0.139096714823465	0.757265452886573
0.228317114240288	-0.473754358395512	0.149423823010869	0.768619110565204
0.234815856581086	-0.476383062912146	0.158250773576944	0.776933013696744
0.241314598921884	-0.461883425419706	0.166550759927701	0.791143035890042
0.247813341262682	-0.4524030872462	0.174915264088936	0.802143570143014
0.25431208360348	-0.451055149254632	0.181955907228404	0.807568390764948
0.260810825944278	-0.43378418077442	0.192632246622362	0.816355448334004
0.267309568285076	-0.427254948322022	0.203430052307734	0.824586635139179
0.273808310625874	-0.425425104553525	0.207739431693463	0.824823249838299
0.280307052966672	-0.406808909523459	0.218811290824392	0.842256289275366
0.28680579530747	-0.408020840086657	0.228362696309763	0.858105468117347
0.293304537648268	-0.390527182936605	0.232236960270406	0.859860257166516
0.299803279989066	-0.390608413953391	0.244927385584102	0.867484524987753
0.306302022329864	-0.385360064816306	0.253659680412477	0.885262308341104
0.312800764670662	-0.37959225306849	0.263198075997027	0.896703853958804
0.31929950701146	-0.360656638875302	0.269576581526903	0.900882666520724
0.325798249352258	-0.360721001570077	0.280034990338063	0.915501862613337
0.332296991693056	-0.355531731666002	0.288891201650132	0.920811446500595
0.338795734033854	-0.340120002017397	0.294258332237686	0.930726707177853
0.345294476374652	-0.329667826022338	0.30568679829936	0.94233592898114
0.35179321871545	-0.322993025642818	0.318400125395538	0.952856988315852
0.358291961056248	-0.315193560707699	0.325668212071054	0.965281277582658
0.364790703397046	-0.304392570510569	0.330892651807927	0.974084081847943
0.371289445737844	-0.295163947653623	0.339047511950827	0.980446327458492
0.377788188078642	-0.296013771782047	0.35110727457359	0.989591445261122
0.38428693041944	-0.287781448750372	0.359734047008487	0.997424980469749
0.390785672760238	-0.275720339136004	0.367405704918301	1.01145362655469
0.397284415101036	-0.280367264603186	0.378785345350755	1.0186747076244
0.403783157441834	-0.257763545198836	0.384486303968234	1.03361315448383
0.410281899782632	-0.252118893610995	0.3916756168096	1.0415821943891
0.41678064212343	-0.242865505945535	0.404615523538796	1.04618339146904
0.423279384464228	-0.231801928129464	0.411426695983326	1.06162135202671
0.429778126805026	-0.236604532968009	0.420161622243807	1.07026154526163
0.436276869145824	-0.22441367827835	0.427502373627772	1.07451386246174
0.442775611486621	-0.213613315811162	0.434811123358099	1.09035927667713
0.44927435382742	-0.216324337651617	0.446145501200152	1.09766902986056
0.455773096168218	-0.212976507011897	0.451700599926248	1.10778206807281
0.462271838509015	-0.193313072019246	0.460595125724827	1.11954932677733
0.468770580849814	-0.17677652184298	0.472921055835428	1.11700707945062
0.475269323190612	-0.175548531051237	0.477715550439957	1.13973791771638
0.481768065531409	-0.16570174555845	0.490574830936314	1.14458847899541
0.488266807872208	-0.163174406985898	0.499315734031493	1.15463309372479
0.494765550213006	-0.158039954042288	0.50804073269643	1.16121800501876
0.501264292553803	-0.151750098736889	0.516500266302297	1.17421494053472
0.507763034894602	-0.139521753186924	0.526230816069308	1.18751661911978
0.514261777235399	-0.133744427323461	0.534853938449409	1.19794088310652
0.520760519576197	-0.118957430209147	0.544309655797905	1.19614412355879
0.527259261916996	-0.124630417695902	0.549084776824593	1.21995266390081
0.533758004257793	-0.108006527532714	0.559579342845892	1.22549959954267
0.540256746598591	-0.0970956320526396	0.566211368710616	1.24107427679053
0.546755488939389	-0.10342573352973	0.577931908632638	1.24897621991182
0.553254231280187	-0.0973165611827191	0.590413105595838	1.26056029993115
0.559752973620985	-0.076480112036525	0.596424335969011	1.26289510415792
0.566251715961783	-0.0717875171803627	0.604316488728251	1.27522075312665
0.572750458302581	-0.0678404916595854	0.613496403133091	1.28764001771592
0.579249200643379	-0.0648450185881555	0.621210806744783	1.30251076544942
0.585747942984177	-0.0412583199355536	0.630599347468265	1.30929586103224
0.592246685324975	-0.0431348312164019	0.639640265364561	1.31541372702095
0.598745427665773	-0.0338648498217703	0.648243223762605	1.33194350098548
0.605244170006571	-0.0313968263121657	0.658109958202611	1.33178132708512
0.611742912347369	-0.021375942084822	0.665572079982135	1.35341139822828
0.618241654688167	-0.00962750102983368	0.672832969339324	1.35982691357715
0.624740397028965	-0.0155556623021284	0.681332246653315	1.37346231038718
0.631239139369763	0.00555088069984023	0.693191112610259	1.38509513798038
0.637737881710561	0.0175909601415358	0.702893376820195	1.38748317709974
0.644236624051359	0.017072532035774	0.711519603150098	1.40594691385504
0.650735366392157	0.0215891137209977	0.716598906992592	1.4065135247765
0.657234108732955	0.0318692578056883	0.73265594329658	1.41565497422106
0.663732851073753	0.0323955377286103	0.735529199531647	1.43506491899729
0.670231593414551	0.039017590331536	0.742949509356235	1.44725790109209
0.676730335755349	0.0534939573887292	0.755138230046805	1.45554885993463
0.683229078096147	0.0619072684441507	0.764083497640664	1.46102985307538
0.689727820436945	0.0599537361688529	0.768052969645453	1.46854679071001
0.696226562777743	0.073927957095526	0.783597612392455	1.48311939687463
0.702725305118541	0.0767438720580031	0.788908010534621	1.4835319250085
0.709224047459339	0.0890502870936849	0.797345615477945	1.49999013297606
0.715722789800137	0.0956639030624384	0.806457625735775	1.51518115086334
0.722221532140935	0.111717203393062	0.817874594886937	1.52899048183852
0.728720274481733	0.113557129955299	0.824012531177374	1.53596091896705
0.735219016822531	0.120932622718164	0.83591837429184	1.54445169868948
0.741717759163329	0.137150150146533	0.844135975138781	1.5505061754138
0.748216501504126	0.135815621077122	0.849569576796265	1.56993762336831
0.754715243844925	0.141346252797235	0.857952532645724	1.56203224054495
0.761213986185723	0.14128240444369	0.86914490315588	1.59323666691851
0.76771272852652	0.153129286316256	0.875762205428211	1.59386653318923
0.774211470867319	0.155501194327776	0.887528948116143	1.6065504421335
0.780710213208117	0.165961652686239	0.896148039350295	1.61809409795744
0.787208955548914	0.177044729852182	0.903535930340623	1.62505905758931
0.793707697889713	0.179136779230615	0.911313552631695	1.64152938720759
0.80020644023051	0.185563067643749	0.919366148381107	1.64240021064558
0.806705182571308	0.194441286920669	0.928578545376748	1.66082360155641
0.813203924912107	0.201630684520544	0.941155134373768	1.67486760279321
0.819702667252904	0.209809577979268	0.946486390614403	1.68145060571984
0.826201409593702	0.20883668363962	0.955427283919919	1.69699801629287
0.832700151934501	0.222459661567307	0.964065996546855	1.70459963811706
0.839198894275298	0.222434613308527	0.975920882952703	1.71658814051106
0.845697636616096	0.240436395995587	0.980032287026588	1.71936424214786
0.852196378956894	0.239128680891467	0.987791905498856	1.72931072128393
0.858695121297692	0.2470812537047	0.998289625747097	1.74379361244924
0.86519386363849	0.265444613109332	1.00693119258981	1.7488796377731
0.871692605979288	0.262840797171229	1.01547950893997	1.7657554227769
0.878191348320086	0.267764515314045	1.02604942374127	1.78245980677046
0.884690090660884	0.293086840646993	1.03525842097048	1.78675485514772
0.891188833001682	0.291946110941467	1.04304743175939	1.79343406437815
0.89768757534248	0.304518942623844	1.05174440069196	1.81077524247379
0.904186317683278	0.304918274125891	1.0608191970679	1.81852235073951
0.910685060024076	0.315567017188595	1.07173844858943	1.81896070704239
0.917183802364874	0.316200192215278	1.07809010200151	1.83188576797033
0.923682544705672	0.331997353123997	1.08614919139364	1.85181708532059
0.93018128704647	0.332968209362581	1.09425339121903	1.85991620092954
0.936680029387268	0.338419593840651	1.104216693024	1.87299471908458
0.943178771728066	0.333519235206109	1.11459648401004	1.87789871154256
0.949677514068864	0.355864900725192	1.12041431443916	1.89453405193395
0.956176256409662	0.3571873733089	1.1292288826929	1.89768429771721
0.96267499875046	0.361848416674638	1.1400752106646	1.91444033829603
0.969173741091258	0.365383942924233	1.14640181968404	1.92348104625272
0.975672483432056	0.376739448487563	1.15664969734064	1.94009282613363
0.982171225772854	0.383882834724233	1.16411863383767	1.94325638794772
0.988669968113652	0.400821099834303	1.17216179995279	1.96121330933045
0.99516871045445	0.393197178298378	1.18448821250338	1.97281072244945
1.00166745279525	0.406608600805603	1.19160107086271	1.98315370368499
1.00816619513605	0.424870830357453	1.20122796947729	1.98687900798831
1.01466493747684	0.404160378442483	1.20840403019895	1.99826295293438
1.02116367981764	0.424938421585056	1.21699372065223	2.00560840662722
1.02766242215844	0.429511674188846	1.22842452690464	2.016499777783
1.03416116449924	0.433460116994252	1.23600955229229	2.03273510728408
1.04065990684004	0.453230450934465	1.24616352137103	2.04352972477857
1.04715864918083	0.454469897280643	1.25378643510702	2.05737035979745
1.05365739152163	0.454513319329596	1.2599436256834	2.06693184249897
1.06015613386243	0.463018540436483	1.27090985099665	2.07467515614049
1.06665487620323	0.47256278868716	1.27884604978358	2.09468880776746
1.07315361854403	0.472775102449419	1.28542058555536	2.09228376073658
1.07965236088482	0.492417051967574	1.29676630833398	2.10274115913744
1.08615110322562	0.479760004963024	1.30803971481864	2.12272121332059
1.09264984556642	0.505597347803639	1.31521110889329	2.13300392226583
1.09914858790722	0.509539669866171	1.32047840023683	2.14068040074409
1.10564733024802	0.51514299508364	1.33124367820258	2.15006407747541
1.11214607258881	0.523475105621086	1.34241200244089	2.16909365556182
1.11864481492961	0.519218493590441	1.35066694159908	2.18680153047906
1.12514355727041	0.537020279343191	1.35934098990678	2.19927094722263
1.13164229961121	0.534717426743659	1.36727790031054	2.19480984884173
1.13814104195201	0.54052025776098	1.37413306676696	2.21599027868566
1.1446397842928	0.545970719094943	1.38301975086044	2.22294410969468
1.1511385266336	0.562581487315157	1.3950798053335	2.2168797610582
1.1576372689744	0.567549215854958	1.40280209271236	2.23089826479873
1.1641360113152	0.577809638679584	1.41041848593815	2.24897606073385
1.170634753656	0.574401073559823	1.41892614020138	2.26931182785175
1.17713349599679	0.590246620812219	1.43089634047638	2.2720485325686
1.18363223833759	0.595505600833238	1.43825458285625	2.28723369521857
1.19013098067839	0.599289208224237	1.44459950414862	2.29340811194529
1.19662972301919	0.59770609205568	1.45680415202254	2.30865423433455
1.20312846535999	0.619682854619344	1.46127581245715	2.31174194480699
1.20962720770078	0.616971742770166	1.47177107353921	2.32865404984316
1.21612595004158	0.625021385686575	1.47660895427576	2.34726854298215
1.22262469238238	0.627075029579383	1.48731691781528	2.35221724834768
1.22912343472318	0.642473229550327	1.49825517116258	2.35992327223684
1.23562217706398	0.640499148567356	1.50597514332181	2.37576077289563
1.24212091940477	0.656751723596002	1.51580508484592	2.38603942265287
1.24861966174557	0.658801298343567	1.52179347610896	2.40176225501937
1.25511840408637	0.652475069088274	1.53117505825116	2.41266002555327
1.26161714642717	0.670507125734028	1.53997551171811	2.42391383343992
1.26811588876796	0.676333759711404	1.55447166894149	2.42905917396293
1.27461463110876	0.676657281663248	1.5620052783084	2.44201939623227
1.28111337344956	0.686160860666736	1.56607671204495	2.44463833103245
1.28761211579036	0.692284344577084	1.57697055353884	2.46281889220208
1.29411085813116	0.709947695494885	1.58562763012712	2.47246143667656
1.30060960047195	0.704764264751497	1.59623921326862	2.48385408862964
1.30710834281275	0.709270326288738	1.60291905478614	2.48970935294505
1.31360708515355	0.71392808597097	1.61436407290903	2.50818293706262
1.32010582749435	0.731090021658454	1.62456791177839	2.50538723993195
1.32660456983515	0.734488003953256	1.63164905002006	2.51854860552859
1.33310331217594	0.741782152224051	1.63806254760547	2.53673664150489
1.33960205451674	0.746257630180486	1.64593706718634	2.55215110821375
1.34610079685754	0.756945411904447	1.65841772881268	2.56881375464482
1.35259953919834	0.766187316968516	1.66821372385128	2.57964924306058
1.35909828153914	0.775990344489372	1.67565315430612	2.5755288895093
1.36559702387993	0.779623845430731	1.68550430101626	2.58661222277955
1.37209576622073	0.772997803435	1.69567045896681	2.6058775462306
1.37859450856153	0.788660241794138	1.69773279056137	2.61147766507253
1.38509325090233	0.789617289853394	1.70859649403617	2.63098049207324
1.39159199324313	0.812650760233888	1.71688260502556	2.63583576520794
1.39809073558392	0.822201225811593	1.72949814272996	2.65570008920931
1.40458947792472	0.818829513232443	1.7391308413002	2.66367028426806
1.41108822026552	0.820562953738928	1.74231383429594	2.67051138926916
1.41758696260632	0.829143676702139	1.7522708379578	2.69272913088314
1.42408570494712	0.825077331871036	1.76232466423564	2.69097127649013
1.43058444728791	0.836266363029499	1.77289662172518	2.70666479701945
1.43708318962871	0.842981012997001	1.77513105355632	2.71784700491744
1.44358193196951	0.860723388023805	1.787932708667	2.72849047962473
1.45008067431031	0.866942315375755	1.79863156772512	2.7430188234274
1.45657941665111	0.859231315356418	1.80723328355369	2.74774733864025
1.4630781589919	0.876303211715416	1.81876248579766	2.76632761074233
1.4695769013327	0.875105592011985	1.82155771035646	2.76916864833452
1.4760756436735	0.882313881412869	1.8331422172042	2.7866014369754
1.4825743860143	0.882941323392223	1.84202498053526	2.78888883996969
1.4890731283551	0.897566319521665	1.851285819372	2.8199978030517
1.49557187069589	0.901964257878979	1.85632355820835	2.82360845228459
1.50207061303669	0.910289303020405	1.86548499026958	2.8332745515505
1.50856935537749	0.912869959117048	1.87448093348649	2.83879551957151
1.51506809771829	0.92495670857231	1.88517516949233	2.85856494621518
1.52156684005909	0.921565503189929	1.89208310412135	2.85723669689201
1.52806558239988	0.929951644303235	1.90144646370637	2.87636774100553
1.53456432474068	0.947574427336803	1.91311959960712	2.88330053269567
1.54106306708148	0.941309899805796	1.91757573377644	2.89186478835068
1.54756180942228	0.95271764010773	1.92952105323195	2.90895246038332
1.55406055176308	0.960708292185683	1.93663100221398	2.91804057887538
1.56055929410387	0.953818767149506	1.94542621372531	2.93366387302902
1.56705803644467	0.973582458119028	1.95550499437448	2.94255801058669
1.57355677878547	0.982290121409018	1.96332895025314	2.96111621244131
1.58005552112627	0.982912246384694	1.97038828709943	2.96995651273182
1.58655426346707	0.990812122010328	1.97696273473901	2.96412888154993
1.59305300580786	0.991140240512635	1.98873164762799	2.99075695051462
1.59955174814866	1.00342628622294	1.99973722550284	2.99121125638429
1.60605049048946	1.00151891194925	2.00735084890005	3.00994377018917
1.61254923283026	1.01569541111889	2.01530139769268	3.01447946095357
1.61904797517106	1.02287206447896	2.0286445527861	3.03110085417245
1.62554671751185	1.03148515518714	2.03209982952968	3.03768734407535
1.63204545985265	1.02589873089688	2.04627957153051	3.04845596429571
1.63854420219345	1.0321325865414	2.04767415283908	3.07103044745454
1.64504294453425	1.05202692184169	2.06058675729048	3.07366175412273
1.65154168687505	1.05100770977855	2.07215680716218	3.09412715807553
1.65804042921584	1.05630539887884	2.07499695137929	3.10061794552075
1.66453917155664	1.0674199665437	2.08644973122877	3.11467273759055
1.67103791389744	1.06050933287169	2.09308028039801	3.12605727596601
1.67753665623824	1.08148846871271	2.0969683599876	3.14121476911493
1.68403539857904	1.07772017853116	2.11322749828324	3.14312007376835
1.69053414091983	1.09283756710627	2.12129962094149	3.1541293832308
1.69703288326063	1.09185988602843	2.1299034011045	3.18189997961623
1.70353162560143	1.10330849329951	2.14256239525343	3.18207023178446
1.71003036794223	1.10402664261357	2.14687852766276	3.20386850829144
1.71652911028303	1.11694079221926	2.1574372779153	3.19787330652962
1.72302785262382	1.12174291124262	2.16206590624138	3.21750654355715
1.72952659496462	1.12492682668162	2.17636316482505	3.23042396421757
1.73602533730542	1.12614013162597	2.18566692828469	3.23821064085272
1.74252407964622	1.13631392774278	2.19309622505174	3.25316426362518
1.74902282198702	1.14681025430177	2.2028505317423	3.25768012775095
1.75552156432781	1.14286396258782	2.20712049592099	3.27844655435646
1.76202030666861	1.15765998631873	2.21981223276918	3.28398646483856
1.76851904900941	1.16121555564713	2.22806148022578	3.29968461949397
1.77501779135021	1.16933227855898	2.23445975201107	3.30537504094647
1.78151653369101	1.17780530964406	2.24586395024685	3.32480805742687
1.7880152760318	1.18308156085222	2.25434523838482	3.32945760278008
1.7945140183726	1.19108680239877	2.26180058714798	3.34462458390587
1.8010127607134	1.19877798194361	2.26744577376071	3.35732345199906
1.8075115030542	1.19685199099031	2.27516996034615	3.3632132730174
1.814010245395	1.20006773789921	2.28850833127536	3.3852304522417
1.82050898773579	1.21552969965532	2.29838968614389	3.38755029284336
1.82700773007659	1.21298358230582	2.30652974845431	3.39854842256957
1.83350647241739	1.22435338761709	2.31493526818447	3.41066914029881
1.84000521475819	1.23633681814845	2.3292174942315	3.42193323893224
1.84650395709899	1.2383833498494	2.32716566184018	3.4326257797627
1.85300269943978	1.23889410478951	2.33938820130775	3.4420739405421
1.85950144178058	1.24285946612467	2.348439828477	3.45211502074949
1.86600018412138	1.26946557312893	2.35641380696258	3.46412212360066
1.87249892646218	1.25190749912385	2.36997932584511	3.48345023068267
1.87899766880298	1.26785120930371	2.3730805866147	3.49355672064038
1.88549641114377	1.28151763475539	2.38292315268215	3.5054182317756
1.89199515348457	1.2874148660666	2.39695382827533	3.51193121217386
1.89849389582537	1.28538366431022	2.39967429545984	3.51944561136648
1.90499263816617	1.30019446645302	2.41009329756326	3.53488911678752
1.91149138050696	1.30240792189255	2.41865416654729	3.54629179153691
1.91799012284776	1.30277981745882	2.42619916407042	3.55305139136459
1.92448886518856	1.31769696472818	2.43542410187019	3.58019636940571
1.93098760752936	1.32235493078917	2.44728434506048	3.58139713132203
1.93748634987016	1.32296772937236	2.45333472534562	3.59472917203604
1.94398509221095	1.3329088321934	2.4590169407862	3.60292683863639
1.95048383455175	1.33325263674492	2.47337449301458	3.62096828866142
1.95698257689255	1.34945281358809	2.47646510759238	3.62178364366478
1.96348131923335	1.35038861236493	2.48713097034043	3.6374722825292
1.96998006157415	1.35462010056671	2.50005279952882	3.64719912331102
1.97647880391494	1.35663151943611	2.50529473130001	3.6588501119563
1.98297754625574	1.36173934152523	2.51579395003857	3.66298257826503
1.98947628859654	1.37136263624708	2.52152671315128	3.69132388380573
1.99597503093734	1.37549731258598	2.53794379316791	3.69634102012208
2.00247377327814	1.38681493444283	2.54329389505523	3.70065568099142
2.00897251561893	1.39377533035907	2.55054477258458	3.72852085132672
2.01547125795973	1.40231735099357	2.55862741409465	3.73953088250813
2.02197000030053	1.40429372949855	2.56915650658132	3.741694516371
2.02846874264133	1.39818547716684	2.57463606279935	3.75373783163101
2.03496748498213	1.41790160889992	2.58685130693545	3.77549650195253
2.04146622732292	1.42472208437565	2.59707783426611	3.76726895974756
2.04796496966372	1.41680101366241	2.5994617691403	3.79158579143794
2.05446371200452	1.42975844112457	2.60999934470532	3.80060965375832
2.06096245434532	1.4392930268513	2.61825316781213	3.80393771412649
2.06746119668612	1.44949797009944	2.62890635866997	3.82989817656954
2.07395993902691	1.45121490443145	2.63894858514221	3.83002930938802
2.08045868136771	1.45628527073893	2.64337906641262	3.85381269441789
2.08695742370851	1.47054715215933	2.65507747990176	3.85762751224679
2.09345616604931	1.479241576517	2.66553691709668	3.8628812342026
2.09995490839011	1.47622261563944	2.66885647985515	3.87638286450064
2.1064536507309	1.47669910750127	2.68156502068591	3.88902062052853
2.1129523930717	1.48748579908953	2.69510453690341	3.90560022044454
2.1194511354125	1.48679630476176	2.69697101146819	3.91126454378219
2.1259498777533	1.50263392447302	2.71189872263766	3.91324870363682
2.1324486200941	1.50216713405431	2.71990117205272	3.94652423065294
2.13894736243489	1.50765940421874	2.72849298209376	3.951731137962
2.14544610477569	1.52258330931093	2.73064271126935	3.9573896674307
2.15194484711649	1.52511896033054	2.74188343132166	3.96383563015735
2.15844358945729	1.52810566084871	2.75373997949109	3.98392269077992
2.16494233179809	1.54055727850714	2.75662363350592	3.99710513629441
2.17144107413888	1.53409284378035	2.77035637216587	4.00593125697848
2.17793981647968	1.55205948487675	2.78373384103301	4.02635603546327
2.18443855882048	1.55829788543678	2.78803889765088	4.03197501074044
2.19093730116128	1.55481637282832	2.79451443856382	4.03565609207727
2.19743604350208	1.56069696251027	2.81004686503305	4.05767651239368
2.20393478584287	1.56057284989036	2.81127724165496	4.0763034275831
2.21043352818367	1.57870352239956	2.82044985785777	4.08219759239574
2.21693227052447	1.59149563352198	2.8301236128933	4.08715897434787
2.22343101286527	1.58014332068549	2.84189960594694	4.08704110642704
2.22992975520607	1.5936580856033	2.85211989548849	4.11278516290809
2.23642849754686	1.59960162033383	2.85818484102075	4.12227711737454
2.24292723988766	1.61799932448508	2.86605006882666	4.1329084236946
2.24942598222846	1.60052799473171	2.87733523163142	4.1429241688191
2.25592472456926	1.62779561535093	2.88575951866317	4.16162456510432
2.26242346691006	1.6195892558499	2.89384822572173	4.16983660580781
2.26892220925085	1.62785664078569	2.90306238316925	4.1726047546667
2.27542095159165	1.62870750725822	2.90810627134709	4.1933223337397
2.28191969393245	1.64933829179371	2.92155434914122	4.20800573104126
2.28841843627325	1.63437519599396	2.92740981035393	4.2173325258127
2.29491717861405	1.65898849128775	2.93929804600301	4.23292834899426
2.30141592095484	1.66250756534208	2.94341697228889	4.24928049087424
2.30791466329564	1.66814336046419	2.95372421925496	4.25428288710495
2.31441340563644	1.6778703369089	2.96250956929382	4.27227338890306
2.32091214797724	1.68296472420849	2.97367853168609	4.27290934189276
2.32741089031804	1.68686187705512	2.98062030438804	4.28362391608975
2.33390963265883	1.69187135186468	2.98798751857888	4.30139016769047
2.34040837499963	1.70174334461265	3.00076534215283	4.30273679180163
2.34690711734043	1.70425422854898	3.00379150236697	4.31547362128134
2.35340585968123	1.70141929469876	3.0172271042988	4.33577444651485
2.35990460202203	1.71257675570176	3.02585529701409	4.3474752810222
2.36640334436282	1.7152860199874	3.02945421934389	4.36258158546275
2.37290208670362	1.71926407655644	3.04432020704358	4.3675128884008
2.37940082904442	1.73425275032277	3.05039341516215	4.38404217077639
2.38589957138522	1.73920585820347	3.06184626814647	4.38955231460521
2.39239831372602	1.74218160698482	3.06721349725041	4.41604117594736
2.39889705606681	1.7477961488587	3.07997282506927	4.41126159605117
2.40539579840761	1.7536275732274	3.08508244554756	4.42529114331213
2.41189454074841	1.76323765156785	3.09641493963802	4.43544434985124
2.41839328308921	1.77383275170003	3.10274368541743	4.46421089092802
2.42489202543001	1.77069768660626	3.11509919689544	4.45814259597844
2.4313907677708	1.77653204874139	3.12355897770893	4.47362492809709
2.4378895101116	1.78688830166533	3.13308624963415	4.48381286711915
2.4443882524524	1.78680900594397	3.13858841250167	4.50652891036014
2.4508869947932	1.78861304453364	3.1479073015331	4.51056369326779
2.457385737134	1.80194933139743	3.15736979760757	4.52192315666924
2.46388447947479	1.80664584589333	3.16412945009081	4.53791375357009
2.47038322181559	1.81729658562986	3.17255281213566	4.53489630699624
2.47688196415639	1.82259833676186	3.18170533684416	4.55942785908382
2.48338070649719	1.83845183603034	3.18917148184687	4.57189627046808
2.48987944883799	1.8435511066095	3.1988236620944	4.58086979302741
2.49637819117878	1.84043284366015	3.20778652866756	4.59002414246965
2.50287693351958	1.84174858568746	3.21872745701083	4.6046697445452
2.50937567586038	1.85264007683211	3.22414774960328	4.61065027025089
2.51587441820118	1.85709922934785	3.23584477573426	4.6238117702493
2.52237316054197	1.86531890982924	3.24243948187005	4.63947065656252
2.52887190288277	1.86853755488471	3.25056432893699	4.65274857362417
2.53537064522357	1.86617088393188	3.26036199619954	4.65233511329865
2.54186938756437	1.87651254833519	3.26791960512348	4.67250189290284
2.54836812990517	1.88169011635709	3.28070908817453	4.68349906480047
2.55486687224597	1.89513641967865	3.28615034516258	4.68470777053628
2.56136561458676	1.90497610828153	3.29684430107825	4.71851973844754
2.56786435692756	1.89975243456738	3.30637365111844	4.72061923047669
2.57436309926836	1.9064918355283	3.31490902021748	4.73773199937824
2.58086184160916	1.9119398360973	3.32345722458185	4.73530593508102
2.58736058394995	1.92021731224859	3.33100502139396	4.74926819865178
2.59385932629075	1.9299873932869	3.34063466554733	4.76737291126106
2.60035806863155	1.932926390915	3.35131685869458	4.77247508830778
2.60685681097235	1.94307517168435	3.3578885485835	4.80001175067906
2.61335555331315	1.93284042440561	3.36598351978719	4.80106806260924
2.61985429565394	1.94586859808222	3.3771968933365	4.80539895767141
2.62635303799474	1.95467557005739	3.38851210763111	4.82237632371511
2.63285178033554	1.9582243252968	3.39542746999	4.84236330269919
2.63935052267634	1.97486980550029	3.40684132829112	4.83885717795654
2.64584926501714	1.97274619034816	3.41018351065664	4.85718072200045
2.65234800735793	1.97661458771354	3.41926337863729	4.86944005384006
2.65884674969873	1.99656788097674	3.42553417801208	4.89005943883467
2.66534549203953	1.99159404527017	3.4357155551201	4.89080825059621
2.67184423438033	2.00280760052347	3.43996410734992	4.91109797095197
2.67834297672113	2.01242428965113	3.45307712103413	4.92137043196426
2.68484171906192	1.99819703606935	3.46284134131309	4.93268765830788
2.69134046140272	2.01213866366467	3.47075763240314	4.93919452954935
2.69783920374352	2.01607477444798	3.47958973232809	4.95373981027988
2.70433794608432	2.02992953188859	3.48525954769292	4.95790947066434
2.71083668842512	2.02874005702784	3.50287545096634	4.98559003947704
2.71733543076591	2.02935045617922	3.50758067575194	4.98033616511524
2.72383417310671	2.04725068179413	3.51567068884466	4.98600017424044
2.73033291544751	2.04338374614411	3.52252460625192	5.014626507423
2.73683165778831	2.04954053813487	3.5323471235405	5.02705751071271
2.74333040012911	2.05841418295417	3.5441161157468	5.0322551156694
2.7498291424699	2.06151334421671	3.54923536749121	5.04984742961359
2.7563278848107	2.07826448130866	3.56336813722274	5.06381260069996
2.7628266271515	2.08015539478158	3.56787267793075	5.0827627148733
2.7693253694923	2.089156430276	3.57093020740678	5.07898094565561
2.7758241118331	2.08919415048834	3.58685804463024	5.08565666360284
2.78232285417389	2.09277389629113	3.59607124600059	5.1105591196693
2.78882159651469	2.1097885047628	3.60369076039652	5.11083849089981
2.79532033885549	2.11299874544794	3.61043355908407	5.13440446576601
2.80181908119629	2.11708590187906	3.62240633730315	5.14960640509516
2.80831782353709	2.12650105010828	3.62958248770748	5.1498318104169
2.81481656587788	2.12772114383277	3.63723590181603	5.16751657999947
2.82131530821868	2.12760298444515	3.64467759854409	5.16989953736511
2.82781405055948	2.13500230183124	3.65356206001151	5.19920582363723
2.83431279290028	2.1324496826055	3.66593048821089	5.20199766178353
2.84081153524108	2.15329058969921	3.67721221313128	5.20660785429242
2.84731027758187	2.14941329744129	3.67897464474357	5.22208329986881
2.85380901992267	2.17762434999428	3.68562069987317	5.2169842524742
2.86030776226347	2.15814844432314	3.70075686378516	5.24333181530865
2.86680650460427	2.17578522352281	3.708995659615	5.24941105614862
2.87330524694507	2.17828718797368	3.71838982976638	5.27539647191697
2.87980398928586	2.18442637963674	3.72724460303063	5.27695989769217
2.88630273162666	2.18587991404293	3.73687132824783	5.30224949867912
2.89280147396746	2.19646909746978	3.74002302112989	5.30673036078424
2.89930021630826	2.20017567638765	3.75242886121172	5.31457719219023
2.90579895864906	2.21401200962274	3.75916507925834	5.33273736697564
2.91229770098985	2.21515684000692	3.77218140305145	5.34027207925616
2.91879644333065	2.21339086596867	3.77771554735147	5.33700964895231
2.92529518567145	2.22532434015189	3.78917268095074	5.36760386446029
2.93179392801225	2.23124147275189	3.79196196285281	5.36766292436597
2.93829267035305	2.2345861378477	3.80536131630557	5.38742245604471
2.94479141269384	2.22730493844913	3.81613767880732	5.39097053378001
2.95129015503464	2.24796859401939	3.82626141060498	5.42510243904722
2.95778889737544	2.24825950427833	3.82985423905751	5.41491507121578
2.96428763971624	2.25635973540104	3.83989108661089	5.42607418545319
2.97078638205704	2.27012416048199	3.85108553872465	5.44452693458186
2.97728512439783	2.27668354473812	3.86071629342984	5.45617763743295
2.98378386673863	2.26675814545562	3.86520389884668	5.47308650199502
2.99028260907943	2.28264043164716	3.87309183971905	5.47221048368813
2.99678135142023	2.29071153922905	3.88647613469127	5.48785946112161
3.00328009376103	2.28851860212799	3.89201767441525	5.49947835820354
3.00977883610182	2.31226827524251	3.90051196547402	5.51574906247409
3.01627757844262	2.3019342346398	3.91198023619211	5.52445388114931
3.02277632078342	2.30848699247822	3.91964026296934	5.53715343288506
3.02927506312422	2.30991514120754	3.92458554175061	5.5575913366169
3.03577380546501	2.31895392925425	3.93853231053826	5.55478072934196
3.04227254780581	2.31038568136583	3.94715476352167	5.5855695346497
3.04877129014661	2.33281921763316	3.95312383016965	5.58628952033623
3.05527003248741	2.33815492442999	3.96277798303155	5.59301376983147
3.06176877482821	2.34131771047893	3.9737990103869	5.61115587907866
3.06826751716901	2.35390345604605	3.97770630052409	5.62809305103443
3.0747662595098	2.36355419489245	3.98911219297457	5.63810328017148
3.0812650018506	2.36067292199212	3.99784675511615	5.66218666822732
3.0877637441914	2.37568470659653	4.01170153521177	5.66055305256832
3.0942624865322	2.37640542408336	4.01405680889598	5.67156769656607
3.100761228873	2.37007549219961	4.0250442251857	5.68029491697361
3.10725997121379	2.38333423138354	4.030207351614	5.70587127895199
3.11375871355459	2.39603907403316	4.04596741449601	5.69839468846124
3.12025745589539	2.40827119013502	4.04922620865725	5.71426011640192
3.12675619823619	2.40375536179215	4.05833505550004	5.72496372566812
3.13325494057698	2.42301562535487	4.07229111097446	5.73284884895319
3.13975368291778	2.40773422982479	4.07544304072539	5.75008279617878
3.14625242525858	2.41572876801599	4.08044076599565	5.76853131690395
3.15275116759938	2.43219941209371	4.09337437843678	5.76528071674225
3.15924990994018	2.43119844322427	4.09920588502288	5.78761216599522
3.16574865228098	2.43575912588229	4.10832664631159	5.78903405819096
3.17224739462177	2.44241968993266	4.12377228481172	5.81512928036173
3.17874613696257	2.43219550651692	4.1301316490761	5.81855489198289
3.18524487930337	2.45866729933195	4.13855568537294	5.8235826631682
3.19174362164417	2.46499134506685	4.14747612866764	5.85083815653752
3.19824236398496	2.46865979139362	4.15343260134363	5.86096433457673
3.20474110632576	2.47412958545811	4.16559439459612	5.8705467323083
3.21123984866656	2.47319461899394	4.17458891930509	5.87244484682047
3.21773859100736	2.49439743070136	4.18228252307188	5.89548233597427
3.22423733334816	2.48885601875685	4.19557793533848	5.9124123496688
3.23073607568895	2.50085635348227	4.19841525175268	5.92425534107143
3.23723481802975	2.51463781203848	4.21334370967939	5.93653664984926
3.24373356037055	2.51079689512147	4.21637900279071	5.94347662153742
3.25023230271135	2.5085577505898	4.22273715413264	5.94656568935782
3.25673104505215	2.53913352055946	4.23623549975619	5.95587357179397
3.26322978739295	2.52592098710519	4.24188685413953	5.98175622309213
3.26972852973374	2.53981578892197	4.25255389943042	5.97630596030249
3.27622727207454	2.52883513126908	4.26334728067117	5.99700493082958
3.28272601441534	2.53858011667201	4.26576505646032	6.0144340884569
3.28922475675614	2.55579469232733	4.28158622871786	6.03772088658108
3.29572349909693	2.54807107849389	4.29148948066206	6.02260397109236
3.30222224143773	2.56836523666975	4.29653672528007	6.05056590191949
3.30872098377853	2.57039581915294	4.30556947699834	6.0545788595293
3.31521972611933	2.56967389360795	4.31699632258221	6.07031969618489
3.32171846846013	2.57049788982571	4.32542854979062	6.07957338718922
3.32821721080092	2.59874934225179	4.33511411756573	6.08230204361403
3.33471595314172	2.58095656240316	4.33806690894753	6.10851670270543
3.34121469548252	2.59982306183865	4.34920823549946	6.11261635613268
3.34771343782332	2.58332396895941	4.35435584831645	6.12676564480315
3.35421218016412	2.61141118557398	4.36877781465296	6.14255720103928
3.36071092250491	2.61909636771376	4.373224994568	6.14933288748294
3.36720966484571	2.61614023124709	4.38642573937085	6.16170580840039
3.37370840718651	2.63104491781085	4.39392023332267	6.17669698846633
3.38020714952731	2.63406721581999	4.4008023626796	6.18319892188008
3.38670589186811	2.64395723858792	4.41162796355325	6.20258307651775
3.3932046342089	2.63928098187979	4.42341605765434	6.21374356449915
3.3997033765497	2.64228896816948	4.43057871936757	6.21210403966584
3.4062021188905	2.65496117842475	4.43662866140537	6.23303600229264
3.4127008612313	2.65245645468432	4.45256424653821	6.25165206579122
3.4191996035721	2.67004809142355	4.45744114241524	6.25798639867023
3.42569834591289	2.66713652402593	4.46160347796446	6.26146930530698
3.43219708825369	2.68232127641278	4.47540796606081	6.2970337644799
3.43869583059449	2.67350698208065	4.47823931159157	6.29008468482626
3.44519457293529	2.69645393417899	4.49139078739407	6.29344857119773
3.45169331527609	2.69779375267073	4.49604091136449	6.3198084413536
3.45819205761688	2.68398866625844	4.50479936782627	6.32765140652746
3.46469079995768	2.71520197569568	4.50890692995789	6.32702773914158
3.47118954229848	2.70829616477089	4.52648837633065	6.3497754136609
3.47768828463928	2.71332614287638	4.52790112341788	6.36842852698597
3.48418702698008	2.71837367037764	4.54320029416439	6.37401459592228
3.49068576932087	2.7303591753888	4.55011502975002	6.37615170867499
3.49718451166167	2.74888101064506	4.5511615387238	6.39818882954338
3.50368325400247	2.73878129155542	4.56761609835035	6.40805827686813
3.51018199634327	2.74512402188373	4.58507129811175	6.42156460805723
3.51668073868407	2.75148835966807	4.58497586873663	6.4265252268477
3.52317948102486	2.76049319891347	4.59636492513863	6.46139176183637
3.52967822336566	2.77471930762681	4.60092457204446	6.46183859715331
3.53617696570646	2.77216743955063	4.6117447154991	6.46195308921464
3.54267570804726	2.7696438911202	4.62062342664944	6.48573255422417
3.54917445038806	2.78906686349166	4.63161720735031	6.49384348195442
3.55567319272885	2.78717281161947	4.64337166124843	6.49310924826213
3.56217193506965	2.78999161217921	4.64725811069721	6.52850714771222
3.56867067741045	2.79182923323226	4.65346474807156	6.52796025035041
3.57516941975125	2.80558396781718	4.66986775455654	6.53827812525537
3.58166816209205	2.80614712167136	4.6715664487741	6.56247859728121
3.58816690443284	2.81433699894052	4.68125038179034	6.57264709196645
3.59466564677364	2.82027384935915	4.68631182116835	6.57240158593254
3.60116438911444	2.82079783200303	4.70192998893073	6.5946618441862
3.60766313145524	2.82170742043185	4.7112946242781	6.59520416385738
3.61416187379604	2.84696583591674	4.7149098185006	6.59817897376295
3.62066061613683	2.84300213978559	4.72634442649448	6.62320731015853
3.62715935847763	2.83902528138288	4.73191979925035	6.63470320739686
3.63365810081843	2.82997489640024	4.74176873117167	6.65457781892368
3.64015684315923	2.85550549966802	4.7573339038929	6.65943882957833
3.64665558550003	2.86638762296759	4.75991956597785	6.66639368481024
3.65315432784082	2.85594548191161	4.77046457549626	6.67784151517132
3.65965307018162	2.87868275853156	4.78032187677858	6.69888622923069
3.66615181252242	2.89445021855893	4.78899681330412	6.70493851107353
3.67265055486322	2.88668027830809	4.79739555631079	6.7145603495555
3.67914929720402	2.90460428326751	4.80561974578165	6.7219752911137
3.68564803954481	2.90380913481254	4.81465477034208	6.73968145891162
3.69214678188561	2.90577853014363	4.8188226633306	6.74800255188581
3.69864552422641	2.90947251282842	4.83241178421062	6.76256306744372
3.70514426656721	2.91679714539257	4.84122960736053	6.78396715567392
3.71164300890801	2.92893635775077	4.84476477071347	6.78907059557474
3.7181417512488	2.93125497874704	4.8541127618984	6.80232176971792
3.7246404935896	2.93742405495194	4.86782812109833	6.82051119109549
3.7311392359304	2.95497326209595	4.88022205970055	6.82849906422857
3.7376379782712	2.95484294445765	4.88705467195242	6.84219056249469
3.744136720612	2.94914044089052	4.89547491802099	6.84358343676386
3.75063546295279	2.95024620341469	4.90266598079991	6.88474795499071
3.75713420529359	2.96523517215789	4.90642495244678	6.87868581911356
3.76363294763439	2.96324826446845	4.91152738168543	6.88144183459512
3.77013168997519	2.98670542965229	4.93381360217517	6.88969721134453
3.77663043231599	2.98331692415177	4.93507716479492	6.89955893405616
3.78312917465678	2.98049795995471	4.93989297081604	6.91220850352926
3.78962791699758	2.99875664776598	4.95643802612217	6.92184429382398
3.79612665933838	2.99596687124222	4.96420503120898	6.94174041003661
3.80262540167918	3.00485299521365	4.97051129832498	6.96427847613286
3.80912414401997	3.00427526444551	4.97249937755931	6.9564204251872
3.81562288636077	3.00999419429529	4.99131303706025	6.98275248131808
3.82212162870157	3.02666165192565	4.99836699335642	6.99386462979243
3.82862037104237	3.04605602882203	5.00746287406756	7.00227893031429
3.83511911338317	3.04007060204372	5.01795230952721	7.00540673070865
3.84161785572396	3.02843350358752	5.02532296696815	7.01174323332257
3.84811659806476	3.03440671151382	5.02916321557685	7.03448109538644
3.85461534040556	3.05025980202699	5.04301813016631	7.04592608914733
3.86111408274636	3.04957290399044	5.05468085462116	7.06203018684836
3.86761282508716	3.05598135705729	5.05606714670603	7.07988420588345
3.87411156742795	3.05973929024103	5.06431186869579	7.0803581074256
3.88061030976875	3.07561056431681	5.07637534804754	7.09895846092919
3.88710905210955	3.08439686750514	5.08558359779194	7.12199396728044
3.89360779445035	3.08962184764014	5.09226919319123	7.11700883688898
3.90010653679115	3.09701025576337	5.10150898428811	7.13608002144124
3.90660527913194	3.09659372342528	5.11143238185408	7.14052618153209
3.91310402147274	3.10368458425444	5.12064972769913	7.15562753537721
3.91960276381354	3.1032335747907	5.13089037476863	7.17684393081145
3.92610150615434	3.11706289673517	5.13199391760072	7.17832209676871
3.93260024849514	3.11680831021444	5.14180387418956	7.19271984413174
3.93909899083593	3.1394241103748	5.16150687723628	7.19873332841317
3.94559773317673	3.12545445012514	5.16083215067649	7.20278777021246
3.95209647551753	3.12448344179914	5.17324133133214	7.23454195918264
3.95859521785833	3.12964481434587	5.17732697463063	7.24094570261517
3.96509396019913	3.14460623408359	5.18944383050571	7.24382390570727
3.97159270253992	3.15504717160983	5.20085578212287	7.26177756186447
3.97809144488072	3.1547986764968	5.20617899996543	7.27236615854261
3.98459018722152	3.16795921930098	5.21708814307429	7.29043875305886
3.99108892956232	3.1635881612537	5.23136682360658	7.29865168089732
3.99758767190312	3.17576844878705	5.23313376541934	7.3136209205342
4.00408641424391	3.18180006954833	5.24304188775178	7.32443951888335
4.01058515658471	3.18713458763505	5.24675455719041	7.34001161936864
4.01708389892551	3.19327502534535	5.26241660422745	7.34549721247223
4.02358264126631	3.19703281526349	5.27292653148982	7.35720831658374
4.03008138360711	3.19457806984161	5.28033590743059	7.36734430576394
4.0365801259479	3.21213933959926	5.28661793740826	7.37602515051765
4.0430788682887	3.22251486119554	5.29556058998399	7.39721864844411
4.0495776106295	3.22981021349676	5.30594745300602	7.40136304351683
4.0560763529703	3.21695300040819	5.31839220176268	7.43327679777937
4.0625750953111	3.25027291805132	5.32068107153415	7.42851887451255
4.06907383765189	3.23088194942404	5.32976722415644	7.43655215202677
4.07557257999269	3.25789444588682	5.34238234045297	7.45642797545404
4.08207132233349	3.260917764523	5.35157675258501	7.47590803638281
4.08857006467429	3.26679552224463	5.35648597133078	7.47441916022876
4.09506880701509	3.26797330129101	5.36567150673568	7.50055190708424
4.10156754935588	3.26960768018128	5.37050102421491	7.50059791849853
4.10806629169668	3.26705087942729	5.38368955635107	7.51644957067985
4.11456503403748	3.28068086538456	5.39110128155366	7.52555352084322
4.12106377637828	3.2924552324702	5.4059023451631	7.54249465465043
4.12756251871908	3.28713488158405	5.4094650098347	7.55520494721096
4.13406126105987	3.29298013455394	5.41987705486827	7.54992724929744
4.14056000340067	3.29737293271602	5.42288349987284	7.56256035823421
4.14705874574147	3.31687112416648	5.43451636590039	7.57385277966237
4.15355748808227	3.31575385388219	5.44128781306874	7.59087093954747
4.16005623042307	3.32395754064605	5.45485829361405	7.61488910839915
4.16655497276386	3.30427757214332	5.46797864080605	7.63029156987858
4.17305371510466	3.31905982525836	5.4718196935401	7.63198658156019
4.17955245744546	3.34093273720701	5.48130577881471	7.63628132197493
4.18605119978626	3.35496369670512	5.48660337083207	7.63718656669805
4.19254994212706	3.35790369350253	5.49978394379271	7.65207053443063
4.19904868446785	3.34312936146138	5.50278883965716	7.67346141537128
4.20554742680865	3.38242623061724	5.51900488169565	7.6828999272849
4.21204616914945	3.36104465113376	5.53024655227027	7.6986135256043
4.21854491149025	3.36734606290809	5.5349928595154	7.72324927325616
4.22504365383105	3.37354004073207	5.54263680030754	7.71380150204012
4.23154239617184	3.38651047330084	5.54540499573084	7.73135712362423
4.23804113851264	3.39269559052252	5.55950085125588	7.7478828909769
4.24453988085344	3.38502628766612	5.56235090340299	7.77534841913083
4.25103862319424	3.40284823549069	5.57472567571887	7.78031824834609
4.25753736553504	3.39804069392689	5.58498479301553	7.78643110354183
4.26403610787583	3.40378523767271	5.6008022461368	7.79244178703182
4.27053485021663	3.42292392766079	5.60592987550225	7.82119077356072
4.27703359255743	3.42181452461096	5.61069351306329	7.81866208584158
4.28353233489823	3.426324306898	5.61560612573724	7.82510101172346
4.29003107723902	3.43383137381426	5.6337245764442	7.8377734823643
4.29652981957982	3.43084113786044	5.63116593466463	7.8482215880023
4.30302856192062	3.43849154847891	5.64889432176546	7.87406491058624
4.30952730426142	3.46653045155898	5.65706093098702	7.87074724144132
4.31602604660222	3.45732153096551	5.66378491853692	7.90584417669408
4.32252478894302	3.44883080286191	5.66950651938186	7.90035922234756
4.32902353128381	3.4700815734132	5.68030701626193	7.92195653501538
4.33552227362461	3.46852995843065	5.68978467742721	7.93211905733848
4.34202101596541	3.46866274457866	5.69758926535235	7.93012249936837
4.34851975830621	3.47643478896494	5.71550660338938	7.92976033757971
4.35501850064701	3.5061923132872	5.71597221083199	7.95897883926264
4.3615172429878	3.49206797739744	5.72247561966138	7.96337589955288
4.3680159853286	3.49815153796333	5.73121558803889	7.98553257210719
4.3745147276694	3.50770662007027	5.74276973465161	7.99814305707204
4.3810134700102	3.51887267849187	5.75284291290457	7.9972512266899
4.38751221235099	3.52468833352629	5.75829686508505	8.019870518184
4.39401095469179	3.52755375655135	5.76922527568525	8.03501068586906
4.40050969703259	3.52498604129094	5.77688556628281	8.03474923417994
4.40700843937339	3.53937064784734	5.78498706028104	8.0528780850866
4.41350718171419	3.53549228273983	5.79450374158013	8.06334894463849
4.42000592405499	3.53805555910816	5.80137414509077	8.07185912947341
4.42650466639578	3.53726954854416	5.8162483347521	8.08640666737748
4.43300340873658	3.56055718213651	5.82475100080428	8.10153138237364
4.43950215107738	3.56523908128294	5.83340505813547	8.11746287659514
4.44600089341818	3.58057900191727	5.84141434202859	8.13286908302888
4.45249963575898	3.57313286568556	5.84958456572452	8.12282514971643
4.45899837809977	3.58172232211277	5.85332757729335	8.151102863013
4.46549712044057	3.59271268165162	5.86184585311391	8.17356982867369
4.47199586278137	3.59422379692234	5.86951695614194	8.19335065515886
4.47849460512217	3.60321025911605	5.887977281831	8.18630494076625
4.48499334746296	3.60596490737605	5.893998790318	8.19548546189097
4.49149208980376	3.60177470280044	5.9009004024994	8.21903626662324
4.49799083214456	3.59833315794932	5.91244411046842	8.21856310098669
4.50448957448536	3.61108840807026	5.91626665153752	8.24351041824896
4.51098831682616	3.61705265284231	5.92431970300689	8.25117284995942
4.51748705916695	3.61249755129544	5.93508067250278	8.2694885864225
4.52398580150775	3.63363145703019	5.94083145348146	8.26198102817174
4.53048454384855	3.63155608132639	5.9514272719058	8.27457889452712
4.53698328618935	3.6522626370914	5.9630332945369	8.30729797751987
4.54348202853015	3.64452483042586	5.97422783469392	8.31281127505816
4.54998077087095	3.65616948733481	5.97901992876694	8.31836335845657
4.55647951321174	3.66524119069681	5.99453663824415	8.34623380208017
4.56297825555254	3.68297193560078	5.99599622339424	8.34919019598847
4.56947699789334	3.67968321900804	6.00809800661337	8.35148068561549
4.57597574023414	3.68895388640722	6.01278281676684	8.36367223860844
4.58247448257493	3.69145496851257	6.0264478427449	8.38105857776967
4.58897322491573	3.70028729883907	6.03081500571023	8.37995943761382
