"mitochan"	"lwrNorm"	"medNorm"	"uprNorm"
-1.90327037354145	-3.86703560134961	-2.71934345100939	-1.58234759034631
-1.89642966235248	-3.85955226056476	-2.70835234032429	-1.59148125719593
-1.8895889511635	-3.86005073290014	-2.69963680193209	-1.58147365476195
-1.88274823997453	-3.81637282820708	-2.68797349457617	-1.5845865544814
-1.87590752878556	-3.82042344335701	-2.68047881886316	-1.57294355751531
-1.86906681759659	-3.80672510829581	-2.66820538750386	-1.56709248415444
-1.86222610640761	-3.79487836965267	-2.66124277544081	-1.57315951558293
-1.85538539521864	-3.7900650845929	-2.65660502928704	-1.55841080421234
-1.84854468402967	-3.77147022535549	-2.64104392418577	-1.54594190924166
-1.8417039728407	-3.76647215035547	-2.63524926810175	-1.53902515659404
-1.83486326165172	-3.75010416746054	-2.62144743188931	-1.5380204281673
-1.82802255046275	-3.7440261349788	-2.61618429091016	-1.52596727355193
-1.82118183927378	-3.72763864547573	-2.60375093740615	-1.52644505321241
-1.8143411280848	-3.71288556462628	-2.59820028802155	-1.51432237057485
-1.80750041689583	-3.69723157421084	-2.58954013702239	-1.50910210679526
-1.80065970570686	-3.69434700963804	-2.57569983486194	-1.51564925012455
-1.79381899451789	-3.67716301181698	-2.57099359542991	-1.49202541823822
-1.78697828332891	-3.66987241421417	-2.56225697481561	-1.48979884327496
-1.78013757213994	-3.64616421469147	-2.54913139456604	-1.48631677215259
-1.77329686095097	-3.6435465977939	-2.54610191428523	-1.47221049778483
-1.766456149762	-3.63513949686174	-2.53623805499982	-1.46801535504579
-1.75961543857302	-3.6183447267943	-2.5223897403877	-1.46155588676679
-1.75277472738405	-3.60377994967029	-2.51305805228086	-1.46091989763968
-1.74593401619508	-3.59348891139598	-2.50838384277951	-1.45161355271031
-1.73909330500611	-3.57851077948065	-2.49615763852472	-1.44643747316482
-1.73225259381713	-3.56456082587511	-2.48348346834822	-1.43735955099361
-1.72541188262816	-3.55161981298617	-2.47633321243062	-1.42696847744165
-1.71857117143919	-3.53655872130301	-2.46827946910601	-1.42026182935438
-1.71173046025022	-3.53504024179721	-2.45759258994444	-1.42549895246108
-1.70488974906124	-3.521606287777	-2.45168389009045	-1.40923607024798
-1.69804903787227	-3.50776170647173	-2.43867437635895	-1.41201602428719
-1.6912083266833	-3.50353697512252	-2.4308437912113	-1.39489412539825
-1.68436761549432	-3.48798713807635	-2.42072883992821	-1.40322047469604
-1.67752690430535	-3.47583321566169	-2.41398658860096	-1.3923429044243
-1.67068619311638	-3.45988678057281	-2.40738203975705	-1.38325539207539
-1.66384548192741	-3.45504814957862	-2.39478710485159	-1.37144096704436
-1.65700477073843	-3.43620085438587	-2.38459211719673	-1.37828783610236
-1.65016405954946	-3.43219646758567	-2.37291977759173	-1.36235899662161
-1.64332334836049	-3.41854446165414	-2.36730341543972	-1.34969626995995
-1.63648263717152	-3.39419474821293	-2.35703003303432	-1.35014177883924
-1.62964192598254	-3.39137876301252	-2.35048266563344	-1.34124030143638
-1.62280121479357	-3.38487054579304	-2.33802940005984	-1.32667152737463
-1.6159605036046	-3.36840190136081	-2.33067732659197	-1.33014427806389
-1.60911979241563	-3.35787135342814	-2.31949004850086	-1.32295168368761
-1.60227908122665	-3.33915168796519	-2.30944784902296	-1.30620157174319
-1.59543837003768	-3.32789800519817	-2.30580610622105	-1.31417700567792
-1.58859765884871	-3.30690776950766	-2.29321296678413	-1.31029756064521
-1.58175694765974	-3.31151234317441	-2.28372881000272	-1.29096507586606
-1.57491623647076	-3.29280008870826	-2.27551996720143	-1.2905299958365
-1.56807552528179	-3.26400233426786	-2.26456218115423	-1.28475953702112
-1.56123481409282	-3.26961361511274	-2.25646601088094	-1.27600501696899
-1.55439410290384	-3.25453578538569	-2.24537068276112	-1.26994914256381
-1.54755339171487	-3.24056471655461	-2.24265438620276	-1.26490616263592
-1.5407126805259	-3.22770534754159	-2.22843155554507	-1.25477976317647
-1.53387196933693	-3.22359993341358	-2.2211806399121	-1.24512745411474
-1.52703125814795	-3.19883830783771	-2.21332457462435	-1.24438517755764
-1.52019054695898	-3.2034093031632	-2.20405019523	-1.23905162812065
-1.51334983577001	-3.17979456792888	-2.19146904641708	-1.23292697128301
-1.50650912458104	-3.17368860587729	-2.18491577957753	-1.23257535863463
-1.49966841339206	-3.16768850361532	-2.17679114725711	-1.21533854686536
-1.49282770220309	-3.1427626742177	-2.16330091480072	-1.22152798058672
-1.48598699101412	-3.14201948167195	-2.15968628755942	-1.20569103013792
-1.47914627982515	-3.12072161537129	-2.14644447204569	-1.19078624084032
-1.47230556863617	-3.10915752114246	-2.13552228266038	-1.19289115413719
-1.4654648574472	-3.0968176111038	-2.12613152661003	-1.18563933483321
-1.45862414625823	-3.08760568012456	-2.12030975656531	-1.17606306270384
-1.45178343506926	-3.07440682758804	-2.11119357741289	-1.16632893354099
-1.44494272388028	-3.07565402513981	-2.10261816931984	-1.15603554677709
-1.43810201269131	-3.06532006471132	-2.09062776010434	-1.15227018342971
-1.43126130150234	-3.04401222958362	-2.07941513696593	-1.15078564300098
-1.42442059031336	-3.04389052474871	-2.07125328923915	-1.14711739606534
-1.41757987912439	-3.02005639068503	-2.06111811082531	-1.14389168490186
-1.41073916793542	-3.00712832970479	-2.05571993204771	-1.12805863445267
-1.40389845674645	-2.99466411215711	-2.05008857212623	-1.12810364169637
-1.39705774555747	-2.97861642336429	-2.03624010276476	-1.12057833088883
-1.3902170343685	-2.9614321096141	-2.03012979249559	-1.10806814045394
-1.38337632317953	-2.9620309608324	-2.01524063306536	-1.10442387406723
-1.37653561199056	-2.94535127838226	-2.0067294595635	-1.10155034456439
-1.36969490080158	-2.93255789676232	-1.99874362882075	-1.09640443309493
-1.36285418961261	-2.93012721241153	-1.99067735298955	-1.08061031449562
-1.35601347842364	-2.9118729265223	-1.98343300860164	-1.08626423720313
-1.34917276723467	-2.90071947093526	-1.97138906553989	-1.08131518362685
-1.34233205604569	-2.88902450123996	-1.95799407401606	-1.06231716123536
-1.33549134485672	-2.86217884035257	-1.95433463238176	-1.06295598094014
-1.32865063366775	-2.86528203597067	-1.94532040127811	-1.05634589775204
-1.32180992247878	-2.85458965134776	-1.93422414086975	-1.03825527198858
-1.3149692112898	-2.83555895082384	-1.92590405970329	-1.04133192475658
-1.30812850010083	-2.8228907755649	-1.91748828963384	-1.03550604070041
-1.30128778891186	-2.82231942320387	-1.9088727522937	-1.02848105079719
-1.29444707772288	-2.80982045640661	-1.89911665104275	-1.02575244279004
-1.28760636653391	-2.79651498241502	-1.89204590297053	-1.02017693678759
-1.28076565534494	-2.7729164054375	-1.87887730406996	-1.00942093572249
-1.27392494415597	-2.78078883065165	-1.87069668991239	-1.000159059606
-1.26708423296699	-2.76453733034897	-1.85917834233201	-0.99521348989154
-1.26024352177802	-2.74448650324444	-1.85355559307504	-0.980349353684733
-1.25340281058905	-2.73397741947077	-1.84313011498775	-0.986904362702784
-1.24656209940008	-2.72221940363645	-1.83179964428097	-0.972236663346435
-1.2397213882111	-2.70943530615561	-1.82662666790564	-0.952834207934327
-1.23288067702213	-2.69319105713172	-1.81712348470022	-0.956769708398416
-1.22603996583316	-2.68863353051919	-1.80780081938929	-0.951721893607112
-1.21919925464419	-2.67652852051488	-1.79585185322972	-0.936950601854676
-1.21235854345521	-2.65804194751825	-1.78987434605474	-0.941440723332019
-1.20551783226624	-2.65580929532591	-1.77900868638131	-0.934259265113405
-1.19867712107727	-2.64065601827414	-1.76890870978191	-0.920085888136696
-1.1918364098883	-2.62467235790904	-1.7626213645217	-0.906199247198409
-1.18499569869932	-2.61358891972599	-1.75360475595434	-0.919562542480605
-1.17815498751035	-2.60044657050796	-1.74275104279007	-0.901407963037666
-1.17131427632138	-2.59043262036813	-1.73156551843753	-0.901622954884889
-1.1644735651324	-2.58975825204964	-1.72221140394867	-0.890281184944123
-1.15763285394343	-2.56873796753808	-1.71768784018854	-0.880893948408996
-1.15079214275446	-2.56010900206614	-1.70485133588813	-0.871933904434115
-1.14395143156549	-2.55258103940193	-1.69732765995194	-0.866623857728486
-1.13711072037651	-2.53841076081552	-1.68489498785594	-0.857525375194816
-1.13027000918754	-2.52751592279091	-1.67809860015162	-0.8486355776606
-1.12342929799857	-2.51303645750617	-1.66927802816064	-0.851229096015858
-1.1165885868096	-2.49796380528496	-1.66278448895415	-0.835910498474611
-1.10974787562062	-2.4829184820905	-1.65171004597016	-0.837277265036398
-1.10290716443165	-2.47101297621319	-1.64336092538826	-0.833977514454048
-1.09606645324268	-2.46266168349532	-1.62942164761888	-0.818685602397138
-1.08922574205371	-2.45372956092502	-1.62492023634471	-0.811294545659965
-1.08238503086473	-2.43636139888118	-1.61227156395002	-0.802292180972748
-1.07554431967576	-2.42476032915417	-1.60050385057428	-0.796170486447334
-1.06870360848679	-2.41368893611421	-1.59253542398275	-0.791952814474309
-1.06186289729782	-2.4117810639274	-1.58558463081192	-0.780060091059284
-1.05502218610884	-2.39422284908212	-1.57737747726542	-0.772448968963375
-1.04818147491987	-2.39161110639749	-1.56932785648459	-0.768043603949611
-1.0413407637309	-2.36554628685188	-1.55443142968306	-0.761583650491123
-1.03450005254193	-2.35968950416731	-1.54826672087845	-0.753863608866421
-1.02765934135295	-2.3486410201511	-1.54091088506162	-0.745775653507195
-1.02081863016398	-2.3374387461796	-1.5286792383834	-0.737372811246553
-1.01397791897501	-2.32117707311386	-1.52225328628989	-0.734118872761641
-1.00713720778603	-2.31226119503615	-1.51160310577115	-0.731596434448794
-1.00029649659706	-2.30149251000942	-1.50405506541631	-0.722390554924862
-0.993455785408089	-2.29284754395217	-1.49522785716492	-0.713039286096156
-0.986615074219117	-2.28196406615864	-1.48094673937993	-0.702676087720779
-0.979774363030144	-2.26986927622454	-1.47703536546452	-0.707903513576424
-0.972933651841172	-2.25944369305834	-1.46420879617069	-0.701884096710359
-0.966092940652199	-2.24437694768171	-1.46002239196435	-0.690600266486397
-0.959252229463226	-2.22891393216087	-1.43947654338765	-0.677855221289024
-0.952411518274254	-2.23157722910089	-1.44139591114364	-0.670236753634698
-0.945570807085281	-2.20710743885434	-1.43018888084093	-0.665829463219056
-0.938730095896308	-2.20287458101427	-1.42122281860414	-0.658144063918202
-0.931889384707336	-2.1879531046064	-1.41294660013745	-0.648102024244192
-0.925048673518363	-2.18727825450556	-1.401247020204	-0.642851033542052
-0.918207962329391	-2.17114925588669	-1.3911612053284	-0.632868954330913
-0.911367251140418	-2.15181157231226	-1.3832046881413	-0.623881764774499
-0.904526539951445	-2.13297192058846	-1.37129918448258	-0.622674864898809
-0.897685828762473	-2.13550943158857	-1.36302647381721	-0.607312471459369
-0.8908451175735	-2.11181586782731	-1.35779922278595	-0.612666820678534
-0.884004406384527	-2.11143829045131	-1.34536666111065	-0.602241775176454
-0.877163695195555	-2.09600602778922	-1.33849522526634	-0.597326918389192
-0.870322984006582	-2.08149922097298	-1.32727115470715	-0.587533334774377
-0.863482272817609	-2.08369909425703	-1.31886422283465	-0.579531267384132
-0.856641561628637	-2.06127082822334	-1.30957033558211	-0.570288882511423
-0.849800850439664	-2.05369623890458	-1.29974273737267	-0.571087571014783
-0.842960139250692	-2.04740228584113	-1.29103037144686	-0.555315241518862
-0.836119428061719	-2.03243596066967	-1.27890117995515	-0.55228907051963
-0.829278716872746	-2.01851288749854	-1.27318502900056	-0.542048888743578
-0.822438005683774	-2.01173318371327	-1.26292007362301	-0.538076533161999
-0.815597294494801	-1.99190715193091	-1.25291830251329	-0.525266117251379
-0.808756583305829	-1.98255485724992	-1.24513945865734	-0.5230180076903
-0.801915872116856	-1.97613670864601	-1.23748134492513	-0.505561701866391
-0.795075160927883	-1.96483011325766	-1.22831027359055	-0.503173697535974
-0.788234449738911	-1.94583460414052	-1.21976607068479	-0.487368515033535
-0.781393738549938	-1.94308641701558	-1.20870797785525	-0.495631886005673
-0.774553027360965	-1.93125284345117	-1.20103311330552	-0.485140636714146
-0.767712316171993	-1.92215113214492	-1.19273767199168	-0.473958564267246
-0.76087160498302	-1.90721966558459	-1.18021335551615	-0.466524412488339
-0.754030893794047	-1.89056775285709	-1.17362041835753	-0.459015656154623
-0.747190182605075	-1.88616294100088	-1.1629945943487	-0.446158663804775
-0.740349471416102	-1.87099293828518	-1.1542838861538	-0.445042614625858
-0.73350876022713	-1.86440639992021	-1.14604734132645	-0.436708367922693
-0.726668049038157	-1.84750724811193	-1.13318434360411	-0.420635175419768
-0.719827337849184	-1.84470433709384	-1.12433381744957	-0.412186460021548
-0.712986626660212	-1.8286284583113	-1.11513781972148	-0.411004279399829
-0.706145915471239	-1.82411665260197	-1.10934562757062	-0.406346499917132
-0.699305204282267	-1.81796379967127	-1.09768842353139	-0.402436904998649
-0.692464493093294	-1.80465464829651	-1.08695887972667	-0.387288437974429
-0.685623781904321	-1.78945877086191	-1.07828183925172	-0.376033837042813
-0.678783070715349	-1.78307087312111	-1.0705893956231	-0.374288254222169
-0.671942359526376	-1.76390271480968	-1.06200144692767	-0.366236998991984
-0.665101648337403	-1.76294178988317	-1.05199186331204	-0.357164869030657
-0.658260937148431	-1.74748450012035	-1.04288062074563	-0.34924471809756
-0.651420225959458	-1.7351226180561	-1.03524212266525	-0.34049106977748
-0.644579514770485	-1.72208693025088	-1.02700264902355	-0.341812296122248
-0.637738803581513	-1.71864914050786	-1.01770342637745	-0.322703691216469
-0.63089809239254	-1.70325716832318	-1.00479496714715	-0.320191176882383
-0.624057381203567	-1.68489014566704	-0.996169270041391	-0.322510487613022
-0.617216670014595	-1.68063882419671	-0.987960813218055	-0.309352760916956
-0.610375958825622	-1.66349478007473	-0.979488706486374	-0.301147099583587
-0.60353524763665	-1.65585191367756	-0.971080634571442	-0.293997537237697
-0.596694536447677	-1.64881547404026	-0.956561166935392	-0.272243007622735
-0.589853825258704	-1.63583240124257	-0.949284584404124	-0.273927400143613
-0.583013114069732	-1.61629973623584	-0.943472214616899	-0.267821934367112
-0.576172402880759	-1.61318783251295	-0.932674272113798	-0.262463093370369
-0.569331691691787	-1.60430495127317	-0.925269271689858	-0.252564053046886
-0.562490980502814	-1.59633760818515	-0.913128833338085	-0.243152221547749
-0.555650269313841	-1.57677833115065	-0.90378096851496	-0.242702911990196
-0.548809558124869	-1.56711022213929	-0.894434757762808	-0.221636309707854
-0.541968846935896	-1.55951349622279	-0.884758074327872	-0.213369144200029
-0.535128135746923	-1.55107348807141	-0.877211576323425	-0.21593960152504
-0.528287424557951	-1.54625819025893	-0.868859996052296	-0.202303109490806
-0.521446713368978	-1.53045394676929	-0.858819567243554	-0.195375374618881
-0.514606002180005	-1.52138093536323	-0.846573598285936	-0.185935194456033
-0.507765290991033	-1.50430396319859	-0.84238918236212	-0.178749935328805
-0.50092457980206	-1.49491046258261	-0.829547671357804	-0.169027880716106
-0.494083868613088	-1.50232746937014	-0.821687729424838	-0.170162061834689
-0.487243157424115	-1.47366272818591	-0.814564010795305	-0.159319666954285
-0.480402446235142	-1.46207562789211	-0.802227429884855	-0.148581315939757
-0.47356173504617	-1.45695510931318	-0.793239100672565	-0.141498229723348
-0.466721023857197	-1.44325944753152	-0.784383884008033	-0.12753675318932
-0.459880312668224	-1.43465341099005	-0.775998027180403	-0.117697463058024
-0.453039601479252	-1.41837019793748	-0.769250101978587	-0.114255112951321
-0.446198890290279	-1.40278388019352	-0.758345549082785	-0.108077473813769
-0.439358179101307	-1.39839407570874	-0.752563875476932	-0.0946787651253368
-0.432517467912334	-1.39498987205002	-0.738777960368458	-0.0947008917413892
-0.425676756723361	-1.39216049341596	-0.73001061019382	-0.0877684584678477
-0.418836045534389	-1.37042384931007	-0.722245900831072	-0.077390155394839
-0.411995334345416	-1.35995775373395	-0.713475699084129	-0.0674920415521903
-0.405154623156443	-1.34773965216195	-0.703914881229827	-0.0620149723346716
-0.398313911967471	-1.34124812656003	-0.695061324149604	-0.0489121389623886
-0.391473200778498	-1.32753119493573	-0.684251246172936	-0.0470201810176952
-0.384632489589525	-1.3196969295248	-0.673789493506168	-0.0342791847948329
-0.377791778400553	-1.30849626168268	-0.663882653515793	-0.0280655787819026
-0.37095106721158	-1.29508146891785	-0.65513658544843	-0.0154995273478094
-0.364110356022608	-1.29336013670852	-0.648430147117201	-0.00758748366749682
-0.357269644833635	-1.28244866677373	-0.63625237040941	-0.00372245702694767
-0.350428933644662	-1.27551301145689	-0.627890375521454	0.00552777927203968
-0.34358822245569	-1.25649926727522	-0.619084738345813	0.0143962786430187
-0.336747511266717	-1.25749835288838	-0.608203959105813	0.020904002087238
-0.329906800077745	-1.2385269222814	-0.59953687239518	0.0308385246094761
-0.323066088888772	-1.22442268550724	-0.593778881763898	0.0379226306418167
-0.316225377699799	-1.20945667946106	-0.582402876690779	0.0509657093359158
-0.309384666510827	-1.21240071834386	-0.574005022210363	0.0588346392563278
-0.302543955321854	-1.18963383067947	-0.562034705360525	0.0586538413111251
-0.295703244132881	-1.18631021297037	-0.553617008155895	0.0785718716363571
-0.288862532943909	-1.17188540473877	-0.543768795754005	0.0819174326350635
-0.282021821754936	-1.15618462564117	-0.536982263507278	0.0891325312155967
-0.275181110565964	-1.15338738170388	-0.523955739830597	0.105283285522389
-0.268340399376991	-1.14036050869751	-0.518770761406168	0.113485002293933
-0.261499688188018	-1.13926738450042	-0.507506642723885	0.116621291280393
-0.254658976999046	-1.12942438439408	-0.499968917754416	0.123978525322935
-0.247818265810073	-1.11461203215483	-0.492661577775462	0.13607487470472
-0.2409775546211	-1.10416941582687	-0.482594971582283	0.136774616610681
-0.234136843432128	-1.09383945265088	-0.469258374566377	0.154131886787667
-0.227296132243155	-1.08451663657774	-0.46429974234514	0.16188101607016
-0.220455421054182	-1.07650397731013	-0.454215349312047	0.169116463591664
-0.21361470986521	-1.0655242672998	-0.445129249459809	0.183454164942522
-0.206773998676237	-1.05098468009982	-0.435712719532398	0.186463973417486
-0.199933287487265	-1.04318145228669	-0.426722463880319	0.198310630913384
-0.193092576298292	-1.03903467354456	-0.416171982394373	0.204851675551149
-0.186251865109319	-1.02759244955329	-0.40709573589971	0.214439053008331
-0.179411153920347	-1.018150949095	-0.398430107826334	0.217253119062666
-0.172570442731374	-1.00390342420332	-0.389664872587646	0.225066082895207
-0.165729731542402	-0.998973207881071	-0.381780992904377	0.242180289760027
-0.158889020353429	-0.987633312058531	-0.373700579277968	0.241521679804553
-0.152048309164456	-0.980359504657813	-0.359363535650704	0.255876834627359
-0.145207597975484	-0.965757454815008	-0.353585543061947	0.265489888343372
-0.138366886786511	-0.954696160523135	-0.34265499192804	0.272285636359381
-0.131526175597538	-0.946794594529791	-0.336264248020436	0.283505971129328
-0.124685464408566	-0.942137664511147	-0.321686992143227	0.28993865815941
-0.117844753219593	-0.933574804831405	-0.314699182314185	0.304417750770338
-0.11100404203062	-0.915814355806965	-0.304478962871996	0.309098421882689
-0.104163330841648	-0.902782708365993	-0.2983945524652	0.313727177618654
-0.0973226196526753	-0.901984473535668	-0.289208317567372	0.331022064145347
-0.0904819084637025	-0.89237480306809	-0.279720289868224	0.337914299755453
-0.08364119727473	-0.880130960583714	-0.272589837316015	0.345259870865869
-0.0768004860857574	-0.879386336925861	-0.261643449330748	0.352748372977447
-0.0699597748967846	-0.860298360957113	-0.252257544747849	0.35403288448465
-0.0631190637078121	-0.854703322497551	-0.241768073681249	0.372904531960964
-0.0562783525188395	-0.845594745474706	-0.23300681131861	0.391186784365831
-0.0494376413298667	-0.837371963790438	-0.221178087654948	0.389099494069823
-0.0425969301408942	-0.820427409019597	-0.215304412866767	0.401075051478246
-0.0357562189519216	-0.81983617400095	-0.203053074817791	0.407951845718843
-0.0289155077629488	-0.805272820072314	-0.197671894865437	0.41789280896307
-0.0220747965739763	-0.801310732256064	-0.188945868012102	0.430692227913239
-0.0152340853850037	-0.79034153907786	-0.178046358140998	0.426765204060334
-0.00839337419603114	-0.779641374029852	-0.168138146367748	0.441055003971031
-0.00155266300705836	-0.768449453537215	-0.159716068152604	0.456088129175283
0.0052880481819142	-0.751644955638248	-0.149937570425038	0.465324194205121
0.0121287593708868	-0.748524104237292	-0.139088963067062	0.471791923680479
0.0189694705598595	-0.747926642489574	-0.129741983603319	0.484548002543254
0.0258101817488321	-0.731202511097557	-0.121301222311874	0.484126264478019
0.0326508929378047	-0.721026186187088	-0.11082087775342	0.502497877905945
0.0394916041267774	-0.722352073370898	-0.107333188921388	0.50247909639507
0.04633231531575	-0.706786259806164	-0.0978194839255123	0.519086042647758
0.0531730265047226	-0.692889512101958	-0.0877352667818582	0.525506861053003
0.0600137376936953	-0.67957376470616	-0.0779913121172498	0.537628718956039
0.0668544488826679	-0.675687630322381	-0.0636793678181947	0.544486942607716
0.0736951600716405	-0.667526326835781	-0.0573375159661656	0.567807191531452
0.080535871260613	-0.663734750500268	-0.0481439805953683	0.562401677484336
0.0873765824495858	-0.654481436449745	-0.0376229137766931	0.572228012953049
0.0942172936385584	-0.643160636682323	-0.0277839113734246	0.589540967892168
0.101058004827531	-0.627221579636654	-0.0212745796806235	0.594837767155848
0.107898716016503	-0.626169052579608	-0.0129741885648399	0.605529804435144
0.114739427205476	-0.61610089752973	0.000145934995455198	0.618761458012886
0.121580138394449	-0.604042800621103	0.00957066917029759	0.626885449415271
0.128420849583422	-0.591580997883863	0.0137512156227721	0.630770992839663
0.135261560772394	-0.58858630551251	0.0258532652064887	0.642905744407293
0.142102271961367	-0.580127920596524	0.036035615890072	0.653550477782206
0.148942983150339	-0.569114246569249	0.0440176546716981	0.660629578076665
0.155783694339312	-0.562656966568151	0.0534779730349653	0.659604357666383
0.162624405528285	-0.55597137019233	0.0620603190806259	0.679721472431805
0.169465116717257	-0.548797381758456	0.0696617359689836	0.693207979426919
0.17630582790623	-0.531987802102653	0.0835350448370107	0.699950455233482
0.183146539095203	-0.527460379120879	0.0889141979258625	0.719666346337391
0.189987250284175	-0.527469361195882	0.0989081169061455	0.725065549904604
0.196827961473148	-0.504389806206857	0.107298423697985	0.732833530349002
0.203668672662121	-0.495773724340428	0.114918000355409	0.744164651667389
0.210509383851093	-0.489187165863835	0.125778714718932	0.741646310649844
0.217350095040066	-0.485380007535286	0.13514198129681	0.759378275616905
0.224190806229038	-0.466993411555459	0.14276295246437	0.764596085692972
0.231031517418011	-0.462089221953065	0.155298149886573	0.777789824255474
0.237872228606983	-0.459223879010471	0.161751360166786	0.795621247151269
0.244712939795956	-0.449502472682589	0.172216357347036	0.797383243973675
0.251553650984929	-0.445585712599756	0.182856528613488	0.803175889779333
0.258394362173902	-0.424679253980777	0.188071498465124	0.81861793898896
0.265235073362874	-0.425403230307287	0.202271178947025	0.826930510806277
0.272075784551847	-0.411590974383423	0.209946195541891	0.831816287423907
0.278916495740819	-0.397073215238691	0.219018819766527	0.846716459475978
0.285757206929792	-0.395297213798482	0.226863428092165	0.851995072939366
0.292597918118765	-0.385510152944117	0.236729607422411	0.863209658501851
0.299438629307737	-0.379049744189798	0.246973922621465	0.878086701926629
0.30627934049671	-0.372095004161696	0.256373678121733	0.883140415804731
0.313120051685682	-0.360242310191283	0.264413076121298	0.894222114962339
0.319960762874655	-0.35454707543435	0.276324655295532	0.913765418992297
0.326801474063628	-0.352772188324324	0.286185358648017	0.920633252807521
0.3336421852526	-0.334078625701651	0.29484551734381	0.922853151116272
0.340482896441573	-0.326940242306552	0.302653572605086	0.938272702768142
0.347323607630546	-0.313765563111139	0.312604024242671	0.943700409193952
0.354164318819518	-0.312849403131287	0.320734857975512	0.969138589630317
0.361005030008491	-0.305645609364834	0.331113758278283	0.969350650413799
0.367845741197463	-0.292955861251847	0.340519153307443	0.977084197509065
0.374686452386436	-0.288413631607597	0.347023339726764	0.996239193770816
0.381527163575409	-0.273977610234114	0.356831614631875	0.997608302808532
0.388367874764382	-0.267365715349593	0.367347430310189	1.01694803871858
0.395208585953354	-0.266127042981929	0.377940613650507	1.02338006892701
0.402049297142327	-0.262891270749026	0.384570287306651	1.03071930911733
0.408890008331299	-0.245792867416661	0.393645772299674	1.04906297181734
0.415730719520272	-0.237263905763489	0.401882051460374	1.04829797545485
0.422571430709244	-0.218087233962442	0.411614619542638	1.05963224291582
0.429412141898217	-0.224120115398734	0.424679279473375	1.06753025497501
0.43625285308719	-0.21174600495128	0.429733982284703	1.08668099210646
0.443093564276162	-0.195950087160163	0.440619036840382	1.09148574758463
0.449934275465135	-0.203017711677479	0.451365897009879	1.11182061583
0.456774986654108	-0.186044932100747	0.459477904719532	1.11428820395622
0.46361569784308	-0.177189013040029	0.465189845507469	1.12230239660417
0.470456409032053	-0.178048296463801	0.476611049099875	1.13063364474605
0.477297120221026	-0.155493379885264	0.484092304945102	1.14547359817591
0.484137831409998	-0.165810516399407	0.495816206778488	1.15168772027954
0.490978542598971	-0.153563331971376	0.506410321601738	1.15980126358428
0.497819253787943	-0.143898352876647	0.51578303783901	1.17842095068652
0.504659964976916	-0.138436436851782	0.524321717522118	1.18714118202161
0.511500676165888	-0.125608214106096	0.533394437075814	1.19818946384963
0.518341387354861	-0.118143308983885	0.542359285563423	1.20877189303139
0.525182098543834	-0.116623711731159	0.553057314590288	1.22270903192976
0.532022809732807	-0.1015861403798	0.558355661952331	1.22491695875275
0.538863520921779	-0.0923870938055699	0.567407084845131	1.24096913712838
0.545704232110752	-0.0906552126572425	0.577447160965607	1.25571676539089
0.552544943299724	-0.0771332765674456	0.588301508343171	1.25618707116555
0.559385654488697	-0.0732893876238496	0.59476152040212	1.28137154481252
0.56622636567767	-0.060157934678355	0.606428350212338	1.28618366629795
0.573067076866642	-0.0550767486269639	0.616132157489468	1.28844867953611
0.579907788055615	-0.0532744014042235	0.62759080463236	1.29579098640501
0.586748499244587	-0.0422776345650831	0.635464563687304	1.31596577008017
0.59358921043356	-0.0327444331899865	0.644853909355857	1.32219614893205
0.600429921622533	-0.0259292574530853	0.651759813787141	1.33200823199326
0.607270632811506	-0.016490860210425	0.661545528290027	1.35216391833405
0.614111344000478	-0.011547964226543	0.669847223520478	1.35145951762281
0.620952055189451	-0.00684683248774777	0.682229458964391	1.36659095231062
0.627792766378423	-0.00162473292024788	0.690560294535099	1.37669816549497
0.634633477567396	0.00845928500487553	0.698145476409564	1.388028697142
0.641474188756368	0.0199639734618722	0.705776196981171	1.398464032868
0.648314899945341	0.0253673823338657	0.718550431765607	1.41073272596084
0.655155611134314	0.0399260255034697	0.725982765553754	1.42081138470847
0.661996322323287	0.0436289181993111	0.738134373975606	1.43194353221996
0.668837033512259	0.0501677366405287	0.743947906754444	1.44175818835561
0.675677744701232	0.056363524533667	0.75466692887457	1.45093816067133
0.682518455890204	0.0564757088543803	0.763215233313168	1.46563493527537
0.689359167079177	0.0736736488391627	0.77234641971113	1.4756457930607
0.69619987826815	0.0782993014182404	0.781758107450654	1.48616013778893
0.703040589457122	0.0952381762043407	0.791175774070001	1.50174196239906
0.709881300646095	0.0919051467228342	0.799708097596627	1.51591185794231
0.716722011835067	0.108686391889386	0.809645821089258	1.52434851323881
0.72356272302404	0.119147028131825	0.818933286063452	1.52617249021815
0.730403434213013	0.125658549389528	0.828921612846393	1.5359372522986
0.737244145401986	0.123452693678856	0.837408650375499	1.55135995397997
0.744084856590958	0.133698938470095	0.846742729025791	1.55981754688605
0.750925567779931	0.142418694581466	0.855460977476453	1.57894127683018
0.757766278968903	0.158737110338562	0.864982699923284	1.57890161798963
0.764606990157876	0.162430464834618	0.874538356575496	1.59356957641719
0.771447701346848	0.161648829759358	0.88431956609328	1.60242278263223
0.778288412535821	0.170614586769094	0.891471231409913	1.61291250477345
0.785129123724794	0.175070572392324	0.902561796771199	1.63085881402162
0.791969834913766	0.191618157426421	0.911022316661377	1.64276992513851
0.798810546102739	0.192361976613669	0.92242685136649	1.6514193548156
0.805651257291712	0.202122727064145	0.926579033198927	1.66336194553086
0.812491968480684	0.203987135278539	0.936007162012102	1.66915282153879
0.819332679669657	0.214373097560401	0.947167226295518	1.68995357950137
0.82617339085863	0.219820865827901	0.957381686308228	1.70228253538037
0.833014102047602	0.230222851747141	0.964414584949166	1.70816258719081
0.839854813236575	0.248998811182093	0.975106725598511	1.71411600807286
0.846695524425547	0.244710446277543	0.987267720399053	1.72822819036984
0.85353623561452	0.256400833329051	0.990499529299914	1.74200124550304
0.860376946803493	0.267070992304003	1.00452972717102	1.74834279488658
0.867217657992465	0.271704086986561	1.01281799410468	1.75893299673984
0.874058369181438	0.286121625612645	1.02413522213395	1.77092816793068
0.880899080370411	0.275048604865305	1.03086692663389	1.78225005544912
0.887739791559383	0.283761907443338	1.04071848104761	1.78967590563935
0.894580502748356	0.288589086543095	1.05083168942173	1.81393370008286
0.901421213937328	0.303320808910483	1.05877749672761	1.82112392807852
0.908261925126301	0.308545956394725	1.06867475166895	1.83351368864209
0.915102636315274	0.309615897007588	1.07835918023653	1.83905104791348
0.921943347504246	0.322553750695747	1.08910349314919	1.84446263666546
0.928784058693219	0.329755087364162	1.0972702733881	1.86247898676724
0.935624769882192	0.341990618562549	1.10017145049712	1.86910090751219
0.942465481071164	0.349885474554002	1.11680749455403	1.87730690314114
0.949306192260137	0.355340318875081	1.1234052373056	1.89359773183366
0.956146903449109	0.368867643984733	1.1338591183009	1.91061135918965
0.962987614638082	0.363204785295387	1.14391391657757	1.92208073810292
0.969828325827055	0.368721791849341	1.15246490974644	1.92804977666615
0.976669037016027	0.383581372802415	1.16050620788303	1.9349770689474
0.983509748205	0.38590904462812	1.17186277782548	1.95540829256398
0.990350459393972	0.399244754648871	1.17729522966611	1.95829439246939
0.997191170582945	0.412883692205156	1.18724522922784	1.98233776709411
1.00403188177192	0.412544186077581	1.19652778366111	1.9815601241924
1.01087259296089	0.418617448272747	1.20773967764585	1.99764364439811
1.01771330414986	0.427224296287996	1.2107110145829	2.01294655060881
1.02455401533884	0.432777163216057	1.22400173730047	2.02149886515916
1.03139472652781	0.4393344320423	1.23590463523821	2.02987632058136
1.03823543771678	0.447522503756743	1.23976798951367	2.03807040048114
1.04507614890575	0.449129866333644	1.24965416523889	2.06068287597659
1.05191686009473	0.45792296721898	1.26040177813512	2.06256216696737
1.0587575712837	0.470917405049414	1.27184807846025	2.07621033378703
1.06559828247267	0.471478662071181	1.28022518088781	2.09122668165503
1.07243899366164	0.48049978607474	1.2878635657261	2.10634612422406
1.07927970485062	0.48550296448567	1.30057098265768	2.12071466616584
1.08612041603959	0.491831687855158	1.30668466234266	2.12084198147575
1.09296112722856	0.499649047605832	1.31955492298007	2.13607659666766
1.09980183841753	0.516988781639612	1.3238317000831	2.14194239568177
1.10664254960651	0.510738281360583	1.33677640385332	2.15668552049457
1.11348326079548	0.520554067425534	1.34742273980575	2.17005750382181
1.12032397198445	0.53958582238645	1.35459665848213	2.17806220032462
1.12716468317342	0.542910010783952	1.36262189639432	2.19401874971031
1.1340053943624	0.555184217488687	1.37174040758248	2.19972351302104
1.14084610555137	0.548520156156831	1.37764057073256	2.21325728694331
1.14768681674034	0.551012795588584	1.38872038529554	2.22536439469104
1.15452752792932	0.558981463745647	1.39950610144586	2.23482373651257
1.16136823911829	0.56448938842593	1.40656056022508	2.25519357776824
1.16820895030726	0.582185906186005	1.41724411449698	2.26036052102914
1.17504966149623	0.576539573233022	1.43007541569549	2.27022792587327
1.18189037268521	0.593579191472229	1.43838172047678	2.28157301800523
1.18873108387418	0.59477216618151	1.44772922435054	2.29945402250895
1.19557179506315	0.605543266157466	1.45416240152405	2.31906955623777
1.20241250625212	0.612706187140651	1.46516765949492	2.32024848073202
1.2092532174411	0.617643504187594	1.47435351970615	2.33911217519858
1.21609392863007	0.625395625753917	1.48096910633071	2.34945934074841
1.22293463981904	0.633938752600935	1.49222709997224	2.36552757738981
1.22977535100801	0.637299415830502	1.49826170155368	2.36587360840196
1.23661606219699	0.651678613195039	1.5102650251749	2.38648265377531
1.24345677338596	0.643209193028825	1.52273028661251	2.39192820017533
1.25029748457493	0.66510136947404	1.52631451265752	2.4051659951525
1.2571381957639	0.663948092649257	1.53753325396444	2.41750154094881
1.26397890695288	0.677199499121278	1.54599277677161	2.41723495166891
1.27081961814185	0.68151302081065	1.55541863874986	2.4299772332834
1.27766032933082	0.68255235229654	1.5651563530725	2.44457634762381
1.2845010405198	0.695235089640332	1.57663067655838	2.45665867739418
1.29134175170877	0.693135572107185	1.58582014829495	2.47095188420084
1.29818246289774	0.706152017411116	1.59515200785519	2.48427647356488
1.30502317408671	0.709635754802521	1.60126125006784	2.50126128629999
1.31186388527569	0.721746785262909	1.61011815737589	2.50733854948981
1.31870459646466	0.728691533733355	1.62100550269896	2.51701116012585
1.32554530765363	0.733123501546582	1.62984655647885	2.53482261877408
1.3323860188426	0.741437913989731	1.63406504724894	2.55033712316226
1.33922673003158	0.741545747167567	1.64474002853043	2.55554116612175
1.34606744122055	0.763472156227873	1.66029208543351	2.56999038502715
1.35290815240952	0.757857714532538	1.66980047675622	2.57872601367018
1.35974886359849	0.769489236038081	1.67614969982131	2.57726975874261
1.36658957478747	0.768439204543002	1.68331131373714	2.60174614802102
1.37343028597644	0.779647468828309	1.69735157673705	2.60953134842858
1.38027099716541	0.772037718961976	1.70322031791589	2.61178532939
1.38711170835438	0.789401231461109	1.71067820585377	2.63518888585476
1.39395241954336	0.789591335871196	1.7261028776896	2.64678557257503
1.40079313073233	0.796592984648128	1.73049865333142	2.65941899028967
1.4076338419213	0.81317731313147	1.73886841382579	2.67295285877028
1.41447455311028	0.822775035141915	1.75200778924087	2.68637192517782
1.42131526429925	0.834352663826303	1.75859010364518	2.69613342510994
1.42815597548822	0.827855513196634	1.76651546597798	2.70560471226521
1.43499668667719	0.832652262464138	1.77936778828815	2.72417993624517
1.44183739786617	0.840951471632291	1.78915902466435	2.731956125786
1.44867810905514	0.854334963401487	1.79621354736512	2.74004043099809
1.45551882024411	0.859295215611918	1.80727932606163	2.75316445772485
1.46235953143308	0.869459509416968	1.80907680468144	2.76733742601214
1.46920024262206	0.877287681932624	1.8215582251626	2.7750829700607
1.47604095381103	0.88409876467055	1.83363423936741	2.79509977858338
1.482881665	0.896291434817344	1.84102958471805	2.79679972099641
1.48972237618897	0.893037105020847	1.84930854969711	2.81285067584194
1.49656308737795	0.905352640610137	1.859367610893	2.83006260117998
1.50340379856692	0.897318229840599	1.87341887867365	2.83825560375257
1.51024450975589	0.913342698387862	1.87659673783255	2.85512968730534
1.51708522094486	0.918752191818232	1.8872575640463	2.86522619407715
1.52392593213384	0.911999781937281	1.89986160608054	2.87256785213917
1.53076664332281	0.935264809422383	1.90335220101913	2.88109358965586
1.53760735451178	0.948641122012105	1.91699804886992	2.89303059119576
1.54444806570076	0.935545159046173	1.92378885942126	2.9031095914221
1.55128877688973	0.962821054392089	1.93345024545319	2.91772752681842
1.5581294880787	0.961563322129272	1.94435046112719	2.92304375985378
1.56497019926767	0.960267505676812	1.95046553786884	2.9441584235539
1.57181091045665	0.973267006402422	1.95770936802582	2.94707219073493
1.57865162164562	0.98395161292555	1.96804426676726	2.97116054175104
1.58549233283459	0.990411737161362	1.97955785475295	2.98348703348255
1.59233304402356	0.987917263636154	1.99028128512311	2.99567522178011
1.59917375521254	1.005547230912	1.9964655789208	3.00103276938058
1.60601446640151	1.01037806818303	2.00470304801574	3.01280219494514
1.61285517759048	1.00535949063344	2.01382822224412	3.03235198079757
1.61969588877945	1.02545306905104	2.02323338357664	3.04556355527042
1.62653659996843	1.02179513778605	2.0347310865685	3.04377903138746
1.6333773111574	1.03313034071027	2.04556583440547	3.05888402707224
1.64021802234637	1.04124030938904	2.05366200302868	3.079822227357
1.64705873353534	1.04188747821093	2.06406953415603	3.08490769994998
1.65389944472432	1.05106033156805	2.07376322973525	3.10435998871901
1.66074015591329	1.0481732512832	2.07743087827403	3.11017437564844
1.66758086710226	1.06228529837894	2.08726472158984	3.12637658734915
1.67442157829124	1.06366008211016	2.09784376953336	3.1341614505323
1.68126228948021	1.06578007261366	2.10645966132376	3.13741955424076
1.68810300066918	1.0856106736863	2.11529520086151	3.16340687627345
1.69494371185815	1.08942621104754	2.1285161395319	3.16669807162431
1.70178442304713	1.10198233376972	2.12981612384743	3.17798636677059
1.7086251342361	1.10543835309469	2.14477822214133	3.2010809576449
1.71546584542507	1.110012048129	2.15490240291611	3.21334779230661
1.72230655661404	1.11252140677325	2.16551555331691	3.21972122364802
1.72914726780302	1.12439906273179	2.17236575167769	3.23377837001828
1.73598797899199	1.12993351720207	2.17869789088245	3.2464152356686
1.74282869018096	1.14834727626173	2.194512014661	3.26004834298533
1.74966940136993	1.14754250610361	2.20012876977164	3.28077481070023
1.75651011255891	1.14385528755729	2.21234492627278	3.27692433710222
1.76335082374788	1.15000884771099	2.21877561871656	3.28641623356212
1.77019153493685	1.16464418013944	2.22814702755929	3.3021081369221
1.77703224612582	1.17449369303944	2.23843186635279	3.3142313084998
1.7838729573148	1.17925588641003	2.24675319394588	3.3342337285481
1.79071366850377	1.17473342598513	2.25294175181922	3.32916418334752
1.79755437969274	1.19261227568955	2.26398128737189	3.35536773417351
1.80439509088172	1.18932962858617	2.27605808900369	3.36477993901194
1.81123580207069	1.20590248034065	2.28225602190915	3.37161240672977
1.81807651325966	1.2062203126864	2.28971680224038	3.38761090665103
1.82491722444863	1.2174591355868	2.30150243609072	3.40383464759957
1.83175793563761	1.21512357990537	2.31238732666735	3.41333023408176
1.83859864682658	1.21832249567548	2.31888780257716	3.41695069079301
1.84543935801555	1.22931287993067	2.32686212794467	3.43355823300846
1.85228006920452	1.23654881449868	2.33628075905052	3.456507582792
1.8591207803935	1.24186797670357	2.34813553728317	3.46404088112133
1.86596149158247	1.25266309116962	2.3548604151293	3.46338140984184
1.87280220277144	1.25680231618134	2.36466585925662	3.49227264924428
1.87964291396041	1.27477647365807	2.37731485388496	3.48796505205475
1.88648362514939	1.26527166138839	2.38464819088024	3.50904468910984
1.89332433633836	1.27924172850495	2.39280032980729	3.51695665804969
1.90016504752733	1.28282285369897	2.40001441120961	3.53407813356341
1.9070057587163	1.28866235942848	2.4149233084931	3.53845583328357
1.91384646990528	1.29870516836044	2.41905626486637	3.55877443408151
1.92068718109425	1.29456231698048	2.42985951845193	3.55928814143768
1.92752789228322	1.31139607280523	2.44024443223461	3.58859694229327
1.9343686034722	1.30723778614179	2.44856987565251	3.59424504727489
1.94120931466117	1.31739461972322	2.45941689208464	3.61328237922458
1.94805002585014	1.32691278398836	2.46807018997679	3.61641627112905
1.95489073703911	1.3197961852935	2.47864387885944	3.62968684838182
1.96173144822809	1.34489536256004	2.48544574709596	3.63276127351984
1.96857215941706	1.34845242035825	2.49416572342595	3.65648333214729
1.97541287060603	1.34609471070091	2.50800187936032	3.67992406110372
1.982253581795	1.36809818141741	2.51219964776124	3.67663745277203
1.98909429298398	1.35540513170519	2.52406773937032	3.69611947407294
1.99593500417295	1.37198262262073	2.52885248087818	3.69852740946011
2.00277571536192	1.37325868723363	2.53999879456259	3.71137063932396
2.00961642655089	1.37727522553601	2.54882620789214	3.72445255104019
2.01645713773987	1.38391482191026	2.55955227819624	3.73949637347608
2.02329784892884	1.40297505980896	2.57189267097166	3.75289696523429
2.03013856011781	1.399533090286	2.57710203679929	3.76386785538509
2.03697927130678	1.41894171173897	2.58670906497871	3.77807973737375
2.04381998249576	1.43006190837239	2.59386275094283	3.79045507455337
2.05066069368473	1.41248060797847	2.60385436305032	3.79972097394443
2.0575014048737	1.42693463641876	2.61067807628747	3.8055637393423
2.06434211606267	1.4318235359886	2.62691461906432	3.81752623329343
2.07118282725165	1.42689393466825	2.63031427963036	3.83634402189977
2.07802353844062	1.45888422790004	2.63757487855279	3.85461857991344
2.08486424962959	1.45085584154448	2.65160712487918	3.85364185192675
2.09170496081857	1.45990974610947	2.66115612245492	3.87438060208072
2.09854567200754	1.45818682922579	2.67092880792833	3.89077842744523
2.10538638319651	1.47903816608564	2.67906799916861	3.90285047255132
2.11222709438548	1.48017610141917	2.68834218428016	3.89948072874226
2.11906780557446	1.48390790897215	2.69972903072644	3.9233911992269
2.12590851676343	1.48588067250831	2.70966507120113	3.9375955136242
2.1327492279524	1.49481085597575	2.71965711295559	3.95185108906121
2.13958993914137	1.50836278957559	2.72746069604139	3.96104810317177
2.14643065033035	1.51486186315237	2.73489691658426	3.97367536438752
2.15327136151932	1.52149190121221	2.7447449252549	3.9889553257207
2.16011207270829	1.53188965904018	2.75059311545584	3.99589260674138
2.16695278389726	1.52455614608457	2.76289203674062	4.0113517639112
2.17379349508624	1.53781104754781	2.77299570679026	4.02217608866342
2.18063420627521	1.54948664018423	2.7835074988809	4.02510451570218
2.18747491746418	1.54677772824766	2.78906025514265	4.05407448107676
2.19431562865316	1.56577861247412	2.80025935970344	4.05173382771117
2.20115633984213	1.5618267426243	2.80793479230445	4.06676540478555
2.2079970510311	1.5710346457963	2.81333506077783	4.07324941511401
2.21483776222007	1.57163848318488	2.82833868227311	4.09080980291932
2.22167847340905	1.5730062663733	2.83612929574874	4.10845599617853
2.22851918459802	1.58135184176129	2.84747509482809	4.11387663791678
2.23535989578699	1.59188448565113	2.85714370906759	4.13103683346348
2.24220060697596	1.60387735503873	2.86359710353346	4.14193802947425
2.24904131816494	1.59668384041349	2.87232996739	4.14871398255851
2.25588202935391	1.60216146311231	2.87733128653579	4.16101209584429
2.26272274054288	1.6121650997782	2.88992982698426	4.17984808383899
2.26956345173185	1.62928573452728	2.90149696211187	4.19800057724035
2.27640416292083	1.63273624279408	2.90815153509348	4.21427596303707
2.2832448741098	1.63246802456784	2.91609706847782	4.21302587022906
2.29008558529877	1.65013900945257	2.93039887675496	4.22315944634321
2.29692629648774	1.65008429801613	2.93305910897699	4.23897083933437
2.30376700767672	1.66276160905127	2.94676016766394	4.2582605026464
2.31060771886569	1.66440795036021	2.95324184131441	4.27315872281431
2.31744843005466	1.66684405098514	2.96684404671601	4.27429784012926
2.32428914124364	1.6670417993893	2.97496854392035	4.28108557630897
2.33112985243261	1.67538767490994	2.9843675591794	4.30521847517656
2.33797056362158	1.68964585789478	2.99160266662259	4.31107132374937
2.34481127481055	1.68937246610463	3.00073524444978	4.32434278002918
2.35165198599953	1.70793599790345	3.01013594592684	4.34208779129959
2.3584926971885	1.71124620236682	3.01940710294014	4.34096353249885
2.36533340837747	1.71663917498779	3.02707756754531	4.36830359602192
2.37217411956644	1.71073625635727	3.03733536346151	4.37101373843611
2.37901483075542	1.71791878491178	3.04811774400471	4.38935466199835
2.38585554194439	1.738455964059	3.05730969389582	4.39947247101257
2.39269625313336	1.74413356014319	3.06824024906324	4.407300938937
2.39953696432233	1.74068752228673	3.07784922540603	4.43038013546509
2.40637767551131	1.76274521097522	3.08319054780004	4.42508698284057
2.41321838670028	1.76068252511752	3.09617304928054	4.44704753393627
2.42005909788925	1.76982166853401	3.10882276673032	4.46937209222858
2.42689980907822	1.77602634932652	3.11335750119457	4.47487027177695
2.4337405202672	1.76130172656738	3.11852321009324	4.49179755010822
2.44058123145617	1.79162733109294	3.13236645679954	4.49060185923482
2.44742194264514	1.79066613359689	3.14022021728434	4.51092280041315
2.45426265383412	1.77518351710615	3.15378713863744	4.52244883708249
2.46110336502309	1.80155333413099	3.16099701410877	4.54719992845406
2.46794407621206	1.79946409513047	3.16727934330254	4.53499947033708
2.47478478740103	1.81218076874773	3.17268282160442	4.56116730265519
2.48162549859001	1.81381823258158	3.18773462703427	4.57179789449084
2.48846620977898	1.82864322407783	3.19594394730587	4.58089323641911
2.49530692096795	1.83023402948379	3.19932212858116	4.58401256629433
2.50214763215692	1.83645987044758	3.21964188295072	4.61190322681823
2.5089883433459	1.8432971077224	3.22709298425363	4.62645981781249
2.51582905453487	1.84257681748745	3.2304792958715	4.64042060352758
2.52266976572384	1.86585500820683	3.24903530683851	4.63877251062306
2.52951047691281	1.86094282824321	3.2484378008146	4.65693379027141
2.53635118810179	1.87030965564084	3.26122758796725	4.66003786110276
2.54319189929076	1.8802514943774	3.27260399201016	4.68802250218848
2.55003261047973	1.87791451458836	3.27851525425102	4.6843435935112
2.5568733216687	1.88645259865614	3.29008837915258	4.70739484926889
2.56371403285768	1.90298093880692	3.29639875665106	4.73022995051765
2.57055474404665	1.89976563216675	3.30592050425875	4.71942917959307
2.57739545523562	1.90998087785276	3.32000360670668	4.7434317887571
2.5842361664246	1.90633887193443	3.32538857520935	4.75232969322431
2.59107687761357	1.91250619331694	3.33415737723931	4.77216705926874
2.59791758880254	1.93095720976628	3.3447650527385	4.78702152804023
2.60475829999151	1.92631435144072	3.35366863397645	4.79424099340096
2.61159901118049	1.93487193326356	3.35714720021825	4.81300825441596
2.61843972236946	1.93462603303735	3.37202490105358	4.82122297706773
2.62528043355843	1.96166413398114	3.37733893249946	4.83058064545648
2.6321211447474	1.95232579266468	3.39119773859696	4.84848330957263
2.63896185593638	1.95033643613229	3.3990179528808	4.85318898455517
2.64580256712535	1.97217336917635	3.41073796554911	4.86306732897376
2.65264327831432	1.98669418683547	3.41940970328649	4.87174420540723
2.65948398950329	1.97588600924322	3.4257694137871	4.88372811156942
2.66632470069227	1.97260572071639	3.43225294034144	4.90841163449282
2.67316541188124	1.9832571732024	3.44600779374677	4.92512471551618
2.68000612307021	2.01977889217555	3.45594152797459	4.92243960815366
2.68684683425918	2.00734121915414	3.46359994571531	4.93806691643441
2.69368754544816	2.0172474087555	3.47216470179565	4.9615527444554
2.70052825663713	2.01737466239689	3.48346066586213	4.96622374819569
2.7073689678261	2.03779706494581	3.48452461189798	4.97860323366236
2.71420967901508	2.03110849660072	3.50447044079382	4.99420801193365
2.72105039020405	2.03972119576101	3.50926899344015	4.9951451211794
2.72789110139302	2.04997479923441	3.51599140093854	5.01380979502331
2.73473181258199	2.05193115062341	3.52785612920134	5.02765388689383
2.74157252377097	2.05003360854187	3.53877774457308	5.04066576850314
2.74841323495994	2.05338660873649	3.54329118002983	5.05994480981421
2.75525394614891	2.05501921646801	3.55805593277223	5.05955477662609
2.76209465733788	2.07457590263648	3.56868328888349	5.08302023832002
2.76893536852686	2.07046773820434	3.57485806780433	5.08346665795651
2.77577607971583	2.08671766674288	3.58197729492106	5.10690616311219
2.7826167909048	2.0960223168651	3.59377290782452	5.10686119300909
2.78945750209377	2.09673545094523	3.6051279724809	5.12129103326498
2.79629821328275	2.10263413131258	3.6122660732832	5.1421388294041
2.80313892447172	2.11469908171916	3.62090166385016	5.15838912774572
2.80997963566069	2.11911116099448	3.62908835399637	5.16592164196124
2.81682034684966	2.12153549622143	3.63596526423966	5.1768666310725
2.82366105803864	2.13953059833214	3.64562137619398	5.19562761241486
2.83050176922761	2.13301706750821	3.65653802516706	5.20544302729365
2.83734248041658	2.13953385407313	3.66499632060575	5.20944229775274
2.84418319160556	2.13689568201038	3.67349948230041	5.224663250845
2.85102390279453	2.15978350214745	3.68346878097593	5.23232603237406
2.8578646139835	2.15181220573556	3.6950885933246	5.25507816441819
2.86470532517247	2.16201989332096	3.6992438951499	5.25707358031695
2.87154603636145	2.16252091836067	3.7085713614445	5.28539626717658
2.87838674755042	2.17106464839693	3.72163876637178	5.29813123128897
2.88522745873939	2.18606648402717	3.73403232921973	5.30138553206863
2.89206816992836	2.18317705124605	3.74238083434568	5.31859096782484
2.89890888111734	2.20293386811543	3.7468180832697	5.32229587705396
2.90574959230631	2.20957836614817	3.75513494180711	5.32447885810387
2.91259030349528	2.21220891731388	3.76914705870771	5.33757524656168
2.91943101468425	2.21467465937399	3.7775849395896	5.36015427829548
2.92627172587323	2.22325127697452	3.78451478150742	5.37389858952639
2.9331124370622	2.22549407895018	3.79449948217864	5.37980033185337
2.93995314825117	2.23397331898557	3.80528952361545	5.39755851351533
2.94679385944014	2.25036145760977	3.81243628111731	5.40638916548457
2.95363457062912	2.24511448928335	3.81552132229394	5.41924338087719
2.96047528181809	2.26261961012216	3.83198737255879	5.44443848859697
2.96731599300706	2.24690496933391	3.84091487248609	5.4387526572178
2.97415670419604	2.26067091873459	3.84657394404451	5.45868037837795
2.98099741538501	2.27551184734842	3.86044686896985	5.47233572736821
2.98783812657398	2.2716499168522	3.86484889669037	5.49391048445036
2.99467883776295	2.28920844262695	3.87437195756017	5.49945018992993
3.00151954895193	2.28299444156647	3.88937251386821	5.51769907677451
3.0083602601409	2.28973391174448	3.89863411914764	5.52561407793549
3.01520097132987	2.30522222795086	3.91137179022702	5.51938381414895
3.02204168251884	2.3089597657026	3.91285894328664	5.554730819633
3.02888239370782	2.3200367931743	3.92307363497783	5.55660942597623
3.03572310489679	2.32443457161705	3.93070304345886	5.56750383473656
3.04256381608576	2.32782462105849	3.93978651484627	5.57963949907289
3.04940452727473	2.34112136364048	3.94589368804131	5.60278572471779
3.05624523846371	2.34375163871833	3.96425022746318	5.62017845977414
3.06308594965268	2.3510032255841	3.96585645759415	5.62017440003365
3.06992666084165	2.35034169243776	3.98044564257615	5.62914930061171
3.07676737203062	2.35308467467258	3.9867642165527	5.64781541048686
3.0836080832196	2.36191587278278	3.9969192464997	5.6451577559261
3.09044879440857	2.36055308573824	4.00332721795431	5.67347032207266
3.09728950559754	2.36981452433319	4.00964449273339	5.67519962597451
3.10413021678651	2.38584527298992	4.02178018972535	5.69490749538683
3.11097092797549	2.38043105395166	4.03551700834262	5.71192946583658
3.11781163916446	2.38183164653279	4.03812079595062	5.72020327916897
3.12465235035343	2.4077970010461	4.05159885963283	5.72656364025806
3.13149306154241	2.38860943383273	4.06043110090124	5.75555476344514
3.13833377273138	2.4108633500442	4.0661568801742	5.75127933426817
3.14517448392035	2.4039988482484	4.07909094559873	5.77863722273905
3.15201519510932	2.42279892442217	4.09198613916735	5.77869336950584
3.1588559062983	2.4273918195993	4.09919259960644	5.79051883967904
3.16569661748727	2.43758454566407	4.10619570839586	5.81426248264147
3.17253732867624	2.44312426263672	4.11863784591315	5.81885917317243
3.17937803986521	2.45900159507577	4.1260508883759	5.8385955246781
3.18621875105419	2.4490934533995	4.13839720683935	5.84461918835097
3.19305946224316	2.47161595148582	4.14666476044695	5.85241676878903
3.19990017343213	2.45282149336159	4.15013522344368	5.87612953953064
3.2067408846211	2.467900618463	4.16065534223536	5.87488952891141
3.21358159581008	2.4702891940493	4.17277598711599	5.89022980152749
3.22042230699905	2.47073481960546	4.18041952318392	5.9034128472518
3.22726301818802	2.4929274214242	4.19172199547977	5.92625900159357
3.23410372937699	2.5009986100583	4.20446094594133	5.9343521838304
3.24094444056597	2.50541166880519	4.21253538660047	5.95467649145321
3.24778515175494	2.50738739815909	4.22221632316469	5.95771215044208
3.25462586294391	2.50890364404013	4.22376519820145	5.96293621483852
3.26146657413289	2.52527134673729	4.23409848159174	5.97593823349858
3.26830728532186	2.51738156555449	4.24379778959521	5.98580485297151
3.27514799651083	2.53723217103861	4.2552812442296	6.00939292629235
3.2819887076998	2.54301834548852	4.26913689538221	6.00937718946886
3.28882941888878	2.5453777346209	4.27212765995634	6.04013901221914
3.29567013007775	2.55729180301795	4.28672996969019	6.04937315116111
3.30251084126672	2.54921790314545	4.29262281902434	6.04580088344319
3.30935155245569	2.56007754364203	4.30016245283696	6.05370158948117
3.31619226364467	2.56455401759397	4.31306566033373	6.0776065256009
3.32303297483364	2.57490439331826	4.31539413028633	6.09495812133044
3.32987368602261	2.5765530187077	4.32975234414613	6.11414868698321
3.33671439721158	2.57339796965223	4.33943616763084	6.11706296686615
3.34355510840056	2.599056755477	4.3478135630804	6.1251990549002
3.35039581958953	2.59536770131603	4.35590997168141	6.13763769784768
3.3572365307785	2.61554346691539	4.36547193594372	6.14333208905859
3.36407724196747	2.60679787885033	4.37780687437655	6.15913705742818
3.37091795315645	2.61841393211128	4.38507967893989	6.18231961735989
3.37775866434542	2.61559355043781	4.39802506933423	6.1963210781728
3.38459937553439	2.63724248227387	4.40160707567058	6.20835111836412
3.39144008672337	2.62934017579757	4.40916551382066	6.21516954270617
3.39828079791234	2.63953453101933	4.42395256256352	6.2230497922503
3.40512150910131	2.65196243942761	4.42322511017035	6.23815880520939
3.41196222029028	2.65521428553056	4.43542921248437	6.25798250421061
3.41880293147926	2.65944162415773	4.45050904637326	6.26346184455605
3.42564364266823	2.66411794061446	4.45790293477341	6.28356639832985
3.4324843538572	2.68103962367251	4.46828879981136	6.29053998915015
3.43932506504617	2.69275322508057	4.47787551952483	6.30404352790835
3.44616577623515	2.68266077848924	4.48898249662371	6.31897863237394
3.45300648742412	2.67710560560769	4.4930957607006	6.31961669605657
3.45984719861309	2.70694686335784	4.50410370458618	6.3435610527095
3.46668790980206	2.69151114814181	4.51563757487467	6.36040498151754
3.47352862099104	2.71129549764014	4.52227272444583	6.361677233105
3.48036933218001	2.71648528033741	4.53135274213834	6.37887035066781
3.48721004336898	2.72678330108936	4.53708354982543	6.3894653066749
3.49405075455795	2.71338485620342	4.5585446762858	6.40798853889622
3.50089146574693	2.72525838964426	4.56189083542855	6.41322572096613
3.5077321769359	2.73640465005055	4.56791724152025	6.43412389377783
3.51457288812487	2.71699912800503	4.57536688854423	6.45718431742157
3.52141359931385	2.74585761513399	4.58713593045901	6.44726841763772
3.52825431050282	2.73877469512484	4.59584903156886	6.45834547117573
3.53509502169179	2.76818119840081	4.6059153313269	6.46620372052015
3.54193573288076	2.78248098536793	4.61322568518752	6.48242962914219
3.54877644406974	2.76824093534809	4.62309691554701	6.50286111209022
3.55561715525871	2.77271081189965	4.63691252506388	6.52434631220365
3.56245786644768	2.79816180308134	4.64329959299113	6.52992875026129
3.56929857763665	2.78826857021179	4.65201644773639	6.53028467226517
3.57613928882563	2.81881844217688	4.66297620532672	6.5361981707283
3.5829800000146	2.80490394727976	4.67332885190223	6.5564023123221
3.58982071120357	2.81266677127494	4.67438376970455	6.55867610400271
3.59666142239254	2.80872755141796	4.68829952291451	6.5864615293374
3.60350213358152	2.83361081039086	4.7013136726061	6.5959393240058
3.61034284477049	2.82394052652795	4.70628684038496	6.60414250148933
3.61718355595946	2.84243998893981	4.71466254662344	6.62313993915083
3.62402426714843	2.83801211405006	4.7256304406061	6.62642443694837
3.63086497833741	2.83529550393073	4.73710562875707	6.64667311184118
3.63770568952638	2.85551918083105	4.74350935023942	6.66400306578915
3.64454640071535	2.86151714467438	4.75656044987421	6.68746331200919
3.65138711190433	2.86105611181406	4.76465621306139	6.68782852803914
3.6582278230933	2.88068650998609	4.76875259939992	6.69786539336192
3.66506853428227	2.86491441807924	4.77982370877438	6.71149708284231
3.67190924547124	2.87753692685113	4.78291869344041	6.72672197418481
3.67874995666022	2.87542912963205	4.80104076666184	6.74081705052332
3.68559066784919	2.89915680630175	4.81144908039449	6.75051694042478
3.69243137903816	2.90236649705855	4.81634142983543	6.76274960152338
3.69927209022713	2.91276981121065	4.83024385324387	6.77975563361362
3.70611280141611	2.91592787794724	4.83359076420749	6.78424475314077
3.71295351260508	2.92067779976754	4.84402943494718	6.79883285555946
3.71979422379405	2.93454358479802	4.85069425460685	6.81944039299987
3.72663493498302	2.93929784998057	4.86466334111034	6.82985599853096
3.733475646172	2.94702832050661	4.8739770794355	6.83906212514847
3.74031635736097	2.94637115814204	4.88240522768493	6.84577554897874
3.74715706854994	2.96296864810546	4.88959278966136	6.8635772433224
3.75399777973891	2.95682800302032	4.90125336192939	6.88667215391119
3.76083849092789	2.96127645438134	4.9096943391918	6.8793353901475
3.76767920211686	2.96403107201	4.92109028242416	6.89441537597497
3.77451991330583	2.96603152067733	4.92983677707364	6.91659198367457
3.78136062449481	2.99546951938743	4.94562490998013	6.92518272427374
3.78820133568378	2.99647424062585	4.94668941339867	6.92288186183962
3.79504204687275	3.00447300983425	4.95839935738242	6.95356021232606
3.80188275806172	2.99899869682561	4.96715139940397	6.97225320449219
3.8087234692507	2.994967539902	4.97676250506813	6.98997180395234
3.81556418043967	3.00380789827368	4.98215030193623	6.99065611615817
3.82240489162864	3.01601490120696	4.99462879666827	6.99856459027844
3.82924560281761	3.02374522748528	5.00398143400234	7.00161219401412
3.83608631400659	3.04571728535823	5.01013264884847	7.02309979112376
3.84292702519556	3.02815887918453	5.01608878203545	7.04487170490724
3.84976773638453	3.03342538450551	5.02367573871545	7.05609485060313
3.8566084475735	3.0437584947478	5.03850783038773	7.06458909551825
3.86344915876248	3.0482100813739	5.05079390246922	7.06579467858219
3.87028986995145	3.06014366819206	5.05171274550104	7.07835813285775
3.87713058114042	3.0734468105536	5.06605382642025	7.0959865381141
3.88397129232939	3.06367644763068	5.07559889900041	7.10798130006929
3.89081200351837	3.07956064948837	5.09032771951627	7.13729819644714
3.89765271470734	3.08567840397907	5.08923369995636	7.14342866251158
3.90449342589631	3.08817084713683	5.10364092707519	7.15456179327677
3.91133413708528	3.0839961035269	5.11437569990358	7.15446087601777
3.91817484827426	3.10113504543754	5.12299445482955	7.183952336188
3.92501555946323	3.10401329063658	5.12613656027416	7.17298375135281
3.9318562706522	3.11207685598891	5.14378181015018	7.20345219800329
3.93869698184118	3.12066418514232	5.15074672422146	7.20973592209269
3.94553769303015	3.12457230996432	5.15661453754771	7.22221055068913
3.95237840421912	3.15297369565575	5.16720552553746	7.24130294017789
3.95921911540809	3.11999064461285	5.17604073566114	7.24959342182429
3.96605982659707	3.14766437707234	5.18291211255689	7.2603461438946
3.97290053778604	3.13961700409997	5.19436126636428	7.27252719364728
3.97974124897501	3.14454029645519	5.2001649094436	7.28168428570368
3.98658196016398	3.15693233107546	5.21899521632828	7.29826434220223
3.99342267135296	3.15968642431044	5.22902296884151	7.31902889079263
4.00026338254193	3.17861487827242	5.23108387997582	7.32524106883282
4.0071040937309	3.18200579793722	5.24182753680709	7.32804546764176
4.01394480491987	3.18065192971627	5.246461271986	7.34982951124619
4.02078551610885	3.18827487593489	5.25906734579598	7.373888637672
4.02762622729782	3.18884081945093	5.27098773674577	7.39975122898538
4.03446693848679	3.19946528502767	5.27807204936438	7.36553886922353
4.04130764967577	3.20573366715852	5.28586552235455	7.40317927638782
4.04814836086474	3.21286505275235	5.29605677829784	7.40399786502686
4.05498907205371	3.22424668111682	5.30870067034351	7.42160874551888
4.06182978324268	3.2115392094637	5.31305750031228	7.43793265487732
4.06867049443166	3.22834660787645	5.32306006450435	7.43394262066372
4.07551120562063	3.23478133191752	5.33139048977852	7.44266217017889
4.0823519168096	3.23591829886347	5.3441094196706	7.47865753116322
4.08919262799857	3.25698704726255	5.35003029854563	7.48763381123874
4.09603333918755	3.26320984119076	5.36030415490958	7.50520872213155
4.10287405037652	3.26341843725757	5.37625258589625	7.50748144619608
4.10971476156549	3.26617838291267	5.38300127106937	7.51894373525542
4.11655547275446	3.26880977881594	5.39088419430098	7.53429615066074
4.12339618394344	3.29337754347607	5.39957152332158	7.54887119957675
4.13023689513241	3.27981353675193	5.40710775147449	7.57357890577486
4.13707760632138	3.2968233370456	5.41575715151369	7.57717676940394
4.14391831751035	3.29068288171863	5.4301056365621	7.58396653413773
4.15075902869933	3.3131881792658	5.44268411773693	7.61135340881508
4.1575997398883	3.29655050546479	5.44478429196606	7.60472689594603
4.16444045107727	3.31938926251635	5.45173881494752	7.62764024750912
4.17128116226625	3.31887342401536	5.46679021127034	7.62791991676935
4.17812187345522	3.32558852823827	5.4700367476171	7.64409998111141
4.18496258464419	3.33330903353293	5.4852402736424	7.65389731200318
4.19180329583316	3.33900595566048	5.49877569842369	7.66801991418778
4.19864400702214	3.35291713972744	5.49993955197472	7.67941636211001
4.20548471821111	3.36722631756594	5.51428222961697	7.69826114717775
4.21232542940008	3.36957449057399	5.51967191624602	7.70977703864271
4.21916614058905	3.35760528265884	5.51997060411247	7.72099990744792
4.22600685177803	3.38078648327874	5.53759833049363	7.73499071432643
4.232847562967	3.37439816687799	5.54560108477267	7.74509319507236
4.23968827415597	3.36612346933809	5.55675645318642	7.76501274264269
4.24652898534494	3.38207607583353	5.56550096323551	7.77496394704338
4.25336969653392	3.40807539274923	5.5777731726573	7.78734657451725
4.26021040772289	3.39698729894185	5.58580485960468	7.79852753020227
4.26705111891186	3.38279549660453	5.59271464163112	7.8028006941623
4.27389183010083	3.4077451305526	5.60151476820225	7.80866054050725
4.28073254128981	3.42997471266671	5.61307048911408	7.82360103131834
4.28757325247878	3.43579729071072	5.62545087016283	7.86684130083694
4.29441396366775	3.42851540958794	5.62950701909632	7.8561903091054
4.30125467485672	3.43036927630015	5.64094489143705	7.8602890456626
4.3080953860457	3.43477444572494	5.64947724208169	7.87133866050057
4.31493609723467	3.44360919802352	5.65496469694548	7.89109305335789
4.32177680842364	3.44712727193789	5.66554413985906	7.92781596919957
4.32861751961262	3.45939984385148	5.67501752940052	7.93947823619529
4.33545823080159	3.46931160574168	5.68383164052617	7.92494479751977
4.34229894199056	3.47064920880515	5.69490723428753	7.95281852936468
4.34913965317953	3.48092151200112	5.69950810620302	7.96577923757006
4.35598036436851	3.48394817052754	5.70918470999674	7.96397442935698
4.36282107555748	3.49021489128176	5.72355754869429	7.98062440194713
4.36966178674645	3.4768226902115	5.72993656903819	7.98926418554669
4.37650249793542	3.49594731934462	5.7363369738731	7.9973510185179
4.3833432091244	3.51133566464281	5.74868838244377	8.02361798486069
4.39018392031337	3.51078763899651	5.76084572053445	8.01995812465464
4.39702463150234	3.52208760598377	5.76433762126328	8.03258478290915
4.40386534269131	3.52425708664238	5.77568849087482	8.06027689160939
4.41070605388029	3.52272857417207	5.78987727167105	8.06432069324464
4.41754676506926	3.54438372028708	5.79720080438612	8.07657498779589
4.42438747625823	3.5494584768756	5.79996301295588	8.10350886199805
4.4312281874472	3.54564375833372	5.8114029671844	8.11012668175569
4.43806889863618	3.5435027261796	5.82277509770085	8.11096859545471
4.44490960982515	3.56987059796328	5.82804947376716	8.13786356614136
4.45175032101412	3.56654365973399	5.84172811610313	8.13750756644974
4.4585910322031	3.56941657257551	5.85222696845088	8.15495758273954
4.46543174339207	3.57979520589872	5.8579168338411	8.15965481702774
4.47227245458104	3.59179656139671	5.86796541947207	8.1823690113837
4.47911316577001	3.58338960076284	5.87915660899379	8.18506463566356
4.48595387695899	3.59525342734507	5.88606186925685	8.20352301543378
4.49279458814796	3.6116474922645	5.89328675899851	8.22068823424076
4.49963529933693	3.6041638242135	5.90469124875022	8.23041447878497
4.5064760105259	3.61718954916631	5.91360842097122	8.2467417665728
4.51331672171488	3.61834380751889	5.92368755917304	8.26166054297489
4.52015743290385	3.62629767662689	5.93150869403344	8.28692954768612
4.52699814409282	3.6258644366446	5.93758031604838	8.28719083399984
4.53383885528179	3.63379098142607	5.94960414915124	8.28365856246571
4.54067956647077	3.65597733208045	5.96328053209755	8.32076247091922
4.54752027765974	3.64606747833209	5.97019229316914	8.31383878350026
4.55436098884871	3.65215899261233	5.97782859872965	8.32457572448121
4.56120170003768	3.65270324434664	5.98366733647407	8.34247755931879
4.56804241122666	3.66483772553395	6.0044626347978	8.36839129203969
4.57488312241563	3.67646757333273	6.00986635058296	8.37313491188259
4.5817238336046	3.67872721809809	6.02221691059194	8.38641824927896
4.58856454479358	3.69739262147385	6.02537488178106	8.38112252624449
4.59540525598255	3.68866189845416	6.03123149665349	8.40384691842974
4.60224596717152	3.70941219833317	6.03985836243108	8.42385942469136
4.60908667836049	3.70468517194305	6.05481290281165	8.42364185862336
4.61592738954947	3.71743162048742	6.0682809419337	8.47032449457036
4.62276810073844	3.71925955019684	6.07466801045264	8.44733344681053
4.62960881192741	3.73441791117037	6.07813649761258	8.4786550782273
4.63644952311638	3.73312553098355	6.0883567524904	8.47501663859862
4.64329023430536	3.746489236839	6.09892157511642	8.49183623513924
4.65013094549433	3.7334240386758	6.10936430195379	8.51929606871602
4.6569716566833	3.7433228515684	6.12109318069212	8.52940409256618
4.66381236787227	3.74889203034159	6.13074292787063	8.53349065664079
4.67065307906125	3.7587573492649	6.13732080471927	8.55334960081659
4.67749379025022	3.76418314529028	6.14339761278565	8.56236451009309
4.68433450143919	3.76349278076783	6.15492190730978	8.56886472458786
4.69117521262816	3.77333221819963	6.16613265316407	8.59652520193359
4.69801592381714	3.78764939153708	6.17491606503178	8.59185732366593
4.70485663500611	3.79909773997895	6.17604468288716	8.60443980033459
4.71169734619508	3.78084239327351	6.18643487451744	8.62355739234259
4.71853805738406	3.80712670444569	6.19876297940264	8.63824727010565
4.72537876857303	3.82215668885433	6.21238016552511	8.63582197914091
4.732219479762	3.81976413450931	6.21871998736101	8.65528674535761
4.73906019095097	3.81818476351097	6.22755088303184	8.65636268559553
4.74590090213995	3.83356490009368	6.24152574417742	8.67577351499161
4.75274161332892	3.82252729963554	6.25044128369767	8.69745873733542
4.75958232451789	3.84572365671636	6.2567785264407	8.7038143661339
4.76642303570686	3.83789994461621	6.26735355279078	8.72253554330532
4.77326374689584	3.85042238596657	6.26816649477824	8.74204042146691
4.78010445808481	3.84345903486826	6.28196618139486	8.74788354878491
4.78694516927378	3.86518847312783	6.29640551664488	8.7513723452171
4.79378588046275	3.86942070009704	6.30889196579196	8.76903921775843
4.80062659165173	3.87265453541225	6.30941403749334	8.77975172598691
4.8074673028407	3.88668482380853	6.31969012905667	8.78071256962297
4.81430801402967	3.88107384392479	6.32716794907285	8.79915656073987
4.82114872521864	3.87764663632202	6.33896520573393	8.83026608907553
4.82798943640762	3.87340287274737	6.3431539451043	8.83648894717454
4.83483014759659	3.90864509985107	6.35846501820331	8.84249206044598
4.84167085878556	3.89719508938178	6.36998185404269	8.85560729950359
4.84851156997454	3.92089440566026	6.37432946758164	8.87399710826428
4.85535228116351	3.92861887254938	6.38666976636952	8.87096214212221
4.86219299235248	3.93495105395172	6.39301070818384	8.8854020648145
4.86903370354145	3.92014362389854	6.39971523686093	8.90199656953468
4.87587441473043	3.95494238647047	6.41415398901899	8.91169713866052
4.8827151259194	3.94834698445107	6.4175675631364	8.92237750376763
4.88955583710837	3.94004750669243	6.43359168726585	8.93021782570293
4.89639654829734	3.95082207142343	6.44432972048739	8.95256031408616
4.90323725948632	3.94592669501148	6.44354926739245	8.97046915658026
4.91007797067529	3.96433299700365	6.46314304105721	8.97600451581931
4.91691868186426	3.99581725507117	6.46892350722644	8.98652257388263
4.92375939305323	3.97230768176026	6.48092220189446	9.00568899633242
4.93060010424221	3.9678490778071	6.48400304895387	9.02904143940466
