"mitochan"	"lwrNorm"	"medNorm"	"uprNorm"
-1.90327037354145	-2.67114875092558	-2.36565986664576	-2.06378309336246
-1.89685869040176	-2.66079659247848	-2.36103617078368	-2.05595712492251
-1.89044700726207	-2.66020572257626	-2.35304322255793	-2.05060757206705
-1.88403532412239	-2.65123583977572	-2.34552610859262	-2.04793640040199
-1.8776236409827	-2.639968892767	-2.33867974975714	-2.03297527662612
-1.87121195784301	-2.63792559725426	-2.33331331149301	-2.02648773193518
-1.86480027470333	-2.63073127860683	-2.32364356062975	-2.02210552089049
-1.85838859156364	-2.62150499390254	-2.318941208805	-2.0172667680343
-1.85197690842395	-2.61600722273217	-2.31299132539349	-2.01001190303944
-1.84556522528426	-2.61018811082859	-2.30448790457909	-2.00673699971394
-1.83915354214458	-2.60171044127996	-2.29659400721079	-1.99412046458548
-1.83274185900489	-2.59776842490649	-2.2896230609547	-1.9892026826533
-1.8263301758652	-2.59040764328771	-2.28372141158228	-1.97867136007373
-1.81991849272552	-2.57656456313622	-2.27776153663588	-1.9744700235409
-1.81350680958583	-2.57363710450619	-2.2701114295893	-1.96854842157162
-1.80709512644614	-2.57352955070391	-2.26370453771612	-1.96031444614202
-1.80068344330645	-2.55605708005587	-2.25780126767149	-1.95548084442065
-1.79427176016677	-2.55346544304203	-2.24972329909315	-1.95117419785767
-1.78786007702708	-2.54372793915604	-2.24050750326643	-1.93652858492845
-1.78144839388739	-2.53871120187526	-2.23326885763046	-1.93300601846794
-1.7750367107477	-2.5258784429055	-2.22881418711084	-1.92441956987837
-1.76862502760802	-2.52065810222785	-2.22231286804182	-1.92661202570264
-1.76221334446833	-2.51811881716293	-2.21310234071422	-1.91596116161546
-1.75580166132864	-2.50631139836976	-2.20832513141047	-1.9098118130153
-1.74938997818896	-2.50153773857483	-2.19794950898552	-1.898290091928
-1.74297829504927	-2.49723247762102	-2.1937536439975	-1.8912838224745
-1.73656661190958	-2.48793254071237	-2.18379507262971	-1.88855650363808
-1.73015492876989	-2.48210995526795	-2.18115308795896	-1.88267218090643
-1.72374324563021	-2.47603540710659	-2.17304682497676	-1.8758342417805
-1.71733156249052	-2.46884829418676	-2.16708647406943	-1.86796753431831
-1.71091987935083	-2.45929307208512	-2.16037816330762	-1.85621911359515
-1.70450819621115	-2.45210806587103	-2.15150406990247	-1.85431585906133
-1.69809651307146	-2.43847500802024	-2.14346852820801	-1.84599616830358
-1.69168482993177	-2.43672956414988	-2.13685948983246	-1.84036651022914
-1.68527314679208	-2.43118763022432	-2.13250878863002	-1.83269076894131
-1.6788614636524	-2.42291393785844	-2.12588723462239	-1.82462284592099
-1.67244978051271	-2.41467822423876	-2.1164646977044	-1.81699441148952
-1.66603809737302	-2.40711341514789	-2.10928358160113	-1.81715268393288
-1.65962641423334	-2.40944748292272	-2.10127952876175	-1.80754390542439
-1.65321473109365	-2.39821276060894	-2.09677006306292	-1.79849046241121
-1.64680304795396	-2.38346046976123	-2.0899791388402	-1.78981069192974
-1.64039136481427	-2.38140728427882	-2.08183007278463	-1.7810404284433
-1.63397968167459	-2.3780678002505	-2.07631237250029	-1.77755469513924
-1.6275679985349	-2.36476247139519	-2.06723569871059	-1.76754498069836
-1.62115631539521	-2.3648062679037	-2.06229279603071	-1.75847388256515
-1.61474463225553	-2.34762133453698	-2.05387838764643	-1.75812584207581
-1.60833294911584	-2.34837518847096	-2.04840011651654	-1.75452645664518
-1.60192126597615	-2.34474781953987	-2.04047127840839	-1.74375321916372
-1.59550958283646	-2.33413168335235	-2.03573286288171	-1.73909248170347
-1.58909789969678	-2.32799007283987	-2.02841248038215	-1.73178353716611
-1.58268621655709	-2.31878877946516	-2.01989913449089	-1.72423810375248
-1.5762745334174	-2.31391390283337	-2.01214664996878	-1.71258825761833
-1.56986285027771	-2.30146386200009	-2.00465278189829	-1.70801557267751
-1.56345116713803	-2.29846001721129	-1.99861445511082	-1.704450831324
-1.55703948399834	-2.29049685515452	-1.9931312767419	-1.6982273421925
-1.55062780085865	-2.27997895862579	-1.98606858250604	-1.68831233076998
-1.54421611771897	-2.271212301824	-1.97697001804145	-1.68093384417314
-1.53780443457928	-2.26389925747737	-1.97239742678222	-1.67465584245755
-1.53139275143959	-2.25951504596099	-1.96427816371399	-1.67258721153695
-1.5249810682999	-2.25571532038534	-1.95750849525027	-1.66566267901758
-1.51856938516022	-2.24910760098387	-1.95110245321724	-1.65647690572476
-1.51215770202053	-2.24274066674202	-1.94372928423642	-1.65179030077846
-1.50574601888084	-2.23521029102533	-1.93581924415992	-1.64299859438506
-1.49933433574116	-2.22209194176663	-1.93140918674276	-1.6334283150542
-1.49292265260147	-2.21989562365231	-1.9228435001764	-1.62764283080191
-1.48651096946178	-2.21268361832298	-1.9139092609057	-1.61868056536939
-1.48009928632209	-2.20440016505278	-1.9101061343183	-1.621011797866
-1.47368760318241	-2.20308258854306	-1.90359286156137	-1.60801390173528
-1.46727592004272	-2.19120325201691	-1.89518073439267	-1.60021730638813
-1.46086423690303	-2.1864815422427	-1.88856448432935	-1.59556407873082
-1.45445255376335	-2.17772095355418	-1.88204855301419	-1.58932008820956
-1.44804087062366	-2.16919013972095	-1.87394919607194	-1.58280456455759
-1.44162918748397	-2.16725527386919	-1.86752988207807	-1.57296764792052
-1.43521750434428	-2.15902687985271	-1.85781741966226	-1.56481463905509
-1.4288058212046	-2.14758128568707	-1.85396246010339	-1.56230865212309
-1.42239413806491	-2.14337123505827	-1.84763309086212	-1.55967098805247
-1.41598245492522	-2.1373102250548	-1.83947013427615	-1.54629476818963
-1.40957077178554	-2.12650416362401	-1.83157494284761	-1.53943225106127
-1.40315908864585	-2.12178899246007	-1.82578841232093	-1.52971332065861
-1.39674740550616	-2.11338468332236	-1.81984036387249	-1.52139593881191
-1.39033572236647	-2.11264429658688	-1.81270387046153	-1.51847790805907
-1.38392403922679	-2.09878051978099	-1.80416026744484	-1.51449985185009
-1.3775123560871	-2.09086788948207	-1.79912910156285	-1.5059153022317
-1.37110067294741	-2.08605525165107	-1.79219284232198	-1.50205366654771
-1.36468898980772	-2.08013877387496	-1.78464073939518	-1.49319487689645
-1.35827730666804	-2.07336656229859	-1.78023688004111	-1.48873987945475
-1.35186562352835	-2.06501139795925	-1.76990092773708	-1.47721582056401
-1.34545394038866	-2.05401781230074	-1.76139167676406	-1.46806607452262
-1.33904225724898	-2.05386635780606	-1.75518617216063	-1.46248389217805
-1.33263057410929	-2.04646870183564	-1.74749522215195	-1.45944136530591
-1.3262188909696	-2.03294547003286	-1.74280129376373	-1.44839742761028
-1.31980720782991	-2.02740795589468	-1.73566378386585	-1.44284061713227
-1.31339552469023	-2.02849116030013	-1.7286955599164	-1.44236740251015
-1.30698384155054	-2.014929828684	-1.72071813655884	-1.43328246826927
-1.30057215841085	-2.00357697599032	-1.71526370323531	-1.42340796135562
-1.29416047527117	-2.0044765753387	-1.7082217396299	-1.41906748879683
-1.28774879213148	-1.98850999082922	-1.6999590682358	-1.40653639190212
-1.28133710899179	-1.98071035321411	-1.69242048987476	-1.39865795574509
-1.2749254258521	-1.9823214624901	-1.68705226957141	-1.39239734608543
-1.26851374271242	-1.96910537241424	-1.68056607297733	-1.38792889052058
-1.26210205957273	-1.96867694211309	-1.67329864360205	-1.38399165794305
-1.25569037643304	-1.95253960838661	-1.66772771263428	-1.37562472980162
-1.24927869329336	-1.95269726426303	-1.65878690888946	-1.3659652900596
-1.24286701015367	-1.94764694192912	-1.65086406114517	-1.36311087077995
-1.23645532701398	-1.9342800129359	-1.64371458726048	-1.35654184075177
-1.23004364387429	-1.92557856362288	-1.63719017174904	-1.34995000061679
-1.22363196073461	-1.92042154302123	-1.63039996512392	-1.34718276038351
-1.21722027759492	-1.91713667621001	-1.624715842058	-1.33387735678915
-1.21080859445523	-1.90891450657919	-1.61793593807945	-1.33403943982667
-1.20439691131554	-1.90105745367178	-1.61038434175955	-1.32017724790914
-1.19798522817586	-1.89044991305269	-1.6045112466865	-1.31437132069087
-1.19157354503617	-1.88701840551165	-1.59806867032133	-1.30341897685686
-1.18516186189648	-1.87576680240446	-1.58917240339025	-1.30033889144658
-1.1787501787568	-1.869603924688	-1.58227380596297	-1.30077723053166
-1.17233849561711	-1.86321847409726	-1.57551172014849	-1.29106754478262
-1.16592681247742	-1.85750441630394	-1.57053653767144	-1.28473141589572
-1.15951512933773	-1.85106601299799	-1.56060726848857	-1.27486401446568
-1.15310344619805	-1.84117713129903	-1.55451909652727	-1.26275070645451
-1.14669176305836	-1.83590458221644	-1.54823606118505	-1.26135199261028
-1.14028007991867	-1.82768712350493	-1.54171739019517	-1.25305746942912
-1.13386839677899	-1.82537996874784	-1.53517560610749	-1.25006501171174
-1.1274567136393	-1.81396283477356	-1.52877225688104	-1.2419161556194
-1.12104503049961	-1.81294433377906	-1.51998862913757	-1.23529200803697
-1.11463334735992	-1.79884580344485	-1.51364893732606	-1.22306810131853
-1.10822166422024	-1.79775256224944	-1.50785947105788	-1.21786216963152
-1.10180998108055	-1.78888689037838	-1.50239402602453	-1.21288706397896
-1.09539829794086	-1.78287956447913	-1.49364576657102	-1.20616619216475
-1.08898661480118	-1.77119601758926	-1.48470222695741	-1.20173393289221
-1.08257493166149	-1.77110135188339	-1.47782569300719	-1.18905917566181
-1.0761632485218	-1.76042512070509	-1.47166382223559	-1.18437382394596
-1.06975156538211	-1.75266538620352	-1.46442273391603	-1.17809503292994
-1.06333988224243	-1.74377594121849	-1.46025905308313	-1.17114027114992
-1.05692819910274	-1.74420966162764	-1.45164064055409	-1.16793590237007
-1.05051651596305	-1.73438221834516	-1.44394395035053	-1.15501883326635
-1.04410483282336	-1.72600787832801	-1.43685751539933	-1.15336310422245
-1.03769314968368	-1.71769129158939	-1.43128281287253	-1.14837192765285
-1.03128146654399	-1.70513235068691	-1.42309027221729	-1.1348788996281
-1.0248697834043	-1.70281018097216	-1.41584625844023	-1.13167502997653
-1.01845810026462	-1.69738385793061	-1.41177541106343	-1.12409799856489
-1.01204641712493	-1.68992901922425	-1.40141597505917	-1.11632803071991
-1.00563473398524	-1.68530220278991	-1.3947537013469	-1.11190811653146
-0.999223050845555	-1.68003649413798	-1.38851639686072	-1.10570151037415
-0.992811367705867	-1.66646537698311	-1.38486463564897	-1.09680469646087
-0.98639968456618	-1.65920563403031	-1.37410956862778	-1.09165961441511
-0.979988001426493	-1.65959234783557	-1.36952693401349	-1.08091535224653
-0.973576318286806	-1.63893838056052	-1.36239742435363	-1.07959552270677
-0.967164635147119	-1.64053001459999	-1.35519276567061	-1.06937475078725
-0.960752952007431	-1.63384297399607	-1.34931886127159	-1.05991849932524
-0.954341268867744	-1.62350379703821	-1.34018137078719	-1.05607985931413
-0.947929585728057	-1.61598013378619	-1.33574425015603	-1.05011686006256
-0.94151790258837	-1.60763440084441	-1.32655771123019	-1.03705210089162
-0.935106219448683	-1.60932012357853	-1.31943461815003	-1.03380000709428
-0.928694536308995	-1.59311611523663	-1.31319572629877	-1.02898119760687
-0.922282853169308	-1.59483346762267	-1.30575422669742	-1.02309548572396
-0.915871170029621	-1.58362186176856	-1.29684445235155	-1.01079541063029
-0.909459486889934	-1.57899151442827	-1.29266404852682	-1.00731811340308
-0.903047803750247	-1.57299859247469	-1.28540670183375	-1.00423536169892
-0.89663612061056	-1.55598516295997	-1.27859801776485	-1.00001692083648
-0.890224437470872	-1.55295898342092	-1.26851615861628	-0.988538566492546
-0.883812754331185	-1.55161789408632	-1.26677941097775	-0.982387710203728
-0.877401071191498	-1.54237999574427	-1.25984654183582	-0.978886089507108
-0.870989388051811	-1.52961484791153	-1.25276138478634	-0.963991881591084
-0.864577704912123	-1.52756998577915	-1.24340216560283	-0.960271522839503
-0.858166021772436	-1.52245801467664	-1.23526164398273	-0.954075638545001
-0.851754338632749	-1.5099648673304	-1.22804455852336	-0.942005253756661
-0.845342655493062	-1.50688408655738	-1.22095662981083	-0.940618546412218
-0.838930972353375	-1.50131755565487	-1.21674386898695	-0.935003204314595
-0.832519289213687	-1.49324862273921	-1.20898615716248	-0.924248213274395
-0.826107606074	-1.48527090167796	-1.20017586288969	-0.922342203253756
-0.819695922934313	-1.47439703057216	-1.19179930782419	-0.913724925970418
-0.813284239794626	-1.46976463796926	-1.18785407384226	-0.902382747865305
-0.806872556654939	-1.46271879119846	-1.17973180828295	-0.899917044571537
-0.800460873515252	-1.45070489024745	-1.17311540341477	-0.88999962395605
-0.794049190375564	-1.45314671627553	-1.16857254516202	-0.885196011897073
-0.787637507235877	-1.44236389684379	-1.1612672522094	-0.879285953597036
-0.78122582409619	-1.43687524979975	-1.151797181531	-0.871552443749025
-0.774814140956503	-1.42907573446273	-1.14731919829102	-0.869080223008175
-0.768402457816816	-1.42364534619054	-1.13921658007675	-0.860468021560019
-0.761990774677128	-1.41372526879988	-1.13332905039233	-0.850779791493674
-0.755579091537441	-1.40756298724947	-1.12517640266534	-0.842927411445031
-0.749167408397754	-1.40498109345484	-1.1185174048437	-0.838663054585803
-0.742755725258067	-1.39109613747125	-1.11073351340297	-0.82797116357557
-0.73634404211838	-1.38617933151008	-1.10395198616801	-0.822043614992922
-0.729932358978692	-1.37725998465246	-1.09682203915278	-0.816487543941079
-0.723520675839005	-1.37168944256396	-1.09029387443986	-0.806587881814289
-0.717108992699318	-1.36569000606835	-1.08381884901813	-0.804310107797491
-0.710697309559631	-1.3600028361103	-1.07952210425967	-0.795530417464807
-0.704285626419944	-1.35114756156529	-1.07028029047783	-0.793436671995218
-0.697873943280257	-1.34293665703938	-1.06511786379241	-0.786325689276662
-0.691462260140569	-1.33485480898831	-1.05612042295657	-0.779885763954626
-0.685050577000882	-1.32791426907551	-1.04912033049269	-0.764627540407995
-0.678638893861195	-1.32248828293884	-1.04256338256851	-0.758888939743497
-0.672227210721508	-1.32241351079185	-1.03532593938959	-0.756318418708375
-0.66581552758182	-1.30530928018592	-1.0254179772583	-0.749667911160597
-0.659403844442133	-1.30496681198124	-1.02224092046537	-0.741422897554979
-0.652992161302446	-1.29359534603378	-1.01414782704904	-0.73357653980006
-0.646580478162759	-1.2889372298701	-1.00894507704678	-0.728332652845338
-0.640168795023072	-1.28373473595527	-1.00225085937677	-0.720276929924778
-0.633757111883384	-1.27645231248056	-0.99395511651986	-0.714792380494679
-0.627345428743697	-1.2666283372911	-0.984797408299863	-0.709050315833369
-0.62093374560401	-1.25555151543722	-0.979293251121151	-0.700494007481824
-0.614522062464323	-1.2531460814623	-0.973839597158361	-0.698837495379053
-0.608110379324636	-1.24257219794263	-0.964903223378048	-0.686309144425278
-0.601698696184949	-1.23681120896381	-0.957086434811088	-0.686580903882235
-0.595287013045261	-1.23170742217003	-0.952878024879012	-0.67359977071684
-0.588875329905574	-1.22287594922795	-0.944585108346714	-0.66364073678182
-0.582463646765887	-1.21338474337626	-0.938154735545895	-0.658054769894205
-0.5760519636262	-1.20750601639184	-0.931092649326875	-0.649119624236342
-0.569640280486513	-1.20353039684108	-0.922958551678506	-0.646820268819155
-0.563228597346825	-1.19716355860331	-0.918641326862927	-0.639519592352763
-0.556816914207138	-1.18664836372395	-0.910365986562771	-0.636844907495685
-0.550405231067451	-1.17717392222855	-0.904203395024547	-0.628163608952309
-0.543993547927764	-1.17643510663881	-0.898138187606831	-0.616849272604192
-0.537581864788077	-1.16540110094907	-0.890750874422164	-0.614346532303764
-0.531170181648389	-1.15480736860547	-0.882228683688837	-0.605581715852747
-0.524758498508702	-1.15286151398587	-0.874142054054538	-0.595303395942514
-0.518346815369015	-1.14603246278055	-0.86656573387263	-0.594326186002182
-0.511935132229328	-1.13993520909921	-0.862917095028862	-0.586840959028157
-0.505523449089641	-1.12922149045436	-0.855813546154214	-0.576737955795884
-0.499111765949954	-1.12775854137456	-0.848354646796189	-0.56975861721822
-0.492700082810266	-1.11719790361949	-0.842719448251369	-0.565700313555239
-0.486288399670579	-1.1111928432712	-0.834023435920113	-0.557093667602772
-0.479876716530892	-1.10298363209095	-0.827527957665527	-0.550093992862556
-0.473465033391205	-1.09749050348419	-0.81972223823624	-0.54349453801899
-0.467053350251518	-1.0888829363024	-0.814437612931357	-0.535215305391371
-0.46064166711183	-1.08691869994399	-0.807040266239977	-0.526763579236086
-0.454229983972143	-1.07185345101679	-0.798969841410936	-0.523672393115808
-0.447818300832456	-1.0724038072044	-0.791686701037341	-0.516848586264635
-0.441406617692769	-1.06208022006444	-0.784258404835293	-0.507267617434448
-0.434994934553081	-1.05360235579118	-0.778026144376524	-0.50238393674312
-0.428583251413394	-1.05058726810877	-0.772975722519486	-0.495848030979472
-0.422171568273707	-1.03924290009944	-0.764401458213254	-0.492235081481223
-0.41575988513402	-1.0373288095115	-0.7560865029964	-0.479603483182869
-0.409348201994333	-1.02235161162323	-0.752548906506708	-0.474274831843102
-0.402936518854646	-1.01638269142715	-0.7427416942736	-0.46903478910068
-0.396524835714958	-1.01205608587897	-0.736869249493978	-0.462387615272731
-0.390113152575271	-1.01339430385173	-0.729882037787952	-0.456428865405389
-0.383701469435584	-0.999076701883051	-0.723313844997821	-0.447442532028838
-0.377289786295897	-0.988060363921275	-0.717728234723998	-0.441951446305398
-0.37087810315621	-0.986544375910103	-0.709833267982076	-0.431961568857638
-0.364466420016522	-0.97530676789906	-0.699226612575691	-0.425395693164007
-0.358054736876835	-0.974530655632933	-0.69480737752984	-0.421878966007197
-0.351643053737148	-0.961280706235089	-0.689362894852251	-0.417224592100716
-0.345231370597461	-0.960296711046693	-0.680630005770883	-0.408266403487075
-0.338819687457774	-0.953893613119181	-0.676052727848289	-0.396421289155708
-0.332408004318086	-0.947410697305022	-0.667974704421902	-0.391044837995439
-0.325996321178399	-0.935953197286909	-0.660154929492343	-0.384809763475502
-0.319584638038712	-0.929906775019031	-0.652552525882642	-0.379833010095988
-0.313172954899025	-0.922090249460134	-0.649382167327242	-0.376072484240957
-0.306761271759338	-0.912859221665732	-0.636892100163704	-0.36444234026982
-0.300349588619651	-0.909785902633694	-0.635041193816839	-0.359019445016932
-0.293937905479963	-0.902217399221931	-0.628249426932204	-0.347959318869616
-0.287526222340276	-0.89771748566703	-0.620695847868956	-0.34388040368834
-0.281114539200589	-0.88674232340402	-0.613305259360098	-0.339966497191306
-0.274702856060902	-0.889171100447741	-0.605980369362681	-0.332668240929452
-0.268291172921215	-0.874474340063623	-0.600064527427828	-0.322799319339556
-0.261879489781527	-0.863611935056192	-0.59088077538496	-0.316746688661788
-0.25546780664184	-0.858183331842253	-0.58390868078775	-0.306797697517854
-0.249056123502153	-0.84998879559438	-0.576814166234077	-0.303018757721937
-0.242644440362466	-0.844360697607861	-0.569708968204733	-0.294689285279217
-0.236232757222778	-0.833383502352515	-0.565401008677096	-0.292023284801032
-0.229821074083091	-0.827002894940327	-0.558876980872337	-0.28245388784079
-0.223409390943404	-0.828046906136704	-0.548785036076546	-0.280700225290671
-0.216997707803717	-0.812320755697097	-0.542672812216677	-0.268145766041382
-0.21058602466403	-0.80808039126633	-0.535302625218159	-0.263415900603714
-0.204174341524343	-0.800031605316867	-0.528594920142995	-0.256627272174359
-0.197762658384655	-0.795038278628854	-0.521045818400913	-0.249851048559339
-0.191350975244968	-0.788970365917453	-0.514721833862319	-0.237112055786832
-0.184939292105281	-0.784326036530144	-0.507861848316909	-0.236475025955578
-0.178527608965594	-0.777875196349181	-0.499328737909476	-0.227674513866243
-0.172115925825907	-0.766201635451337	-0.495069138800677	-0.217816032276139
-0.165704242686219	-0.762456608206382	-0.487358479974311	-0.214801792822946
-0.159292559546532	-0.750583891545407	-0.480687814125448	-0.207317185097644
-0.152880876406845	-0.74588391556231	-0.473322816773324	-0.196312488398658
-0.146469193267158	-0.742310310430343	-0.46874566129048	-0.194863005146434
-0.140057510127471	-0.733443382589006	-0.460778794169504	-0.189793338383435
-0.133645826987783	-0.721877587872448	-0.454081710960797	-0.181655176028274
-0.127234143848096	-0.718179662128196	-0.447537568469453	-0.175146854438686
-0.120822460708409	-0.712993664353119	-0.439523188547114	-0.1662714137257
-0.114410777568722	-0.705999385220585	-0.431263976594512	-0.166590206252787
-0.107999094429035	-0.696485055029723	-0.424718607970206	-0.154797834163278
-0.101587411289348	-0.691942982343065	-0.41914620695629	-0.153466444834875
-0.0951757281496604	-0.684230288186079	-0.408911684662355	-0.139367012155024
-0.0887640450099731	-0.675611012764863	-0.404393440905959	-0.134684594706494
-0.0823523618702859	-0.666628431407727	-0.396659087916391	-0.128973713173215
-0.0759406787305987	-0.658608371722653	-0.392057369580353	-0.121594295436671
-0.0695289955909115	-0.65850387747905	-0.386504454062699	-0.116867745459419
-0.0631173124512243	-0.645909707753663	-0.376426510711567	-0.101006748116861
-0.0567056293115371	-0.639556226163765	-0.370339241672149	-0.0981730556164402
-0.0502939461718499	-0.635494752025302	-0.363051543755184	-0.0890114230948991
-0.0438822630321627	-0.628341715253332	-0.356271448155501	-0.0841270849880849
-0.0374705798924755	-0.621910310813988	-0.347793778753197	-0.0793809533176793
-0.0310588967527883	-0.613571370245952	-0.340695385302831	-0.0715604464104895
-0.0246472136131011	-0.599505038850536	-0.334726065194835	-0.0655521138327671
-0.0182355304734139	-0.598787707354605	-0.329407144728039	-0.0567808166854029
-0.0118238473337267	-0.594109202193725	-0.319133518716386	-0.0479007716456158
-0.00541216419403945	-0.586524612993585	-0.314791007543549	-0.0456223663468138
0.000999518945647537	-0.577746955764548	-0.306190189791914	-0.0334464414930853
0.00741120208533474	-0.574530647272347	-0.302044452248293	-0.0303326478841758
0.013822885225022	-0.563662729680726	-0.292218088535588	-0.0233473305161754
0.0202345683647092	-0.552131821526109	-0.284891401515079	-0.0165595727096007
0.0266462515043964	-0.552523946491209	-0.280125838832259	-0.0129253148503996
0.0330579346440836	-0.541670028410476	-0.272328494700462	-0.000111363657882388
0.0394696177837708	-0.533581690432174	-0.266091064112369	0.00786969830692698
0.045881300923458	-0.527306182244888	-0.259757951703998	0.0137344022407403
0.0522929840631452	-0.522133878333856	-0.252119719887269	0.0178476905318584
0.0587046672028324	-0.514202105916654	-0.246495094725291	0.0223827247399485
0.0651163503425196	-0.507295417704856	-0.236356794608651	0.0326041906379811
0.0715280334822068	-0.505146745145499	-0.230867041948249	0.0360241475643281
0.077939716621894	-0.486506618189375	-0.22332938035089	0.0467078208547575
0.0843513997615812	-0.481464672673367	-0.218029780863345	0.0551010894524775
0.0907630829012684	-0.471025621587355	-0.210357440931304	0.0625075907205333
0.0971747660409554	-0.46734673454659	-0.200902142236852	0.0645384584089207
0.103586449180643	-0.466047324957419	-0.197774961152302	0.0762252227906472
0.10999813232033	-0.455299262287306	-0.189080442958929	0.0809673351900611
0.116409815460017	-0.452392182973382	-0.18356708958734	0.0903374426602503
0.122821498599704	-0.446573710590459	-0.177757780550381	0.0927814853486393
0.129233181739392	-0.439470821724348	-0.169011539311525	0.100665858671479
0.135644864879079	-0.431459670025351	-0.160967429363341	0.106396975686875
0.142056548018766	-0.420079761787852	-0.153845160386605	0.113227622294733
0.148468231158453	-0.41912085154811	-0.146888479945201	0.118820148736735
0.15487991429814	-0.406721706391097	-0.138713737330468	0.130106763059117
0.161291597437828	-0.400202097721641	-0.134856818878547	0.133877647417584
0.167703280577514	-0.397660745086121	-0.12803744138951	0.143841437530249
0.174114963717202	-0.389490798563248	-0.12095756040878	0.141964236745937
0.180526646856889	-0.378613820929043	-0.111396347584258	0.154008942228873
0.186938329996576	-0.373163875484279	-0.106117859438004	0.164654506011186
0.193350013136263	-0.365005343548208	-0.0976024431257845	0.168992284385196
0.199761696275951	-0.361180424409981	-0.0925877793543678	0.17840886902077
0.206173379415638	-0.349741393430423	-0.0873808570296416	0.182070091726901
0.212585062555325	-0.350331648794853	-0.0788203629580437	0.187565385705521
0.218996745695012	-0.333476073834889	-0.070277051923932	0.195361841754878
0.2254084288347	-0.333330445775705	-0.065689839638526	0.202634164975859
0.231820111974387	-0.32572086360649	-0.0581800151747272	0.212469160720298
0.238231795114074	-0.317439822846156	-0.052648805234286	0.218006265392069
0.244643478253761	-0.307761829278629	-0.0409303163234973	0.224293365637364
0.251055161393448	-0.304087816076467	-0.0351330078106302	0.232410146403186
0.257466844533135	-0.2962949123298	-0.0294557187200528	0.23572781647979
0.263878527672822	-0.286014302133981	-0.0226607154933813	0.242159478361927
0.27029021081251	-0.287053631105699	-0.0145508846149719	0.253488597434162
0.276701893952197	-0.274389618878434	-0.0103533308551692	0.25600036854034
0.283113577091884	-0.272675706112247	-0.00106697804964336	0.26347013460079
0.289525260231571	-0.262113537030666	0.00401328291993984	0.273315334846609
0.295936943371259	-0.254249874473281	0.0108592442432866	0.277255849161081
0.302348626510946	-0.250753424208882	0.0193020132299413	0.286096791551125
0.308760309650633	-0.240942935398086	0.0262109300627684	0.293801660524231
0.31517199279032	-0.232864955485137	0.0313849752709728	0.296500066535397
0.321583675930007	-0.226031507762474	0.0425165835786763	0.306115731163842
0.327995359069694	-0.219407617093048	0.0476382449482903	0.315286850288093
0.334407042209382	-0.215199510614365	0.0526532417325622	0.320376561925231
0.340818725349069	-0.208479489854599	0.0609539833014174	0.325939705790998
0.347230408488756	-0.202627138331141	0.0656776917398018	0.333400364395345
0.353642091628443	-0.194649455214541	0.0741226982875636	0.342389548153521
0.36005377476813	-0.187465081667651	0.0815717502641957	0.35051781466035
0.366465457907818	-0.176156669706947	0.0901952520690034	0.359934294812042
0.372877141047505	-0.172145195256573	0.0961104167462276	0.36014087298705
0.379288824187192	-0.160502172474877	0.102722059220654	0.368653051770937
0.385700507326879	-0.158160613383936	0.110465734093245	0.375283414765793
0.392112190466567	-0.148369181027827	0.115735209613991	0.379623978009713
0.398523873606254	-0.138925554594528	0.122308832470869	0.388401293116144
0.404935556745941	-0.13823795729842	0.129603898011237	0.39661426175923
0.411347239885628	-0.134673189755581	0.136762531979149	0.400391026080496
0.417758923025315	-0.120169676260336	0.142385289884375	0.407341792154823
0.424170606165002	-0.118625387249857	0.150512702637732	0.421080202815729
0.43058228930469	-0.10937018311008	0.15703430682453	0.420795399520598
0.436993972444377	-0.100105956208307	0.165459798046582	0.4256069776358
0.443405655584064	-0.0889106659340753	0.172112660017791	0.436414428536516
0.449817338723751	-0.0879863967490291	0.17729141174221	0.443399387478382
0.456229021863438	-0.0798857998686528	0.188199555152904	0.452937044948922
0.462640705003126	-0.0765178560775157	0.192560968111887	0.458957743868723
0.469052388142813	-0.0660623363089866	0.199234243339443	0.466340555090888
0.4754640712825	-0.059860981387373	0.206490266130505	0.472051827500805
0.481875754422187	-0.0521429472995728	0.212540258251911	0.475648026546646
0.488287437561874	-0.0469351616173719	0.220528391932063	0.483756921749056
0.494699120701561	-0.0399707618693247	0.225489263200348	0.489077921625099
0.501110803841249	-0.0312338877660916	0.235713815443295	0.495443593277134
0.507522486980936	-0.0252118186609243	0.239177146445318	0.503844815330961
0.513934170120623	-0.0219290053448843	0.24757440073597	0.513405441211701
0.52034585326031	-0.0109793520103326	0.254156340104497	0.521707061663909
0.526757536399998	-0.00577775263353027	0.261758293562449	0.531325286749413
0.533169219539685	0.000704912377176695	0.268515020451123	0.533352777605161
0.539580902679372	0.00882571551071161	0.276493978099167	0.542072637614049
0.545992585819059	0.0196083391364408	0.281757132857304	0.54633694656015
0.552404268958747	0.0261479747373868	0.288299535002419	0.554636412155089
0.558815952098433	0.0297195768540292	0.296954524624931	0.558392658264505
0.56522763523812	0.0368242444982196	0.304620429044556	0.565246429725067
0.571639318377808	0.0481813187138947	0.310314735787218	0.576209934061626
0.578051001517495	0.049862530938872	0.317390797457111	0.580705739712923
0.584462684657182	0.0551402221210851	0.323445079611865	0.589684684966255
0.590874367796869	0.0687301518397444	0.332107603872063	0.594810526546679
0.597286050936557	0.0755981348876177	0.33707980270153	0.603256666657788
0.603697734076244	0.0829303486901953	0.345858948701129	0.611073698400798
0.610109417215931	0.0912608397638944	0.352192121734582	0.616329037005455
0.616521100355618	0.100007610723537	0.361839646212146	0.623963461093854
0.622932783495306	0.101100623713596	0.367414890855925	0.629900308271486
0.629344466634993	0.108596335328854	0.373412119539329	0.636841594763585
0.63575614977468	0.112303476843108	0.377798933686846	0.642821821861414
0.642167832914367	0.122256749573708	0.385298241528988	0.650771546238576
0.648579516054054	0.124998780340704	0.393141076305875	0.656144191517967
0.654991199193741	0.140401035901145	0.401444027065189	0.664295127036485
0.661402882333429	0.140349417218917	0.406614790507402	0.667524169880409
0.667814565473116	0.148497316892227	0.413708599573296	0.672635503267095
0.674226248612803	0.157119808633478	0.420619288576132	0.683220034728863
0.68063793175249	0.164382616510931	0.429201588087657	0.690253399326229
0.687049614892177	0.1698400707655	0.433833392189011	0.701185095023421
0.693461298031865	0.17786810520226	0.439291283640247	0.70275290950707
0.699872981171552	0.183585638804072	0.447379536554106	0.713008042924954
0.706284664311239	0.194656582709969	0.457661262157073	0.716281460667297
0.712696347450926	0.200766699343739	0.466097929037206	0.727038361340219
0.719108030590613	0.206303616027776	0.471323736719369	0.733150748100535
0.7255197137303	0.212557525058444	0.476248766643118	0.740056371993684
0.731931396869988	0.218498097034441	0.482803868175127	0.748338546797401
0.738343080009675	0.229273787954888	0.49056083211504	0.757930110661732
0.744754763149362	0.233379362207778	0.497971770098534	0.759436511540809
0.751166446289049	0.240530150612628	0.503084653218886	0.768981595187943
0.757578129428737	0.247211407504281	0.512399887354031	0.774053323143507
0.763989812568424	0.256307524658978	0.518330853483597	0.778867307911632
0.770401495708111	0.258837286202595	0.525176161211798	0.78669115235967
0.776813178847798	0.26157900752685	0.532990192909112	0.790582045135293
0.783224861987485	0.274293117237265	0.540801106069762	0.802353267408018
0.789636545127173	0.281750456767879	0.546055666864024	0.809646054519205
0.79604822826686	0.289719378102495	0.553851405101126	0.817795785598813
0.802459911406547	0.301957895660159	0.560959128798585	0.823595872408347
0.808871594546234	0.30422096229933	0.56704653866868	0.827777380624653
0.815283277685921	0.31234323839881	0.575114565453894	0.836983671248675
0.821694960825608	0.319555881631821	0.579543815775678	0.84164325624486
0.828106643965296	0.319337293909391	0.583995005599102	0.844572277824731
0.834518327104983	0.331133903655593	0.595697969236335	0.859271446501892
0.84093001024467	0.338267357835927	0.604634800096905	0.863499192374227
0.847341693384357	0.350398974253935	0.608704416647027	0.870980487624087
0.853753376524045	0.351890216370359	0.61616327169645	0.880305797631798
0.860165059663732	0.363232245767167	0.622257971000191	0.88278462661004
0.866576742803419	0.367471118043751	0.62939248537575	0.89249540720752
0.872988425943106	0.378128356602308	0.636058687537267	0.896078194921468
0.879400109082793	0.383754217799681	0.644109617054971	0.901597445450907
0.88581179222248	0.386625409909822	0.652222978905758	0.912329873894901
0.892223475362167	0.397336686216899	0.657460455358352	0.914898207003649
0.898635158501855	0.404102947635341	0.665275874584379	0.926680190225506
0.905046841641542	0.405463212336637	0.670698115099708	0.930811135308325
0.911458524781229	0.415432853393692	0.677860941134899	0.939294385410186
0.917870207920916	0.42446110043259	0.684772457718779	0.951514880667308
0.924281891060604	0.430389038305559	0.69215206984205	0.951045558227516
0.930693574200291	0.435683297012392	0.700490712880812	0.962644637383819
0.937105257339978	0.442412156762385	0.706174307805241	0.958813546748616
0.943516940479665	0.451359540652134	0.713408696370388	0.975506942094469
0.949928623619352	0.454162570734684	0.719261227656706	0.980866178987511
0.956340306759039	0.463214447816102	0.724591987755443	0.988632401798165
0.962751989898727	0.473130030806498	0.733972644025461	0.991998947024696
0.969163673038414	0.472423395401666	0.741092870805294	1.00467523400794
0.975575356178101	0.486582986998771	0.746850666775232	1.00697820839132
0.981987039317788	0.490234340731755	0.75508597849652	1.0169052676446
0.988398722457475	0.495554550194792	0.761020762022539	1.02198396862204
0.994810405597163	0.507619370887404	0.767323460647988	1.02199632345885
1.00122208873685	0.513499388723983	0.775018586815028	1.03699661781954
1.00763377187654	0.521984719243105	0.782401808246588	1.04428311966844
1.01404545501622	0.525858574987539	0.788253360947406	1.05459520727538
1.02045713815591	0.534276227794287	0.795756815345986	1.05882377929918
1.0268688212956	0.539277772549649	0.80133428840098	1.06041637903242
1.03328050443529	0.548403834801556	0.808407742154646	1.07063146385978
1.03969218757497	0.554582341040632	0.81551214191125	1.07205384749391
1.04610387071466	0.557045637621358	0.822625046310071	1.07978886648875
1.05251555385435	0.566588257775008	0.830851282463538	1.0949197304618
1.05892723699403	0.579496615142652	0.838200267499519	1.09928067571699
1.06533892013372	0.583129784467166	0.842608537304224	1.1063852559936
1.07175060327341	0.588722480254487	0.851150423678529	1.10877998825424
1.0781622864131	0.60092487705017	0.859235482253975	1.11821603452796
1.08457396955278	0.598510633147126	0.863980607894851	1.12735103582849
1.09098565269247	0.612216280838836	0.873300449488185	1.13670896067962
1.09739733583216	0.61736689717769	0.878857688051509	1.14141695551613
1.10380901897185	0.623509915712883	0.883378649389458	1.14481552326649
1.11022070211153	0.628582970748411	0.893199147235665	1.15387382778428
1.11663238525122	0.639515437592293	0.898792104168128	1.15587915016579
1.12304406839091	0.649096910439992	0.909649213463318	1.16918742473407
1.12945575153059	0.648875477213667	0.915515005834402	1.17278106432931
1.13586743467028	0.661313291422159	0.921391043328369	1.18133212726327
1.14227911780997	0.663475595078731	0.927305005755786	1.18499567749262
1.14869080094966	0.676520052584573	0.938033126088588	1.19653803974929
1.15510248408934	0.679191469059107	0.941461423313935	1.20132621605691
1.16151416722903	0.684500622769646	0.950001827632816	1.20466848280893
1.16792585036872	0.694750971021399	0.954519554511237	1.21671965361506
1.1743375335084	0.702172315016302	0.963201642660448	1.22661700124908
1.18074921664809	0.705304737695597	0.968699978189207	1.2276538239163
1.18716089978778	0.710558474962695	0.974106206283196	1.23685456952594
1.19357258292747	0.716858322600466	0.983556651635522	1.24006280462879
1.19998426606715	0.730957016188416	0.99024479102722	1.25150620427589
1.20639594920684	0.731949613934862	0.999226632782101	1.26009879912242
1.21280763234653	0.740948313554442	1.00514212627208	1.26393785929264
1.21921931548621	0.754870501858612	1.013683085245	1.27563558958458
1.2256309986259	0.755650735165122	1.01659927873483	1.28022806218715
1.23204268176559	0.761233200714941	1.02448440741609	1.28502398571632
1.23845436490528	0.765071604405794	1.03062680156101	1.29101741591061
1.24486604804496	0.777623371605519	1.0367361450472	1.29899860287873
1.25127773118465	0.784424526027549	1.04578942383863	1.30454707436117
1.25768941432434	0.787868149712852	1.05140238340397	1.3104354609167
1.26410109746402	0.800052542434271	1.06080996746938	1.31488818302123
1.27051278060371	0.809378187660113	1.06406790901492	1.32228617428626
1.2769244637434	0.814651195217181	1.07549498017766	1.33426440773793
1.28333614688309	0.81668582752788	1.07986649365696	1.34370885769259
1.28974783002277	0.823817566491886	1.08557290325006	1.34760576830124
1.29615951316246	0.833521444933444	1.09343381973978	1.35102910519121
1.30257119630215	0.837402701616425	1.10247740910676	1.36549554772402
1.30898287944184	0.848822928588625	1.10741004277706	1.36679944924169
1.31539456258152	0.852832878322348	1.1145994054461	1.37496350394247
1.32180624572121	0.861241065509748	1.12148353972882	1.38047214653607
1.3282179288609	0.864588199323836	1.12667098496085	1.38622909099628
1.33462961200058	0.875471796134483	1.13584271420777	1.39607355518487
1.34104129514027	0.881280372980109	1.14421250599638	1.41053690564458
1.34745297827996	0.889437785818414	1.14954165875309	1.41340358743523
1.35386466141965	0.897044540222125	1.15744148227307	1.4132370747662
1.36027634455933	0.901123226813388	1.16501947665282	1.42622509761722
1.36668802769902	0.91455130240578	1.17280275540607	1.42868446089573
1.37309971083871	0.915839172836133	1.17781005796927	1.43505286058234
1.37951139397839	0.92731708756864	1.18523784528136	1.44721734620255
1.38592307711808	0.930928473535187	1.19239677467998	1.45010754665706
1.39233476025777	0.937671644999986	1.1984220599842	1.45991879190809
1.39874644339746	0.945371104255766	1.20612687433003	1.46800324990412
1.40515812653714	0.952501915956433	1.21073262459542	1.47111869227531
1.41156980967683	0.956942046856721	1.21909906614308	1.48303667743299
1.41798149281652	0.963131363590691	1.22488267236808	1.48837722633828
1.4243931759562	0.970009329229525	1.2319935402985	1.49212471750753
1.43080485909589	0.980044346427679	1.23959708369202	1.50440029503747
1.43721654223558	0.985729099232724	1.24732598087485	1.50627405581943
1.44362822537527	0.993361099232238	1.25307673338938	1.51450870095534
1.45003990851495	1.00216926617995	1.25788654779113	1.51847973581371
1.45645159165464	1.00834239804452	1.26914402027415	1.52220547757939
1.46286327479433	1.01269544216808	1.27539310688807	1.53268643469012
1.46927495793402	1.01899718776497	1.28156474578999	1.54361175222102
1.4756866410737	1.02969767869795	1.28885224552702	1.54818343863323
1.48209832421339	1.03665682893288	1.29589087180968	1.55231392783276
1.48851000735308	1.04198498765901	1.30032695750231	1.55785846614862
1.49492169049276	1.04705722224287	1.31029084386685	1.5694377839713
1.50133337363245	1.0565364599871	1.31555542901314	1.57344231067532
1.50774505677214	1.06353980227714	1.32323142932923	1.58598242002571
1.51415673991183	1.07116331684005	1.32994338166727	1.58760458946634
1.52056842305151	1.07585337353646	1.3377787871544	1.59734177719208
1.5269801061912	1.08315562640096	1.34252134220995	1.60372000966059
1.53339178933089	1.09182432461529	1.35202094563776	1.60763702596015
1.53980347247057	1.10019424015703	1.35749352646452	1.61374593805362
1.54621515561026	1.10851081634429	1.36406357056719	1.62283534909207
1.55262683874995	1.11478475940232	1.3695593725112	1.63167709203826
1.55903852188964	1.11353251871148	1.37998617592296	1.64092122173044
1.56545020502932	1.12482899761153	1.3865093870342	1.64738151836406
1.57186188816901	1.13435365194928	1.39188097218819	1.65053158049701
1.5782735713087	1.1340507004147	1.3995739755643	1.65887436126824
1.58468525444838	1.14514104889463	1.40575312756635	1.66314052756925
1.59109693758807	1.15503550740039	1.41171794988519	1.67176016773248
1.59750862072776	1.1672845946353	1.42025178918695	1.68134236381095
1.60392030386745	1.16457664915146	1.42766895764014	1.68878554297823
1.61033198700713	1.17923405042363	1.43154238393719	1.69069837819222
1.61674367014682	1.18319826902389	1.43939440628483	1.6983340770657
1.62315535328651	1.19477057088287	1.45007045395516	1.70719663452726
1.62956703642619	1.19674051080501	1.45340460237475	1.71384935961951
1.63597871956588	1.20095059141116	1.46018667221176	1.72180903019327
1.64239040270557	1.20759233094709	1.46772854666487	1.72988523946541
1.64880208584526	1.21064133507564	1.47438522246788	1.73772742843522
1.65521376898494	1.22385319234833	1.48365455827329	1.73995187685563
1.66162545212463	1.23122408306725	1.48879715837692	1.74974942740926
1.66803713526432	1.23322768078893	1.49574363499989	1.75634737065584
1.67444881840401	1.24326893841529	1.50345492679331	1.76121514194051
1.68086050154369	1.24974910472183	1.51023516386089	1.76948209833965
1.68727218468338	1.25786883532477	1.51776120845917	1.77912225113143
1.69368386782307	1.26452565753363	1.52425396844264	1.78293155779698
1.70009555096275	1.26846033108604	1.53236147599398	1.78767114294975
1.70650723410244	1.27962089518914	1.53622932023699	1.7983773748987
1.71291891724213	1.29176139901986	1.54391282072454	1.80580425195233
1.71933060038182	1.29334547104821	1.55203253841912	1.81421025988956
1.7257422835215	1.30056943591474	1.55941414162006	1.82135905738843
1.73215396666119	1.304346517348	1.56679228340368	1.82632048120639
1.73856564980088	1.31773907357469	1.57380594205968	1.83186104860856
1.74497733294056	1.32147951026048	1.57948877180377	1.84136259285497
1.75138901608025	1.32751252462003	1.58523474061613	1.84300644130142
1.75780069921994	1.33506822531965	1.5935396228017	1.85340315765614
1.76421238235963	1.33976023404021	1.60053882353386	1.85998378888652
1.77062406549931	1.34389960060778	1.60823099851608	1.86884917103339
1.777035748639	1.35348527922636	1.61474938657059	1.87278096774566
1.78344743177869	1.36222303357336	1.62079092869093	1.88076464034207
1.78985911491837	1.36533785933895	1.62710298065487	1.88680812437039
1.79627079805806	1.37940487188414	1.63509739918444	1.89653151166602
1.80268248119775	1.38048678697067	1.63966357066915	1.90362351065572
1.80909416433744	1.38607357473995	1.64945875343738	1.91085795488782
1.81550584747712	1.39562274648188	1.65469871354829	1.9158591948147
1.82191753061681	1.40540956102169	1.66264336334599	1.92160734526748
1.8283292137565	1.41211296218787	1.66763868017879	1.92931026257582
1.83474089689618	1.4190158398672	1.67698820006931	1.9356588844375
1.84115258003587	1.42570253629367	1.68352057006596	1.94684540730867
1.84756426317556	1.43307287032276	1.69061059765328	1.94883186732351
1.85397594631525	1.43634213199032	1.69749946771292	1.95667540455767
1.86038762945493	1.44506740552598	1.70410562763863	1.963602274418
1.86679931259462	1.44725330049141	1.71145101902244	1.9710063668498
1.87321099573431	1.46212516255193	1.71834994808113	1.97889142819116
1.879622678874	1.46315614643437	1.72637147961901	1.9872186045179
1.88603436201368	1.47507139797665	1.73055855404987	1.99121375643908
1.89244604515337	1.48546913472262	1.74069075929472	1.99812288114475
1.89885772829306	1.4867117650621	1.74668975142053	2.00662155787803
1.90526941143274	1.49042795964383	1.75424295350262	2.0149555584428
1.91168109457243	1.49397860277126	1.76170519015619	2.01446896892345
1.91809277771212	1.50904386549304	1.76538681232886	2.02752056554339
1.92450446085181	1.51317153304519	1.7737185970509	2.03784655253148
1.93091614399149	1.52275988190675	1.78102880859502	2.04123460483165
1.93732782713118	1.52613385729341	1.786108627134	2.05151115482353
1.94373951027087	1.53381444285506	1.79484867658819	2.05109394983297
1.95015119341055	1.53845484403362	1.80192109747076	2.06185952427201
1.95656287655024	1.55051001946714	1.80900408955687	2.06813829940789
1.96297455968993	1.55824826436578	1.81499915919649	2.07528222247137
1.96938624282962	1.55918511780833	1.8214337255564	2.07903575014315
1.9757979259693	1.56687386447484	1.8278963090629	2.08640578301271
1.98220960910899	1.57577249787584	1.83489878665444	2.09403980195777
1.98862129224868	1.58232789994657	1.84551841610931	2.10493573894758
1.99503297538836	1.59025583012012	1.85071886318596	2.11061298551276
2.00144465852805	1.59890641352268	1.85512024908072	2.11438598816849
2.00785634166774	1.60004303861539	1.86268863350658	2.11888402658288
2.01426802480743	1.61270245507245	1.87148356670947	2.12901167395306
2.02067970794711	1.61661164290679	1.87699480820058	2.14150580813994
2.0270913910868	1.6280314496936	1.88518953452188	2.14700018354839
2.03350307422649	1.6286891261778	1.89148494947646	2.15424650525809
2.03991475736618	1.63679156212737	1.89991950011433	2.15860810519594
2.04632644050586	1.64589765691226	1.90599233410019	2.16520619016051
2.05273812364555	1.65048671281364	1.91223424686469	2.17217936430233
2.05914980678524	1.66458829843677	1.91909243373318	2.1786276627844
2.06556148992492	1.66948610779835	1.92792110612122	2.18784824600547
2.07197317306461	1.67350978596505	1.9345882719006	2.19206784177444
2.0783848562043	1.68530489965682	1.94050979418259	2.20240087525254
2.08479653934399	1.68524948746292	1.94724236078094	2.2076061713663
2.09120822248367	1.69775015156455	1.95546982351249	2.21474051014181
2.09761990562336	1.70329947710792	1.96044353006365	2.2212795533423
2.10403158876305	1.70376086085346	1.96934695556764	2.22597986745918
2.11044327190273	1.71236911240872	1.97472967048204	2.23504729182945
2.11685495504242	1.72180483757273	1.9810133554504	2.24574155499537
2.12326663818211	1.72897122071227	1.98758395803855	2.24655422269535
2.1296783213218	1.7360933454449	1.99453523780282	2.25587638075159
2.13609000446148	1.74201740119195	2.00144408257766	2.26418993932984
2.14250168760117	1.74684836779211	2.00773025518476	2.2706811321731
2.14891337074086	1.75670023010559	2.01748261624091	2.27599815195446
2.15532505388054	1.76243712452576	2.02369503364417	2.28351843831787
2.16173673702023	1.77070591650992	2.03296355800265	2.29196204369875
2.16814842015992	1.77743073145594	2.03739555580121	2.29779466154952
2.17456010329961	1.78256534247569	2.04495957087406	2.30637948304256
2.18097178643929	1.79183322127633	2.05107611292094	2.31598016751916
2.18738346957898	1.79925172061607	2.05786886347065	2.31852458663297
2.19379515271867	1.80542210050237	2.06491545834004	2.32680322665097
2.20020683585836	1.80954757889254	2.06981988063549	2.3294515182236
2.20661851899804	1.81751657720123	2.0791691485389	2.33934845241435
2.21303020213773	1.82727572200643	2.08545560222401	2.34645650780985
2.21944188527742	1.82839392542326	2.09183539298326	2.35481179905729
2.2258535684171	1.84417053412757	2.09841097317545	2.36152452491082
2.23226525155679	1.8439377379619	2.10512916545465	2.37136496565629
2.23867693469648	1.85947141362271	2.11458354776251	2.37600277236516
2.24508861783617	1.86373043529135	2.12248820621751	2.38664928305638
2.25150030097585	1.86768891309844	2.12663770687505	2.38780337382312
2.25791198411554	1.87118290939355	2.13345814551611	2.39410136944038
2.26432366725523	1.88198062125259	2.14176695978661	2.40518910784335
2.27073535039491	1.88793849826761	2.14878962116289	2.41002303046524
2.2771470335346	1.89794370059103	2.15497288158955	2.41633618638703
2.28355871667429	1.89905630121785	2.16295501924289	2.41852336917995
2.28997039981398	1.90712563238137	2.17181102448178	2.43318351505436
2.29638208295366	1.91272262054199	2.17693698437435	2.43686654941051
2.30279376609335	1.92111233531635	2.18313358613329	2.4418733455504
2.30920544923304	1.9266023389638	2.18893114002333	2.45428737648555
2.31561713237272	1.93078906771282	2.19658196599208	2.46095608472218
2.32202881551241	1.94237686614268	2.20447095646692	2.46625127718123
2.3284404986521	1.94549001217094	2.20748509635783	2.47096602772728
2.33485218179179	1.957564722712	2.2166881601144	2.47770451211162
2.34126386493147	1.96205271351453	2.22579710896353	2.4863938153737
2.34767554807116	1.97016499934153	2.23054774490887	2.49170071909873
2.35408723121085	1.97115127353714	2.23838456884065	2.49897444664401
2.36049891435054	1.98444186362434	2.24572977426325	2.50855528226359
2.36691059749022	1.99292924781546	2.25172923669184	2.51409294195211
2.37332228062991	1.99959119026583	2.25782742203149	2.51864092957847
2.3797339637696	2.00636214152368	2.26417592777342	2.52803679703036
2.38614564690928	2.01126950187004	2.27138493986171	2.53432946180652
2.39255733004897	2.01745093230506	2.28091004364537	2.54164506395383
2.39896901318866	2.02648385648589	2.28351804864574	2.54752392800168
2.40538069632835	2.03190979443784	2.29224434497437	2.55353823841336
2.41179237946803	2.04216720923316	2.3008199683228	2.56337371059645
2.41820406260772	2.04512304089048	2.30775443095284	2.57110381992897
2.42461574574741	2.05382330045603	2.31521233522329	2.57799254178198
2.43102742888709	2.06352328756748	2.32162606048357	2.58426823780412
2.43743911202678	2.06746668784321	2.32763898573799	2.59337954499687
2.44385079516647	2.0721410492749	2.33466710127723	2.5951223152772
2.45026247830616	2.07848769059347	2.34173047682493	2.60120694830649
2.45667416144584	2.08836302974166	2.35011665727732	2.61220021404484
2.46308584458553	2.0945034962044	2.35473467194127	2.62063019440382
2.46949752772522	2.10290991008816	2.36292040313896	2.62634321657671
2.4759092108649	2.11215324356121	2.36872490710564	2.6322297211225
2.48232089400459	2.11455860274057	2.3766716309832	2.63778002226339
2.48873257714428	2.12444693295161	2.38326649136171	2.64695688442584
2.49514426028397	2.12895741006854	2.39244502553056	2.65471471309836
2.50155594342365	2.13815369895929	2.39780679214205	2.65890274460706
2.50796762656334	2.14436320224396	2.40455939684123	2.67113123493045
2.51437930970303	2.14740532843403	2.41246153989357	2.67071932477653
2.52079099284272	2.16029997813031	2.41935569028295	2.68025850754323
2.5272026759824	2.16435269673686	2.42570500205466	2.68861851702912
2.53361435912209	2.16844776837455	2.43158928363013	2.69200675000029
2.54002604226178	2.17992236518941	2.43863860498379	2.70514146378897
2.54643772540146	2.18829661117506	2.44847777972003	2.70761972678741
2.55284940854115	2.18853886513082	2.45383382351966	2.72048684729287
2.55926109168084	2.19815578835746	2.46023541549367	2.72595023542678
2.56567277482052	2.20249289284848	2.46789439410037	2.72600313957953
2.57208445796021	2.21284547396687	2.47382707687823	2.74118110677724
2.5784961410999	2.21684571671204	2.48040174252673	2.73986966518723
2.58490782423959	2.22522034215359	2.48699525862804	2.74560140578085
2.59131950737927	2.23341708489584	2.4934303322049	2.75718324889314
2.59773119051896	2.23577111067502	2.50164565794878	2.76874754836324
2.60414287365865	2.24703249148365	2.50910843761131	2.77262111176056
2.61055455679834	2.25176658641505	2.51521464102126	2.77455078678071
2.61696623993802	2.25778029058936	2.52317044314311	2.7863682885451
2.62337792307771	2.26420437940548	2.52959998473486	2.79336975504997
2.6297896062174	2.27235037533747	2.53713190066993	2.7960625814693
2.63620128935708	2.28503150152398	2.54350413157155	2.80910431213081
2.64261297249677	2.28641163771098	2.54821850712379	2.81073718647842
2.64902465563646	2.29330140867465	2.55633303232927	2.82084892139377
2.65543633877615	2.29731014767542	2.56196500026199	2.82636523110645
2.66184802191583	2.30330237057753	2.5711948068904	2.83496533571943
2.66825970505552	2.3145308094798	2.57975783015581	2.84221169557049
2.67467138819521	2.3276176048232	2.58414802571435	2.84883605917761
2.68108307133489	2.32479685085969	2.59254019041527	2.85384522098736
2.68749475447458	2.33445182180961	2.59918637776775	2.86232816625552
2.69390643761427	2.34274677444897	2.60621006603528	2.8657724307093
2.70031812075396	2.34606768880952	2.61399782915042	2.87718807146957
2.70672980389364	2.35858310970662	2.62071722368972	2.88045406072205
2.71314148703333	2.36540356109666	2.62662777014816	2.88758253004957
2.71955317017302	2.36782009510921	2.6338525790384	2.89950385570486
2.7259648533127	2.37754449889696	2.63993321574636	2.90221913246276
2.73237653645239	2.38137778264003	2.6484019645226	2.90820377343201
2.73878821959208	2.39268801469407	2.65473101674867	2.92194788760139
2.74519990273177	2.39737226154766	2.66061519816576	2.9279240113454
2.75161158587145	2.40624113355957	2.66963857462709	2.93478560311181
2.75802326901114	2.41166552708485	2.67714710605062	2.94279595444689
2.76443495215083	2.41676864741981	2.68130467649905	2.94498588014213
2.77084663529052	2.42188858900277	2.68766019136088	2.95234678509511
2.7772583184302	2.42911644090968	2.69602556095238	2.96469737609558
2.78367000156989	2.43705680418579	2.70331751181136	2.96587252067434
2.79008168470958	2.44616737748512	2.71028429669401	2.97453725846261
2.79649336784926	2.45078189547324	2.71665374851633	2.98104268573062
2.80290505098895	2.46104798960726	2.72136125492001	2.98519746458746
2.80931673412864	2.46877120539971	2.72989502495323	2.99420252453029
2.81572841726833	2.47320059686545	2.7370400031794	2.99980101277024
2.82214010040801	2.47787272565926	2.74532675913116	3.0076705847995
2.8285517835477	2.48525734203236	2.74940767822769	3.01152711588864
2.83496346668739	2.4918759565892	2.75812546457315	3.02430932303338
2.84137514982707	2.49747151210821	2.76397372219665	3.02894669085711
2.84778683296676	2.50856339944889	2.77136689843706	3.03853547934562
2.85419851610645	2.5181559974018	2.78155663737085	3.04190492104388
2.86061019924614	2.51901373753137	2.78555540313488	3.04848489031395
2.86702188238582	2.52965299241964	2.79356079850158	3.05758081664875
2.87343356552551	2.54032356374839	2.79968121251433	3.06707185568926
2.8798452486652	2.54364384300996	2.80752999197206	3.06968536304135
2.88625693180488	2.55043490444238	2.81342942707586	3.08010552747702
2.89266861494457	2.54855019450452	2.82229233607103	3.08930158938516
2.89908029808426	2.56328649981882	2.82788741814064	3.09403725188677
2.90549198122395	2.57070719522206	2.83403787443217	3.10149637343111
2.91190366436363	2.57970753484168	2.84277797262544	3.10451517566709
2.91831534750332	2.58857170672011	2.84732866950538	3.10925183704388
2.92472703064301	2.59146643343135	2.85588986032201	3.11939005976952
2.9311387137827	2.59608525652412	2.86242376972802	3.12921893933482
2.93755039692238	2.60667785109349	2.86966807273082	3.13934275278927
2.94396208006207	2.61095450827406	2.87683635400219	3.14192394655833
2.95037376320176	2.62471114993822	2.88482614482164	3.15236086477328
2.95678544634144	2.62362489516595	2.88940913463811	3.15677347494551
2.96319712948113	2.62911956529265	2.89720011822002	3.16060830192905
2.96960881262082	2.63609694569575	2.90320779313941	3.16947868342266
2.97602049576051	2.64741161902346	2.91137422117299	3.17773575410789
2.98243217890019	2.65523437107537	2.91970573747628	3.18325680950608
2.98884386203988	2.65932641408154	2.92620657975751	3.19197803168588
2.99525554517957	2.66248228279912	2.93126593106635	3.1948033414741
3.00166722831925	2.6721944791024	2.93801352240712	3.20222663103732
3.00807891145894	2.68004497707345	2.94728628914218	3.20934585959332
3.01449059459863	2.68644245881513	2.95312260248896	3.21913754412169
3.02090227773832	2.68938234869682	2.95994776833271	3.22065640817448
3.027313960878	2.69747624314601	2.96400004299634	3.23253352133462
3.03372564401769	2.70763057832571	2.97165288926498	3.24207641618895
3.04013732715738	2.71439176017026	2.978651210307	3.24535262218809
3.04654901029706	2.72232056138354	2.9853227607063	3.25399386441666
3.05296069343675	2.72854873466546	2.99198819973909	3.26291905877244
3.05937237657644	2.73383472103585	3.00081835067946	3.27066342693023
3.06578405971613	2.7422600240043	3.00988623301992	3.27980731594778
3.07219574285581	2.74976682761112	3.01537149570905	3.28703773536242
3.0786074259955	2.75302969709745	3.0207013542404	3.28771938644911
3.08501910913519	2.76453969810846	3.03018449419012	3.29726006550396
3.09143079227488	2.76869263242989	3.03401138740811	3.30179279499616
3.09784247541456	2.77397766070534	3.04548146715451	3.31258072157872
3.10425415855425	2.78304769205055	3.04833348949865	3.32140414293776
3.11066584169394	2.79180147818591	3.05854891693679	3.32270735033499
3.11707752483362	2.79731931441355	3.06341550635101	3.3332101137107
3.12348920797331	2.80873963053942	3.07310982762716	3.34144822778662
3.129900891113	2.80926087062046	3.07761409676682	3.34579026320956
3.13631257425269	2.81706691722709	3.08593590329256	3.35523170082093
3.14272425739237	2.82504757739216	3.09043412363629	3.35542730056247
3.14913594053206	2.83128860027568	3.09846537661713	3.36339457445171
3.15554762367175	2.84023790617298	3.1047010193818	3.37160849864223
3.16195930681143	2.84623620004334	3.11388956193042	3.38107765711367
3.16837098995112	2.84828970528046	3.11759431821039	3.38411900196558
3.17478267309081	2.85671556541377	3.12617668091109	3.39067941550321
3.1811943562305	2.86942147505021	3.1335631837323	3.39657558888115
3.18760603937018	2.87453225673573	3.13996683892628	3.40941144255001
3.19401772250987	2.87496277687826	3.14635332096165	3.4129988367932
3.20042940564956	2.88557077015229	3.15418859741032	3.41854455382406
3.20684108878924	2.89729447557474	3.16235606109661	3.42972406804004
3.21325277192893	2.90370490228811	3.16826065703347	3.43505333304875
3.21966445506862	2.90500071238022	3.17668515938914	3.44458028075162
3.22607613820831	2.91375232581296	3.18024751308779	3.45054706878549
3.23248782134799	2.92288589788131	3.1896253493733	3.46174115312422
3.23889950448768	2.92811730904853	3.19486473556308	3.46385491159353
3.24531118762737	2.93721670311428	3.20410796148669	3.474936588692
3.25172287076705	2.94175720333063	3.20994667814518	3.47720193833936
3.25813455390674	2.94597066494616	3.21802515498398	3.48326396881919
3.26454623704643	2.95611772005969	3.22255260418461	3.48908473402211
3.27095792018612	2.96587921308588	3.22962187172392	3.49815604867151
3.2773696033258	2.975434559648	3.23834407346825	3.50551442886499
3.28378128646549	2.977347939835	3.24208239564781	3.51389311652237
3.29019296960518	2.98007954600505	3.25081529067214	3.51896246945807
3.29660465274487	2.99116593336525	3.25801943801078	3.52361799322502
3.30301633588455	2.99451475563328	3.26522644836125	3.53653878740137
3.30942801902424	3.00276587041999	3.27256097558489	3.54286006305477
3.31583970216393	3.01107427744946	3.27735739421163	3.54882399619493
3.32225138530361	3.0166149246968	3.28492556714555	3.55861687716024
3.3286630684433	3.02542677272023	3.29418086879544	3.56605936338561
3.33507475158299	3.02880161582408	3.29642058056183	3.56767938486507
3.34148643472268	3.03392507088288	3.30575375626074	3.57618709577935
3.34789811786236	3.04733250536621	3.31531084329995	3.58724159264264
3.35430980100205	3.04882670792592	3.31821032954197	3.59139160267177
3.36072148414174	3.05949980695705	3.33007437396321	3.60249510213904
3.36713316728142	3.06058187171396	3.33616938224122	3.6079811392671
3.37354485042111	3.07773275711734	3.34047555486987	3.60755454169823
3.3799565335608	3.0796505866741	3.34967859996145	3.61805681607224
3.38636821670049	3.08442322848939	3.35333868374271	3.62546578877776
3.39277989984017	3.09216243026705	3.36156377515009	3.63059418367775
3.39919158297986	3.09523149659023	3.36732478009164	3.63916878925184
3.40560326611955	3.10568383076472	3.37604848018428	3.64655217378418
3.41201494925923	3.11015426789492	3.3823916694672	3.6484817354101
3.41842663239892	3.11929196738389	3.38934613205869	3.66653872164313
3.42483831553861	3.134486973616	3.39616669276718	3.6721876528843
3.4312499986783	3.13211582773756	3.4010546044716	3.67870912482477
3.43766168181798	3.13917810041763	3.4107277509843	3.68663446667512
3.44407336495767	3.14601678277756	3.41963459314551	3.68363666194811
3.45048504809736	3.15327994692882	3.42544174141436	3.69872741022601
3.45689673123705	3.16211822084373	3.43124252883636	3.69931025269381
3.46330841437673	3.16433312743152	3.43896882366566	3.70710076749806
3.46972009751642	3.17629252884475	3.44492922317135	3.71512765069451
3.47613178065611	3.18141058606914	3.44976660944377	3.72328855266729
3.48254346379579	3.19455974838625	3.45873255245069	3.7306267687718
3.48895514693548	3.19465778667583	3.46369608027875	3.7370445454707
3.49536683007517	3.20269785804802	3.47394803937301	3.74254277065534
3.50177851321486	3.20595873612785	3.48022955860353	3.75195853896069
3.50819019635454	3.21643280885917	3.48661617983981	3.75687429277816
3.51460187949423	3.22221826125842	3.49437730471225	3.76694698627361
3.52101356263392	3.2310841523349	3.50105951344013	3.77329587504806
3.5274252457736	3.23696267125369	3.50644588453601	3.77828880287144
3.53383692891329	3.24521348749755	3.51537784405715	3.79083257857912
3.54024861205298	3.24588944003367	3.52138464368167	3.79437980982211
3.54666029519267	3.25767029706261	3.52921386928367	3.80005238094092
3.55307197833235	3.2639605262773	3.53529209978398	3.80439667453376
3.55948366147204	3.26994032398689	3.54152984623155	3.81726810519627
3.56589534461173	3.28243796854999	3.54740285799008	3.8212550631347
3.57230702775141	3.28170604145111	3.55549575161567	3.82576788912925
3.5787187108911	3.28666401688046	3.56386793655652	3.83809727099839
3.58513039403079	3.29615874967324	3.57110062163518	3.84244106684892
3.59154207717048	3.30460921168245	3.5764024949918	3.85047148954426
3.59795376031016	3.30809982286911	3.5839050857842	3.85983097764363
3.60436544344985	3.31269588087683	3.59202263007278	3.86040345629098
3.61077712658954	3.32446138039291	3.59809294159974	3.87584995549308
3.61718880972923	3.33350560503424	3.60274872743502	3.88003058883506
3.62360049286891	3.34121364371961	3.61286816251709	3.88714020532468
3.6300121760086	3.34822193067462	3.61737942696146	3.88387390804527
3.63642385914829	3.35430149046531	3.62742149929061	3.90384675947052
3.64283554228797	3.36102817786526	3.63012418183031	3.90580858990759
3.64924722542766	3.37043580279672	3.63861827502466	3.91296419738908
3.65565890856735	3.37165068909028	3.64686768635745	3.92091783725156
3.66207059170703	3.37862408761075	3.65230554442979	3.93006600578658
3.66848227484672	3.39035353430279	3.66089799378704	3.92964159782801
3.67489395798641	3.39162023262501	3.66576684464586	3.93664909899916
3.6813056411261	3.40511181696764	3.673518248557	3.95100555237701
3.68771732426578	3.40536914232295	3.68526904085173	3.95909734044212
3.69412900740547	3.41430435686069	3.68470682767407	3.95980766157718
3.70054069054516	3.41983406302751	3.69445158641932	3.96950062430914
3.70695237368485	3.42639494205564	3.70378503625571	3.97376838256472
3.71336405682453	3.43492602184593	3.70757362037352	3.98437522131268
3.71977573996422	3.43799413176546	3.7153370415666	3.98883043572061
3.72618742310391	3.44531501579599	3.72132246500292	4.00059613465289
3.73259910624359	3.45423463440345	3.72834931482296	4.00544008312253
3.73901078938328	3.45793077807232	3.73725306001713	4.01297347503449
3.74542247252297	3.4662691366452	3.74505589178369	4.01994993686421
3.75183415566266	3.47721962039616	3.75085190404528	4.02804165041454
3.75824583880234	3.47929107153598	3.75649698827143	4.02965717211563
3.76465752194203	3.49171699930367	3.76257472426809	4.04060811381933
3.77106920508172	3.50160738286984	3.76906534969801	4.04468325595936
3.77748088822141	3.49892733137618	3.77701050266157	4.05465282779619
3.78389257136109	3.51095797401948	3.78703682512151	4.06162583578182
3.79030425450078	3.51876569327062	3.79041474656869	4.0726025036462
3.79671593764047	3.52258148621164	3.79847080288956	4.07820654606496
3.80312762078015	3.53782940359772	3.80735735530465	4.08530736895419
3.80953930391984	3.53513711809506	3.81237688739916	4.08846870711774
3.81595098705953	3.54333985985128	3.81945837648271	4.09616871383895
3.82236267019921	3.55046108495761	3.82531185389237	4.10249943041639
3.8287743533389	3.55708766116492	3.83604689753234	4.10922983773084
3.83518603647859	3.56325656580799	3.8411898413233	4.12089045680798
3.84159771961828	3.57398795026451	3.84836577601467	4.12762055317512
3.84800940275796	3.57772271435662	3.85522643515683	4.13218464309053
3.85442108589765	3.58610193986196	3.86040214798115	4.13863700422518
3.86083276903734	3.59254608457023	3.86877777744402	4.14365325065175
3.86724445217703	3.60130844563664	3.87528372369198	4.14922405637797
3.87365613531671	3.60484905539383	3.88092869344802	4.16279189489524
3.8800678184564	3.6082783479789	3.890730944801	4.16680793020792
3.88647950159609	3.62030713784734	3.89415138688254	4.17253039856109
3.89289118473577	3.62175791777696	3.90160381648889	4.17750706914197
3.89930286787546	3.63258984067269	3.9108602746034	4.19125732681186
3.90571455101515	3.64055593497539	3.91580196154138	4.19390053344658
3.91212623415484	3.64203419249748	3.92229865824894	4.19769209044573
3.91853791729452	3.65250163720889	3.92962561097769	4.20855687312882
3.92494960043421	3.65826203564037	3.93838501396716	4.21938949134286
3.9313612835739	3.66747379742754	3.94439049026582	4.22591040933328
3.93777296671359	3.67439576521885	3.94922919573052	4.22991626970144
3.94418464985327	3.68567935777806	3.95757805158416	4.23260752436956
3.95059633299296	3.68832611365336	3.96574865076923	4.23991600056624
3.95700801613265	3.69317395043844	3.9704303980088	4.24960726347414
3.96341969927233	3.70803683119771	3.97892571757357	4.26111489345516
3.96983138241202	3.70991394846385	3.9872353013036	4.26010497580802
3.97624306555171	3.71454832426911	3.99277597949081	4.28119893172486
3.98265474869139	3.72415968276432	3.99904714671766	4.28165567619424
3.98906643183108	3.72835873745809	4.00749789821455	4.28857947408304
3.99547811497077	3.73311998489882	4.01520280741079	4.28898515964181
4.00188979811046	3.73906835269689	4.02027824332574	4.29811886193699
4.00830148125014	3.75080282741992	4.0259004710552	4.31119285522791
4.01471316438983	3.75793076039979	4.0337674304205	4.31453944999439
4.02112484752952	3.76260395377966	4.04141403231047	4.32509266197476
4.02753653066921	3.76954648168259	4.04694082017876	4.32475539607539
4.03394821380889	3.77919018839193	4.05428454497581	4.33179622066286
4.04035989694858	3.78280746005781	4.06123228553056	4.33907328275621
4.04677158008827	3.79066933583153	4.07054245266092	4.35100667332136
4.05318326322795	3.79357791613946	4.07682447349268	4.35660753187054
4.05959494636764	3.80441870218612	4.08359381836918	4.36368593920164
4.06600662950733	3.81133344695193	4.09047220922012	4.37048936004441
4.07241831264701	3.81422062108594	4.09713971587147	4.37464468689435
4.0788299957867	3.82279581970811	4.10466697194084	4.38539404338008
4.08524167892639	3.8338995200427	4.11178118287767	4.39147344167889
4.09165336206608	3.84072425576391	4.11706285477122	4.39887608829578
4.09806504520576	3.84318984076845	4.12586307784429	4.40071051723294
4.10447672834545	3.8521254075756	4.13002276584742	4.40798211549701
4.11088841148514	3.86374443404198	4.13867369627108	4.42023591533767
4.11730009462483	3.86995335820743	4.14604495087773	4.42340374887693
4.12371177776451	3.87430973155944	4.15344835117882	4.43397322272157
4.1301234609042	3.8796395772995	4.16023085856416	4.44280983938845
4.13653514404389	3.88118663143161	4.16766317278298	4.44850947055539
4.14294682718358	3.88875414226325	4.17306006865109	4.45458168697543
4.14935851032326	3.90227826553761	4.1795085862166	4.46194059814579
4.15577019346295	3.90859108311604	4.18822291184655	4.47065566348565
4.16218187660264	3.90694963542447	4.19138587911398	4.47423501797102
4.16859355974232	3.91636724254505	4.2013895032128	4.4848099184226
4.17500524288201	3.92289635557352	4.20742960417075	4.49045488606557
4.1814169260217	3.93283721346913	4.2141427533562	4.49859227137051
4.18782860916139	3.94205963923378	4.22135407258509	4.50109595976091
4.19424029230107	3.94607788800138	4.22934363279285	4.50695867730357
4.20065197544076	3.95425680207462	4.23482583680379	4.52253933385999
4.20706365858045	3.96212975897713	4.24304872113764	4.52645159192799
4.21347534172013	3.96553131290619	4.24940397354259	4.52826048099399
4.21988702485982	3.97639408239406	4.25780464075577	4.53816670614984
4.22629870799951	3.98050874615481	4.26518802138595	4.54739569791216
4.23271039113919	3.9864074730033	4.27268868864703	4.55424898492411
4.23912207427888	3.99566832492511	4.27663310986379	4.55812477795962
4.24553375741857	4.00190904943502	4.28499722010477	4.56556027724165
4.25194544055826	4.00538565331871	4.2894557439005	4.57683873218007
4.25835712369794	4.01235252087106	4.29692362472054	4.57233242330675
4.26476880683763	4.02415930420837	4.30321594903579	4.58855223139018
4.27118048997732	4.02943993541048	4.31394931187468	4.60116589023038
4.27759217311701	4.03616952333606	4.31937362447376	4.60390550275657
4.28400385625669	4.04155712043483	4.32513248423473	4.61278558757875
4.29041553939638	4.04913577442355	4.33139968764496	4.6148141481119
4.29682722253607	4.05617178616771	4.33990797758397	4.62383557561528
4.30323890567576	4.06547587703569	4.34648779195651	4.62842915464882
4.30965058881544	4.0727047095639	4.35165897977921	4.64272603986624
4.31606227195513	4.07447897829639	4.36016705333024	4.64299345784712
4.32247395509482	4.07682205468396	4.36795918059884	4.64593935032544
4.3288856382345	4.08879624528156	4.376906779997	4.66189447032356
4.33529732137419	4.09552041560923	4.38023269799125	4.67226772571323
4.34170900451388	4.10022589738725	4.38755701393834	4.67710802370545
4.34812068765357	4.10615595093032	4.39540034810682	4.68300017164618
4.35453237079325	4.11572727422311	4.40110960291483	4.69105407619166
4.36094405393294	4.12176830322501	4.40891791271909	4.69398040160121
4.36735573707263	4.13186661269543	4.41558995889831	4.70129944651025
4.37376742021231	4.13575314599386	4.42366680693269	4.70846568640773
4.380179103352	4.14504272964928	4.43030501238342	4.71535570426911
4.38659078649169	4.1511087158228	4.43757712032578	4.72199035358337
4.39300246963137	4.15888159998831	4.44448304368274	4.72981131375125
4.39941415277106	4.16642589465427	4.45045933544234	4.73531494963064
4.40582583591075	4.17702427846858	4.46008446351769	4.74412007093004
4.41223751905044	4.1772431390374	4.46590310966039	4.75175832093481
4.41864920219012	4.18939583511246	4.47215553388824	4.76208224231448
4.42506088532981	4.18965393336482	4.47621958041395	4.76572244342323
4.4314725684695	4.19479775752401	4.48500298605764	4.77289921752236
4.43788425160919	4.20441113057237	4.49375309053154	4.78035604725819
4.44429593474887	4.21170187631696	4.49858869601929	4.7848233579682
4.45070761788856	4.21856220499538	4.50564508184232	4.80011136160076
4.45711930102825	4.22805793222709	4.5126420793299	4.80219332488271
4.46353098416794	4.23807257719485	4.51998329069685	4.80344399122568
4.46994266730762	4.24395061599698	4.52578237179484	4.81385533391793
4.47635435044731	4.25160871490329	4.53580900037687	4.82589484704514
4.482766033587	4.25339487223973	4.53959242695449	4.82536957162347
4.48917771672668	4.26447742358967	4.54867879318396	4.8337095385928
4.49558939986637	4.26324516446917	4.55571733313934	4.84726934919342
4.50200108300606	4.27095197219091	4.56309450692104	4.84957146307962
