"mitochan"	"lwrNorm"	"medNorm"	"uprNorm"
-1.90327037354145	-2.06099171303215	-1.78676919302178	-1.51536965599121
-1.89755293934577	-2.05620661825563	-1.78233296168239	-1.50590621437674
-1.8918355051501	-2.05064502736833	-1.77794187826229	-1.5000421720435
-1.88611807095443	-2.04149366549338	-1.77211877368214	-1.49701623611494
-1.88040063675875	-2.04152954703615	-1.76608883704897	-1.49190263551608
-1.87468320256308	-2.03595100687896	-1.75900701004213	-1.49242330528778
-1.8689657683674	-2.02967282608953	-1.75781274457926	-1.48288850677156
-1.86324833417173	-2.02568025877175	-1.75248458505902	-1.47945132290183
-1.85753089997605	-2.01829993978125	-1.7447108067177	-1.473859352847
-1.85181346578038	-2.01657422703729	-1.74303463930805	-1.46671277315368
-1.8460960315847	-2.00463201069736	-1.73627027729055	-1.46269431338299
-1.84037859738903	-2.00280783021592	-1.73297362760342	-1.45793833209208
-1.83466116319335	-1.99958068615776	-1.72544627153881	-1.44882105698998
-1.82894372899768	-1.99015686604427	-1.72194447323579	-1.44941152290911
-1.82322629480201	-1.99039584636868	-1.71835958560278	-1.43984367482598
-1.81750886060633	-1.98113440002913	-1.71141123914505	-1.44302629095699
-1.81179142641066	-1.97825433338212	-1.70657356212581	-1.43181866035099
-1.80607399221498	-1.97403406061765	-1.70179240065713	-1.42849511790854
-1.80035655801931	-1.96827737658875	-1.69741144400536	-1.42590015006893
-1.79463912382363	-1.96150394773794	-1.69307265429978	-1.41811880387638
-1.78892168962796	-1.9606750621901	-1.6853266041622	-1.42051919061716
-1.78320425543228	-1.95051615240032	-1.68280565459307	-1.41496955439738
-1.77748682123661	-1.94642303490276	-1.67861962514236	-1.40567543572359
-1.77176938704093	-1.94448802609403	-1.67275002688887	-1.4011762170668
-1.76605195284526	-1.93989712937562	-1.66815740057416	-1.39801017806778
-1.76033451864959	-1.93852729794407	-1.66455381562261	-1.39359974921634
-1.75461708445391	-1.92815444695285	-1.65784165542209	-1.38569816153467
-1.74889965025824	-1.9249861266847	-1.65121174633511	-1.38113929295208
-1.74318221606256	-1.91452591356755	-1.64864495999311	-1.3802248793792
-1.73746478186689	-1.9134181159211	-1.64103210799337	-1.36932281239788
-1.73174734767121	-1.90984455811213	-1.6374774770545	-1.36612783239022
-1.72602991347554	-1.90057845400951	-1.63228994257454	-1.36310723574613
-1.72031247927986	-1.897258513558	-1.6294261447591	-1.36254080307075
-1.71459504508419	-1.89336378349664	-1.62294585506812	-1.35165337360584
-1.70887761088851	-1.88759010198533	-1.61792707513174	-1.35247911512742
-1.70316017669284	-1.88233255904161	-1.61477393179236	-1.34118571188983
-1.69744274249717	-1.87807167906874	-1.6074537726334	-1.33715869108853
-1.69172530830149	-1.87130489540695	-1.60273634105778	-1.3313426567536
-1.68600787410582	-1.86936192223452	-1.5975721884701	-1.32684184934613
-1.68029043991014	-1.86569365117004	-1.59491746656498	-1.32346690790588
-1.67457300571447	-1.85996309942486	-1.58856346812732	-1.32112521782247
-1.66885557151879	-1.85439393893181	-1.58199315279892	-1.3133869264866
-1.66313813732312	-1.84698035432101	-1.57784836965623	-1.30913293064398
-1.65742070312744	-1.84058909316351	-1.57340159236822	-1.30605275851888
-1.65170326893177	-1.83645527236127	-1.56782591644072	-1.30300420172677
-1.64598583473609	-1.83058977778224	-1.56371034112329	-1.29707742306072
-1.64026840054042	-1.83082090874678	-1.55826244771903	-1.29136178898118
-1.63455096634475	-1.8168246562374	-1.55342854501181	-1.28380255826176
-1.62883353214907	-1.81602249716112	-1.55020761458222	-1.27958591893616
-1.6231160979534	-1.81481036695343	-1.5441197876339	-1.27459584953024
-1.61739866375772	-1.80840215572362	-1.54047226669948	-1.27257833020802
-1.61168122956205	-1.80265815872043	-1.53534714249999	-1.26956732665224
-1.60596379536637	-1.79718908424964	-1.53025041716455	-1.26114289418203
-1.6002463611707	-1.78775571784891	-1.5240857272656	-1.25839252777627
-1.59452892697502	-1.78582297870538	-1.51771552103973	-1.25136824975709
-1.58881149277935	-1.78188421755999	-1.51484665133692	-1.24567130749828
-1.58309405858367	-1.7763305713468	-1.50992499244042	-1.24063800546721
-1.577376624388	-1.77367877445745	-1.50214531562115	-1.23326650694042
-1.57165919019233	-1.76687107130061	-1.49938442880491	-1.23352762428371
-1.56594175599665	-1.75273782930559	-1.49338756755732	-1.23112874449544
-1.56022432180098	-1.75377908445841	-1.49031390105574	-1.22528819748696
-1.5545068876053	-1.75064712464995	-1.48403792174575	-1.21934743328322
-1.54878945340963	-1.74394328382484	-1.47813548590418	-1.21163114569151
-1.54307201921395	-1.74359329655456	-1.47328391877075	-1.20893977546277
-1.53735458501828	-1.73620416765547	-1.47062839578952	-1.20534864115619
-1.5316371508226	-1.72969317543403	-1.46491761452665	-1.19618581013095
-1.52591971662693	-1.72952612289525	-1.45944868984314	-1.18973608820796
-1.52020228243125	-1.72017605483813	-1.45600913804918	-1.19284410631391
-1.51448484823558	-1.71243478036216	-1.45004226451253	-1.18427103486585
-1.50876741403991	-1.7128557872974	-1.44668430816498	-1.1749368532811
-1.50304997984423	-1.70572733859462	-1.43946650636104	-1.17742004331926
-1.49733254564856	-1.70340790607341	-1.4370401509164	-1.17234612649537
-1.49161511145288	-1.70108807630271	-1.43184526730326	-1.16583403306914
-1.48589767725721	-1.68781585834559	-1.42362884409599	-1.15750061358745
-1.48018024306153	-1.68436098369883	-1.42175177247493	-1.15508613901984
-1.47446280886586	-1.67813944195689	-1.41484240654791	-1.14967282234164
-1.46874537467018	-1.67437086169532	-1.41151091644319	-1.14385228242561
-1.46302794047451	-1.67283379359113	-1.4047999062958	-1.13996200149929
-1.45731050627883	-1.66800950800651	-1.39988854111257	-1.13442264079182
-1.45159307208316	-1.66228005513726	-1.39564111186473	-1.12981491520841
-1.44587563788749	-1.65585055202926	-1.38939428100762	-1.13216786658851
-1.44015820369181	-1.64982152182553	-1.38603309561711	-1.12060649324958
-1.43444076949614	-1.64897329779393	-1.38168361900327	-1.11825178129072
-1.42872333530046	-1.63998173536439	-1.37551382053632	-1.10999818945396
-1.42300590110479	-1.63385166356624	-1.37273535422963	-1.10745685213786
-1.41728846690911	-1.63484880383811	-1.36717311935214	-1.10044259668117
-1.41157103271344	-1.62668511971529	-1.36173946991696	-1.0933284507166
-1.40585359851776	-1.62155184786459	-1.35542379307798	-1.09392579584794
-1.40013616432209	-1.61315174979942	-1.35073375855923	-1.08823833107441
-1.39441873012641	-1.60976264026378	-1.34920317902721	-1.08239913992866
-1.38870129593074	-1.60508564534998	-1.34263949787216	-1.07793444905848
-1.38298386173507	-1.60093962308826	-1.33656839994673	-1.07555204338562
-1.37726642753939	-1.59023801312302	-1.33138885262058	-1.06217755761915
-1.37154899334372	-1.59138757204565	-1.3245458788734	-1.06151585824562
-1.36583155914804	-1.58468996774834	-1.32282049779217	-1.05723814935414
-1.36011412495237	-1.57985597672375	-1.3195935889878	-1.05497213391357
-1.35439669075669	-1.57354273960994	-1.3113442765811	-1.04970162751814
-1.34867925656102	-1.57265165055578	-1.30660699831029	-1.04081339807356
-1.34296182236534	-1.56356774496704	-1.30096416032692	-1.03926579978916
-1.33724438816967	-1.5582559638209	-1.29838863950897	-1.03749057195269
-1.33152695397399	-1.55591217542394	-1.29266988677643	-1.02736428748625
-1.32580951977832	-1.54789602232137	-1.28639781277708	-1.02812309907466
-1.32009208558265	-1.54523787792645	-1.28359900655863	-1.0207738629447
-1.31437465138697	-1.53606172827981	-1.27919890376632	-1.01245506312057
-1.3086572171913	-1.53385102654335	-1.27256116338057	-1.00849109116904
-1.30293978299562	-1.52882101205036	-1.26697780616462	-1.00089670597671
-1.29722234879995	-1.52043966420484	-1.26138863433309	-1.00183828200484
-1.29150491460427	-1.51709962150887	-1.25837910525396	-0.99590884263595
-1.2857874804086	-1.5119563221199	-1.2536910988506	-0.992465588566989
-1.28007004621292	-1.51092320751257	-1.24667917396355	-0.982207762866833
-1.27435261201725	-1.49651104619711	-1.24202521493722	-0.980907066192767
-1.26863517782157	-1.50021153826099	-1.23740053416919	-0.974155401476823
-1.2629177436259	-1.49432544919586	-1.23425200521505	-0.972287471993574
-1.25720030943023	-1.48603399441919	-1.22576725532913	-0.962674970077961
-1.25148287523455	-1.48579876932881	-1.22244145903845	-0.959216704513787
-1.24576544103888	-1.48006158972026	-1.21692782900873	-0.954333576026231
-1.2400480068432	-1.47343586035825	-1.21235866674787	-0.952486297310684
-1.23433057264753	-1.46539248695355	-1.20714487550259	-0.943164828018878
-1.22861313845185	-1.46312761622564	-1.20421895384924	-0.946886730257719
-1.22289570425618	-1.45906999780224	-1.19604772590473	-0.933741546866773
-1.2171782700605	-1.45518310250491	-1.19081167255988	-0.92985443468607
-1.21146083586483	-1.44862413267706	-1.18803300984448	-0.925302876156974
-1.20574340166915	-1.44161000321182	-1.18234830224238	-0.922466566992762
-1.20002596747348	-1.43754904973945	-1.17730610614421	-0.918906287707645
-1.19430853327781	-1.42852211315371	-1.17305014323867	-0.911219893346053
-1.18859109908213	-1.42708507930673	-1.16580126471331	-0.909102161473507
-1.18287366488646	-1.42360646669031	-1.16404098888893	-0.903514680743301
-1.17715623069078	-1.41922514533751	-1.15884402135736	-0.900997190716424
-1.17143879649511	-1.4183911480553	-1.15293258823407	-0.897135349100666
-1.16572136229943	-1.41094122851338	-1.14786344358307	-0.888758198343138
-1.16000392810376	-1.40058619529528	-1.14397185466923	-0.884620347122954
-1.15428649390808	-1.4006723873839	-1.13769058796317	-0.878355885050571
-1.14856905971241	-1.39093872199563	-1.13441594434703	-0.872275449347099
-1.14285162551673	-1.39174508973665	-1.12898032618986	-0.868171460064268
-1.13713419132106	-1.38406191914627	-1.12283560726234	-0.86556262515599
-1.13141675712539	-1.37816434197794	-1.11950249216728	-0.860261098580884
-1.12569932292971	-1.37687249865773	-1.11358737416886	-0.855772662841095
-1.11998188873404	-1.36846422054488	-1.1078627306306	-0.848438492096498
-1.11426445453836	-1.35933835693172	-1.10421925629141	-0.844693614142773
-1.10854702034269	-1.35404052493403	-1.0991183718539	-0.837538192092296
-1.10282958614701	-1.35535814447354	-1.09662590302377	-0.840494022259251
-1.09711215195134	-1.34549384662889	-1.09002454612425	-0.833752102146601
-1.09139471775566	-1.34265077222766	-1.08373983136539	-0.823859798943681
-1.08567728355999	-1.33464751235213	-1.07825197377282	-0.81796550099536
-1.07995984936431	-1.33119871872481	-1.07285872656381	-0.812699107680527
-1.07424241516864	-1.33286388089286	-1.06837944938475	-0.811582796315935
-1.06852498097297	-1.31754861206469	-1.06278082649717	-0.803900757383867
-1.06280754677729	-1.31821236266339	-1.05856066803715	-0.799570403526135
-1.05709011258162	-1.31222784117717	-1.05571283254661	-0.800099034449105
-1.05137267838594	-1.30520943562334	-1.04672237542032	-0.789404828599275
-1.04565524419027	-1.30184465577326	-1.04567286968282	-0.787288807643715
-1.03993780999459	-1.30042867252027	-1.04221740266536	-0.782905252787635
-1.03422037579892	-1.2930842172996	-1.03672226839306	-0.781451058499985
-1.02850294160324	-1.28809369708343	-1.02970528220313	-0.768579979437046
-1.02278550740757	-1.28371678345303	-1.02361530292252	-0.767560839443011
-1.01706807321189	-1.28076977783077	-1.02077722279745	-0.760627922955335
-1.01135063901622	-1.27492644493614	-1.01293682279757	-0.758204701752645
-1.00563320482055	-1.26599581343488	-1.01115358528224	-0.75326270675794
-0.999915770624871	-1.26101890200226	-1.0055336168088	-0.747911274210555
-0.994198336429197	-1.26151887465472	-0.998677203922284	-0.7388456130369
-0.988480902233522	-1.24945078042911	-0.994130817361611	-0.737858645020758
-0.982763468037848	-1.24493066088311	-0.991366616490361	-0.732998667524729
-0.977046033842173	-1.24097608468998	-0.987336173499438	-0.731130501173781
-0.971328599646498	-1.23825730518942	-0.980098926745071	-0.722433453334313
-0.965611165450824	-1.2334459032476	-0.976745417534186	-0.71976765056038
-0.959893731255149	-1.23000484508723	-0.971608371002435	-0.715368395731821
-0.954176297059475	-1.22523965048171	-0.965523008706188	-0.71165951686773
-0.9484588628638	-1.21656054868424	-0.962698326438763	-0.703642986128415
-0.942741428668126	-1.20809877259803	-0.95460567541605	-0.70080289847228
-0.937023994472451	-1.21024443029841	-0.952949147683296	-0.693054359816351
-0.931306560276777	-1.20343119417986	-0.946713909446528	-0.690929783234233
-0.925589126081102	-1.19282143594403	-0.941697844198498	-0.685572337061598
-0.919871691885428	-1.1913176963614	-0.935710242220997	-0.678397791173031
-0.914154257689753	-1.19314239323042	-0.930179104059903	-0.675133550013158
-0.908436823494078	-1.18261189601337	-0.925554863876098	-0.672082080203538
-0.902719389298404	-1.17710259007743	-0.921655952637298	-0.66171900516378
-0.897001955102729	-1.1726405425456	-0.917735337556279	-0.6626194382536
-0.891284520907055	-1.16864733438218	-0.912468579573449	-0.655668996979588
-0.88556708671138	-1.16123541030762	-0.908188713921328	-0.652388056959734
-0.879849652515706	-1.15821002520431	-0.901274966007588	-0.643250952321748
-0.874132218320031	-1.15091879399355	-0.897576395844023	-0.645502210320013
-0.868414784124357	-1.14751172168622	-0.892696888310529	-0.638128761507838
-0.862697349928682	-1.13641930561502	-0.886444138344014	-0.635055361311798
-0.856979915733008	-1.13481310095177	-0.878757889807306	-0.62549791713028
-0.851262481537333	-1.1285287010859	-0.876260598340788	-0.623615985843422
-0.845545047341658	-1.12421005015341	-0.871106746221685	-0.616278379281659
-0.839827613145984	-1.12078639854578	-0.867998344612386	-0.612588562960381
-0.834110178950309	-1.11744792629563	-0.860282448390856	-0.606714591707161
-0.828392744754635	-1.10925318927363	-0.857650109012257	-0.598835987222465
-0.82267531055896	-1.11130778730513	-0.851875824478271	-0.600008454808157
-0.816957876363286	-1.1015035249139	-0.84604987641698	-0.595802886338886
-0.811240442167611	-1.0913466049103	-0.841192467931317	-0.587179772405208
-0.805523007971937	-1.09440498687849	-0.836765079596857	-0.582087337815643
-0.799805573776262	-1.08331448530082	-0.832300264104182	-0.578287578832788
-0.794088139580588	-1.08288803426665	-0.82712871020581	-0.57538520275493
-0.788370705384913	-1.07278694129479	-0.822587848385587	-0.564914589131314
-0.782653271189238	-1.07036053272477	-0.818822275880996	-0.56355186934529
-0.776935836993564	-1.07188866271553	-0.812555960357687	-0.55694287242922
-0.771218402797889	-1.06072846538727	-0.807027136335188	-0.546298985986678
-0.765500968602215	-1.05451294534764	-0.800364499127262	-0.543749261857499
-0.75978353440654	-1.0496925853644	-0.797590695296817	-0.540669296499012
-0.754066100210866	-1.04277842431849	-0.793284389988745	-0.54050263039573
-0.748348666015191	-1.03980005724385	-0.789513679398833	-0.53271954249932
-0.742631231819517	-1.0350824840749	-0.783593569503241	-0.531607803668664
-0.736913797623842	-1.0317266368613	-0.778361479263225	-0.523901902740795
-0.731196363428168	-1.02695738128626	-0.772986282871308	-0.520759526850045
-0.725478929232493	-1.02030538842521	-0.766445273868158	-0.510307507290264
-0.719761495036819	-1.01506066489072	-0.762950867599929	-0.507368147568977
-0.714044060841144	-1.01186071142931	-0.758569215980684	-0.504476661233932
-0.70832662664547	-1.00356300120343	-0.753220378137119	-0.503502855585108
-0.702609192449795	-1.00055302454445	-0.747087424030876	-0.494934048550822
-0.69689175825412	-0.993465953909119	-0.74299089148133	-0.489300829167174
-0.691174324058446	-0.990777573378958	-0.739579887180182	-0.484516025983174
-0.685456889862771	-0.981009292741878	-0.731563437707389	-0.474682586899704
-0.679739455667097	-0.977319455101781	-0.727871869381866	-0.474311840817088
-0.674022021471422	-0.973596871570576	-0.723332278738449	-0.470248950571385
-0.668304587275748	-0.971122749595502	-0.717690397169325	-0.468961452148594
-0.662587153080073	-0.967997546780047	-0.712250262444924	-0.463378894645077
-0.656869718884399	-0.957395213854923	-0.707156088352568	-0.456543321990932
-0.651152284688724	-0.956428079747687	-0.703195534122815	-0.452955906831007
-0.645434850493049	-0.94786609646717	-0.700667062090065	-0.446321443960849
-0.639717416297375	-0.944801417216606	-0.694845546071065	-0.447979002935052
-0.6339999821017	-0.942611500998922	-0.690078229152874	-0.434358139257072
-0.628282547906026	-0.935550109087178	-0.682315569711764	-0.435420834235116
-0.622565113710351	-0.930720804168336	-0.680150450721703	-0.427850749175051
-0.616847679514677	-0.927118318215928	-0.670159331597101	-0.42223657335658
-0.611130245319002	-0.921765807284181	-0.669168854124809	-0.420177281614043
-0.605412811123328	-0.9139221175487	-0.665335051040623	-0.414483745191034
-0.599695376927653	-0.909948916538281	-0.66049905934581	-0.407118462113867
-0.593977942731978	-0.907293184425334	-0.654917412902411	-0.402685945276741
-0.588260508536304	-0.902230474090158	-0.651053246363807	-0.401741823866657
-0.582543074340629	-0.896430924542515	-0.645964219975397	-0.390885205461963
-0.576825640144955	-0.890686108829709	-0.640503682428247	-0.392436043958352
-0.57110820594928	-0.882179559070984	-0.63376540091273	-0.382270677416231
-0.565390771753606	-0.88316381714922	-0.629219440854351	-0.380153851967835
-0.559673337557931	-0.87946766745354	-0.624665950284807	-0.373307148514514
-0.553955903362257	-0.875737621910605	-0.620118553851584	-0.366593413947277
-0.548238469166582	-0.867914630375023	-0.613886668348084	-0.361879895957517
-0.542521034970908	-0.863553727575814	-0.610372934230682	-0.363211462511101
-0.536803600775233	-0.856335871969299	-0.606532714120343	-0.354989909139257
-0.531086166579559	-0.849835258810789	-0.599484745561263	-0.347654592970759
-0.525368732383884	-0.847021815974062	-0.595455363721344	-0.343574772114005
-0.51965129818821	-0.835353632747266	-0.588024777903172	-0.340666561293421
-0.513933863992535	-0.835362583399631	-0.582846084860815	-0.336568903428773
-0.50821642979686	-0.828047430375634	-0.582062595498946	-0.329871201027126
-0.502498995601186	-0.822946159393092	-0.576339293044768	-0.324956612375383
-0.496781561405511	-0.81797706715351	-0.570846848616529	-0.32288508597468
-0.491064127209837	-0.811664194505089	-0.567318285470774	-0.31852126911035
-0.485346693014162	-0.809991973862397	-0.559995435121112	-0.311680313612689
-0.479629258818488	-0.804722818912871	-0.557584920884995	-0.303575825991264
-0.473911824622813	-0.80181412501362	-0.549907049215721	-0.302982601081013
-0.468194390427139	-0.796961934722762	-0.54523953219158	-0.295305026879359
-0.462476956231464	-0.791285786803897	-0.540292995861085	-0.292191610595237
-0.45675952203579	-0.783380118439859	-0.536802894825017	-0.282955441196615
-0.451042087840115	-0.776199787147846	-0.531244316408783	-0.277765117908793
-0.44532465364444	-0.778977370462556	-0.527170264530774	-0.276955240713718
-0.439607219448766	-0.768422608973153	-0.519663281033593	-0.268953590863016
-0.433889785253091	-0.763985473215794	-0.515642570601689	-0.268251723265809
-0.428172351057417	-0.756186997166028	-0.512065942614516	-0.267185984180736
-0.422454916861742	-0.757559661597106	-0.507151983806611	-0.258286333214736
-0.416737482666068	-0.752221211151237	-0.500790770592806	-0.249117562828754
-0.411020048470393	-0.742131334875732	-0.495744298665902	-0.245279387472321
-0.405302614274719	-0.738922022143437	-0.492120203708708	-0.237940596897677
-0.399585180079044	-0.736162190953391	-0.486386442413391	-0.237112330655368
-0.393867745883369	-0.734827680030664	-0.481095505325649	-0.230764639121789
-0.388150311687695	-0.727440548084529	-0.476254980117998	-0.227789082897294
-0.38243287749202	-0.720478673059699	-0.471812631536304	-0.225915860096275
-0.376715443296346	-0.713205937083514	-0.465515347297877	-0.218295901862342
-0.370998009100671	-0.713689827823725	-0.460849305041045	-0.209299047308666
-0.365280574904997	-0.703131363001999	-0.456066969025074	-0.209528244449853
-0.359563140709322	-0.698279913094707	-0.452110537263401	-0.204282895630836
-0.353845706513648	-0.690783074559101	-0.446324943037768	-0.196853628753034
-0.348128272317973	-0.686700743389798	-0.439974892710966	-0.190173681885369
-0.342410838122299	-0.682750640366479	-0.436117709491831	-0.187469631973812
-0.336693403926624	-0.680776916241222	-0.431233622118378	-0.180701830510918
-0.33097596973095	-0.675770468874725	-0.426484941448664	-0.179755089889548
-0.325258535535275	-0.667135882827179	-0.422893320003788	-0.171488497765978
-0.319541101339601	-0.66241508008452	-0.416938296134825	-0.17207679678921
-0.313823667143926	-0.659661083851447	-0.410602841652591	-0.162203184844731
-0.308106232948251	-0.653401915249154	-0.407129858406003	-0.159220556276157
-0.302388798752577	-0.654658157483636	-0.402980425870683	-0.154821712536822
-0.296671364556902	-0.646705751664038	-0.396765388760029	-0.147969689916512
-0.290953930361228	-0.640333914504895	-0.392512258605739	-0.146493499588853
-0.285236496165553	-0.634904357885721	-0.386827138316795	-0.139920174895764
-0.279519061969879	-0.627226739311873	-0.380445723775967	-0.13779293959363
-0.273801627774204	-0.622117402083744	-0.376555965362408	-0.132000167996655
-0.26808419357853	-0.622289745838776	-0.374100251745208	-0.123096244827312
-0.262366759382855	-0.609272971609511	-0.367769529430474	-0.118587921421369
-0.256649325187181	-0.608681487781175	-0.362974020781733	-0.117097548375582
-0.250931890991506	-0.606592540907108	-0.356573946221191	-0.111614256619381
-0.245214456795831	-0.60252223836149	-0.35321024626784	-0.101423088335885
-0.239497022600157	-0.592973500823086	-0.34778455367508	-0.101209190068621
-0.233779588404482	-0.591024393846945	-0.342509507615076	-0.095592811116205
-0.228062154208808	-0.582452209026843	-0.338467275919693	-0.0912624905517583
-0.222344720013133	-0.578853551411977	-0.331111929426976	-0.0856393272882049
-0.216627285817459	-0.570887639113614	-0.327700258070835	-0.081467215865874
-0.210909851621784	-0.567860243120478	-0.323876045966656	-0.0797206571559199
-0.20519241742611	-0.561977921870644	-0.320386855042487	-0.0737386450822075
-0.199474983230435	-0.563087097630157	-0.315019882852485	-0.0650677904260637
-0.193757549034761	-0.555456123306266	-0.308204630419507	-0.0608335516437265
-0.188040114839086	-0.552169573791003	-0.303774436239328	-0.0571463634990613
-0.182322680643412	-0.541632524234297	-0.299656401250114	-0.0503426881601706
-0.176605246447737	-0.537001711654469	-0.292764535950332	-0.0455917840291912
-0.170887812252062	-0.533197002308289	-0.288070712126951	-0.0427315602439983
-0.165170378056388	-0.526364888184844	-0.283393081766958	-0.0328126198601936
-0.159452943860713	-0.52680698157091	-0.27889268427347	-0.0281860174337473
-0.153735509665039	-0.521890558866484	-0.275364697750285	-0.0278226988632516
-0.148018075469364	-0.518890664479899	-0.268570054078209	-0.02086675243732
-0.14230064127369	-0.509665882810245	-0.262348416887971	-0.0193947682697537
-0.136583207078015	-0.507974783636298	-0.260994991650479	-0.0113656310229717
-0.130865772882341	-0.498364432452337	-0.253624446525599	-0.00635074360947049
-0.125148338686666	-0.496075151352519	-0.247918408819274	-0.00223190549433978
-0.119430904490992	-0.488706251972099	-0.243721533028363	-0.000417531900677277
-0.113713470295317	-0.487977713451133	-0.238977310473888	0.00721971341127538
-0.107996036099642	-0.478613323642605	-0.233334869869083	0.0111708449962199
-0.102278601903968	-0.47693483660661	-0.229901084719015	0.0162798385585045
-0.0965611677082934	-0.467235543660711	-0.22582858974778	0.020469921658341
-0.0908437335126189	-0.465321833950935	-0.218082017643599	0.0262925295537127
-0.0851262993169442	-0.457299509995737	-0.213770421392025	0.0320300980530606
-0.0794088651212697	-0.45732298886693	-0.211699438624112	0.0404189922050782
-0.0736914309255952	-0.445489819294631	-0.205331185063955	0.041633278908575
-0.0679739967299207	-0.445638253309676	-0.200215365885665	0.0479205756422644
-0.0622565625342462	-0.438555548189446	-0.192243129850321	0.0527387757285296
-0.0565391283385714	-0.433333023881719	-0.189819680381154	0.0565912728375381
-0.0508216941428969	-0.429282530718522	-0.186872349767389	0.0607594632614695
-0.0451042599472224	-0.429145592049665	-0.176765465781396	0.0656094481328377
-0.0393868257515479	-0.421176057186315	-0.175133061357131	0.073900817601612
-0.0336693915558735	-0.414760395078881	-0.169320888024388	0.0786615542566146
-0.0279519573601987	-0.412409424437942	-0.165198453304223	0.0841580322546476
-0.0222345231645242	-0.406767008929555	-0.16104250527262	0.0848295121721876
-0.0165170889688497	-0.405017527598859	-0.155499957002174	0.0913460434195798
-0.0107996547731752	-0.394750932606397	-0.149954431303673	0.090041365522185
-0.00508222057750074	-0.388051918315087	-0.143466716672612	0.101135959585358
0.00063521361817398	-0.384771413232299	-0.139482987133722	0.104808811776413
0.00635264781384848	-0.380526201031945	-0.134517265517052	0.113011116221314
0.012070082009523	-0.374890616211326	-0.131593361679693	0.117818584426717
0.0177875162051975	-0.374407686802471	-0.127225484511612	0.120485577276407
0.023504950400872	-0.365484358748965	-0.120467210178896	0.125631568541335
0.0292223845965467	-0.360298280475093	-0.114252552145789	0.13236394002444
0.0349398187922212	-0.356745572149032	-0.110433233366323	0.133391692986955
0.0406572529878957	-0.351412602589217	-0.105013616195455	0.140714153853107
0.0463746871835702	-0.346117592369879	-0.100223375759253	0.145514169384703
0.0520921213792447	-0.341806192327012	-0.0962747006206274	0.149007450772506
0.0578095555749194	-0.337703699827427	-0.0908501823550803	0.152840151180638
0.0635269897705939	-0.331368810470147	-0.0862273975816264	0.156797606176311
0.0692444239662684	-0.326234519201675	-0.0822941055767406	0.166260480372
0.0749618581619429	-0.31869949715492	-0.0758738433446131	0.168780205656256
0.0806792923576174	-0.315427575519955	-0.0698015890372854	0.178177894226182
0.0863967265532921	-0.312249040235298	-0.0675050098265851	0.175611669704837
0.0921141607489666	-0.305797083967998	-0.0614844165984859	0.183683531213023
0.0978315949446413	-0.301739839714855	-0.0584117381531617	0.192501010674315
0.103549029140316	-0.296419853627645	-0.0503018236567314	0.197747278873601
0.10926646333599	-0.290043578172877	-0.0463921705148027	0.197783319252498
0.114983897531665	-0.284097324132822	-0.0413104056821344	0.207213068337996
0.120701331727339	-0.279012911920769	-0.0367273213969991	0.206015650759001
0.126418765923014	-0.276719693766295	-0.0319458760768322	0.216161671627879
0.132136200118688	-0.271889447581375	-0.0289467758795254	0.215408486748274
0.137853634314363	-0.267408732096212	-0.0223935787805012	0.222625924021205
0.143571068510037	-0.257082909995135	-0.017815561713503	0.228408004598018
0.149288502705712	-0.255742466490984	-0.010827940205011	0.231097913542504
0.155005936901387	-0.248925483698169	-0.00615840025867194	0.235675449257481
0.160723371097061	-0.243413034581151	-0.00152833818660691	0.241942382485339
0.166440805292736	-0.238993331264094	0.00349361692054708	0.249866969238613
0.17215823948841	-0.238794694932716	0.00752691320513231	0.254757366282806
0.177875673684085	-0.231736428922619	0.0128326560578968	0.253377532900816
0.183593107879759	-0.223833921118706	0.0190226525959458	0.260063671731052
0.189310542075434	-0.217184614066187	0.0227263906690822	0.266469945095228
0.195027976271108	-0.219527182313311	0.0297547052806736	0.272088243528847
0.200745410466783	-0.211931052811729	0.0312972423834189	0.276240049409037
0.206462844662457	-0.206097677401546	0.0395255512678838	0.283215568694952
0.212180278858132	-0.201566356323151	0.0434949463589768	0.285776545633327
0.217897713053806	-0.195951483385266	0.0481479234134052	0.290805019267966
0.223615147249481	-0.191447147272073	0.0542265250865154	0.29866122423167
0.229332581445155	-0.187588993764063	0.055825098429229	0.301379293284712
0.23505001564083	-0.182801548951807	0.0615208811220788	0.300274749095196
0.240767449836505	-0.174847784216161	0.0663147156095191	0.308825392450884
0.246484884032179	-0.173140017335216	0.0729047589343361	0.315972077599128
0.252202318227854	-0.162232947567141	0.0770511616426719	0.321450850447665
0.257919752423528	-0.163330023005301	0.0816272902323789	0.327799950463771
0.263637186619203	-0.158536390144978	0.0892815898941873	0.332687771552626
0.269354620814878	-0.15161348385735	0.0918754764892582	0.334225682580988
0.275072055010552	-0.150480929752019	0.0959111466245199	0.338239801300136
0.280789489206227	-0.141429408832658	0.102951341606633	0.341976560601694
0.286506923401901	-0.136866689925915	0.107282897816316	0.34873018554197
0.292224357597576	-0.13425346607408	0.112869538688499	0.356781578795756
0.29794179179325	-0.127770598124758	0.116352968370872	0.35474749284752
0.303659225988925	-0.119058924737385	0.122217419608292	0.364584474134056
0.309376660184599	-0.115755449399746	0.127760403170942	0.37345534147522
0.315094094380274	-0.111684021081341	0.132252876694623	0.3709274626099
0.320811528575948	-0.10568222934728	0.137378801201635	0.383457225097092
0.326528962771623	-0.104159361626565	0.140975907377636	0.386665609578069
0.332246396967297	-0.0956968757781744	0.144849207554488	0.38794753262175
0.337963831162972	-0.0884083543059263	0.151842885908085	0.397650347550762
0.343681265358646	-0.0848660142786995	0.155269831688688	0.402252297315971
0.349398699554321	-0.0807615915310472	0.16283960799234	0.406453795735385
0.355116133749996	-0.0749302788966598	0.168019525232615	0.409759113770072
0.36083356794567	-0.0706867781310105	0.170981213324184	0.414027303780465
0.366551002141345	-0.0649533069894168	0.175459876901453	0.419132340239605
0.372268436337019	-0.0659948624844901	0.179771780460986	0.42513304770325
0.377985870532694	-0.0570300865866928	0.186455051188002	0.43061306774566
0.383703304728368	-0.0528037257826593	0.189406384932941	0.438731375466569
0.389420738924043	-0.0451044929505462	0.197972826858271	0.436594888494613
0.395138173119717	-0.0442029364632615	0.20090112113062	0.439561583720092
0.400855607315392	-0.0387243264375837	0.207149829096595	0.450096066703815
0.406573041511066	-0.0289289264803697	0.209824968790552	0.455036621184272
0.412290475706741	-0.0258817352389008	0.2173731311166	0.460289605727935
0.418007909902415	-0.0215364299121752	0.221222796156869	0.466574809800453
0.42372534409809	-0.0165436981735422	0.224165876824009	0.468250467479176
0.429442778293764	-0.0136086929100716	0.23057148161127	0.472568715012422
0.435160212489439	-0.00618619598352638	0.234386179093261	0.475316147176787
0.440877646685114	-0.00161668475800778	0.240724471532384	0.482562607414819
0.446595080880788	-0.000995472667438163	0.247095911442175	0.491377486880554
0.452312515076463	0.00634676342879634	0.250984953789283	0.494558722237771
0.458029949272137	0.00634646192185286	0.255756591856112	0.497108928720863
0.463747383467812	0.0163877717964972	0.260884069070864	0.50478711332476
0.469464817663487	0.0204190595764018	0.266378211059832	0.508759282437676
0.475182251859161	0.0247163797783363	0.270631979512989	0.511133957661023
0.480899686054836	0.032292120901096	0.275195905737673	0.517910374549284
0.48661712025051	0.0375337069467482	0.280784815194868	0.525431482403312
0.492334554446185	0.0415432080497501	0.285046290843695	0.528846542895172
0.498051988641859	0.0460339327425186	0.290648056237909	0.533228087723018
0.503769422837534	0.0529209166292007	0.295818502972251	0.539449485238929
0.509486857033208	0.0590150547127615	0.299957649822133	0.546628302309784
0.515204291228883	0.0628910893692804	0.306026481438146	0.547630428576966
0.520921725424557	0.0650176793258576	0.307231011265133	0.54865562058367
0.526639159620232	0.073375890596325	0.314862361458242	0.557314190092642
0.532356593815906	0.072251089288348	0.317736852810633	0.56360663056861
0.538074028011581	0.080981293539398	0.324330597829856	0.569617572971813
0.543791462207255	0.0855718128895768	0.330593560732601	0.574286666666867
0.54950889640293	0.0850768877923934	0.335101017483386	0.582353265519686
0.555226330598605	0.0898733486248318	0.339459941105368	0.583958682861248
0.560943764794279	0.0976621114885531	0.342186714189173	0.58637550284128
0.566661198989954	0.106138177106074	0.349901539697172	0.594305688672675
0.572378633185628	0.107349551638364	0.354307587878147	0.599377875843394
0.578096067381303	0.114000883150359	0.358095448955604	0.604216308558867
0.583813501576977	0.120927204178585	0.363588897692525	0.611513182368812
0.589530935772652	0.120729333960243	0.368751679707338	0.613093716023481
0.595248369968326	0.127922110898388	0.374805003424643	0.620263510247075
0.600965804164001	0.137731577977345	0.37877438627259	0.621566695866159
0.606683238359675	0.144546413864145	0.384219435473887	0.630187914817627
0.61240067255535	0.149675414327723	0.388087867461486	0.631895636639249
0.618118106751024	0.151645640604126	0.393872673033037	0.637218939110225
0.623835540946699	0.150195652290071	0.39752799484638	0.641494567913974
0.629552975142373	0.157604857040456	0.404437528864479	0.645022481871401
0.635270409338048	0.168380145424761	0.408865680604227	0.648840765054139
0.640987843533723	0.172619873151892	0.414584305471145	0.656789657352608
0.646705277729397	0.180113705068107	0.418547379017568	0.665049085799504
0.652422711925072	0.180122063069816	0.425064694847061	0.665928822886916
0.658140146120747	0.192169694861384	0.431324209204261	0.668902924858883
0.663857580316421	0.189707380936545	0.432390639000571	0.676344433754038
0.669575014512096	0.197021213966456	0.439743014988746	0.683895665980372
0.67529244870777	0.201922460710826	0.443175140807998	0.68426897366855
0.681009882903445	0.210184125779548	0.448417442548745	0.690875512693066
0.686727317099119	0.213490008953222	0.454657809097792	0.695763206674367
0.692444751294794	0.212585383637337	0.456595669832427	0.699489807883037
0.698162185490468	0.220301323133471	0.463139753501506	0.705597619740193
0.703879619686143	0.22605289790045	0.467916266551597	0.710883957616935
0.709597053881817	0.225775258845334	0.471338303134763	0.716514323588289
0.715314488077492	0.233416580887296	0.476332763882336	0.719384594554738
0.721031922273166	0.238742211841438	0.482462123056844	0.72029014450608
0.726749356468841	0.24506259948467	0.487742191521789	0.729711761460778
0.732466790664515	0.251170549805362	0.492908237394316	0.734532033991232
0.73818422486019	0.255413927960991	0.49885832857139	0.73754199253836
0.743901659055865	0.259319997655735	0.503527526170804	0.744898516504562
0.749619093251539	0.263274553175122	0.50542370180422	0.749764801665872
0.755336527447214	0.27553965578404	0.511853416094113	0.753395579262576
0.761053961642888	0.272197554343665	0.518019724298581	0.762858138376867
0.766771395838563	0.275454489701644	0.521860789710408	0.766493223722587
0.772488830034237	0.285342738953643	0.5267843801754	0.772181084062788
0.778206264229912	0.287429465805682	0.531780473894007	0.778806166787063
0.783923698425586	0.294339097438911	0.536357055635933	0.779101098133222
0.789641132621261	0.300986419785706	0.543914481547584	0.787866823831586
0.795358566816935	0.305075237905492	0.547929664888946	0.790714917216341
0.80107600101261	0.313206808823402	0.552868402810498	0.796096105428978
0.806793435208284	0.3150271850189	0.555884948164041	0.799148957684757
0.812510869403959	0.320790560435828	0.562461785058752	0.806707918023947
0.818228303599633	0.324378068121353	0.567416588234977	0.808644356984095
0.823945737795308	0.329696632644528	0.573079222498273	0.81398098069942
0.829663171990983	0.335020916772697	0.578476170388683	0.819160783671063
0.835380606186657	0.338658575319144	0.582146871331087	0.828920271102213
0.841098040382332	0.346607999235919	0.587954578274933	0.837200205821319
0.846815474578006	0.349557053008703	0.592235329081733	0.830846113737909
0.852532908773681	0.353195935723933	0.597176010424388	0.838176517805488
0.858250342969356	0.357698059890792	0.601003291360243	0.843834048758234
0.86396777716503	0.362756305101105	0.606172130124834	0.849672525121955
0.869685211360705	0.367168724165822	0.611292495658392	0.851625206781797
0.875402645556379	0.372196494850365	0.615584197331984	0.862946347097961
0.881120079752054	0.380359231371903	0.619425661143377	0.865452213922678
0.886837513947728	0.382272477018038	0.627087029388623	0.866035228568172
0.892554948143403	0.389386263724529	0.631763799163424	0.874018638625792
0.898272382339077	0.392953960700112	0.637433596278643	0.880934225088779
0.903989816534752	0.400580034254073	0.640763026099285	0.880777394153689
0.909707250730426	0.401379735945349	0.646535995953852	0.890470885817811
0.915424684926101	0.406808311742622	0.653438332023022	0.89608877884383
0.921142119121775	0.41251522390523	0.656622337780383	0.898923035149648
0.92685955331745	0.415642988008521	0.662595905124402	0.902100542920937
0.932576987513124	0.420230093574953	0.665465590444176	0.910537385825823
0.938294421708799	0.425085824205937	0.671697155511695	0.91001774363946
0.944011855904474	0.436537551714299	0.677276029586718	0.918106623267923
0.949729290100148	0.433425783066518	0.679084138088074	0.923867957736558
0.955446724295823	0.443453772743288	0.685237796996638	0.926443363470557
0.961164158491497	0.445062319332618	0.689989972342989	0.929277464219384
0.966881592687172	0.451454702434208	0.695961279334364	0.937941746674186
0.972599026882846	0.458898546489495	0.700339381818955	0.942206486837725
0.978316461078521	0.459836546546667	0.703793935810642	0.94427336540777
0.984033895274195	0.470558337837853	0.712508947877899	0.954106726903437
0.98975132946987	0.470425585385337	0.715577168213902	0.959678807774971
0.995468763665544	0.475719786575428	0.72319970563828	0.963092606367036
1.00118619786122	0.482035366033865	0.725904813575127	0.967154701100697
1.00690363205689	0.484873184510439	0.729421458820762	0.977320448549687
1.01262106625257	0.488660528210123	0.736333766914813	0.978726338109281
1.01833850044824	0.494625604021644	0.740013651768268	0.982107011182804
1.02405593464392	0.505423513177198	0.74410438302648	0.98548722153323
1.02977336883959	0.50727855971485	0.750362295921034	0.991771765387161
1.03549080303527	0.509957185284813	0.754533649165557	0.997344727820298
1.04120823723094	0.5169955129227	0.759113639560632	1.00167347357628
1.04692567142662	0.520535433860703	0.764259986992836	1.00947046204525
1.05264310562229	0.530041104090629	0.769559447367345	1.01239550963683
1.05836053981796	0.532629437240555	0.774607811891144	1.01729169919737
1.06407797401364	0.537582474351104	0.779014778847743	1.02551508833815
1.06979540820931	0.541968003443214	0.783788738875318	1.02632141647672
1.07551284240499	0.548018153027277	0.789445957203673	1.03431368329506
1.08123027660066	0.550095525193817	0.794991072476043	1.03717522472998
1.08694771079634	0.553558067613246	0.798455217603368	1.03864877513116
1.09266514499201	0.561613419064773	0.80492561238335	1.05085460248919
1.09838257918769	0.563151726247793	0.810484670832398	1.05283773340383
1.10410001338336	0.56998371655125	0.814124470552641	1.05788777000288
1.10981744757904	0.578103601500477	0.818986622957588	1.06128157995772
1.11553488177471	0.574989940233487	0.823062402245694	1.06759262351323
1.12125231597038	0.585069992572078	0.828458718845319	1.06974401172678
1.12696975016606	0.592313674200148	0.834494617520875	1.07409074922312
1.13268718436173	0.596148924841122	0.838959912473286	1.0830171474415
1.13840461855741	0.596233483395501	0.841807453488347	1.08191928422635
1.14412205275308	0.604045093270714	0.848554322635266	1.09134660719054
1.14983948694876	0.611101090337046	0.852647162021108	1.09537105482775
1.15555692114443	0.614833210778461	0.859079677998258	1.10036536912051
1.16127435534011	0.619494174597679	0.864416351469691	1.10806753353321
1.16699178953578	0.623905419087395	0.86912856495674	1.11027536203596
1.17270922373146	0.63251837729725	0.875139806956268	1.12010784644013
1.17842665792713	0.633656272245291	0.877830009507512	1.1177609796458
1.1841440921228	0.642143930978755	0.883847576930423	1.12464187831198
1.18986152631848	0.648202552815017	0.888595198659416	1.12997257976419
1.19557896051415	0.647785184540538	0.894068580664542	1.141734894328
1.20129639470983	0.655000328470684	0.898343924233827	1.14689223043433
1.2070138289055	0.659304072109764	0.902645766668869	1.14745117551629
1.21273126310118	0.665019722016694	0.909766252611244	1.15278407471597
1.21844869729685	0.666175879465806	0.912661394850985	1.15997119476229
1.22416613149253	0.677691034781446	0.918943855256303	1.16480731838669
1.2298835656882	0.680961263672086	0.923855826215466	1.16800110610221
1.23560099988388	0.680059756923755	0.928182555970432	1.16667538390117
1.24131843407955	0.686931285491141	0.933596286559477	1.17307835225626
1.24703586827522	0.698761252706782	0.939286959169659	1.18597450910748
1.2527533024709	0.699638002080993	0.942113545618854	1.18813430355597
1.25847073666657	0.701851279638602	0.946559880041054	1.18831157461589
1.26418817086225	0.708651831563948	0.952627666544915	1.2003457747421
1.26990560505792	0.714556234925517	0.959676211046733	1.20488434232987
1.2756230392536	0.718661956581558	0.962553792371587	1.20798581981805
1.28134047344927	0.720883829826914	0.968580548217665	1.21164052429498
1.28705790764495	0.729122821509013	0.973287136533172	1.2144976251178
1.29277534184062	0.733282933885682	0.977161473104554	1.22229159208261
1.2984927760363	0.738369478044711	0.982264094586689	1.22540685650297
1.30421021023197	0.744318192019021	0.987362353156588	1.23476719670638
1.30992764442764	0.751952934841653	0.992245698577492	1.2393601755418
1.31564507862332	0.750536638195559	0.997123106427097	1.24252403214194
1.32136251281899	0.758784205440948	1.00185209477545	1.24611971605339
1.32707994701467	0.761645035622013	1.00506250413009	1.24937341850188
1.33279738121034	0.768399438965569	1.01180079313312	1.25634359617326
1.33851481540602	0.771976074664757	1.01673474751812	1.26092422941863
1.34423224960169	0.778129198588795	1.0212727583317	1.26881309854729
1.34994968379737	0.780805878630821	1.02616774003539	1.27028112875759
1.35566711799304	0.786074810317685	1.03094113426042	1.27347431962779
1.36138455218871	0.79445710340386	1.03599861610994	1.2798470494068
1.36710198638439	0.798936292363658	1.04284866731767	1.28731816748918
1.37281942058006	0.802556223564064	1.04810566374116	1.29216390854661
1.37853685477574	0.804968065972491	1.05059547362553	1.29709947334649
1.38425428897141	0.809925601847811	1.05759861838416	1.30208991734013
1.38997172316709	0.816185966597105	1.06242450234665	1.30891926061047
1.39568915736276	0.817877275756075	1.06492481509465	1.31057072864767
1.40140659155844	0.830124016080167	1.07199622513146	1.31364154370434
1.40712402575411	0.829310534766964	1.0764175780053	1.32136394401568
1.41284145994979	0.840732524199416	1.08052293814342	1.32354868259984
1.41855889414546	0.835967317687401	1.08612345023791	1.32999870763397
1.42427632834114	0.850251694489828	1.09256746054539	1.33553204712209
1.42999376253681	0.851771889609163	1.09510689276218	1.3403610236808
1.43571119673248	0.855148941147443	1.10219312812829	1.34763060136496
1.44142863092816	0.863765654264134	1.10556261053898	1.35077823538027
1.44714606512383	0.867025295469666	1.11037043660082	1.35644599876913
1.45286349931951	0.865550332100327	1.11443867967668	1.36131144075875
1.45858093351518	0.873962089865257	1.12182943626701	1.36370218068219
1.46429836771086	0.87990080316403	1.12653607885868	1.37218720107355
1.47001580190653	0.889365509602107	1.13197114033373	1.37519365874218
1.47573323610221	0.885867221133316	1.13635404326791	1.3804967626953
1.48145067029788	0.894062206918054	1.13975081650851	1.38776343030458
1.48716810449356	0.89769834798923	1.14448100598766	1.38440734266421
1.49288553868923	0.903251774052559	1.15087628980249	1.3951666168196
1.4986029728849	0.909101074440496	1.1547995056701	1.40128301007256
1.50432040708058	0.914689573239617	1.16089586381465	1.40409523731981
1.51003784127625	0.91858198458468	1.1647163811371	1.41103851538292
1.51575527547193	0.92383197997087	1.16918468571987	1.41794158995404
1.5214727096676	0.93210240101443	1.17565100738111	1.42303554279715
1.52719014386328	0.935209069264242	1.1806815424454	1.42492027082093
1.53290757805895	0.937582528819913	1.18511081962944	1.42976094827404
1.53862501225463	0.943883523079504	1.18847257008654	1.43717178734487
1.5443424464503	0.949886940149955	1.19536566762004	1.44445604404971
1.55005988064597	0.954730863848706	1.19933521821609	1.44545992449198
1.55577731484165	0.957232207066657	1.20521552823236	1.45232313643398
1.56149474903732	0.96490642860814	1.21152265116918	1.45404353010505
1.567212183233	0.965583769681301	1.21353308438875	1.45920156229753
1.57292961742867	0.971143389098015	1.22051720018326	1.46485129700478
1.57864705162435	0.977517821679839	1.22481137126667	1.47560825661279
1.58436448582002	0.985441589449271	1.22884604042244	1.47322471694762
1.5900819200157	0.990754975886058	1.23362771977846	1.47729623823447
1.59579935421137	0.99104789685838	1.23817122482321	1.48795546885689
1.60151678840705	0.999133980142875	1.24494563868088	1.49022421498141
1.60723422260272	1.00479708777902	1.24998509806919	1.49518906818605
1.6129516567984	1.00957640826483	1.25429165554314	1.5009289153004
1.61866909099407	1.01022068881091	1.25720517686167	1.50619277236415
1.62438652518974	1.02134807911825	1.26226147416203	1.51168656290676
1.63010395938542	1.02158801689999	1.26908835734245	1.51862405469639
1.63582139358109	1.02770551852096	1.27415978740189	1.52194885800831
1.64153882777677	1.03133355976846	1.27900420493006	1.52229398427762
1.64725626197244	1.03236931893171	1.28382648159514	1.53176427920699
1.65297369616812	1.03806149967228	1.28706763810608	1.53269411871805
1.65869113036379	1.0432117587809	1.29357567415931	1.54247135581817
1.66440856455947	1.0509871910803	1.30095404991795	1.5455191651475
1.67012599875514	1.05794688814628	1.30125976525485	1.55183042814493
1.67584343295082	1.06191879382956	1.3100208554179	1.55466558075304
1.68156086714649	1.06390659316959	1.31379625593144	1.56342968244247
1.68727830134216	1.06943743915067	1.31877705944742	1.56662113725491
1.69299573553784	1.0726643847864	1.32269353965282	1.56961647366605
1.69871316973351	1.0828517223259	1.32904556741992	1.57587037615861
1.70443060392919	1.08469037757326	1.33380832356859	1.57689012615893
1.71014803812486	1.0890838194396	1.33808166911734	1.58460973967431
1.71586547232054	1.09541253310866	1.34080072578558	1.58898542104462
1.72158290651621	1.10125995301887	1.34747603657531	1.59697414671981
1.72730034071189	1.10539533018107	1.35327188788711	1.60012425429015
1.73301777490756	1.11344777708527	1.35756328136218	1.60462716040895
1.73873520910323	1.11816433229802	1.36480203007168	1.6159385567742
1.74445264329891	1.12045208001503	1.3695899436747	1.61703456823138
1.75017007749458	1.12537267207391	1.37286130232216	1.62144009872657
1.75588751169026	1.12931136892906	1.37943544100334	1.63345251273826
1.76160494588593	1.13559974901926	1.38188391056342	1.63120786311013
1.76732238008161	1.13613488287701	1.3872880733357	1.63527199711615
1.77303981427728	1.14340020339821	1.39326040902453	1.64230028440788
1.77875724847296	1.15025018268112	1.39459361508673	1.64498764762316
1.78447468266863	1.15489253824995	1.40194731979036	1.64999718261689
1.79019211686431	1.16394096898259	1.40743295260781	1.65909447576428
1.79590955105998	1.16259887985544	1.41029515364298	1.66359273571169
1.80162698525566	1.17338414936983	1.41876903979092	1.6650036379712
1.80734441945133	1.17996995839945	1.42316190425963	1.67186816615038
1.813061853647	1.1752485156654	1.42764218683525	1.67715791924861
1.81877928784268	1.18526035320276	1.43131424256136	1.68199013923887
1.82449672203835	1.19172209187448	1.43853597141799	1.68771366600987
1.83021415623403	1.19411946334981	1.443104918012	1.69395136754137
1.8359315904297	1.19519120446588	1.44829410326982	1.69619553164057
1.84164902462538	1.20465359409226	1.45279160733844	1.69828903303562
1.84736645882105	1.20217033842475	1.45585684353087	1.70654152611667
1.85308389301673	1.20872611890835	1.4633161690703	1.71599571128408
1.8588013272124	1.21393815957426	1.46704536920612	1.71730642310047
1.86451876140807	1.22165968630195	1.47104037664542	1.71710452039856
1.87023619560375	1.22889468639297	1.47638087455294	1.7240870253759
1.87595362979942	1.22823985828648	1.48405054358037	1.73159529165764
1.8816710639951	1.23809098336725	1.48597115674033	1.73654167111671
1.88738849819077	1.24226915113018	1.49130293572273	1.73841279362708
1.89310593238645	1.24782930591253	1.4974824458505	1.74500478369874
1.89882336658212	1.25072852388717	1.49963497944115	1.74757092972136
1.9045408007778	1.25826797308279	1.50431511933624	1.75332951798094
1.91025823497347	1.25578009398205	1.51105791299397	1.7618371871142
1.91597566916915	1.26550678251395	1.51693514528684	1.76888623811047
1.92169310336482	1.27085401259282	1.52318561394823	1.76954452961599
1.92741053756049	1.27330088297127	1.52749711813909	1.77519975433766
1.93312797175617	1.27742411358819	1.53368535418327	1.78261390491116
1.93884540595184	1.28949707017688	1.53420256677232	1.7822859095901
1.94456284014752	1.29404440648813	1.54167559103399	1.79051026435739
1.95028027434319	1.29600605256728	1.54474006846249	1.79595347593585
1.95599770853887	1.30109427976335	1.55012732619367	1.79678281258055
1.96171514273454	1.29894869089289	1.55394440641722	1.80311277930644
1.96743257693022	1.30803353911038	1.55995320209938	1.81309276448591
1.97315001112589	1.31780638904678	1.56545210631149	1.81731186588117
1.97886744532157	1.3208883411297	1.56970092934128	1.82145931071397
1.98458487951724	1.3214847535535	1.57458532944555	1.82770011598056
1.99030231371291	1.33082852549638	1.5810839008247	1.82771530175389
1.99601974790859	1.3327272278391	1.58344207160914	1.83426378224201
2.00173718210426	1.34290380506547	1.59156642053068	1.83961732974692
2.00745461629994	1.34449394028162	1.59659413865696	1.8479262228652
2.01317205049561	1.34661156698907	1.60042011522183	1.84942857881804
2.01888948469129	1.36018614512373	1.60689568570969	1.86298638085296
2.02460691888696	1.35739132064507	1.61051723352875	1.86212984146146
2.03032435308264	1.36804678593412	1.61526726714611	1.86697691060487
2.03604178727831	1.36712211875662	1.61856825749603	1.87339115983861
2.04175922147399	1.37135278515334	1.62336904505314	1.87214537920141
2.04747665566966	1.37493280626735	1.6305819326186	1.88021570853251
2.05319408986533	1.38281780008892	1.63614597246181	1.88509797089338
2.05891152406101	1.3905436528162	1.63919205871799	1.89132637546399
2.06462895825668	1.39211906515683	1.64534503159358	1.89979675163045
2.07034639245236	1.39799950738041	1.6502180663193	1.89908413871793
2.07606382664803	1.40232184036245	1.65425350651013	1.91018976885555
2.08178126084371	1.41068778226967	1.65956326428101	1.91135293641711
2.08749869503938	1.41424735233508	1.66442539872533	1.91768138259545
2.09321612923506	1.41698567342602	1.6690307465794	1.92081746263938
2.09893356343073	1.41919598779492	1.67257339426947	1.92413256224505
2.10465099762641	1.42812187375552	1.67981857235013	1.93299747699322
2.11036843182208	1.43412250947295	1.68481480109545	1.93880034253499
2.11608586601775	1.4383926978959	1.68906693381686	1.94142223286099
2.12180330021343	1.44458401712267	1.69467001432686	1.94596865834888
2.1275207344091	1.44526735355101	1.69998862620536	1.95311371224721
2.13323816860478	1.449424034891	1.70350067945874	1.95707616602663
2.13895560280045	1.45653754602081	1.7065990126241	1.95585758739799
2.14467303699613	1.46183918145184	1.71523478539887	1.96685995370523
2.1503904711918	1.46545078904122	1.72012400471159	1.97329365817963
2.15610790538748	1.47035362148111	1.72445859532137	1.97808249659525
2.16182533958315	1.47464341629721	1.72653059491669	1.98372536556184
2.16754277377883	1.47925564807119	1.73113628751427	1.98349808100332
2.1732602079745	1.48748051540352	1.73774412795203	1.98980115641182
2.17897764217017	1.49199312396173	1.7428130000931	1.99510943970633
2.18469507636585	1.49082736527173	1.74772695544247	2.00060738312639
2.19041251056152	1.49839654974763	1.75454361385124	2.00296468884776
2.1961299447572	1.50496472411259	1.75971520673064	2.00984152573601
2.20184737895287	1.50909634701079	1.76172974113443	2.01529440208899
2.20756481314855	1.51737094138237	1.7685682698036	2.02034011601955
2.21328224734422	1.51923289356665	1.77268900179171	2.02630692252415
2.2189996815399	1.52388509109872	1.77889300175857	2.03551238508142
2.22471711573557	1.53553289660817	1.78312034744412	2.03385329098879
2.23043454993125	1.53680740065432	1.78940432104468	2.04565953955172
2.23615198412692	1.53850199897431	1.79132211361256	2.04571420933188
2.2418694183226	1.54388680413591	1.79711373626701	2.05348507180909
2.24758685251827	1.5499206603439	1.80083389528546	2.05795634982234
2.25330428671394	1.55484450152159	1.80824846673856	2.06728635519928
2.25902172090962	1.55783353973801	1.81154322766869	2.06428983744963
2.26473915510529	1.55979546551251	1.81847829234928	2.0744633720664
2.27045658930097	1.56919415538932	1.82177716321973	2.0777868725581
2.27617402349664	1.57025537910149	1.82823024208296	2.07986188034005
2.28189145769232	1.57668136654842	1.83268661002257	2.09046253709272
2.28760889188799	1.5816133102909	1.83804233205893	2.09479415525153
2.29332632608367	1.58727514347946	1.84196986910735	2.09744939785301
2.29904376027934	1.59083311488194	1.84646073732809	2.10243627580236
2.30476119447501	1.59833539211314	1.85002068781977	2.10571960714888
2.31047862867069	1.60106873260235	1.85754775940839	2.11370975179943
2.31619606286636	1.60737969631055	1.86137342096925	2.11849901964623
2.32191349706204	1.61037144405586	1.86867592427209	2.12402826971206
2.32763093125771	1.6196538453512	1.87298096059908	2.12601599648203
2.33334836545339	1.62116600582827	1.87756372302058	2.13579193526862
2.33906579964906	1.62637590633663	1.88089146220328	2.13692069975721
2.34478323384474	1.63343024172751	1.88490255898408	2.14437892307474
2.35050066804041	1.63466860827266	1.89140325302504	2.14790789573184
2.35621810223609	1.64264363549248	1.89808092809239	2.15444242183058
2.36193553643176	1.64745222084526	1.90232427220759	2.15371231151518
2.36765297062743	1.64854492808951	1.90725643671326	2.16253939019727
2.37337040482311	1.65262234416983	1.91072371601325	2.16921077855458
2.37908783901878	1.65887455306563	1.91544143989155	2.16953217687624
2.38480527321446	1.66221575316414	1.92183048121041	2.18027086201653
2.39052270741013	1.66406590340442	1.9273183681237	2.18138528275176
2.39624014160581	1.67637921879228	1.93183957092246	2.18733818339832
2.40195757580148	1.67942363099323	1.93740391136614	2.1932899256935
2.40767500999716	1.68455125979051	1.94232473223816	2.19967564369826
2.41339244419283	1.68899581000439	1.9475917893433	2.2045595247846
2.41910987838851	1.69000016737225	1.95159917134013	2.20921791550905
2.42482731258418	1.69839382579499	1.95720762145979	2.21653046681557
2.43054474677985	1.70935490427439	1.96299315010219	2.21902703064425
2.43626218097553	1.7096514193861	1.96589974121592	2.2233962138526
2.4419796151712	1.71256899049938	1.97098414235305	2.22947569334246
2.44769704936688	1.71841867264926	1.97762633137568	2.23256493130554
2.45341448356255	1.72534904064893	1.98096090445998	2.23732905652872
2.45913191775823	1.72460703658159	1.98446021460607	2.24507899937604
2.4648493519539	1.73562352304079	1.99179679164509	2.244970030899
2.47056678614958	1.73822691343572	1.99576126834397	2.25752785429815
2.47628422034525	1.74488703960805	1.99971748995498	2.2582505968807
2.48200165454093	1.74509668245746	2.00547248563267	2.25893517342333
2.4877190887366	1.75286221615661	2.01174679684461	2.2688803394139
2.49343652293227	1.75635224029658	2.01504247901881	2.27618640221525
2.49915395712795	1.75969009833544	2.02383504216611	2.27644398757888
2.50487139132362	1.76564144801445	2.02648669821173	2.28565251279061
2.5105888255193	1.7756099935123	2.03256319758124	2.29444180102369
2.51630625971497	1.77912562247835	2.03368780394354	2.29115732777637
2.52202369391065	1.77764767061423	2.04188177553074	2.30144166649263
2.52774112810632	1.78635476844894	2.04579923242089	2.30354371241481
2.533458562302	1.78894411816167	2.04952146796573	2.30550552235557
2.53917599649767	1.79833814893159	2.05598637285002	2.31616981277239
2.54489343069335	1.80380811160476	2.06123431806297	2.31538802115665
2.55061086488902	1.80970076248774	2.06598174047894	2.32249642822963
2.55632829908469	1.81057864043416	2.07128581802913	2.33038063998558
2.56204573328037	1.81671956602557	2.07490277630174	2.32958378851857
2.56776316747604	1.81847338420233	2.08086069305785	2.33694532818319
2.57348060167172	1.82612217718266	2.08427797807809	2.34465821832945
2.57919803586739	1.83289238553219	2.08990570837055	2.35130848272049
2.58491547006307	1.83602670900187	2.09665296742072	2.35308043631612
2.59063290425874	1.83952078951712	2.09881820999659	2.36102620481873
2.59635033845442	1.84610093951335	2.10493127457515	2.36289532085911
2.60206777265009	1.84942733924661	2.10962380560548	2.36893270941515
2.60778520684577	1.8545973149333	2.11530393591707	2.37064331724528
2.61350264104144	1.85498542394223	2.12030869585422	2.37666107849077
2.61922007523711	1.86034358214311	2.12455284852435	2.38563514157487
2.62493750943279	1.87342173511475	2.12888989458989	2.39090563151857
2.63065494362846	1.87213618439202	2.13733530415516	2.39570309286453
2.63637237782414	1.87994682392653	2.13872742164397	2.39940688271922
2.64208981201981	1.88559772675853	2.1440449836258	2.40556906593765
2.64780724621549	1.88764565660675	2.14952655209409	2.41135651787871
2.65352468041116	1.88985101587988	2.15470424888542	2.41533888066889
2.65924211460684	1.89855725355211	2.15872311121749	2.42519200290586
2.66495954880251	1.90284443123349	2.16599985582063	2.42536795399974
2.67067698299819	1.90718815979152	2.16773812976683	2.4281897863926
2.67639441719386	1.91267685139538	2.17169561221953	2.43480401825855
2.68211185138953	1.91508904325609	2.17658571630825	2.44313482128425
2.68782928558521	1.92129606710951	2.18122970522609	2.44498524520861
2.69354671978088	1.92273063662532	2.18945199153464	2.45086182569756
2.69926415397656	1.93027201866324	2.19354674884689	2.45444209608785
2.70498158817223	1.93407389099283	2.19845751891621	2.45814444891407
2.71069902236791	1.94077118130624	2.20430339406564	2.46073152054455
2.71641645656358	1.94364198375783	2.20768306191081	2.47312225748711
2.72213389075926	1.95071951389378	2.21368724059232	2.4765821554552
2.72785132495493	1.9582559877599	2.21727632801922	2.4772245780205
2.73356875915061	1.96278620513464	2.22318227263673	2.48482114362245
2.73928619334628	1.96346722426113	2.22855036619224	2.49741784189691
2.74500362754195	1.97207157641693	2.23183920997011	2.49357966347896
2.75072106173763	1.97664449928354	2.2391882336301	2.50104662081477
2.7564384959333	1.98185497098463	2.24349124832765	2.50396026911469
2.76215593012898	1.98743291539696	2.24634247298534	2.51204339301672
2.76787336432465	1.99272743347182	2.2532252643554	2.51692129500503
2.77359079852033	1.99422529266054	2.26004028977786	2.51959529839962
2.779308232716	2.00141912064613	2.26231789647953	2.52232296282605
2.78502566691168	2.00552782855091	2.26843948337386	2.53333966123251
2.79074310110735	2.00703555406552	2.27370365697871	2.53733613980033
2.79646053530303	2.01530576300067	2.27928762217022	2.53851459141919
2.8021779694987	2.02017655485433	2.28237633687762	2.54467193517302
2.80789540369437	2.02239893133226	2.28524268834128	2.54433193237362
2.81361283789005	2.02592376252742	2.29310728819126	2.55238707113461
2.81933027208572	2.03129133078914	2.29716229977356	2.56320171580442
2.8250477062814	2.03822433199769	2.30532465650488	2.57265752891014
2.83076514047707	2.04453411696111	2.30712598510023	2.57269529811542
2.83648257467275	2.04742917608543	2.31128319807046	2.57310222326874
2.84220000886842	2.04854574699445	2.31757395582201	2.57832407593726
2.8479174430641	2.05830733720621	2.32226458338622	2.585310116193
2.85363487725977	2.06187653149709	2.32609245501645	2.5903788393312
2.85935231145545	2.06871871119415	2.3315966343252	2.59703325860128
2.86506974565112	2.07153702651915	2.33635932399649	2.60209258962367
2.87078717984679	2.07561238931549	2.34101067706782	2.60874879015377
2.87650461404247	2.0815728953837	2.34676842871206	2.61020095496257
2.88222204823814	2.08670735261333	2.3517298304488	2.61678644866168
2.88793948243382	2.08972467090853	2.35751274146974	2.62332114031995
2.89365691662949	2.09446434181259	2.36437578761251	2.62811024123109
2.89937435082517	2.09977320126591	2.36703231719698	2.6312710674648
2.90509178502084	2.11011421990993	2.37044932580373	2.63163764500648
2.91080921921652	2.10896445924277	2.37813921364115	2.64198487863753
2.91652665341219	2.11092869665214	2.38136249947801	2.64875896319316
2.92224408760787	2.12222239160061	2.38796791829688	2.65177463349262
2.92796152180354	2.12384299490172	2.39185351672967	2.65272245308816
2.93367895599921	2.12777237659613	2.39496481306662	2.65896214649635
2.93939639019489	2.13288888195525	2.40344416568852	2.66911933587129
2.94511382439056	2.13475368038004	2.40560018880547	2.67087042928234
2.95083125858624	2.14791944746055	2.4106218654	2.67882094423436
2.95654869278191	2.15610433252336	2.41638459467467	2.68043317114338
2.96226612697759	2.15559496043518	2.41953555494768	2.68407042884114
2.96798356117326	2.16132156242161	2.42468751070111	2.69204461636969
2.97370099536894	2.16354071892055	2.43004827447724	2.69432430807134
2.97941842956461	2.16899316130736	2.43758653448045	2.70456375778563
2.98513586376029	2.17306255642717	2.43862313032495	2.7051520434693
2.99085329795596	2.17808621454566	2.44625313816335	2.70981534609978
2.99657073215163	2.18436110884725	2.45080056712192	2.71993175889656
3.00228816634731	2.18645254289146	2.45642121624665	2.72554722644761
3.00800560054298	2.19266034295167	2.46060056551226	2.72684928995459
3.01372303473866	2.19501488410612	2.46648121446469	2.73526044125135
3.01944046893433	2.20646376246395	2.46974859650381	2.73463573425831
3.02515790313001	2.20555278849653	2.47671193149095	2.74232185195188
3.03087533732568	2.21183577576815	2.48021265709046	2.74639866353894
3.03659277152136	2.22037659602366	2.48441487398989	2.75128056993591
3.04231020571703	2.21973221768241	2.49059764534346	2.7527604189803
3.0480276399127	2.22311701073397	2.49629637180794	2.76947852011847
3.05374507410838	2.23715573976006	2.50096290733663	2.76898971407697
3.05946250830405	2.23111706341575	2.5052120059818	2.77306752857995
3.06517994249973	2.24090134531103	2.50832893374171	2.78351512682256
3.0708973766954	2.25055316343916	2.51542966003258	2.7834143770311
3.07661481089108	2.24688918385118	2.52054090055914	2.78688447070548
3.08233224508675	2.25348097740853	2.52545912053971	2.7918906850704
3.08804967928243	2.25964511155841	2.53091641585347	2.79982448171136
3.0937671134781	2.26688131813258	2.53526709200337	2.80241840967551
3.09948454767378	2.27548646203395	2.54014251923298	2.8106843043258
3.10520198186945	2.27278962760706	2.54287220023275	2.81206151888465
3.11091941606513	2.28122777195535	2.54989052859135	2.81630519796073
3.1166368502608	2.2858039921241	2.55355383413193	2.82415860645084
3.12235428445647	2.28773536208476	2.56108056370035	2.83202627069281
3.12807171865215	2.29368081727411	2.56606289095385	2.83416065405238
3.13378915284782	2.29853308010622	2.56876983451166	2.84220655975026
3.1395065870435	2.30500591997906	2.57443289572604	2.84675647312698
3.14522402123917	2.3104379041575	2.57912995273051	2.85074108793
3.15094145543485	2.31480534234661	2.58375914255063	2.85144290419179
3.15665888963052	2.31961284020752	2.58999897456463	2.85802936435904
3.1623763238262	2.32050814236689	2.59259960380254	2.85971194428807
3.16809375802187	2.3246435751064	2.59796628118291	2.86967040530622
3.17381119221755	2.33061489277875	2.6052159900954	2.87042005042506
3.17952862641322	2.33625152836397	2.60906226302928	2.87483668257434
3.18524606060889	2.34264080802353	2.61390347248889	2.8870783529014
3.19096349480457	2.34614694644829	2.61788069286591	2.88858713141502
3.19668092900024	2.35174155754427	2.6234257874628	2.89729250113755
3.20239836319592	2.35593210903501	2.62679843792252	2.89921576803304
3.20811579739159	2.36229216893587	2.63453537420162	2.90689098773109
3.21383323158727	2.36905369672109	2.64038341498185	2.90997441846682
3.21955066578294	2.37067650086066	2.64391155361196	2.91440189856167
3.22526809997862	2.37694538868764	2.64997620042493	2.92215779352921
3.23098553417429	2.38135134852261	2.65389028000382	2.92412007371534
3.23670296836997	2.38478343479143	2.656857979928	2.9251010252934
3.24242040256564	2.39580564304376	2.66496885310166	2.93423742340225
3.24813783676131	2.39460743348152	2.66863129364947	2.93650776137186
3.25385527095699	2.39896492131796	2.67082916761802	2.94618418275549
3.25957270515266	2.40457360404969	2.67805661784074	2.94809096535622
3.26529013934834	2.41241485023713	2.68309849359778	2.95436164660228
3.27100757354401	2.41101758965457	2.68800982595406	2.96063698694866
3.27672500773969	2.41670267873238	2.69113296721874	2.96142323081998
3.28244244193536	2.42466321944231	2.6985668944423	2.96826877821894
3.28815987613104	2.43187273706272	2.70360467868741	2.97888387427867
3.29387731032671	2.43442108330277	2.70863630951388	2.9776550610161
3.29959474452239	2.43328223513473	2.71066181630202	2.98723573396531
3.30531217871806	2.44708451754423	2.71935045690601	2.99282806667013
3.31102961291373	2.44655141465947	2.72452744847862	2.99199155708351
3.31674704710941	2.4546118433495	2.7293315851528	3.00192452719729
3.32246448130508	2.45695176022165	2.73259933979339	3.00301535929324
3.32818191550076	2.46534965286313	2.73818617596596	3.01228165779125
3.33389934969643	2.46526495353618	2.74298408878371	3.01971066843999
3.33961678389211	2.47305714174344	2.74766547980318	3.02114329227433
3.34533421808778	2.47095266953011	2.75161900299816	3.02481790735193
3.35105165228346	2.48324027274476	2.75851142228479	3.02851154928767
3.35676908647913	2.4864710363676	2.76155542190241	3.03113197393173
3.36248652067481	2.49450962929791	2.76662435428142	3.03966136590437
3.36820395487048	2.49757360335087	2.77389861554196	3.04902062804301
3.37392138906615	2.49776365059719	2.77866478158939	3.05191762859359
3.37963882326183	2.50579973547261	2.78403029080412	3.05892107608895
3.3853562574575	2.50985444534006	2.78713403667788	3.06192089884176
3.39107369165318	2.51301357419597	2.79249894029185	3.07068316930431
3.39679112584885	2.52143651243467	2.79782162733059	3.07696116889597
3.40250856004453	2.5253212713695	2.80141213664159	3.07584148489755
3.4082259942402	2.52619726960696	2.80543250596336	3.08340398302918
3.41394342843588	2.52972152832281	2.81227506598216	3.08882998105787
3.41966086263155	2.53892311816709	2.81590265918149	3.09452166164211
3.42537829682722	2.54423490835926	2.82224818976963	3.09839770651787
3.4310957310229	2.5481645873508	2.82671368137562	3.10055845842437
3.43681316521857	2.55195965461193	2.83212936858889	3.11244323679223
3.44253059941425	2.56055797386027	2.83889122570705	3.11111100466908
3.44824803360992	2.5624171268453	2.83861438089464	3.1171162870479
3.4539654678056	2.56831924747331	2.8466918200058	3.12620399836145
3.45968290200127	2.57530114333561	2.8523907506339	3.13428877279778
3.46540033619695	2.57375303056759	2.85692416727056	3.13388989819214
3.47111777039262	2.57930877336087	2.86153914824464	3.13724935899389
3.4768352045883	2.58469266907244	2.86561429815297	3.14632698344883
3.48255263878397	2.59083967263185	2.87057958516148	3.14536837071986
3.48827007297964	2.59499489125533	2.87621494934667	3.15305137436687
3.49398750717532	2.60958626763701	2.88051043569942	3.16005410314656
3.49970494137099	2.60818916107484	2.88528573531564	3.1619076264409
3.50542237556667	2.61059395983466	2.892547121518	3.17061672553568
3.51113980976234	2.61549347436601	2.89710834094035	3.17724753967494
3.51685724395802	2.62765259924294	2.90226072968663	3.17961909853986
3.52257467815369	2.62646109192599	2.90515239239689	3.18566669434179
3.52829211234937	2.62902128341982	2.91008349941776	3.18959589246735
3.53400954654504	2.63927826703261	2.91730783399267	3.19619222392124
3.53972698074072	2.64310567555269	2.91989208799269	3.19911152646727
3.54544441493639	2.64969282129903	2.92472661732861	3.20676874245016
3.55116184913207	2.64902430015211	2.93028122624067	3.20976180212594
3.55687928332774	2.65947231944852	2.9348652117778	3.21589470296872
3.56259671752341	2.66276882335108	2.94139968104865	3.21804975303103
3.56831415171909	2.66943157656599	2.94322790350791	3.22309373423222
3.57403158591476	2.66770631596333	2.95073672658161	3.22930317276285
3.57974902011044	2.67742986841835	2.95483455159507	3.23487062426495
3.58546645430611	2.67791115140775	2.95833339030101	3.23914604383376
3.59118388850179	2.68390268804869	2.96382494524721	3.24619751615573
3.59690132269746	2.68534800473532	2.96951402778701	3.25653065676575
3.60261875689314	2.69106862221963	2.97396651445381	3.25939841478215
3.60833619108881	2.69642146678362	2.97983005540405	3.26558376674854
3.61405362528449	2.70542953597193	2.98565504021274	3.26928370817915
3.61977105948016	2.70947328840311	2.98826831011379	3.27346315981636
3.62548849367583	2.70765919400318	2.99601977747797	3.27550217432819
3.63120592787151	2.71475093417975	3.00032569757182	3.28383654658202
3.63692336206718	2.72173869396234	3.00651885476408	3.28336423776311
3.64264079626286	2.72600537823565	3.01004687635735	3.2889938208195
3.64835823045853	2.73233817938974	3.01456416894076	3.2939079233082
3.65407566465421	2.73586634339846	3.01891853709151	3.30497880522945
3.65979309884988	2.74099965415321	3.0269258943124	3.30237291751608
3.66551053304556	2.74734125807668	3.02801740167883	3.31052964348609
3.67122796724123	2.74989910303441	3.03268422814589	3.31526965824992
3.67694540143691	2.75744300795476	3.03974100379259	3.32006160144751
3.68266283563258	2.76140774630864	3.04397679854796	3.32210532582995
3.68838026982825	2.76416480586009	3.04840430168371	3.3345683940284
3.69409770402393	2.77243320990353	3.05140991095121	3.33862358217138
3.6998151382196	2.77936219524763	3.05993829259705	3.34207440198261
3.70553257241528	2.7797438755395	3.06225874747469	3.34221695382996
3.71125000661095	2.78589825171653	3.07069641535919	3.34958054235221
3.71696744080663	2.79473674562185	3.0736378665402	3.36039057071886
3.7226848750023	2.79362584854715	3.07783877341186	3.37002363112236
3.72840230919798	2.79986531497291	3.08437581334584	3.36814695214862
3.73411974339365	2.80215283293387	3.08968551842764	3.3751003780839
3.73983717758932	2.81211234882388	3.0932710278735	3.37759023421656
3.745554611785	2.81104414843569	3.10044239712037	3.38629370674245
3.75127204598067	2.82048031358766	3.10284832519589	3.38680388157796
3.75698948017635	2.82615932014673	3.10966059540483	3.39143100350163
3.76270691437202	2.82358385447485	3.11289284567379	3.39747032067564
3.7684243485677	2.83239476146283	3.11769476950943	3.40016865206507
3.77414178276337	2.83728211038226	3.12346275850644	3.40570939680806
3.77985921695905	2.84508612304323	3.12781461515984	3.41331433427483
3.78557665115472	2.8449258401052	3.13347968215796	3.41573025982766
3.7912940853504	2.8526487251488	3.13788770697191	3.42224765902515
3.79701151954607	2.85946772203313	3.1437344267103	3.42795510437386
3.80272895374174	2.86385194970398	3.14693434127992	3.43254045101391
3.80844638793742	2.86786940690543	3.15099169519918	3.43982446322868
