"mitochan"	"lwrNorm"	"medNorm"	"uprNorm"
-1.90327037354145	-3.86575683360783	-2.72821406352513	-1.61098186258778
-1.89616204912226	-3.8530159473171	-2.71429171009794	-1.59521885701953
-1.88905372470308	-3.82966918863898	-2.70454691641223	-1.59631442285778
-1.88194540028389	-3.82773205485232	-2.69789890308929	-1.59152957968626
-1.8748370758647	-3.80644200174219	-2.68955608600073	-1.57603275284643
-1.86772875144552	-3.80571145282227	-2.67862329117114	-1.57201172972484
-1.86062042702633	-3.80438628219284	-2.66977920460227	-1.56424972179778
-1.85351210260715	-3.77867590586157	-2.65688414911049	-1.56610180681354
-1.84640377818796	-3.77092845346592	-2.64310924618472	-1.55052640354995
-1.83929545376877	-3.75416070235589	-2.64192930718121	-1.54892463885559
-1.83218712934959	-3.73955951029502	-2.62590496179098	-1.54185916404542
-1.8250788049304	-3.72956961356551	-2.62067475930296	-1.52538722287599
-1.81797048051122	-3.71234332083893	-2.61211844877091	-1.52934480614534
-1.81086215609203	-3.70475447477933	-2.60036330251281	-1.52880160234147
-1.80375383167284	-3.69600862866037	-2.5936556541629	-1.52218654014257
-1.79664550725366	-3.68229209199492	-2.58114215035348	-1.50658624777086
-1.78953718283447	-3.66076484476169	-2.57251950032306	-1.49920232211042
-1.78242885841529	-3.65634661683307	-2.56483835760019	-1.50178291679434
-1.7753205339961	-3.63280828323102	-2.55537658793851	-1.49514600541378
-1.76821220957691	-3.62848659915375	-2.54256128404388	-1.48700618598641
-1.76110388515773	-3.61280948763565	-2.53493409129666	-1.47153107857056
-1.75399556073854	-3.60114156965276	-2.52682884820083	-1.46371024416813
-1.74688723631936	-3.59156621637719	-2.51394243971613	-1.45241813408308
-1.73977891190017	-3.57978912030598	-2.5064339016014	-1.44786272304644
-1.73267058748098	-3.56062628860632	-2.49877702442112	-1.44566941146133
-1.7255622630618	-3.55103022212675	-2.48674293442294	-1.4372999662644
-1.71845393864261	-3.54505583055752	-2.47762532571368	-1.4447869119924
-1.71134561422343	-3.52977459685193	-2.4664625350928	-1.43199603653526
-1.70423728980424	-3.51254285166206	-2.45539468911557	-1.4121639429832
-1.69712896538505	-3.50306628494538	-2.44827723821264	-1.41437780645644
-1.69002064096587	-3.48772933916197	-2.43852760863672	-1.40482761047346
-1.68291231654668	-3.48130467970639	-2.42834277731633	-1.40932141701299
-1.6758039921275	-3.47060057884818	-2.41626339321837	-1.396494398926
-1.66869566770831	-3.46164170544565	-2.41190022176024	-1.38305172853673
-1.66158734328912	-3.43402563199487	-2.40207249574345	-1.38658352711345
-1.65447901886994	-3.43056578387413	-2.39013443193684	-1.38261498001606
-1.64737069445075	-3.419163017957	-2.38011385248533	-1.36252586601395
-1.64026237003157	-3.4099423933938	-2.37186577682513	-1.36203236283905
-1.63315404561238	-3.38438187434821	-2.36500356086316	-1.34824091722616
-1.62604572119319	-3.37481458777406	-2.35236270668219	-1.34589829836257
-1.61893739677401	-3.36171747195109	-2.34465051239206	-1.34068742441478
-1.61182907235482	-3.34584570047371	-2.33673888988718	-1.33857000643019
-1.60472074793564	-3.34762212624078	-2.32283755987017	-1.32535594855375
-1.59761242351645	-3.32495472348155	-2.31683525455527	-1.32092456607365
-1.59050409909726	-3.31431587465218	-2.30075145674865	-1.30663488268902
-1.58339577467808	-3.30764939379493	-2.29575315115353	-1.29623124130486
-1.57628745025889	-3.29241776611757	-2.28498019048175	-1.30249565927694
-1.56917912583971	-3.27450089096668	-2.27294530074185	-1.29217019313201
-1.56207080142052	-3.25787498016507	-2.26644652766484	-1.28706851527064
-1.55496247700133	-3.25163668300029	-2.2584055558768	-1.27468213192888
-1.54785415258215	-3.2484206891159	-2.25066762834987	-1.27854144090603
-1.54074582816296	-3.22471273091026	-2.23568359845387	-1.26752476796559
-1.53363750374378	-3.2242552556584	-2.2299660434289	-1.25302508536653
-1.52652917932459	-3.20545627549346	-2.22064044969142	-1.24638153698474
-1.5194208549054	-3.19413756453018	-2.21010141122064	-1.23764236412829
-1.51231253048622	-3.16920090708757	-2.20200053664009	-1.2372253967832
-1.50520420606703	-3.17424022926912	-2.18969735381992	-1.22457442151729
-1.49809588164785	-3.15619836139449	-2.17570899357276	-1.22434749449959
-1.49098755722866	-3.13963692644427	-2.16899498273538	-1.21904814871753
-1.48387923280947	-3.1338393054777	-2.15961304186399	-1.20646484786527
-1.47677090839029	-3.11809908163112	-2.15437333763574	-1.20985374974807
-1.4696625839711	-3.10028276357733	-2.14192049116238	-1.20526757639593
-1.46255425955192	-3.08668233673785	-2.13183495723431	-1.18799161224712
-1.45544593513273	-3.08428192619785	-2.12166011946297	-1.18105301649053
-1.44833761071354	-3.06741893778755	-2.10997740884695	-1.18073729133565
-1.44122928629436	-3.06615139387952	-2.10332052456116	-1.17031782604734
-1.43412096187517	-3.04334304313751	-2.09483767942512	-1.17212342275656
-1.42701263745599	-3.03466952448331	-2.08885202330647	-1.16142691154647
-1.4199043130368	-3.01966619119104	-2.07620428870668	-1.15056892870025
-1.41279598861761	-2.99776542458095	-2.05999682889758	-1.14705962796884
-1.40568766419843	-2.98338758855435	-2.05655356035742	-1.1223624584632
-1.39857933977924	-2.98438302519676	-2.04498255879721	-1.12989160695831
-1.39147101536006	-2.96481697368695	-2.03569746042467	-1.11624357057687
-1.38436269094087	-2.9626443773555	-2.02911059147669	-1.11253581132872
-1.37725436652168	-2.93744059487242	-2.01665027729939	-1.09953246021024
-1.3701460421025	-2.9301441038756	-2.0084187821749	-1.09703550220433
-1.36303771768331	-2.92799486175468	-1.9982452637649	-1.09737119027838
-1.35592939326413	-2.91039055205659	-1.99361558185964	-1.08243738293831
-1.34882106884494	-2.90887845206493	-1.97749763690537	-1.0828170780051
-1.34171274442575	-2.88765643436657	-1.96808163838202	-1.07374575368734
-1.33460442000657	-2.87476841418938	-1.96028893270317	-1.06804770900759
-1.32749609558738	-2.85964725437605	-1.94919739842179	-1.05268046921294
-1.3203877711682	-2.85560870544542	-1.93896815134793	-1.04136829523415
-1.31327944674901	-2.83855584831115	-1.92809472683992	-1.04125208866584
-1.30617112232982	-2.83022239650983	-1.92193513293796	-1.0331160519224
-1.29906279791064	-2.80163526786604	-1.91241774528547	-1.04162877325952
-1.29195447349145	-2.79365172409219	-1.9012108553733	-1.0233134794621
-1.28484614907227	-2.78377998769267	-1.89113884294674	-1.01973625846898
-1.27773782465308	-2.76776873946605	-1.88299771668503	-1.01526253418324
-1.27062950023389	-2.75825220638923	-1.87419044348688	-1.00075521365832
-1.26352117581471	-2.7519929804568	-1.86262609685467	-0.991077585561749
-1.25641285139552	-2.74199436899289	-1.85453395817991	-0.988487552015421
-1.24930452697634	-2.72095994813396	-1.84295720873517	-0.974896040211148
-1.24219620255715	-2.71532979268735	-1.83475397101258	-0.977880983705356
-1.23508787813796	-2.70596613276117	-1.8251236017172	-0.968258742447725
-1.22797955371878	-2.69131216834119	-1.81765964321585	-0.967334394214088
-1.22087122929959	-2.67944067129266	-1.80835640068068	-0.96074406216606
-1.21376290488041	-2.66716133036173	-1.79907457742661	-0.946603934248998
-1.20665458046122	-2.66027681044014	-1.78632325320359	-0.944410669740281
-1.19954625604203	-2.63735484313186	-1.77559835952414	-0.930335397946412
-1.19243793162285	-2.63040165983739	-1.76741654212263	-0.918580627141728
-1.18532960720366	-2.6196172728707	-1.75597729906931	-0.920125738476645
-1.17822128278448	-2.61009995274038	-1.7494389819733	-0.908252174198047
-1.17111295836529	-2.5879949002288	-1.74104772760774	-0.903333109974629
-1.1640046339461	-2.58445037867033	-1.72990112133034	-0.899882774878669
-1.15689630952692	-2.57346331770131	-1.71803986360609	-0.883478590009832
-1.14978798510773	-2.56141509131158	-1.71071506185459	-0.882527265365982
-1.14267966068855	-2.53811325784382	-1.7008753897297	-0.884067475138201
-1.13557133626936	-2.53717469278981	-1.68839262213064	-0.870436796682276
-1.12846301185017	-2.51687796293561	-1.67983751916385	-0.860874927664396
-1.12135468743099	-2.50765532459366	-1.67501595589346	-0.848869083052678
-1.1142463630118	-2.49285077224619	-1.66082649949862	-0.855003214650719
-1.10713803859262	-2.48776291824928	-1.65078326104531	-0.844529034277208
-1.10002971417343	-2.47722523745618	-1.64063896168204	-0.825145063898947
-1.09292138975424	-2.46243561965732	-1.63344001671828	-0.819800655420272
-1.08581306533506	-2.44351862510994	-1.62311033088605	-0.82058509008565
-1.07870474091587	-2.43564318125351	-1.61433864510657	-0.816539017357686
-1.07159641649669	-2.41771930543884	-1.60798017153853	-0.801892904646401
-1.0644880920775	-2.40387663517121	-1.59405599893401	-0.791599550720777
-1.05737976765831	-2.40369040394991	-1.58383653200456	-0.784367523801013
-1.05027144323913	-2.38808753248463	-1.57423016427711	-0.786825400085712
-1.04316311881994	-2.37253945813071	-1.56790972452238	-0.769105688467007
-1.03605479440076	-2.36205499412506	-1.55992577707776	-0.769391756861846
-1.02894646998157	-2.35204509654221	-1.54451779176175	-0.749090837355658
-1.02183814556238	-2.33932033315518	-1.53892386386592	-0.757597192484851
-1.0147298211432	-2.32427330593682	-1.5294337123471	-0.742662878750607
-1.00762149672401	-2.31235672023831	-1.52076797592404	-0.735571096857669
-1.00051317230483	-2.30715159071768	-1.50967279503966	-0.734112305421281
-0.99340484788564	-2.28890771786488	-1.49853833225764	-0.717998964965464
-0.986296523466454	-2.28764716751155	-1.48962549907175	-0.716414010001518
-0.979188199047268	-2.26331765790816	-1.48151804698466	-0.70909917308048
-0.972079874628082	-2.25119227191379	-1.47360459038617	-0.701839651976323
-0.964971550208896	-2.24534586109772	-1.45961376466929	-0.692075268324437
-0.95786322578971	-2.23488163565048	-1.45433687393394	-0.679421482726345
-0.950754901370524	-2.21560604640734	-1.4433800833548	-0.681948278719365
-0.943646576951338	-2.20382750626623	-1.43030329234872	-0.665299647359462
-0.936538252532152	-2.19437720627768	-1.4218998327322	-0.669071529287834
-0.929429928112966	-2.18881448080578	-1.41432659078487	-0.654453891996362
-0.92232160369378	-2.18126759452581	-1.40473193768775	-0.645157358564926
-0.915213279274594	-2.15702807775546	-1.3942339395076	-0.64318968832841
-0.908104954855408	-2.15452171271981	-1.38226420768158	-0.636229410065947
-0.900996630436222	-2.14033635695132	-1.37479482498516	-0.622573531182836
-0.893888306017036	-2.12304232149521	-1.36272649980438	-0.63292975444029
-0.88677998159785	-2.11314010028669	-1.35678589624259	-0.611047014535102
-0.879671657178664	-2.09677591929818	-1.34645740085126	-0.604848937738335
-0.872563332759478	-2.09295289952405	-1.33540005985937	-0.593892642409264
-0.865455008340292	-2.08620169442035	-1.32463108690413	-0.581741629531199
-0.858346683921106	-2.071276615893	-1.31683536185409	-0.579761674265203
-0.85123835950192	-2.05867396548656	-1.30873239765899	-0.571739384293263
-0.844130035082734	-2.05292184014196	-1.29761230729916	-0.563647786637906
-0.837021710663548	-2.03055088338895	-1.28559113349185	-0.550118470875928
-0.829913386244362	-2.01963563540796	-1.27853242533763	-0.549667329245224
-0.822805061825176	-2.01533837189582	-1.26824973697154	-0.539132914501137
-0.81569673740599	-1.99771419054079	-1.2616734945433	-0.538459062544901
-0.808588412986804	-1.99114644336269	-1.25329353526654	-0.534340120607449
-0.801480088567618	-1.97401706417157	-1.24128513392505	-0.518755871261931
-0.794371764148432	-1.97126293793044	-1.23008325291407	-0.510927886431982
-0.787263439729246	-1.94980817252347	-1.22513090755099	-0.505685709533154
-0.78015511531006	-1.93008689232029	-1.20939510845378	-0.502097094430733
-0.773046790890874	-1.92412272163295	-1.20065897928142	-0.486992497422354
-0.765938466471688	-1.92460419307661	-1.19055486417441	-0.480387799374696
-0.758830142052502	-1.90079090006881	-1.18288598498026	-0.471867201309778
-0.751721817633316	-1.88919884324346	-1.17467547000064	-0.465950321276921
-0.74461349321413	-1.88833943495544	-1.16286738176982	-0.457449464767834
-0.737505168794944	-1.87595930669323	-1.15432648356173	-0.445402362475657
-0.730396844375758	-1.85975949393854	-1.14539955460858	-0.438475123886871
-0.723288519956572	-1.84743823180654	-1.13346603066403	-0.438605804202309
-0.716180195537386	-1.83348350879092	-1.12679644987675	-0.423361779379665
-0.7090718711182	-1.82337162542695	-1.11570938510199	-0.420783155034111
-0.701963546699014	-1.81410214927982	-1.1067509989555	-0.405114890953647
-0.694855222279828	-1.79620003033478	-1.09660471896431	-0.404629864944694
-0.687746897860642	-1.79171422160065	-1.0875834802914	-0.392694817149505
-0.680638573441456	-1.78234810929956	-1.0776244084289	-0.385712954331231
-0.67353024902227	-1.76375744597617	-1.067316947081	-0.371021533853773
-0.666421924603084	-1.7547569416076	-1.0573450081479	-0.376992424824917
-0.659313600183898	-1.74290958650242	-1.04848500646324	-0.35854599197341
-0.652205275764712	-1.73320573168456	-1.03849112648507	-0.354233508097792
-0.645096951345526	-1.72011706401718	-1.02800323591776	-0.35118837015752
-0.63798862692634	-1.7099951680803	-1.01863285678835	-0.339178551256142
-0.630880302507154	-1.69653478127671	-1.00963484576194	-0.334911091104281
-0.623771978087968	-1.69086539135337	-0.999757959516962	-0.337444586098634
-0.616663653668782	-1.67991755005837	-0.990494772803438	-0.318511159291151
-0.609555329249596	-1.67155221089092	-0.980725991490336	-0.306137383315613
-0.60244700483041	-1.65600983485821	-0.972536072909969	-0.29924580847124
-0.595338680411224	-1.65117184690914	-0.963654429197914	-0.300332700802028
-0.588230355992038	-1.64041572875087	-0.952414953895474	-0.277290268348416
-0.581122031572852	-1.61666623733852	-0.940716834332614	-0.273481704307454
-0.574013707153666	-1.61372005003662	-0.93411144768624	-0.269840521974143
-0.56690538273448	-1.59923395165795	-0.926054819128712	-0.256561494919672
-0.559797058315294	-1.59267406447017	-0.915249583165659	-0.255938960438945
-0.552688733896108	-1.58470115422006	-0.905542392041108	-0.238838320428143
-0.545580409476921	-1.57258238253804	-0.897227216135486	-0.228369457561511
-0.538472085057736	-1.56097517253553	-0.885489572238589	-0.222102138304046
-0.53136376063855	-1.54492578421072	-0.874707759981004	-0.218868756351571
-0.524255436219363	-1.53800937481013	-0.864375278414057	-0.213397910481878
-0.517147111800178	-1.5149335291231	-0.856509999409536	-0.204974761470111
-0.510038787380992	-1.5185521317136	-0.84725828815467	-0.193759929083481
-0.502930462961805	-1.50328131822388	-0.83773670974533	-0.183854681218248
-0.49582213854262	-1.48214657904133	-0.827523858194449	-0.182948282765694
-0.488713814123434	-1.48032602062533	-0.816590135783783	-0.160581303808966
-0.481605489704247	-1.4686802204892	-0.8087000932503	-0.156736715922408
-0.474497165285061	-1.45494382396026	-0.796019973095719	-0.147760402856077
-0.467388840865876	-1.44173396620438	-0.789374665777463	-0.14342071124766
-0.460280516446689	-1.43794488700302	-0.778746909942028	-0.135146444237735
-0.453172192027503	-1.42307031082381	-0.770846547805567	-0.134675993822092
-0.446063867608318	-1.41602863897717	-0.759296619223611	-0.122065588938617
-0.438955543189131	-1.39993222908753	-0.753179985259382	-0.116784638247107
-0.431847218769945	-1.39898504208903	-0.741854361459577	-0.104492204113062
-0.42473889435076	-1.38954971570728	-0.731636969895508	-0.0927809248275535
-0.417630569931573	-1.37025572449222	-0.71839079231089	-0.0920324970090598
-0.410522245512387	-1.35929093683094	-0.712598445518123	-0.0744469573498172
-0.403413921093201	-1.34288257267481	-0.703122053012633	-0.0696579519515381
-0.396305596674015	-1.34466517953264	-0.694408274181776	-0.05920984260216
-0.389197272254829	-1.32445794595755	-0.683426842713073	-0.050141754773395
-0.382088947835643	-1.31350587465393	-0.674142041440548	-0.0442710215658806
-0.374980623416457	-1.30850761899252	-0.663340814859715	-0.0341558293551775
-0.367872298997271	-1.28940554166461	-0.655432827315067	-0.0302086666375659
-0.360763974578085	-1.29011621362093	-0.64633672907307	-0.0174129586029159
-0.353655650158899	-1.26518644161825	-0.633935577919195	-0.0080944513516036
-0.346547325739713	-1.26051785673419	-0.625972350786178	0.00589636277075817
-0.339439001320527	-1.25856113104486	-0.617890335901514	0.00302610425150337
-0.332330676901341	-1.25123446543819	-0.604548878896786	0.0176129708544599
-0.325222352482155	-1.22963993230833	-0.598278353094204	0.0261774737261208
-0.318114028062969	-1.2237057359932	-0.587241168553168	0.0357702627970226
-0.311005703643783	-1.22060646669384	-0.576320304255066	0.0345544036137243
-0.303897379224597	-1.20168980413894	-0.569129688943769	0.057512019260206
-0.296789054805411	-1.18801769478033	-0.55873561429087	0.0574193363988324
-0.289680730386225	-1.18395569544878	-0.552069127534332	0.0706192758025032
-0.282572405967039	-1.16880032250109	-0.539954194571251	0.0794547202599813
-0.275464081547853	-1.16575638108289	-0.531565771397198	0.0930713550964922
-0.268355757128667	-1.14980754491191	-0.516587978489306	0.096424988545695
-0.261247432709481	-1.14422506009069	-0.51154902187932	0.103845926525311
-0.254139108290295	-1.13017276537584	-0.501783053442628	0.111713346373142
-0.247030783871109	-1.12537221286228	-0.494200475228785	0.122602859250392
-0.239922459451923	-1.11588875349256	-0.482611264132675	0.138249144011654
-0.232814135032737	-1.0983681518507	-0.474513551031268	0.138967523757577
-0.225705810613551	-1.08349278463598	-0.465134478598648	0.152326324314544
-0.218597486194365	-1.0780636253616	-0.454587783716393	0.160288550713675
-0.211489161775179	-1.05778574463657	-0.446302003758901	0.172652773467374
-0.204380837355993	-1.0548074967505	-0.435223745892126	0.17713569234203
-0.197272512936807	-1.05340245443411	-0.421187110219797	0.188582758099953
-0.190164188517621	-1.03811363431046	-0.416005830793976	0.185614947305469
-0.183055864098435	-1.02829064072582	-0.407645001629306	0.207595764925313
-0.175947539679249	-1.01804513100761	-0.395631464278369	0.225658092576369
-0.168839215260063	-1.00738242347847	-0.384540293836044	0.222157273080005
-0.161730890840877	-1.00085204724643	-0.376704751852678	0.233938073065579
-0.154622566421691	-0.99693494888683	-0.365178616514219	0.243601567034702
-0.147514242002505	-0.978449521534145	-0.357101475380164	0.24202241041042
-0.140405917583319	-0.974116175732698	-0.347851644208391	0.259310608838546
-0.133297593164133	-0.952896630489983	-0.336708657646802	0.267086040203821
-0.126189268744947	-0.938627244558665	-0.329334659709699	0.275015742740098
-0.119080944325761	-0.933024730647414	-0.31580967826884	0.283276773196131
-0.111972619906575	-0.924432208998131	-0.308011706734923	0.297177437068459
-0.104864295487389	-0.91553606304078	-0.296311396033371	0.302427754661777
-0.097755971068203	-0.90604506150635	-0.292442919067769	0.312930952193826
-0.0906476466490171	-0.898469058748757	-0.280613370492721	0.326192804425596
-0.0835393222298311	-0.881261577053827	-0.269853548311864	0.334839474185518
-0.076430997810645	-0.870221066897201	-0.264826250433603	0.34285983377269
-0.0693226733914591	-0.866411773312861	-0.250415285890786	0.345824847871315
-0.0622143489722731	-0.85616580087757	-0.242485555776504	0.365741483901268
-0.055106024553087	-0.846123525839223	-0.235001146431505	0.370032600045071
-0.0479977001339011	-0.84199097169712	-0.223343655092996	0.380771327808928
-0.0408893757147151	-0.824913072082281	-0.213374747133156	0.390188586003172
-0.033781051295529	-0.820985570864313	-0.206019853278864	0.39907377953282
-0.0266727268763429	-0.807668189218321	-0.19394564808838	0.409224706913498
-0.0195644024571571	-0.796236025785895	-0.186263850069186	0.42076635928393
-0.012456078037971	-0.79070452847386	-0.177715228131691	0.420648174359816
-0.00534775361878492	-0.777894182021193	-0.165691306509939	0.437214820107968
0.00176057080040093	-0.77215436327544	-0.155593266073179	0.458394373259324
0.008868895219587	-0.762476797541483	-0.146536395329245	0.454693338232987
0.0159772196387731	-0.746668630187233	-0.137563849356225	0.474706458169556
0.0230855440579589	-0.75675831360004	-0.1275846038211	0.472793657345846
0.030193868477145	-0.735958707013906	-0.118612504840481	0.484158941298618
0.0373021928963311	-0.720896038126279	-0.109330361007791	0.497271464700258
0.0444105173155172	-0.709674701850375	-0.0981840512985321	0.506971378301505
0.051518841734703	-0.703611693367206	-0.088612808921709	0.516312032501185
0.0586271661538891	-0.689834864440008	-0.0805159724435568	0.533156666872806
0.0657354905730752	-0.683074723773678	-0.0687933708427989	0.544126000514619
0.072843814992261	-0.680693955761979	-0.0595442122062846	0.542298881091701
0.0799521394114471	-0.659723010561578	-0.0485992192809931	0.555739294876009
0.0870604638306332	-0.664511904338908	-0.0392140310300969	0.564862871215946
0.094168788249819	-0.645356298138456	-0.0318719485814828	0.577364485645995
0.101277112669005	-0.64020631309677	-0.0207245060382397	0.582759093402764
0.108385437088191	-0.62182784319328	-0.011810096830367	0.586556071020423
0.115493761507377	-0.626207116731544	-0.00276125590773577	0.614104948147258
0.122602085926563	-0.61404523986681	0.00640159000920022	0.616147023220023
0.129710410345749	-0.600665062213653	0.0169939735931926	0.61374014127765
0.136818734764935	-0.593338192369973	0.0257473323278065	0.637636276387201
0.143927059184121	-0.589572431082848	0.0336808983870039	0.645260838174234
0.151035383603307	-0.571045831540831	0.0473682354773712	0.649032672917446
0.158143708022493	-0.554792277191805	0.0534523578424723	0.663647595552112
0.165252032441679	-0.550486088373566	0.0622423252277993	0.665435296735172
0.172360356860865	-0.547992429291528	0.0738441908432679	0.682168701819576
0.179468681280051	-0.539482848541908	0.0855330158117508	0.689103630561632
0.186577005699237	-0.525943776273586	0.0928585550507867	0.71496031214904
0.193685330118423	-0.517857752482455	0.103216354051732	0.713372018669718
0.200793654537609	-0.507227997562793	0.111112086776049	0.724561933324001
0.207901978956795	-0.502266315682138	0.124827765274208	0.739560680202909
0.215010303375981	-0.493413431328406	0.13092673825821	0.739606981269943
0.222118627795167	-0.482469307592468	0.14045856289031	0.762343128119173
0.229226952214353	-0.473045839431717	0.150780970582338	0.765395055543261
0.236335276633539	-0.464724800753793	0.160437109020262	0.770587177661531
0.243443601052725	-0.454306529354791	0.167368554990941	0.789869045221294
0.250551925471911	-0.450984890338931	0.177691555274003	0.801927084806548
0.257660249891097	-0.436239736322285	0.191249956459465	0.808252910384804
0.264768574310283	-0.426141229529699	0.198859126042876	0.824791762649976
0.271876898729469	-0.42640836548807	0.207614376636639	0.825571936873389
0.278985223148655	-0.406565019202095	0.213612448858363	0.835494013883284
0.286093547567841	-0.408580932757504	0.226539816993023	0.849147084557099
0.293201871987027	-0.394902245360397	0.236694563602966	0.856121030886996
0.300310196406213	-0.382868355457325	0.246189171726313	0.86005167448616
0.307418520825399	-0.377183048917798	0.256139697964835	0.883275970136868
0.314526845244585	-0.367611666004098	0.268261061206514	0.883311673254096
0.321635169663771	-0.352227899255117	0.275340257952493	0.899337328314174
0.328743494082957	-0.344369947674009	0.284639126613276	0.911196520126695
0.335851818502143	-0.345313623700651	0.294700322743832	0.919248313939895
0.342960142921329	-0.338289085725628	0.301354144739591	0.932493739497466
0.350068467340515	-0.325880270582776	0.312303754381953	0.950103070032435
0.357176791759701	-0.314102018306556	0.321534885430506	0.953289643654432
0.364285116178888	-0.307039537925248	0.332705856691166	0.964489954246891
0.371393440598073	-0.298949345897526	0.341337614226238	0.970251746488333
0.378501765017259	-0.292534452965964	0.352832964273825	0.990011444526859
0.385610089436446	-0.283164047612345	0.362269872071882	0.995921450959081
0.392718413855631	-0.274332315673408	0.372718673211758	1.00645500405642
0.399826738274817	-0.271392749432308	0.381355360762953	1.01497866894801
0.406935062694004	-0.250074197198134	0.391464436506884	1.02351693241413
0.414043387113189	-0.25106773744735	0.400257126596684	1.04095349986093
0.421151711532375	-0.243847971630745	0.4107186792212	1.04353593251295
0.428260035951562	-0.232477617403707	0.419369769008608	1.0571765037165
0.435368360370747	-0.2210355749367	0.427042694937574	1.07747058142756
0.442476684789933	-0.221732372995216	0.439132306238733	1.08868050466674
0.44958500920912	-0.197285789567374	0.447930714150734	1.09348055503239
0.456693333628305	-0.19662982551648	0.457051478010722	1.10720832272286
0.463801658047491	-0.190797513416468	0.468414074202544	1.11726784520447
0.470909982466678	-0.193842925319011	0.478965099922998	1.12903373655929
0.478018306885863	-0.174439523120565	0.485531979278773	1.13356328096405
0.485126631305049	-0.158861351816129	0.494139387033142	1.14656906482952
0.492234955724236	-0.156429419416056	0.504450870287072	1.16138153297915
0.499343280143421	-0.148902153365871	0.511848261258725	1.16163893778433
0.506451604562608	-0.135438078393974	0.524958385203381	1.1828726202289
0.513559928981794	-0.128691879163061	0.53375232150442	1.17890433230911
0.520668253400979	-0.125628762181883	0.540187134726873	1.20474777770798
0.527776577820166	-0.119293295982577	0.552483883363068	1.2074475946152
0.534884902239352	-0.105516460500737	0.561672513978264	1.22433661396476
0.541993226658537	-0.0949683032867598	0.5746601627238	1.23317273222297
0.549101551077724	-0.0871063508442453	0.583051828011186	1.23958463311923
0.55620987549691	-0.0808186149141003	0.587978767029837	1.25079023814755
0.563318199916095	-0.0741682220061893	0.602268276525837	1.26753470054817
0.570426524335282	-0.0620072422166203	0.609018912163961	1.2798842925682
0.577534848754468	-0.0633414892206994	0.621249368967564	1.29287796762316
0.584643173173653	-0.0506002908918585	0.628685201837535	1.30562173172383
0.59175149759284	-0.0366777669603165	0.639405589308487	1.3068865259341
0.598859822012026	-0.0290120628024344	0.647558111657507	1.32501379542692
0.605968146431211	-0.0219035681862692	0.658614762057659	1.33892027759776
0.613076470850398	-0.0177844014389955	0.667257362674814	1.34753825925522
0.620184795269584	-0.0170286750843044	0.676244020218299	1.35537391253163
0.627293119688769	-0.00278570468050628	0.689883013292363	1.3739192676344
0.634401444107956	0.00769802490597755	0.696561915357493	1.38604326332289
0.641509768527142	0.0144562314022702	0.707787016417653	1.39692456151255
0.648618092946328	0.0199019264547754	0.716398483319666	1.41649319073462
0.655726417365514	0.0407907957743397	0.727988679424163	1.41560448249986
0.6628347417847	0.0422137156726403	0.733277358883763	1.4231257322838
0.669943066203886	0.0472886044524485	0.742363918569228	1.42785154554205
0.677051390623072	0.0485746636109546	0.752728995721115	1.4431356572416
0.684159715042258	0.0640285250408251	0.761276485891027	1.45319525223581
0.691268039461444	0.0643507949933826	0.774127926761543	1.46793911848091
0.69837636388063	0.0819103433659829	0.786814116503547	1.47762395032083
0.705484688299816	0.085669205880934	0.794264119772723	1.4903846127598
0.712593012719002	0.0906387263315014	0.803670027205915	1.50146379767429
0.719701337138188	0.10280794194042	0.813937661826735	1.51990175119029
0.726809661557374	0.105918855361444	0.824097196222809	1.5278708114942
0.73391798597656	0.117654144297766	0.830651485592671	1.54081386093898
0.741026310395746	0.126811952658887	0.840990639915773	1.55287611905422
0.748134634814932	0.136510846780404	0.852098335935987	1.56301604245774
0.755242959234118	0.140364838818146	0.86300669846649	1.56767112258696
0.762351283653304	0.152929450083147	0.872204038321276	1.58387265944992
0.76945960807249	0.156932420741591	0.877805748864801	1.60008795050553
0.776567932491676	0.16780795206578	0.888461896413704	1.60408178052647
0.783676256910862	0.176679055423603	0.896642924834053	1.6231574925897
0.790784581330048	0.181644755288951	0.906370106920312	1.63041770833587
0.797892905749234	0.187758968506945	0.915385304593462	1.64393728645565
0.80500123016842	0.196102615126443	0.929050572102759	1.65607376666583
0.812109554587606	0.206401795706255	0.938066368554946	1.66728427869463
0.819217879006792	0.208500039846862	0.947222477669967	1.67394300743549
0.826326203425978	0.223166396186749	0.958203860834844	1.69468387431416
0.833434527845164	0.231528722319273	0.964022715652849	1.70197494626536
0.84054285226435	0.236506884038945	0.974494390150014	1.71542841525979
0.847651176683536	0.240290767937346	0.984365071966134	1.71895219795845
0.854759501102722	0.252818515606932	0.994098300608099	1.73357233206807
0.861867825521908	0.257096900481568	1.00224604511253	1.75048087909482
0.868976149941094	0.258154111627572	1.01528336596871	1.76152869348945
0.87608447436028	0.274851215953226	1.02408005564088	1.77254420626321
0.883192798779466	0.285397323971331	1.03231292241489	1.77979951923071
0.890301123198652	0.293044078186372	1.04126114187464	1.80113278335863
0.897409447617838	0.292950952921388	1.05348571234232	1.80365613011809
0.904517772037024	0.309462916320987	1.06149133860196	1.81681635424677
0.91162609645621	0.307080942720308	1.07462102917123	1.83267075004542
0.918734420875396	0.310139504490388	1.0834938541275	1.83719807108031
0.925842745294582	0.322651290137352	1.09314153466645	1.85248635381688
0.932951069713768	0.330180145681744	1.10269880640193	1.86786922954305
0.940059394132954	0.338832213268449	1.11144007837589	1.87893297245747
0.94716771855214	0.346848274790408	1.12024430421438	1.88326733699356
0.954276042971326	0.360219494526998	1.13170554628797	1.89913685246381
0.961384367390512	0.363851591570689	1.13774232175257	1.90873054470756
0.968492691809698	0.372346042447058	1.15068383226526	1.93420251202563
0.975601016228884	0.381181727596261	1.15720219819317	1.93088350400916
0.98270934064807	0.393601260641146	1.16796706675959	1.93330423168273
0.989817665067256	0.397454329808276	1.1773357657801	1.94614792886207
0.996925989486442	0.397304245952955	1.18724962818648	1.96203992329313
1.00403431390563	0.395134325100678	1.19590415019639	1.98859551342457
1.01114263832481	0.418986095546488	1.20510314271703	2.00200834931774
1.018250962744	0.421854251499184	1.21338434944501	2.00341882762596
1.02535928716319	0.430197593879901	1.22166537862211	2.01811288382539
1.03246761158237	0.443098834243642	1.23277809294878	2.01835054433506
1.03957593600156	0.445718452151976	1.24490734460445	2.05007344420639
1.04668426042074	0.449353570953214	1.2538101596686	2.05062470088338
1.05379258483993	0.456063374989298	1.26184812300102	2.06423112040124
1.06090090925912	0.460256353944462	1.27360053509467	2.07655630124627
1.0680092336783	0.467775760814385	1.28329927821493	2.08279858738555
1.07511755809749	0.484434906652548	1.29301968584433	2.10946692310999
1.08222588251667	0.483748664542774	1.29907800079682	2.11585335578176
1.08933420693586	0.498456852019537	1.31289253702401	2.12754381241424
1.09644253135505	0.497812096483717	1.3202818702341	2.13259497982461
1.10355085577423	0.509491709244392	1.33123491595163	2.14561190511548
1.11065918019342	0.515952332012037	1.34202265977772	2.16089347211135
1.1177675046126	0.517757165733259	1.34616007587449	2.17057387433637
1.12487582903179	0.527585234934303	1.35923262456843	2.18916203604056
1.13198415345098	0.531788862299751	1.36746365363487	2.19418986970694
1.13909247787016	0.548826022225172	1.38038140861147	2.20547483514758
1.14620080228935	0.558808048021227	1.38794010689909	2.21447032946713
1.15330912670853	0.556222267736898	1.39717732762042	2.23364591676227
1.16041745112772	0.563880059580854	1.40558604387336	2.24652139656961
1.16752577554691	0.565657663762491	1.41824202568642	2.25222527734369
1.17463409996609	0.578333166977624	1.42712292132325	2.26642370474362
1.18174242438528	0.590229521834866	1.43782663355159	2.28501373009538
1.18885074880446	0.599903837545654	1.44523044068136	2.29188226471616
1.19595907322365	0.609452343408834	1.45285771049575	2.30616356033552
1.20306739764284	0.602017955768323	1.46342496773939	2.32058520508912
1.21017572206202	0.618302853547929	1.47422972634076	2.32790426300631
1.21728404648121	0.620104236134928	1.48511120238488	2.33192360291994
1.22439237090039	0.636770903614118	1.492024406563	2.3513759582848
1.23150069531958	0.640008002373285	1.50534059759217	2.36636268344732
1.23860901973877	0.641359565387918	1.50997665936232	2.37750378303054
1.24571734415795	0.658876841499148	1.5209072845298	2.39427618937018
1.25282566857714	0.659894756469681	1.53307845476107	2.40444713844772
1.25993399299632	0.66270320613202	1.54157236347783	2.42564615812325
1.26704231741551	0.663791117410037	1.54808938579521	2.41897913191798
1.2741506418347	0.677041327889528	1.56456481031084	2.43577891397948
1.28125896625388	0.687450411276925	1.5702922884155	2.45216792021544
1.28836729067307	0.697462838386409	1.58066622420909	2.46953752279685
1.29547561509225	0.703070713854783	1.5913402390763	2.48019346969231
1.30258393951144	0.70019749940084	1.59882358055054	2.47365728592957
1.30969226393063	0.718987321321642	1.60754385701293	2.49510887069295
1.31680058834981	0.72397285922548	1.61761965803317	2.51057985186973
1.323908912769	0.745423744473809	1.62857072607481	2.51592423064071
1.33101723718818	0.73296792035273	1.63745096625729	2.53568267691907
1.33812556160737	0.73928275675129	1.64524835456983	2.54671084784867
1.34523388602656	0.762756090972704	1.65431759426552	2.55930562642027
1.35234221044574	0.758199477732157	1.66387849195923	2.57613644251912
1.35945053486493	0.767620171483763	1.67279076442416	2.58563298409347
1.36655885928411	0.773841944243567	1.68234635286256	2.58712207059676
1.3736671837033	0.777472388341681	1.69008272856635	2.59753872614692
1.38077550812249	0.790099755722466	1.70371548055793	2.61865461797926
1.38788383254167	0.798630214480694	1.7139464969914	2.63601986718225
1.39499215696086	0.797906682347856	1.72473894566677	2.64325406943571
1.40210048138004	0.809448083060166	1.73296554761341	2.65317859378514
1.40920880579923	0.810338255252229	1.74405138374791	2.66839697824172
1.41631713021842	0.809277462348617	1.75102768314207	2.68505975862523
1.4234254546376	0.834210459848104	1.76302281027982	2.69424924192443
1.43053377905679	0.827944496282422	1.77150914722352	2.70600060769588
1.43764210347597	0.844775603501933	1.78183362488291	2.72054420378082
1.44475042789516	0.84206454204897	1.78720749215696	2.73475599024415
1.45185875231435	0.856161173049474	1.80073503571338	2.75024171444576
1.45896707673353	0.85771778616902	1.81002414365275	2.75017749058802
1.46607540115272	0.873558948590957	1.82313811681812	2.76284008989743
1.4731837255719	0.877922506603048	1.82938559645213	2.78322956929474
1.48029204999109	0.878617675267675	1.84202624208582	2.79838543668265
1.48740037441028	0.882585630899668	1.84945538731508	2.80591476921563
1.49450869882946	0.891432489441773	1.85825837273571	2.81407337044496
1.50161702324865	0.903543460644635	1.86728858311102	2.82177753654254
1.50872534766783	0.905370445134617	1.87428630857859	2.83211539653503
1.51583367208702	0.91528576576297	1.88445698519587	2.85279807702124
1.52294199650621	0.933820473116454	1.89743881072148	2.87443960075118
1.53005032092539	0.927659507603266	1.90669833695599	2.87771021560376
1.53715864534458	0.942018192926417	1.91518036718535	2.88643208749727
1.54426696976376	0.939252232207573	1.92268509849984	2.89956572311658
1.55137529418295	0.95022724243525	1.93335919613895	2.92856562853213
1.55848361860214	0.955465889384201	1.9427089338122	2.93113603463036
1.56559194302132	0.96770261263638	1.95245955967398	2.93243911737792
1.57270026744051	0.967292568104056	1.96701048771682	2.96527259766266
1.57980859185969	0.980879097773561	1.97225235254584	2.96287573931677
1.58691691627888	0.994351878585985	1.98289394166849	2.97107815951097
1.59402524069807	0.999976274406668	1.99090167517342	2.98859228060198
1.60113356511725	1.00665629094848	2.00165427737967	2.99498956737804
1.60824188953644	1.01049443333598	2.01277029423219	3.02227079282613
1.61535021395562	1.01530364350728	2.01976444325286	3.03587363740412
1.62245853837481	1.01780389882755	2.028744660115	3.05031803780501
1.629566862794	1.02879824956295	2.03985515573377	3.05036062896905
1.63667518721318	1.03212801668967	2.04962383454306	3.07119704398517
1.64378351163237	1.0411542371846	2.06098030904743	3.06823624823475
1.65089183605155	1.0511150308605	2.06604700201847	3.08311331565971
1.65800016047074	1.05264750313635	2.07929251635177	3.10717219446508
1.66510848488993	1.05800710090537	2.08787822361588	3.10860099778896
1.67221680930911	1.06508935437913	2.10217434960507	3.11817972663791
1.6793251337283	1.07391371758624	2.10504863167448	3.14557346118448
1.68643345814748	1.08329120213773	2.11590267224949	3.15928029341102
1.69354178256667	1.08487462135811	2.12475824043839	3.15720431628413
1.70065010698586	1.09226712872077	2.13721067013378	3.16405425483821
1.70775843140504	1.10137867028814	2.1440616302378	3.19291828915071
1.71486675582423	1.11184117869992	2.15775133635774	3.19536484138382
1.72197508024341	1.11338138771734	2.16908395719449	3.20899806031665
1.7290834046626	1.11771605598777	2.17333707865645	3.22140652228965
1.73619172908179	1.13252012085133	2.18480506125989	3.24817739158438
1.74330005350097	1.13843503867016	2.19613873270462	3.25249003004748
1.75040837792016	1.14167465458662	2.20382564609221	3.26516525729063
1.75751670233934	1.1456792067038	2.21032474617334	3.27780603222608
1.76462502675853	1.15455813110938	2.22124683874695	3.29043975785979
1.77173335117772	1.16759281226373	2.23397178518796	3.29210982861574
1.7788416755969	1.16589296769953	2.23970637240926	3.31527307088248
1.78595000001609	1.17570873633146	2.25060011762577	3.32304797188197
1.79305832443527	1.18491876739248	2.26802365061943	3.33899960469868
1.80016664885446	1.2005813355528	2.270783788049	3.36027570918277
1.80727497327365	1.19667841467556	2.28208608968876	3.35681202493205
1.81438329769283	1.19486194757033	2.28691785445144	3.36945150628105
1.82149162211202	1.21152148983036	2.30018886155563	3.38730805796383
1.82859994653121	1.22578901508969	2.30605875950687	3.40254141738443
1.83570827095039	1.22543019793504	2.31806031387846	3.40288878034449
1.84281659536958	1.22907311625517	2.32626841790577	3.42341678316569
1.84992491978876	1.22953171128164	2.34007130696503	3.43962876619569
1.85703324420795	1.24030017335312	2.34689668378527	3.44519649190907
1.86414156862713	1.25483686719263	2.35266772542952	3.46982321816751
1.87124989304632	1.25730321429161	2.36559212149553	3.47484590225193
1.87835821746551	1.26432516548776	2.37873789862298	3.49480745588361
1.88546654188469	1.278856800693	2.38356017496764	3.50594670442395
1.89257486630388	1.2746819644223	2.39840894592109	3.51554767822245
1.89968319072306	1.27498349126078	2.40331321765101	3.531105518515
1.90679151514225	1.27979883064791	2.4135716483095	3.53034268219814
1.91389983956144	1.29882348464957	2.42035995995429	3.53535034488221
1.92100816398062	1.30608930808594	2.43507724151101	3.56074281004266
1.92811648839981	1.30792345733373	2.44861290767369	3.57921522438525
1.935224812819	1.31746179437342	2.45430805803507	3.59310383261849
1.94233313723818	1.31860842776806	2.4632635581238	3.6033371988709
1.94944146165737	1.33019281074036	2.47440445397205	3.61040221280811
1.95654978607655	1.33368827086295	2.47959098015537	3.63395563681182
1.96365811049574	1.34291163609214	2.49409939668541	3.64061878853406
1.97076643491493	1.35176057320932	2.50479351479266	3.65327043752447
1.97787475933411	1.35426173751256	2.509735086371	3.66413917951915
1.9849830837533	1.36250995131404	2.5192362300099	3.68548090347012
1.99209140817248	1.36694791550672	2.53516994812017	3.6964983794006
1.99919973259167	1.37544931899069	2.54284203217438	3.70156296943693
2.00630805701085	1.39595757723744	2.54525912321999	3.72055737417988
2.01341638143004	1.38791463639117	2.56059420988889	3.73378487728049
2.02052470584923	1.39614176227077	2.56773447807064	3.73621513265767
2.02763303026841	1.39713217243411	2.57670164397953	3.75070740310553
2.0347413546876	1.4040147885579	2.58572978073989	3.7597679260257
2.04184967910679	1.42103927891382	2.59769145928947	3.77162870401026
2.04895800352597	1.41234960742221	2.60983715388111	3.79645173789604
2.05606632794516	1.4214561979	2.61692722145768	3.80302155024569
2.06317465236434	1.4329546236928	2.62795084886454	3.80774244095215
2.07028297678353	1.4399303402624	2.63674977430626	3.82272316903001
2.07739130120272	1.44170128957984	2.64528908234976	3.83305741384356
2.0844996256219	1.45741642519666	2.6559216330888	3.85752646271033
2.09160795004109	1.45710401419202	2.66754368868868	3.86502511159412
2.09871627446027	1.46823568816685	2.67097540520878	3.87260327167947
2.10582459887946	1.48840747207084	2.68560919552161	3.88248391264396
2.11293292329864	1.48393055549246	2.69795637587799	3.90765088874274
2.12004124771783	1.48707487584046	2.70239990718495	3.91921617205714
2.12714957213702	1.49786546689712	2.70836312580783	3.92561582975495
2.1342578965562	1.4955723655186	2.7200325862377	3.94412833625039
2.14136622097539	1.50818510028679	2.73186276056592	3.9579197934409
2.14847454539458	1.51815021377521	2.74364294358696	3.9682919639148
2.15558286981376	1.51748179027856	2.74793974560266	3.97243446511985
2.16269119423295	1.52475663230483	2.76355060190225	3.99013332476923
2.16979951865213	1.53309120029701	2.7721236291343	4.00891159542869
2.17690784307132	1.54084436034104	2.78093563178219	4.01271327072568
2.18401616749051	1.55224798189865	2.79111083266742	4.03348569160043
2.19112449190969	1.5491071222188	2.79915292754901	4.03890262023067
2.19823281632888	1.552913347676	2.8109880991928	4.04441363790422
2.20534114074806	1.56851739881155	2.81818381255909	4.06388471344675
2.21244946516725	1.57233389889352	2.82538048566475	4.07306171353828
2.21955778958643	1.58803239046582	2.83601412702804	4.09131042284195
2.22666611400562	1.58503630562217	2.8452535806578	4.10463647597538
2.23377443842481	1.5950098918107	2.86202580598041	4.1184403252017
2.24088276284399	1.60026825342492	2.86417005438498	4.1310563794034
2.24799108726318	1.61010749608331	2.86973469787029	4.15012660652029
2.25509941168237	1.62537958916205	2.88444859866994	4.16091638103888
2.26220773610155	1.62802946133715	2.89283405918665	4.16477605002041
2.26931606052074	1.62819617353076	2.90404365874721	4.18096510443099
2.27642438493992	1.63708168321137	2.91654959077819	4.19782491684711
2.28353270935911	1.64013092088082	2.92294377215495	4.21338256322783
2.2906410337783	1.63802477222797	2.93319456717475	4.21558283540587
2.29774935819748	1.6600280689609	2.94490978482801	4.23584116220099
2.30485768261667	1.6610190114004	2.953248342563	4.2431675655355
2.31196600703585	1.65824517020472	2.96135579468833	4.26335204828805
2.31907433145504	1.65618160782236	2.97129027895205	4.27253606543432
2.32618265587423	1.68014907402422	2.9800085973478	4.28538591733012
2.33329098029341	1.68154213909669	2.99096166757356	4.29909237897661
2.3403993047126	1.69770432501623	3.00022263531649	4.31647825286976
2.34750762913178	1.69414550920881	3.0087713934623	4.31861730601815
2.35461595355097	1.69335927459953	3.01667784895537	4.33443715722865
2.36172427797016	1.69853907490891	3.03355973000821	4.34823213265272
2.36883260238934	1.71425613855465	3.03697484169864	4.36196200812613
2.37594092680853	1.72574421529058	3.05050040732034	4.36722116198104
2.38304925122771	1.72458823739412	3.06000506345839	4.38000914404957
2.3901575756469	1.74881339792827	3.06388492532624	4.39523184385985
2.39726590006609	1.73294476267335	3.0773430179367	4.40150207082391
2.40437422448527	1.7484475743412	3.0869574108888	4.42313246532093
2.41148254890446	1.74380305956143	3.0977193033866	4.44933618810297
2.41859087332364	1.75152925958836	3.1075456915498	4.4450811079776
2.42569919774283	1.75914295820178	3.11193257004382	4.45048963413948
2.43280752216202	1.7667044841389	3.12213449432194	4.48274202545296
2.4399158465812	1.77216048734897	3.13448402874571	4.48946370623239
2.44702417100039	1.79498150051365	3.14281614192044	4.49359278486537
2.45413249541957	1.77990957951291	3.15738088123352	4.50926305086594
2.46124081983876	1.80516634763034	3.16247831045692	4.53486160989257
2.46834914425795	1.81009414510683	3.17323736887125	4.52914963518005
2.47545746867713	1.80127469377871	3.18180155349592	4.55478634093573
2.48256579309632	1.81753417394147	3.19587835704812	4.56472848272846
2.4896741175155	1.81480997076975	3.20195324817911	4.57545293117397
2.49678244193469	1.82821879107895	3.21073861190644	4.57989880368055
2.50389076635388	1.83480188697412	3.21990151770205	4.60185746398907
2.51099909077306	1.83794844638802	3.22963544246946	4.61239703733448
2.51810741519225	1.84585931994512	3.23671164206084	4.61956449696153
2.52521573961143	1.85267295199061	3.25042511108551	4.64455450129416
2.53232406403062	1.87606003381634	3.26123388448432	4.64663480838678
2.53943238844981	1.87286141950343	3.26986013199199	4.67240434181942
2.54654071286899	1.88456238145191	3.27594806574843	4.67008779208896
2.55364903728818	1.88397622306949	3.28882553899633	4.68486064992135
2.56075736170736	1.88072093834068	3.29681890197587	4.70423028897189
2.56786568612655	1.90404772242456	3.3082954344907	4.71198526977742
2.57497401054574	1.9030215691738	3.31755112486157	4.73655432813219
2.58208233496492	1.90707617947124	3.32314638449981	4.74737778907178
2.58919065938411	1.92035855254298	3.33860647903574	4.75836360397655
2.59629898380329	1.91567922214997	3.34316817011942	4.75946869758614
2.60340730822248	1.93190056756855	3.34921144472341	4.78066148052302
2.61051563264167	1.93767039700532	3.36641613343197	4.78500838843628
2.61762395706085	1.93304897846842	3.37608702650501	4.80909277979108
2.62473228148004	1.9442005168288	3.38349204959771	4.82313635254314
2.63184060589922	1.95790788540488	3.39015614382257	4.83981759152276
2.63894893031841	1.95863451959787	3.40487853840423	4.85496898602127
2.6460572547376	1.96585978710558	3.4166458635942	4.85454110726424
2.65316557915678	1.97694768380299	3.42598690567545	4.86305824719754
2.66027390357597	1.97635538074434	3.42993402855369	4.88345438803289
2.66738222799515	1.98017842496738	3.44211974081469	4.89196849149491
2.67449055241434	1.98157924771375	3.44715660403922	4.91431102204048
2.68159887683353	1.99884551022409	3.45926999196422	4.91983268798183
2.68870720125271	2.00993355837037	3.47290460248849	4.93937076271827
2.6958155256719	2.01175256960363	3.47387403659796	4.94795264079234
2.70292385009108	2.01612079985171	3.48745304465482	4.95565693476957
2.71003217451027	2.02562712561169	3.49611835856832	4.9764926359615
2.71714049892946	2.03777023536767	3.51265230829316	4.99339378519052
2.72424882334864	2.03276398641002	3.51682864403724	4.99906529586135
2.73135714776783	2.0420053197128	3.52491274310053	5.00972760874247
2.73846547218701	2.05768935047474	3.53509068219773	5.0243217353455
2.7455737966062	2.04312180049091	3.5456361042481	5.04823659574904
2.75268212102539	2.05990109060656	3.55807999453444	5.05138068804565
2.75979044544457	2.06059212883837	3.56668716302954	5.07114736885617
2.76689876986376	2.07145188209144	3.57438597402424	5.07516439000428
2.77400709428294	2.08113655859896	3.58235769970448	5.09387196671628
2.78111541870213	2.08832517925637	3.59318636037996	5.10290594019311
2.78822374312132	2.08860992983475	3.60516373678702	5.11575082617173
2.7953320675405	2.0979862497416	3.6177118469972	5.13086907347584
2.80244039195969	2.11631925659197	3.6225373412251	5.13621017615376
2.80954871637887	2.11742453752012	3.63125847323935	5.14998604355624
2.81665704079806	2.10525031209107	3.64292787009984	5.1754348410843
2.82376536521725	2.11479682080321	3.64831975540305	5.18698617001639
2.83087368963643	2.12784242924631	3.65762847429694	5.17941538621288
2.83798201405562	2.13683313142948	3.6683590974695	5.19914801193874
2.8450903384748	2.143690310507	3.67927211147513	5.20762291722518
2.85219866289399	2.15020764852782	3.69605528594543	5.22714226958537
2.85930698731318	2.15550872785787	3.70071797944479	5.2447640259222
2.86641531173236	2.17442816261158	3.7152605535167	5.25854551697824
2.87352363615155	2.17224533421732	3.72026774932433	5.25875191300658
2.88063196057073	2.17316462531048	3.73160898111969	5.28970161525545
2.88774028498992	2.18097949518368	3.73721510913175	5.31073627580424
2.89484860940911	2.18926313925711	3.74990366281269	5.31097680164893
2.90195693382829	2.18918829070116	3.7580625569483	5.32371289385304
2.90906525824748	2.19707652672308	3.76867910697714	5.33968144159125
2.91617358266666	2.22096566059101	3.7818148125666	5.33829154290839
2.92328190708585	2.21454942699308	3.78538198814243	5.3707599551159
2.93039023150504	2.21782688055818	3.79508048012793	5.37877218979197
2.93749855592422	2.21293860862234	3.8048060241478	5.39507671291132
2.94460688034341	2.22871059500002	3.81991608576719	5.40245870131499
2.95171520476259	2.22951256615535	3.82386941806269	5.42522266881357
2.95882352918178	2.26195587520729	3.83645354916081	5.43680131790147
2.96593185360097	2.24980728988225	3.8403644767146	5.43574649219119
2.97304017802015	2.25800652232553	3.85264276206449	5.45799805007633
2.98014850243934	2.2552440392611	3.86250375011318	5.46996426142074
2.98725682685852	2.27276183438301	3.87510516811882	5.47870035738325
2.99436515127771	2.27810467625111	3.88177864725251	5.481729801571
3.0014734756969	2.28412206779626	3.89132846700722	5.49740732540526
3.00858180011608	2.28395078552138	3.90114526932124	5.52595001399131
3.01569012453527	2.28806036293931	3.90910385939562	5.52286112581237
3.02279844895445	2.30166058338337	3.91803007492413	5.5439624291751
3.02990677337364	2.3058238388104	3.93125018831263	5.56468450859532
3.03701509779283	2.29895009481495	3.93597231906003	5.5699605118843
3.04412342221201	2.31182786855802	3.94693022773595	5.57594820689211
3.0512317466312	2.32241413490524	3.95709892301253	5.583489435321
3.05834007105038	2.33965293717705	3.97225626143328	5.60462307560274
3.06544839546957	2.33375550329528	3.97508402994143	5.62338235998178
3.07255671988876	2.34005118562477	3.98674099263229	5.63361901322646
3.07966504430794	2.35745395674315	3.99861188828882	5.64630906379105
3.08677336872713	2.35929239603272	4.00761381213192	5.64824676266889
3.09388169314631	2.37762929176546	4.01723559031088	5.67387129514855
3.1009900175655	2.37894857383685	4.02578001661284	5.68695882478021
3.10809834198469	2.3813421841153	4.03473032436611	5.69851934489782
3.11520666640387	2.38605727085549	4.04449426525834	5.71047658486331
3.12231499082306	2.3925502416624	4.05450994950893	5.72094411173056
3.12942331524224	2.39608038260417	4.06028832261286	5.7276456455203
3.13653163966143	2.40198247155321	4.07530248796013	5.74950240997173
3.14363996408062	2.40252458892385	4.08677385394911	5.7592410591989
3.1507482884998	2.41435269772126	4.09773798343095	5.77171086760147
3.15785661291899	2.41257303117248	4.10339978275781	5.78263921664566
3.16496493733817	2.4349411106993	4.11240302698805	5.79343495717943
3.17207326175736	2.43168921822869	4.118466063439	5.80020076570037
3.17918158617655	2.43872987586145	4.13021549912844	5.83000000592439
3.18628991059573	2.45366851714277	4.14303843262657	5.83157952720966
3.19339823501492	2.44867005435326	4.14737347074429	5.84786331262894
3.2005065594341	2.45465437092244	4.1590687466079	5.8593578844293
3.20761488385329	2.48037835597431	4.17211458394805	5.86828781487211
3.21472320827248	2.48436502602066	4.18290774186505	5.88426531754669
3.22183153269166	2.48187898261406	4.19070689501855	5.89887240956101
3.22893985711085	2.49488152752051	4.20180536541162	5.91253119155386
3.23604818153003	2.48431025888037	4.20738380381333	5.9359642908375
3.24315650594922	2.50894327013797	4.21586348668289	5.93949934308329
3.25026483036841	2.50861346298132	4.22735128415721	5.94516099980173
3.25737315478759	2.50878610357281	4.23780558739464	5.97046059060226
3.26448147920678	2.51019530358961	4.24580210788453	5.97768803421558
3.27158980362596	2.52092442700014	4.26326156583917	5.98966589428245
3.27869812804515	2.52235623639606	4.26231473013364	6.00345997963159
3.28580645246434	2.55139881401897	4.27076410790791	6.01884664568394
3.29291477688352	2.55594185789854	4.28414529699567	6.04010112323781
3.30002310130271	2.55406854609302	4.29101581277211	6.04672399571356
3.30713142572189	2.56295634638627	4.30451732168452	6.04141196615274
3.31423975014108	2.55660477129494	4.31688528174521	6.06062638991669
3.32134807456027	2.56806500462562	4.31766906011059	6.08651033014997
3.32845639897945	2.57435261661563	4.33076933540064	6.11013570154814
3.33556472339864	2.58162434974954	4.34262386858179	6.11947087867224
3.34267304781782	2.58250716611224	4.35157015070133	6.11255950039464
3.34978137223701	2.58902113489375	4.36431924880382	6.12095977651933
3.3568896966562	2.5974819064729	4.37135264764899	6.15009092837548
3.36399802107538	2.6011740626631	4.38311936245955	6.16268541063788
3.37110634549457	2.61109297629225	4.39175036348755	6.16919405084511
3.37821466991375	2.62244706592309	4.40440933853435	6.19069261046436
3.38532299433294	2.63180032855058	4.41212447525892	6.19105908493567
3.39243131875213	2.63215698045014	4.41587269658912	6.20359526733937
3.39953964317131	2.62782954714506	4.42798262004561	6.22047836327214
3.4066479675905	2.65708101231655	4.43502906695002	6.24109604045453
3.41375629200968	2.64555975950961	4.45026901507645	6.24814250108936
3.42086461642887	2.65966948824809	4.44834731514717	6.26858737765548
3.42797294084806	2.6565937311149	4.4645163954864	6.28274194371966
3.43508126526724	2.65448342267175	4.47616647204979	6.29739693054427
3.44218958968643	2.69190936673738	4.48705508016109	6.29379996624853
3.44929791410561	2.67990136010958	4.50164596352854	6.30141371527103
3.4564062385248	2.69478987605617	4.50023446338089	6.32917801778585
3.46351456294399	2.6943322257294	4.51775196208312	6.34149832609861
3.47062288736317	2.70031928252842	4.51670648760603	6.35815947789183
3.47773121178236	2.7132100724016	4.53220941741444	6.3765527579771
3.48483953620154	2.70593273702683	4.54119381816182	6.3891754361998
3.49194786062073	2.71280160334774	4.55806828160866	6.39867494484141
3.49905618503992	2.72234545434991	4.5560610551626	6.41473558748036
3.5061645094591	2.73317707917063	4.5718688292333	6.43853776533403
3.51327283387829	2.72511843994669	4.58455509438087	6.42835680098735
3.52038115829747	2.7258395043374	4.58927180448027	6.43910754980115
3.52748948271666	2.74997742356623	4.6014302239115	6.46812557738328
3.53459780713585	2.75941362828083	4.61056904577409	6.47295408519399
3.54170613155503	2.76236050318168	4.61988453995838	6.48774734331765
3.54881445597422	2.76857232454837	4.62741537098415	6.49790909578012
3.5559227803934	2.77658756229878	4.63730759614482	6.51025673919111
3.56303110481259	2.78772802236468	4.64790092149015	6.52124640931262
3.57013942923178	2.78588085534079	4.66355949676788	6.54058942227147
3.57724775365096	2.79128407043782	4.66773969597351	6.55447377786421
3.58435607807015	2.80768438746655	4.67466273895028	6.57117792564796
3.59146440248933	2.80063085443168	4.68621564525372	6.57317957414685
3.59857272690852	2.81137668491404	4.69808540707844	6.59275166908037
3.60568105132771	2.82236052815456	4.70501433845633	6.61047032567475
3.61278937574689	2.82283981280589	4.71512856247743	6.60239549420438
3.61989770016608	2.82968304355693	4.72711023936628	6.63096278801626
3.62700602458526	2.83490384271372	4.741303115324	6.63883986433419
3.63411434900445	2.84130021660031	4.74633072455743	6.65186572035592
3.64122267342364	2.86265363912337	4.75500145348726	6.66529571132312
3.64833099784282	2.86389174798428	4.76635754410857	6.68685051427805
3.65543932226201	2.8576363725041	4.77314539156549	6.68660852382449
3.66254764668119	2.86166116459639	4.78518958386765	6.71252656883788
3.66965597110038	2.86562703946972	4.79119052804263	6.72533151623803
3.67676429551957	2.88205334797854	4.80056053630528	6.72813596847576
3.68387261993875	2.88368962190463	4.80926448588521	6.75227062756986
3.69098094435794	2.88886606159184	4.8188312772597	6.75818413979544
3.69808926877712	2.91220172912401	4.82846663381405	6.76186332769345
3.70519759319631	2.90193201635053	4.83835839964882	6.79135295257244
3.7123059176155	2.92003404626921	4.84920461082561	6.81539440425318
3.71941424203468	2.90710795068808	4.85917996161677	6.80924429291379
3.72652256645387	2.9241373118298	4.87258774978354	6.81089800313444
3.73363089087305	2.93755049521025	4.87477533794721	6.8330005951159
3.74073921529224	2.93491879913666	4.88607043449455	6.84412458042866
3.74784753971143	2.93950180541665	4.89678698410607	6.86057595552975
3.75495586413061	2.9504297391549	4.90628053726759	6.87741977006375
3.7620641885498	2.94922388220027	4.91680168090088	6.89364411015204
3.76917251296898	2.96089368587359	4.92170778550513	6.91218076120551
3.77628083738817	2.97923533141067	4.93826858254539	6.92012670937991
3.78338916180736	2.97205165815062	4.94653272745358	6.91647730556273
3.79049748622654	2.98791737121745	4.95898727558362	6.94750156786284
3.79760581064573	2.97722196228097	4.96644702245329	6.95906041280111
3.80471413506491	2.99334225278281	4.9787382711634	6.95687839618483
3.8118224594841	2.99902292223391	4.98548420010493	6.98503244232208
3.81893078390329	3.00294237136259	4.99651679497304	6.99580501701083
3.82603910832247	3.01134001188508	5.00589873865733	7.00687546330643
3.83314743274166	3.0224581852423	5.0120692885465	7.02193675799263
3.84025575716084	3.02180270523681	5.02338153066715	7.01128192911001
3.84736408158003	3.02594749716805	5.02957000618864	7.05640904758435
3.85447240599922	3.02021084707605	5.03952719240193	7.06599247917812
3.8615807304184	3.05562123542528	5.05399677214645	7.06638373391595
3.86868905483759	3.04065097448984	5.05831595611998	7.07919367380641
3.87579737925678	3.05643705445264	5.06989738140681	7.09732094709819
3.88290570367596	3.04988673615515	5.08228241278681	7.10808891576746
3.89001402809515	3.06721457586366	5.08137395049917	7.11399253433127
3.89712235251433	3.07947513630816	5.09909372252967	7.13791065705267
3.90423067693352	3.08064352764006	5.10659503008679	7.14289577064134
3.9113390013527	3.07796394740196	5.11714355928175	7.16589263687933
3.91844732577189	3.08498763896765	5.12645564161091	7.16738085734532
3.92555565019108	3.09671206537006	5.14341895461997	7.20115644453653
3.93266397461026	3.13007039508371	5.14344450119698	7.21308167196942
3.93977229902945	3.09904135270624	5.15842065320108	7.20690488740161
3.94688062344863	3.10889404594743	5.16553619241775	7.21692094795787
3.95398894786782	3.12715244775295	5.1758051774987	7.24617382221555
3.96109727228701	3.12922241444366	5.1869534197744	7.24402953556815
3.96820559670619	3.13863493135644	5.19734053688406	7.25523768868323
3.97531392112538	3.1371533090706	5.20410225040576	7.28315112724164
3.98242224554457	3.14669585902246	5.20990816237798	7.2757332834673
3.98953056996375	3.16220411281869	5.22075807745029	7.32179638621688
3.99663889438294	3.17107249872533	5.23687961768192	7.315641506236
4.00374721880212	3.16501522188436	5.23957928092735	7.32238159004578
4.01085554322131	3.17051266972763	5.24795780803462	7.33722340448935
4.01796386764049	3.18685406591944	5.25833604562853	7.34961017537911
4.02507219205968	3.19109409828844	5.26913183382197	7.37402627099173
4.03218051647887	3.19034811596488	5.28489016903523	7.38185819992141
4.03928884089805	3.20112042509425	5.29174178557475	7.41274455666224
4.04639716531724	3.19473406482666	5.30174154732698	7.40908812839739
4.05350548973643	3.20608741940776	5.30894986969581	7.40826709904219
4.06061381415561	3.2180548851973	5.31874821877967	7.43765715116169
4.0677221385748	3.22943606744471	5.32784592032397	7.45605238468255
4.07483046299398	3.22974610013073	5.33618001971826	7.46677338438655
4.08193878741317	3.25894059507312	5.34593620455868	7.46274954097265
4.08904711183236	3.23503537621819	5.35984903874564	7.48955876864865
4.09615543625154	3.25695741455512	5.36806702830455	7.50319495234453
4.10326376067073	3.26598313908448	5.37965099092005	7.50770062745846
4.11037208508991	3.26360691771105	5.39123235648383	7.53374401673574
4.1174804095091	3.27905977798039	5.39817917885219	7.54858806716301
4.12458873392828	3.27055017826215	5.4098318702274	7.54801341025163
4.13169705834747	3.28668890578777	5.41166853565551	7.56748705251008
4.13880538276666	3.309020222476	5.42455032522376	7.57880009179675
4.14591370718584	3.30414290220337	5.43223876302149	7.58728734399789
4.15302203160503	3.2849298085021	5.44519129395775	7.60008429986422
4.16013035602422	3.29862838463422	5.45397035436791	7.61567327546447
4.1672386804434	3.29922333907193	5.46592010488155	7.63086326640073
4.17434700486259	3.30578211090287	5.46798576234536	7.63066624848758
4.18145532928177	3.32545181295513	5.48689408805958	7.65403857403595
4.18856365370096	3.32691285491727	5.49422495050133	7.65843732628789
4.19567197812015	3.33139778666647	5.49644964851743	7.67834087992113
4.20278030253933	3.3466366343591	5.51419924725387	7.68875396513537
4.20988862695852	3.345084825008	5.52438779009904	7.7200614626754
4.2169969513777	3.35354554201396	5.52849482227355	7.7225123677218
4.22410527579689	3.36427131473183	5.54176276961685	7.72544931133355
4.23121360021607	3.37465976919106	5.54872287282791	7.74498294650088
4.23832192463526	3.38151855045258	5.55630849961391	7.7830534811927
4.24543024905445	3.3904787713803	5.56239171362107	7.7674452258737
4.25253857347363	3.38412973405191	5.57609494742682	7.79364756596683
4.25964689789282	3.39696658863419	5.58942639605405	7.80132519707464
4.26675522231201	3.40688665871646	5.59738905740752	7.80948412322471
4.27386354673119	3.38199276709513	5.60310385583611	7.82376510000752
4.28097187115038	3.41878233504265	5.61915733219947	7.8462644205556
4.28808019556956	3.41908861993472	5.62956395096986	7.86689297533975
4.29518851998875	3.42996364657239	5.63542162306962	7.86014828686163
4.30229684440794	3.44209000029598	5.64564644620867	7.88072342573536
4.30940516882712	3.4429038509892	5.6594762008498	7.89904473237121
4.31651349324631	3.43961721594992	5.66756036131581	7.90073376618163
4.32362181766549	3.44761608661767	5.67358472598236	7.91437705211223
4.33073014208468	3.44812093590894	5.68999029186787	7.93592729150587
4.33783846650386	3.45938747254492	5.68974686198147	7.95173250249808
4.34494679092305	3.47228675294515	5.70815739913626	7.95496652721443
4.35205511534224	3.45472607106233	5.71983739866687	7.97093192679822
4.35916343976142	3.4889042454994	5.71770786237808	7.97424448739297
4.36627176418061	3.47607319916538	5.73328547011859	8.00408244579537
4.3733800885998	3.49601187972632	5.74263264221007	8.00213186143833
4.38048841301898	3.49314121879	5.75017793324518	8.01278126778301
4.38759673743817	3.49657489280995	5.76173143776157	8.03129248889229
4.39470506185735	3.51595471764997	5.76854183542648	8.06305565210505
4.40181338627654	3.51757975272745	5.77663819430101	8.04609878649058
4.40892171069573	3.52852934994579	5.78470633122395	8.06943037115714
4.41603003511491	3.51925246694438	5.79944566796176	8.08975322217507
4.4231383595341	3.52964251902427	5.81615816379105	8.09824630269276
4.43024668395328	3.54391190352475	5.82139265840405	8.10452740317671
4.43735500837247	3.5532596241256	5.82729157582109	8.1302802727631
4.44446333279166	3.57132043328249	5.83918233386145	8.12281809415469
4.45157165721084	3.55600642413933	5.84085634282761	8.135958515144
4.45867998163003	3.58142469059635	5.85302104844651	8.16734911490827
4.46578830604921	3.57575155889325	5.86912592198103	8.18157109111001
4.4728966304684	3.57603360993165	5.87863884602506	8.19146468302763
4.48000495488759	3.57163007314595	5.87763497989237	8.20907100052098
4.48711327930677	3.58235186618989	5.89468766769449	8.22194264449917
4.49422160372596	3.61036281496082	5.8994868224002	8.22960097143575
4.50132992814514	3.61202774998599	5.91272319885978	8.24187675799577
4.50843825256433	3.60588810670174	5.92510367079902	8.27530169088007
4.51554657698352	3.62227874861246	5.9294817936333	8.27562239962189
4.5226549014027	3.62034709494284	5.94816019302961	8.28366505610858
4.52976322582189	3.63881295831807	5.95390263046329	8.28476180030238
4.53687155024107	3.63572079668084	5.96676979762072	8.31426193829574
4.54397987466026	3.64003691315189	5.96966105946422	8.3118206685882
4.55108819907945	3.65082599803768	5.98529453042521	8.33160015389375
4.55819652349863	3.65825142721579	5.98633839888081	8.32012723710847
4.56530484791782	3.66295528903586	5.99939805564596	8.34735091151893
4.572413172337	3.66678197965777	6.00833199938261	8.37295061352885
4.57952149675619	3.66258550160024	6.01695082679063	8.38591994226126
4.58662982117538	3.69069387084878	6.03642627181894	8.40518027081813
4.59373814559456	3.6980213292725	6.03885877109585	8.4163640258859
4.60084647001375	3.68900813799488	6.0472174439127	8.40937818584439
4.60795479443293	3.70038098682787	6.05554153929028	8.4328794117733
4.61506311885212	3.70342004173946	6.06752340372281	8.45010983389092
4.62217144327131	3.71822492985199	6.075228346144	8.46092177599353
4.62927976769049	3.71526224347065	6.08503162227159	8.47028784275768
4.63638809210968	3.72809699274704	6.09396782771258	8.48697370946888
4.64349641652886	3.71665373722493	6.10208155082492	8.5060879061249
4.65060474094805	3.74298801837447	6.10926329195127	8.50690520810179
4.65771306536724	3.73388124342245	6.12419191461536	8.52898012313141
4.66482138978642	3.76651205593337	6.1341802451292	8.54138816591261
4.67192971420561	3.75476778172831	6.14152906203352	8.56240291190299
4.67903803862479	3.75981593681063	6.15391690518452	8.56477540266495
4.68614636304398	3.76683675913219	6.15976156900027	8.58758754819538
4.69325468746317	3.77142623895556	6.16914968651784	8.60427295508551
4.70036301188235	3.77813226968732	6.18008014633665	8.59475729316122
4.70747133630154	3.79229937045327	6.18955606122643	8.62365103728342
4.71457966072072	3.79064966844358	6.19821182902993	8.62765308435382
4.72168798513991	3.78499888559039	6.20976035753122	8.64285079557481
4.7287963095591	3.7989425833745	6.2198258809023	8.66989027867058
4.73590463397828	3.80432931955083	6.2273965809351	8.68436346346306
4.74301295839747	3.80974967045545	6.23743199017694	8.69044374741818
4.75012128281665	3.80554416106672	6.24966622686196	8.69402731128351
4.75722960723584	3.84000198461907	6.25860285400416	8.71197656556895
4.76433793165503	3.84122765521875	6.27032026491954	8.72953976219645
4.77144625607421	3.83466353817037	6.27812907825964	8.7454506853945
4.7785545804934	3.8437952044013	6.29465344881886	8.73823545092671
4.78566290491258	3.83929988612165	6.30033883303344	8.75974467780269
4.79277122933177	3.85349803177409	6.30266308167039	8.78858979067092
4.79987955375096	3.87045449066401	6.30669090370824	8.7828413179524
4.80698787817014	3.8625144574624	6.32867048179903	8.79796871019897
4.81409620258933	3.89029688544897	6.33315349182741	8.81850386627877
4.82120452700851	3.87444591963863	6.3493034947058	8.81529868645619
4.8283128514277	3.88532317375225	6.35345251235007	8.83681368261286
4.83542117584689	3.90179581520112	6.36202592929709	8.84805940899626
4.84252950026607	3.90220564946797	6.36809836297016	8.87112722676633
4.84963782468526	3.90742003643457	6.38487997840403	8.87850099982602
4.85674614910444	3.89735501042017	6.39073718974895	8.90645325792541
4.86385447352363	3.91989553226573	6.40559866139147	8.90384439833619
4.87096279794282	3.9134253039163	6.41033371570778	8.91747235354223
4.878071122362	3.93685770430335	6.41616888021442	8.92800818697885
4.88517944678119	3.95111460000997	6.43017228196248	8.94798539299047
4.89228777120037	3.94958501184105	6.43963167598873	8.96353702046565
4.89939609561956	3.96743281566104	6.45112104988255	8.97170683242592
4.90650442003875	3.95074953392288	6.45916387738246	8.98764607634641
4.91361274445793	3.95971446236305	6.47044260784308	9.01160774583848
4.92072106887712	3.97908441568202	6.47788276075266	9.01972291051069
4.9278293932963	3.97669747902322	6.48781744228564	9.01910868681524
4.93493771771549	3.98861911445898	6.49100199786388	9.04168818406724
4.94204604213468	4.00241510911706	6.5079962743726	9.04785515500618
4.94915436655386	3.99865076271565	6.51848290332348	9.06118427235585
4.95626269097305	4.00274962858479	6.52993576595317	9.08226736250452
4.96337101539223	4.02462456338429	6.53867545724345	9.10321291987597
4.97047933981142	4.01301323821871	6.55082504748153	9.10723955574105
4.97758766423061	4.02710202697796	6.55806307625206	9.10011993377501
4.98469598864979	4.02465281381804	6.56501543199073	9.13381348838306
4.99180431306898	4.03309798428371	6.57637484796487	9.12897667969276
4.99891263748816	4.03262120353828	6.58640389953563	9.15016130100812
5.00602096190735	4.04520477813754	6.59600731347823	9.17297748093577
5.01312928632654	4.04597815771837	6.60769946372221	9.17417921959334
5.02023761074572	4.06058569075041	6.60947871340593	9.18576301035649
5.02734593516491	4.08123105265222	6.62504049369244	9.20645151995851
5.03445425958409	4.08248898276134	6.63495911453366	9.2234607742426
5.04156258400328	4.06995323456883	6.63416725999845	9.23846154790635
5.04867090842247	4.08260612695698	6.65593357408501	9.23082071536309
5.05577923284165	4.08198972319768	6.65934585678922	9.26423733266322
5.06288755726084	4.11809535647066	6.67207382223618	9.27898221238015
5.06999588168002	4.1027462452508	6.67942294305655	9.27967509224966
5.07710420609921	4.11417046094258	6.69218856895577	9.27405704084681
5.0842125305184	4.11336854201041	6.69935649629758	9.29648435163304
5.09132085493758	4.11308119317065	6.70863292247652	9.3294393131971
5.09842917935677	4.11964659741428	6.7210566676257	9.33871476047395
5.10553750377595	4.13852563011755	6.72435989699964	9.34492305750582
5.11264582819514	4.137158029447	6.73151176228678	9.35336623134118
5.11975415261433	4.13482760001988	6.74472827236039	9.3658737531973
5.12686247703351	4.13955738073339	6.74755751480582	9.39932365423843
5.1339708014527	4.16287839091398	6.7694094360705	9.39816596853611
5.14107912587188	4.15422393464661	6.77478239059513	9.40760604008701
5.14818745029107	4.16973254790702	6.78306020156718	9.44126662594665
5.15529577471026	4.18990629684256	6.79604013585336	9.44949985527064
5.16240409912944	4.17824503062644	6.80481102408375	9.45755292509407
5.16951242354863	4.17890337815582	6.81246810196656	9.47386859359665
5.17662074796781	4.20415628993643	6.8216953690309	9.4749628000623
5.183729072387	4.2163652805939	6.8265422020893	9.5014084290836
5.19083739680619	4.22468615514568	6.84111132244448	9.49342289093058
5.19794572122537	4.21347134823562	6.84851250575885	9.50280402884986
