"mitochan"	"lwrNorm"	"medNorm"	"uprNorm"
-1.90327037354145	-3.84181779234815	-2.72440621044653	-1.60488498619389
-1.89755293934577	-3.83919857307572	-2.7206309746162	-1.60048872216859
-1.8918355051501	-3.82794200571257	-2.71552334282731	-1.60320490372426
-1.88611807095443	-3.81505218942501	-2.7106634726884	-1.59758532155718
-1.88040063675875	-3.80336009579942	-2.70151758069684	-1.58745676969241
-1.87468320256308	-3.79419869014929	-2.69149470592654	-1.58779734089326
-1.8689657683674	-3.79072466639114	-2.68457253361734	-1.58517821951282
-1.86324833417173	-3.78036531304175	-2.6780562573899	-1.57339444975728
-1.85753089997605	-3.7598726653809	-2.66937152701482	-1.57055505515335
-1.85181346578038	-3.74830667972142	-2.65830273886917	-1.56164523118454
-1.8460960315847	-3.73295256250679	-2.65411667546886	-1.55371722495527
-1.84037859738903	-3.73391400605412	-2.64888009684281	-1.54308620993522
-1.83466116319335	-3.72649692897641	-2.63989920964783	-1.55284996139958
-1.82894372899768	-3.71186396967226	-2.62917028997812	-1.53391006377494
-1.82322629480201	-3.71146439970598	-2.62339128051759	-1.53626410192191
-1.81750886060633	-3.69638031471109	-2.6120421285534	-1.51868957875969
-1.81179142641066	-3.68521962896975	-2.60701993587743	-1.52803946419772
-1.80607399221498	-3.67353954023804	-2.60019280758479	-1.52470940829576
-1.80035655801931	-3.66399635257596	-2.59305496234456	-1.50987055664063
-1.79463912382363	-3.66009538526932	-2.5807603323077	-1.51607209332105
-1.78892168962796	-3.65167111682893	-2.57527788286018	-1.49996361810572
-1.78320425543228	-3.62560179503752	-2.57044760960951	-1.50077913905464
-1.77748682123661	-3.62059996016415	-2.55954249538904	-1.49772621600589
-1.77176938704093	-3.62047679491912	-2.55322424050624	-1.48349909274671
-1.76605195284526	-3.59573662465107	-2.54550841694971	-1.47546445849316
-1.76033451864959	-3.60506962735316	-2.5372240999954	-1.47774280797656
-1.75461708445391	-3.585123174225	-2.53374383782888	-1.46936100623329
-1.74889965025824	-3.58048955539513	-2.52548273146379	-1.47140532598349
-1.74318221606256	-3.56011572327008	-2.51299519198429	-1.46576498919579
-1.73746478186689	-3.55184918968016	-2.50755459452901	-1.44944848168466
-1.73174734767121	-3.55016703277668	-2.49786457712201	-1.45674587261622
-1.72602991347554	-3.53051405157779	-2.48908076302263	-1.45673939114957
-1.72031247927986	-3.52317189791524	-2.48322992609402	-1.43849306276277
-1.71459504508419	-3.51065683645026	-2.47198886417885	-1.43789466640708
-1.70887761088851	-3.50017951701802	-2.47022325171632	-1.42900764206592
-1.70316017669284	-3.48133070967504	-2.45748066875439	-1.42380422645679
-1.69744274249717	-3.48964788219244	-2.45105712315444	-1.41648573265645
-1.69172530830149	-3.46973828472152	-2.44446279906269	-1.41637484873534
-1.68600787410582	-3.46660515086962	-2.44074479854407	-1.40066272334647
-1.68029043991014	-3.46051584801755	-2.42964698128863	-1.40554668181592
-1.67457300571447	-3.45176185336156	-2.42523382791122	-1.3990802920303
-1.66885557151879	-3.43410458180209	-2.41842819803352	-1.38991034924133
-1.66313813732312	-3.42720212249398	-2.41066011690053	-1.37497108448965
-1.65742070312744	-3.40911913314826	-2.39924232900682	-1.37415049395141
-1.65170326893177	-3.41006060181388	-2.39472838951505	-1.37966148704609
-1.64598583473609	-3.38988648151144	-2.38592926576804	-1.36248288277606
-1.64026840054042	-3.38572378630827	-2.37546734820281	-1.36442074773941
-1.63455096634475	-3.37007161071809	-2.36621717724511	-1.35890495395198
-1.62883353214907	-3.35485367092571	-2.36265828510743	-1.34780212117016
-1.6231160979534	-3.34636234959546	-2.35209363126422	-1.35158212962576
-1.61739866375772	-3.34134765665476	-2.34388672343277	-1.33718702212095
-1.61168122956205	-3.32765962286015	-2.33664744134503	-1.33790048593235
-1.60596379536637	-3.32695675287922	-2.3320292031376	-1.32937390011828
-1.6002463611707	-3.31801500496421	-2.32133942663015	-1.32136381498487
-1.59452892697502	-3.30740921458408	-2.31299453597346	-1.31067828534658
-1.58881149277935	-3.28852755556592	-2.30699130936266	-1.31620837568892
-1.58309405858367	-3.28034920258167	-2.30178113088033	-1.30421790516969
-1.577376624388	-3.27005888371783	-2.28623340889065	-1.30139488705719
-1.57165919019233	-3.26832255178254	-2.28384550605907	-1.30069174110495
-1.56594175599665	-3.25290803107859	-2.27617435936187	-1.30260127125419
-1.56022432180098	-3.24077289825247	-2.26417493967772	-1.28356299804587
-1.5545068876053	-3.23486648726394	-2.25979325952057	-1.28875076598422
-1.54878945340963	-3.23253503108777	-2.25614187030112	-1.27693576259237
-1.54307201921395	-3.21530974054035	-2.24569065045804	-1.26906037364849
-1.53735458501828	-3.1985106290752	-2.23430300416412	-1.26507562387519
-1.5316371508226	-3.2031265747944	-2.229733900705	-1.24811387861062
-1.52591971662693	-3.18389248636131	-2.22305001990694	-1.251188090321
-1.52020228243125	-3.17143088732472	-2.21208825537854	-1.24446293932192
-1.51448484823558	-3.16646782628837	-2.20495076902441	-1.24019108845527
-1.50876741403991	-3.15023147548574	-2.19403505744152	-1.23499513051516
-1.50304997984423	-3.14070979616024	-2.18726427097501	-1.22879064789467
-1.49733254564856	-3.13600426987239	-2.18121497834496	-1.22570129874073
-1.49161511145288	-3.12751439734847	-2.17313669819571	-1.21387525521524
-1.48589767725721	-3.11631245271599	-2.16924343424803	-1.21087804356989
-1.48018024306153	-3.099068082157	-2.15880447411684	-1.20951540961297
-1.47446280886586	-3.10334309869854	-2.15377302762768	-1.19892292636006
-1.46874537467018	-3.08411637999452	-2.1417831310443	-1.19099140286512
-1.46302794047451	-3.08084530095115	-2.13497078672442	-1.19707658716339
-1.45731050627883	-3.06889729594947	-2.1271990486702	-1.18294732719822
-1.45159307208316	-3.05421615417246	-2.11894854414818	-1.17734268114203
-1.44587563788749	-3.04805733352288	-2.11390571877022	-1.17886443387467
-1.44015820369181	-3.03147860356247	-2.10592278902139	-1.1660855837852
-1.43444076949614	-3.02831428977287	-2.09670355083459	-1.15265273646382
-1.42872333530046	-3.02052912239892	-2.08756361576882	-1.14851090718735
-1.42300590110479	-3.0093488560157	-2.08123335587577	-1.14709672445755
-1.41728846690911	-2.99430830324793	-2.07492594393734	-1.15243611010453
-1.41157103271344	-2.98398000352473	-2.06589509796363	-1.14820681587041
-1.40585359851776	-2.97180146878756	-2.05524851322668	-1.12643380796822
-1.40013616432209	-2.97160956914024	-2.05205617852027	-1.12989238077859
-1.39441873012641	-2.94844687491585	-2.04359599324094	-1.12663803788757
-1.38870129593074	-2.94559357490709	-2.03511699311367	-1.12199199674551
-1.38298386173507	-2.93385867916046	-2.02990903011079	-1.11399890417433
-1.37726642753939	-2.93309664316191	-2.021722751541	-1.09819602202232
-1.37154899334372	-2.91729420463173	-2.00970210479251	-1.09471799839426
-1.36583155914804	-2.91046547607121	-2.00632183771211	-1.09639992446033
-1.36011412495237	-2.8927954822311	-1.9947002732412	-1.0918073025256
-1.35439669075669	-2.8897552139244	-1.99099922090273	-1.07624699825012
-1.34867925656102	-2.87759620295654	-1.98555786415646	-1.08831261364369
-1.34296182236534	-2.8675490510604	-1.97329798468438	-1.07022882223761
-1.33724438816967	-2.85965266467026	-1.96940406209164	-1.06789291637604
-1.33152695397399	-2.8507976061016	-1.95884089737722	-1.06818216686744
-1.32580951977832	-2.83424171877481	-1.94759731021443	-1.05403827265632
-1.32009208558265	-2.81845696059847	-1.9422666081628	-1.05404287227694
-1.31437465138697	-2.83008252179267	-1.93492067982739	-1.04608069838234
-1.3086572171913	-2.80099410389967	-1.92776664269103	-1.03550849642052
-1.30293978299562	-2.79894625060624	-1.91915731247479	-1.03121743105232
-1.29722234879995	-2.78939725208856	-1.9080644433365	-1.0336843977774
-1.29150491460427	-2.78295045995532	-1.90317700915863	-1.01482741644492
-1.2857874804086	-2.77394013798432	-1.89650377263805	-1.02060317918166
-1.28007004621292	-2.75932827104829	-1.8873339596753	-1.0043339779233
-1.27435261201725	-2.75966931597173	-1.88111568926843	-0.994179480850529
-1.26863517782157	-2.73862830101366	-1.87483772351842	-1.00029445747619
-1.2629177436259	-2.72500344352562	-1.86659490600835	-0.989788074896167
-1.25720030943023	-2.71791616815529	-1.86005721399805	-0.993460738784649
-1.25148287523455	-2.71172780767435	-1.84866830388584	-0.986515825765377
-1.24576544103888	-2.70214966192687	-1.839503741282	-0.973892337944449
-1.2400480068432	-2.69400807025841	-1.83486814387787	-0.967152828336904
-1.23433057264753	-2.68587585617317	-1.82341000454549	-0.957214633082027
-1.22861313845185	-2.66907957855416	-1.82106978113539	-0.96814323874399
-1.22289570425618	-2.6612704796438	-1.81074722695409	-0.95307440961189
-1.2171782700605	-2.65198890286571	-1.80152282191617	-0.94617897444563
-1.21146083586483	-2.63842279335886	-1.79816512706304	-0.938566455035252
-1.20574340166915	-2.6332913327592	-1.78778808662435	-0.934023184315392
-1.20002596747348	-2.62150708846228	-1.78042433326077	-0.932269827746732
-1.19430853327781	-2.62196172895555	-1.77437946843114	-0.928672501846588
-1.18859109908213	-2.59576807663965	-1.76576609846465	-0.923640034086033
-1.18287366488646	-2.59245621079494	-1.75657683872341	-0.915998345189959
-1.17715623069078	-2.58115716986265	-1.74883367298869	-0.915514113572631
-1.17143879649511	-2.57211995080466	-1.73999682378606	-0.898740718595593
-1.16572136229943	-2.56782586399526	-1.73568019658927	-0.893124353894227
-1.16000392810376	-2.55415031643199	-1.72261577631592	-0.897362150869382
-1.15428649390808	-2.54751689060791	-1.72032620433077	-0.884006036397835
-1.14856905971241	-2.53986326270983	-1.70851211517179	-0.877454198094271
-1.14285162551673	-2.53276353460367	-1.70555952875573	-0.873808348182236
-1.13713419132106	-2.51548538109133	-1.69600472827315	-0.870061758904058
-1.13141675712539	-2.50668919681031	-1.68901777268612	-0.856665097323654
-1.12569932292971	-2.50334493639755	-1.6789882716569	-0.856988073942022
-1.11998188873404	-2.49294928121912	-1.67038831165219	-0.848890919812421
-1.11426445453836	-2.47845177280442	-1.66330235373957	-0.849577001401453
-1.10854702034269	-2.46751011431218	-1.6552595800612	-0.840205651034482
-1.10282958614701	-2.46040611388046	-1.65033316053434	-0.834690699905262
-1.09711215195134	-2.44830537197634	-1.64147184448124	-0.824850196501851
-1.09139471775566	-2.43635259025884	-1.6330714438149	-0.816943444364808
-1.08567728355999	-2.43398037293113	-1.62516144374914	-0.819113108690773
-1.07995984936431	-2.4240603173657	-1.61842324802867	-0.809417347293941
-1.07424241516864	-2.40831416272059	-1.61230147108052	-0.804488143462136
-1.06852498097297	-2.40465341833474	-1.60113262515607	-0.803850182909897
-1.06280754677729	-2.39373615867392	-1.5913854587011	-0.799302032363768
-1.05709011258162	-2.38061057833895	-1.5902608049449	-0.783917894688529
-1.05137267838594	-2.37937474538991	-1.57851938316585	-0.77115386708915
-1.04565524419027	-2.36527668332356	-1.57168105378412	-0.778373146621081
-1.03993780999459	-2.35184025763674	-1.56656408798365	-0.765778567461466
-1.03422037579892	-2.34160806917638	-1.55754166663284	-0.760696858126277
-1.02850294160324	-2.34177375998581	-1.54668255386858	-0.753377546709825
-1.02278550740757	-2.32342200398484	-1.54297629729722	-0.758462169843362
-1.01706807321189	-2.31135390437816	-1.52878183473969	-0.748722760587619
-1.01135063901622	-2.31258583651659	-1.5263269319201	-0.730745964200599
-1.00563320482055	-2.30312581389281	-1.51810369601987	-0.742136129041284
-0.999915770624871	-2.29198698129749	-1.51122835846851	-0.724208165031263
-0.994198336429197	-2.27376227074104	-1.50176154810968	-0.728495120484249
-0.988480902233522	-2.27113477704246	-1.49597031731194	-0.715296206198867
-0.982763468037848	-2.25387815094664	-1.48793118110227	-0.714375145342309
-0.977046033842173	-2.25356700817398	-1.47843996050981	-0.703215097938638
-0.971328599646498	-2.24340212427915	-1.46954358861444	-0.69710479297291
-0.965611165450824	-2.23210235846342	-1.4624847595717	-0.696309783636491
-0.959893731255149	-2.22424688525968	-1.45280692682491	-0.680728430790054
-0.954176297059475	-2.2084242650841	-1.44799869989963	-0.670219106481564
-0.9484588628638	-2.20097381562507	-1.43965135691808	-0.674563807056159
-0.942741428668126	-2.19133829651084	-1.43251050147326	-0.670031837799989
-0.937023994472451	-2.18208653666004	-1.42525448477509	-0.676373042859379
-0.931306560276777	-2.16969829745675	-1.422610351787	-0.651341428868167
-0.925589126081102	-2.1619501237003	-1.40907700906269	-0.653397317522145
-0.919871691885428	-2.1526037827266	-1.40004496672802	-0.64798627121596
-0.914154257689753	-2.14528849155208	-1.39077825484603	-0.636520779173575
-0.908436823494078	-2.13515974060311	-1.38618729996956	-0.623949096320117
-0.902719389298404	-2.1290487528063	-1.38156246353188	-0.630026512069781
-0.897001955102729	-2.12565437378339	-1.3708168476643	-0.616618330550365
-0.891284520907055	-2.1137332446921	-1.36494156233276	-0.620175735541105
-0.88556708671138	-2.10134345210091	-1.35478111067675	-0.610258087313939
-0.879849652515706	-2.08411374467301	-1.34840170077036	-0.603970008379318
-0.874132218320031	-2.0831405543171	-1.33816210455647	-0.597360129601167
-0.868414784124357	-2.07565604891371	-1.33595537566013	-0.594911242093651
-0.862697349928682	-2.06494057765934	-1.32593802077157	-0.587494528932371
-0.856979915733008	-2.0533484919967	-1.32205085492165	-0.571289139117979
-0.851262481537333	-2.04708889182402	-1.31012961266437	-0.570638775171541
-0.845545047341658	-2.03826321822769	-1.30153011151792	-0.54938105858601
-0.839827613145984	-2.02615802816073	-1.29438592639079	-0.558717925330265
-0.834110178950309	-2.01671580942068	-1.28625398938915	-0.550768194676805
-0.828392744754635	-2.01401331835832	-1.27970491835041	-0.552833269900731
-0.82267531055896	-2.00358985615566	-1.26979926498022	-0.540875467618666
-0.816957876363286	-1.99036569500204	-1.26554780136419	-0.537675791807705
-0.811240442167611	-1.97609866757943	-1.25536171836627	-0.522858911449903
-0.805523007971937	-1.97550815157864	-1.24844720135699	-0.51814699510521
-0.799805573776262	-1.94954728969977	-1.24313554263307	-0.519479980589139
-0.794088139580588	-1.95151283357608	-1.23413820937981	-0.508438453903221
-0.788370705384913	-1.94007290932038	-1.22613960984588	-0.507705598421778
-0.782653271189238	-1.93049369848462	-1.21553874886969	-0.498992773335611
-0.776935836993564	-1.91999577849799	-1.20752169766204	-0.487504995743538
-0.771218402797889	-1.91284195286633	-1.20412271842557	-0.484242188736861
-0.765500968602215	-1.90979578010332	-1.19389455490408	-0.481559404284111
-0.75978353440654	-1.8885902235416	-1.18430654642108	-0.463741254161991
-0.754066100210866	-1.88793746197458	-1.17782673390896	-0.464547029183614
-0.748348666015191	-1.87349058238	-1.1716546194944	-0.463619877259526
-0.742631231819517	-1.86479852333592	-1.16102079398279	-0.448415727026739
-0.736913797623842	-1.8653330811534	-1.15627491814722	-0.452057544095347
-0.731196363428168	-1.85002393214459	-1.14765848406944	-0.44357403477182
-0.725478929232493	-1.84079674552674	-1.14090821471755	-0.428996536156232
-0.719761495036819	-1.83289438747504	-1.13084188874398	-0.425373163269784
-0.714044060841144	-1.82344488806477	-1.12554534009598	-0.428277446850512
-0.70832662664547	-1.81401163095451	-1.11565220379905	-0.421384460772089
-0.702609192449795	-1.81112538479254	-1.10707649342948	-0.406910396492994
-0.69689175825412	-1.79556407341669	-1.1034818992219	-0.394704563809803
-0.691174324058446	-1.78554191907579	-1.0945710209671	-0.394269216756297
-0.685456889862771	-1.77725232236247	-1.08987325122634	-0.387312938876746
-0.679739455667097	-1.77751424020607	-1.07618630855861	-0.380841687590527
-0.674022021471422	-1.75807663869672	-1.06738255183138	-0.370301251632324
-0.668304587275748	-1.75599934646521	-1.06011838767024	-0.381909501332112
-0.662587153080073	-1.73611831043863	-1.05346847657561	-0.362537189430884
-0.656869718884399	-1.73464254144062	-1.04991766987578	-0.359873808018851
-0.651152284688724	-1.72239041215081	-1.03988039817764	-0.343736807648349
-0.645434850493049	-1.71171047092973	-1.03137234904707	-0.347026626361543
-0.639717416297375	-1.71272905100192	-1.02459828551866	-0.331240926854108
-0.6339999821017	-1.698238467252	-1.01564311689308	-0.335626923258741
-0.628282547906026	-1.69590265233715	-1.00790805031525	-0.329253506355103
-0.622565113710351	-1.67641134933383	-1.00027266491579	-0.32155147677537
-0.616847679514677	-1.66850173673972	-0.992441087723018	-0.305226366065196
-0.611130245319002	-1.66577460387343	-0.984044433045132	-0.307122821622783
-0.605412811123328	-1.6420377237269	-0.979689773655586	-0.305347900628967
-0.599695376927653	-1.6442993500478	-0.970564333114349	-0.296322275265981
-0.593977942731978	-1.63517509996065	-0.962382390596065	-0.288994679738952
-0.588260508536304	-1.62870535843025	-0.957097370008464	-0.285450060814718
-0.582543074340629	-1.61269406091713	-0.945852185639302	-0.27561493511698
-0.576825640144955	-1.60996575336741	-0.939999956596934	-0.262459648627418
-0.57110820594928	-1.60468835509776	-0.931621255007307	-0.261679025159093
-0.565390771753606	-1.58028476891383	-0.925037397339849	-0.244597459832826
-0.559673337557931	-1.57797882960558	-0.91849417315554	-0.247719091235142
-0.553955903362257	-1.56636202693308	-0.910743285999549	-0.242379012427345
-0.548238469166582	-1.56695249388927	-0.900809363880711	-0.229905313645021
-0.542521034970908	-1.55666820801964	-0.891150613214194	-0.229348256244621
-0.536803600775233	-1.54554117214114	-0.883248402229238	-0.221098630181025
-0.531086166579559	-1.53365933236221	-0.874848976437185	-0.212072470914727
-0.525368732383884	-1.53361113100467	-0.869174848231948	-0.195351164480141
-0.51965129818821	-1.52365178159927	-0.861691785229672	-0.193699954804772
-0.513933863992535	-1.51916522168461	-0.854707879949827	-0.197263825358922
-0.50821642979686	-1.49818596246554	-0.846921133492986	-0.196507414076271
-0.502498995601186	-1.48916507046694	-0.840533649743655	-0.180316205260404
-0.496781561405511	-1.48521839457316	-0.831802879895364	-0.167196858481364
-0.491064127209837	-1.47611665609035	-0.822034136077617	-0.168483195298488
-0.485346693014162	-1.46031878310487	-0.814612031385797	-0.158502107665072
-0.479629258818488	-1.45967526172252	-0.808028858750714	-0.158960638853516
-0.473911824622813	-1.44684368117899	-0.801413688612398	-0.145451832282662
-0.468194390427139	-1.44060488366919	-0.79031057804383	-0.142589597979715
-0.462476956231464	-1.42924550307411	-0.785218157321733	-0.134492525648413
-0.45675952203579	-1.41703156082079	-0.778244852591782	-0.127326891721091
-0.451042087840115	-1.41790265558763	-0.76782967310036	-0.123015671974964
-0.44532465364444	-1.40969432370609	-0.762068347117378	-0.117523867684061
-0.439607219448766	-1.40580901970715	-0.754160267902493	-0.105196616440074
-0.433889785253091	-1.39857133588805	-0.746162131851917	-0.103794807019753
-0.428172351057417	-1.37702989091442	-0.740360503835643	-0.0954912245285588
-0.422454916861742	-1.37569222750102	-0.729910567652407	-0.0868408122433799
-0.416737482666068	-1.36071552411676	-0.721141260670114	-0.0787820054008144
-0.411020048470393	-1.3588306065105	-0.713716572041665	-0.0703024975028366
-0.405302614274719	-1.33887987534246	-0.706824168579117	-0.0595830930843389
-0.399585180079044	-1.3273627189186	-0.700888575722466	-0.0577915079313225
-0.393867745883369	-1.3353708376368	-0.689675034441816	-0.0431888430929384
-0.388150311687695	-1.32343090694668	-0.682110496833453	-0.0462249236656043
-0.38243287749202	-1.30984314336356	-0.676317210122836	-0.032869335214933
-0.376715443296346	-1.30726618221613	-0.67022674694531	-0.0283707978138481
-0.370998009100671	-1.30025617387753	-0.661346137703283	-0.0280791784784656
-0.365280574904997	-1.28897870520596	-0.650557940746325	-0.0218083873263724
-0.359563140709322	-1.28045259614003	-0.644474811941396	-0.0180427644419717
-0.353845706513648	-1.26878493385947	-0.637651001567055	-0.00998950542627843
-0.348128272317973	-1.25129900500202	-0.630254318522265	0.000909226762507252
-0.342410838122299	-1.2539525985806	-0.623062899206678	0.00700996049319508
-0.336693403926624	-1.25114577277243	-0.613789227128193	0.0202370005970913
-0.33097596973095	-1.24035222546653	-0.603253457292622	0.0299485633442012
-0.325258535535275	-1.2334751549649	-0.599000556936567	0.0288572926324841
-0.319541101339601	-1.21314091607198	-0.590639790583338	0.044975486779195
-0.313823667143926	-1.20869052045543	-0.585408427743643	0.0405557966990266
-0.308106232948251	-1.19722230354197	-0.576110202044288	0.0545071043296242
-0.302388798752577	-1.19516116271045	-0.568209994635301	0.0630323176931689
-0.296671364556902	-1.18232135002947	-0.55952471643687	0.0737361116478275
-0.290953930361228	-1.17079848635166	-0.553608358468781	0.0735254658466303
-0.285236496165553	-1.16926346300088	-0.542349254401055	0.0772349186368346
-0.279519061969879	-1.15925749249209	-0.539174562826585	0.0822937689916811
-0.273801627774204	-1.14879216903148	-0.526822724583315	0.100395149352146
-0.26808419357853	-1.14397369373877	-0.521020516601095	0.103947117283022
-0.262366759382855	-1.13781545593975	-0.512343915991327	0.114047708622098
-0.256649325187181	-1.13341698238979	-0.508072095165643	0.122874574558095
-0.250931890991506	-1.11779175906683	-0.498221586479196	0.125793074022375
-0.245214456795831	-1.11552692510405	-0.490992008456959	0.129993603700652
-0.239497022600157	-1.10610975489877	-0.482300935248859	0.135521986197783
-0.233779588404482	-1.08949890870069	-0.475188865828439	0.136415685461609
-0.228062154208808	-1.08512158309017	-0.46376912982271	0.15650958396845
-0.222344720013133	-1.09290677833907	-0.459494737772347	0.159898134576539
-0.216627285817459	-1.07390625157974	-0.451361684837388	0.169311654109052
-0.210909851621784	-1.06385777523491	-0.445252395566797	0.17327163259167
-0.20519241742611	-1.06188069917245	-0.436231274135936	0.179417266868325
-0.199474983230435	-1.0491778883439	-0.426930813796234	0.20230284237221
-0.193757549034761	-1.03652445254193	-0.420599238951201	0.19386419100592
-0.188040114839086	-1.02407471169977	-0.415374976491022	0.201926922330191
-0.182322680643412	-1.02235912191381	-0.399683785977195	0.21284910573096
-0.176605246447737	-1.00625339783017	-0.399848943038493	0.216423242278535
-0.170887812252062	-1.00632744548258	-0.391741770717144	0.229184178588101
-0.165170378056388	-0.991217299947384	-0.38224139022374	0.233781152837147
-0.159452943860713	-0.989458192144699	-0.375433218805905	0.241385303622232
-0.153735509665039	-0.984538046000983	-0.368155323522704	0.252710841616403
-0.148018075469364	-0.979532670096869	-0.358862729523917	0.256533688349738
-0.14230064127369	-0.967079785034475	-0.352327224754868	0.269738910232122
-0.136583207078015	-0.958205837068502	-0.340907614276748	0.271957228329997
-0.130865772882341	-0.948096329112644	-0.333446778367446	0.280170837471916
-0.125148338686666	-0.931056235034559	-0.325794021530002	0.288419752247612
-0.119430904490992	-0.932361896562588	-0.320279384375695	0.293846073155001
-0.113713470295317	-0.919902935817158	-0.312850971845413	0.301749046675253
-0.107996036099642	-0.918756252049891	-0.305170764283055	0.306056782276887
-0.102278601903968	-0.90580698891103	-0.298567875303902	0.306344217059535
-0.0965611677082934	-0.895985133952518	-0.290061451016088	0.323508815686185
-0.0908437335126189	-0.9025767313889	-0.279162414082388	0.328801290752739
-0.0851262993169442	-0.890999269889314	-0.274971692088296	0.329697976611812
-0.0794088651212697	-0.876005096072765	-0.264139355155578	0.342218720201483
-0.0736914309255952	-0.865227233796455	-0.257622315097497	0.359314620152763
-0.0679739967299207	-0.864016135550994	-0.253218075150383	0.365449190829546
-0.0622565625342462	-0.846370159637032	-0.246570515959096	0.369591694235341
-0.0565391283385714	-0.845456997842168	-0.236736770492808	0.374954104158946
-0.0508216941428969	-0.835088681104155	-0.226678555471734	0.378859633370232
-0.0451042599472224	-0.829303129184486	-0.219452414638197	0.385824098071181
-0.0393868257515479	-0.823415924420099	-0.213159697202419	0.395812734344581
-0.0336693915558735	-0.812031893393973	-0.203212295369081	0.40099755281522
-0.0279519573601987	-0.805870148441387	-0.198870860824553	0.406898359862584
-0.0222345231645242	-0.79533625390186	-0.187572869547291	0.419258736569748
-0.0165170889688497	-0.791213495020277	-0.181944837157623	0.430218208990665
-0.0107996547731752	-0.79006300811455	-0.17217256407681	0.441969292862124
-0.00508222057750074	-0.770423119763373	-0.165259199276115	0.450048993413979
0.00063521361817398	-0.7728119933459	-0.159666133485345	0.456390100133497
0.00635264781384848	-0.758760926697275	-0.150402374591855	0.459940362130283
0.012070082009523	-0.748943281474376	-0.144402530314037	0.471942039216773
0.0177875162051975	-0.742982660438749	-0.13453509414524	0.477329534688398
0.023504950400872	-0.735089718765696	-0.128815012786998	0.478727741430404
0.0292223845965467	-0.728881327718024	-0.118377284587756	0.495474909291749
0.0349398187922212	-0.720479666890627	-0.113013729266129	0.497325932210661
0.0406572529878957	-0.715589599713453	-0.10159204142981	0.507339166471296
0.0463746871835702	-0.708546877637841	-0.0948980222893364	0.51226333541717
0.0520921213792447	-0.701909902525314	-0.0870706254161657	0.521688491347955
0.0578095555749194	-0.681805411682498	-0.0827624093114922	0.528428381250829
0.0635269897705939	-0.685755945126118	-0.0726244194034378	0.530818030015761
0.0692444239662684	-0.669980005250357	-0.0673295538329495	0.543336386013122
0.0749618581619429	-0.669457153059323	-0.0575817273350532	0.561688060762786
0.0806792923576174	-0.663428989997673	-0.0482419624958541	0.562057876017236
0.0863967265532921	-0.648454479346258	-0.041862592191834	0.572279416145225
0.0921141607489666	-0.64993681178327	-0.0353803727349563	0.575982511601444
0.0978315949446413	-0.637260090764872	-0.0259629037888454	0.587606932050349
0.103549029140316	-0.630424081538353	-0.0204207616632395	0.5923912230959
0.10926646333599	-0.63016219370591	-0.0113616284596019	0.607669039326834
0.114983897531665	-0.619913336357752	-0.00298326400417397	0.619414133742294
0.120701331727339	-0.612161234843706	0.00351696574558454	0.614561341005108
0.126418765923014	-0.603213227797602	0.0124692252564033	0.632517458581455
0.132136200118688	-0.590775554465657	0.0213908377463373	0.631023946493113
0.137853634314363	-0.594443732009066	0.0293464852765207	0.644389877263451
0.143571068510037	-0.581426442567558	0.0370247441961193	0.649062034164139
0.149288502705712	-0.569568871867555	0.0380567727439242	0.655674353853267
0.155005936901387	-0.559730621037098	0.0492798695497426	0.669542909703059
0.160723371097061	-0.557054590694705	0.0607972342598947	0.671916536723219
0.166440805292736	-0.551785286531308	0.066830722724741	0.683431035095793
0.17215823948841	-0.542075039685651	0.0713968465100651	0.693384174190927
0.177875673684085	-0.538039752235487	0.0807463487836054	0.692754418148777
0.183593107879759	-0.525598520903952	0.0885824463924884	0.710418082899062
0.189310542075434	-0.527761335773	0.0972498169232679	0.71820897674893
0.195027976271108	-0.51597808875055	0.107751076064992	0.724784272895302
0.200745410466783	-0.509239918432606	0.111595484472236	0.728175408782086
0.206462844662457	-0.497374731264146	0.121372202083263	0.740999913898111
0.212180278858132	-0.491822747587544	0.129645811848573	0.755552250465386
0.217897713053806	-0.481455327041172	0.133647717576737	0.758589110751037
0.223615147249481	-0.47664127898068	0.139929665174306	0.756129961311916
0.229332581445155	-0.470322096243268	0.151956151143044	0.762180818077413
0.23505001564083	-0.457709683354678	0.157429470171436	0.783173396367643
0.240767449836505	-0.459386778118515	0.1668485674637	0.789929109797695
0.246484884032179	-0.443691424017248	0.170264689300343	0.801687174796874
0.252202318227854	-0.437172150033028	0.18089200890671	0.812930010508709
0.257919752423528	-0.428594126940115	0.188975275676849	0.81553544055933
0.263637186619203	-0.426467722364399	0.197425707539965	0.818972097347922
0.269354620814878	-0.419425984607339	0.206249567059672	0.825042509737842
0.275072055010552	-0.416619255695186	0.212615137498409	0.837960049458327
0.280789489206227	-0.4114705461273	0.21598208597281	0.857466866387825
0.286506923401901	-0.400410532555546	0.229766415377656	0.85645757275193
0.292224357597576	-0.39256432628206	0.235314423490164	0.869635703882577
0.29794179179325	-0.387851489662657	0.244823517293354	0.871474014561093
0.303659225988925	-0.378157686135866	0.24951033433234	0.87757555996818
0.309376660184599	-0.36646054884065	0.26148594825121	0.892423414257894
0.315094094380274	-0.364992560074599	0.269356325344015	0.894438399476833
0.320811528575948	-0.358544478177237	0.273090128850638	0.910643431681802
0.326528962771623	-0.35122463973814	0.281886983761917	0.915133670380904
0.332246396967297	-0.347567576563713	0.289835644003906	0.920516526781435
0.337963831162972	-0.336106772230467	0.297621838018666	0.928018975223135
0.343681265358646	-0.323265494011145	0.306472568908243	0.943789669911353
0.349398699554321	-0.323603448727976	0.316832203308015	0.944059785405623
0.355116133749996	-0.317325666265477	0.320992756888337	0.947458584295975
0.36083356794567	-0.3138931232137	0.330085314588511	0.956772454590803
0.366551002141345	-0.29510703828121	0.340009176068338	0.977106243591998
0.372268436337019	-0.296268980799539	0.344594421882065	0.981225663387296
0.377985870532694	-0.282264601058309	0.349192792728269	0.993750050191634
0.383703304728368	-0.280345443357404	0.360481918018031	0.999841866748382
0.389420738924043	-0.272787646883862	0.367858091094822	1.00453143362828
0.395138173119717	-0.268406339520161	0.375600401377844	1.01586430457379
0.400855607315392	-0.258368497602907	0.385526928549544	1.02270811636234
0.406573041511066	-0.253118044998426	0.391015382114805	1.03309832729364
0.412290475706741	-0.250258170031458	0.40071661152116	1.04363428084896
0.418007909902415	-0.244313718571439	0.408695782958601	1.04887382312002
0.42372534409809	-0.226274091457271	0.416648699357199	1.06033689458356
0.429442778293764	-0.223599321899106	0.425142289538439	1.06928045963253
0.435160212489439	-0.216593273664748	0.428833299510915	1.07051422091386
0.440877646685114	-0.206207804555694	0.436034983966766	1.07696617542373
0.446595080880788	-0.204947335665094	0.448506826175344	1.09404639736519
0.452312515076463	-0.206433206622867	0.453542437760738	1.09920866710976
0.458029949272137	-0.187644406054559	0.460717924688174	1.1097378942766
0.463747383467812	-0.185437537534946	0.469781372282584	1.12033089258859
0.469464817663487	-0.178662717319286	0.478038922310413	1.13022152567096
0.475182251859161	-0.173569983525399	0.485321902321741	1.13640887486509
0.480899686054836	-0.167189053269816	0.491229324732013	1.14609436389438
0.48661712025051	-0.153550920346888	0.498597234882926	1.16327662997911
0.492334554446185	-0.155216295698525	0.504026820671265	1.16145833107947
0.498051988641859	-0.152245916489156	0.51679682913063	1.17110540322942
0.503769422837534	-0.136688099828614	0.523455326185632	1.17839268426151
0.509486857033208	-0.13284295888965	0.532278225500491	1.20098614028404
0.515204291228883	-0.127042305961661	0.536792948196713	1.19368906513121
0.520921725424557	-0.119489988536559	0.545734035317908	1.20499995654816
0.526639159620232	-0.111854554997498	0.557239986683359	1.21727779739591
0.532356593815906	-0.108199329641306	0.561902640753746	1.22222102491983
0.538074028011581	-0.0983379466171558	0.56915146360266	1.22748128470678
0.543791462207255	-0.0934332207802146	0.575631174120719	1.24579419492978
0.54950889640293	-0.0879063334697261	0.585639342296039	1.25154332330648
0.555226330598605	-0.0840582006807956	0.592692219875116	1.25965316476464
0.560943764794279	-0.0820016356502112	0.59910483476345	1.26389803343619
0.566661198989954	-0.063956554100404	0.607935814604569	1.27620096487769
0.572378633185628	-0.0564737039604615	0.616065780011458	1.28232638416432
0.578096067381303	-0.0602330120007417	0.622647403151185	1.30006431244944
0.583813501576977	-0.056506849475426	0.630491259401065	1.30421464317727
0.589530935772652	-0.0357309896268674	0.64375762868606	1.31315727570965
0.595248369968326	-0.0269059146082505	0.648507682778298	1.31363032981444
0.600965804164001	-0.0310287265810675	0.654844446463764	1.33564537918408
0.606683238359675	-0.0261305932894546	0.662510964232156	1.33746772408896
0.61240067255535	-0.0215040124569827	0.671496508789763	1.34521979199068
0.618118106751024	-0.0172665082102069	0.680228787340603	1.35908193991728
0.623835540946699	-0.00389604202465524	0.685683765054519	1.37528247512997
0.629552975142373	-0.0026665749523034	0.693513343982275	1.36911556829213
0.635270409338048	0.00918696166902647	0.703771453152049	1.37913940606084
0.640987843533723	0.0133773146698649	0.708290394378917	1.39596885212523
0.646705277729397	0.026712217350544	0.716808139946489	1.40276946821295
0.652422711925072	0.0191920049294685	0.726862161306604	1.40576033854736
0.658140146120747	0.0367334808809405	0.731749089826185	1.41544024543799
0.663857580316421	0.0335314460468971	0.738745449228955	1.421685886269
0.669575014512096	0.0453667805815512	0.749940588311632	1.44734592105352
0.67529244870777	0.0584104971132002	0.753546427454611	1.45369461076914
0.681009882903445	0.050188529583965	0.764068002134636	1.45487282256176
0.686727317099119	0.0643692833934548	0.769168044375415	1.45788609079342
0.692444751294794	0.0721249890445656	0.77733715489631	1.47072686785919
0.698162185490468	0.0796853610115213	0.786147045146093	1.4950835160958
0.703879619686143	0.0816134000093307	0.793482435607613	1.48737286328489
0.709597053881817	0.0920911619168444	0.80292100090497	1.49822998556627
0.715314488077492	0.0910944225494915	0.807408440454905	1.51036599504042
0.721031922273166	0.098531440924156	0.814418797346215	1.5210616635733
0.726749356468841	0.106329501599236	0.825734843012785	1.5314107411051
0.732466790664515	0.115244329818394	0.836124731876889	1.54145702862877
0.73818422486019	0.119449763397532	0.840832725302535	1.54287661465755
0.743901659055865	0.123743436301483	0.850734810113856	1.56531391967321
0.749619093251539	0.137234050141358	0.856217083674407	1.56206503502905
0.755336527447214	0.133862537498104	0.864492833691544	1.58395378734949
0.761053961642888	0.129274444712071	0.874115997887215	1.58893445161844
0.766771395838563	0.152747705308938	0.879426822705104	1.59497231476026
0.772488830034237	0.162068313282889	0.88674578228442	1.60370157500091
0.778206264229912	0.174087088533932	0.895216859314395	1.61143717858029
0.783923698425586	0.170852235857131	0.900939280074003	1.62662491627716
0.789641132621261	0.171138370419599	0.910899192956873	1.6379676746404
0.795358566816935	0.182181367338988	0.916350565732196	1.63594379796332
0.80107600101261	0.192132159314415	0.926708315141139	1.64696431478044
0.806793435208284	0.195547732760005	0.93704760159172	1.65771238658762
0.812510869403959	0.199225092374439	0.941028322078749	1.67153631813971
0.818228303599633	0.206399990811159	0.948063100828677	1.68084096841536
0.823945737795308	0.213062200646308	0.958564748339818	1.68891526562451
0.829663171990983	0.223536722451101	0.96355782966665	1.69943547642887
0.835380606186657	0.226341185166652	0.973088146605467	1.70910064844967
0.841098040382332	0.231753427321962	0.977941388900733	1.71571149215648
0.846815474578006	0.244325747885034	0.987675306911509	1.72371387408521
0.852532908773681	0.243729564696521	0.998445712066627	1.7328721064591
0.858250342969356	0.250289390784603	1.00699859096161	1.74431294902099
0.86396777716503	0.26058311170452	1.00982351272101	1.75230234273909
0.869685211360705	0.267077331822739	1.01976297207172	1.75901155214752
0.875402645556379	0.267536569042283	1.02689001407751	1.77295754381589
0.881120079752054	0.275507216278463	1.0316978686846	1.78138085748131
0.886837513947728	0.28144605549057	1.04179123083474	1.79474309647287
0.892554948143403	0.294442596934353	1.04778091390897	1.79562132288099
0.898272382339077	0.288658648932036	1.05913933702772	1.80761226825048
0.903989816534752	0.297728706967428	1.06279820504315	1.82154458292082
0.909707250730426	0.3038148738153	1.0742054414087	1.82167049441052
0.915424684926101	0.312601574291818	1.0821723467019	1.83340444931156
0.921142119121775	0.31444143646278	1.08898627175984	1.84364196291412
0.92685955331745	0.316683632974219	1.09585749102002	1.85125013785117
0.932576987513124	0.33656360850066	1.10322797921969	1.86266189819426
0.938294421708799	0.338036083169618	1.11148200983549	1.86832928591341
0.944011855904474	0.347415918698108	1.11706683911682	1.88583729873602
0.949729290100148	0.349645968806698	1.12895732155015	1.89072370944454
0.955446724295823	0.351155893623097	1.13736813819211	1.9042442848048
0.961164158491497	0.360451727995083	1.14154242000233	1.91333800680676
0.966881592687172	0.369516683814389	1.15193237432138	1.91654721645823
0.972599026882846	0.366237236278114	1.15831202755928	1.93160047673337
0.978316461078521	0.370515170899475	1.16145090842266	1.93690100358877
0.984033895274195	0.371970278510511	1.17355436744084	1.9421663629458
0.98975132946987	0.397425285426304	1.18147917602233	1.95927184990826
0.995468763665544	0.389594607601676	1.18790780627076	1.97194511546458
1.00118619786122	0.406331122048046	1.19664242792397	1.97917413686353
1.00690363205689	0.402917925490212	1.20480194077185	1.98745329953687
1.01262106625257	0.418575128714689	1.21231857849909	1.99586806313154
1.01833850044824	0.419874743764375	1.21985709400594	2.00850910530898
1.02405593464392	0.431367301789298	1.2234709424661	2.02299413940941
1.02977336883959	0.438132865903027	1.2364943284475	2.0221238156923
1.03549080303527	0.438610795147932	1.24252080428164	2.03727606744416
1.04120823723094	0.440052219485632	1.25109535400877	2.04760578718184
1.04692567142662	0.443640798674982	1.25624750593449	2.05852543826432
1.05264310562229	0.447038931647701	1.26816473595953	2.06161524478282
1.05836053981796	0.464039666515408	1.27404277060354	2.08132215950718
1.06407797401364	0.466658875797205	1.28172158180285	2.08348624264487
1.06979540820931	0.482391351123513	1.28934581917749	2.08716486558735
1.07551284240499	0.471887997282885	1.29864243014006	2.09654201485846
1.08123027660066	0.476256444306189	1.30544186552815	2.10992009510985
1.08694771079634	0.478023447906523	1.31588888873049	2.12656082797352
1.09266514499201	0.494730586714225	1.32020689309706	2.13396505522887
1.09838257918769	0.494332980050299	1.32750829756578	2.13903868441945
1.10410001338336	0.49725314579494	1.33599292220116	2.14576118276923
1.10981744757904	0.51527485853175	1.34714970316157	2.15751115675969
1.11553488177471	0.525046799107844	1.35269808632454	2.16809362823933
1.12125231597038	0.522404452223834	1.35687859743875	2.17390000316866
1.12696975016606	0.534776113989757	1.36474104949107	2.18835053374028
1.13268718436173	0.53988909902016	1.3745145869085	2.19866120746878
1.13840461855741	0.53647948133906	1.38092700071431	2.20504282726433
1.14412205275308	0.542046997823693	1.38598739703034	2.21650588950994
1.14983948694876	0.553681309051143	1.39535175803038	2.23122028046312
1.15555692114443	0.552565346192604	1.4041810076862	2.2430887997739
1.16127435534011	0.568284736195498	1.41234887616922	2.25061197366657
1.16699178953578	0.566186514865021	1.42313234517057	2.25568692184247
1.17270922373146	0.575653453948056	1.42941702962995	2.2687871976199
1.17842665792713	0.578797823957145	1.43309513640579	2.27970506799863
1.1841440921228	0.584676585372156	1.44637712513049	2.28696107383048
1.18986152631848	0.595176996746544	1.45179413153571	2.30154670664165
1.19557896051415	0.600523460981559	1.46264547687117	2.29957430769604
1.20129639470983	0.610234954422539	1.46962146362947	2.31690995398771
1.2070138289055	0.601292510692087	1.4747286601487	2.32195032153325
1.21273126310118	0.61435745925875	1.48219679904409	2.33013802947471
1.21844869729685	0.616419429909223	1.48832499372129	2.3363462900172
1.22416613149253	0.621718695312386	1.4972207739282	2.35046073751344
1.2298835656882	0.628707742284615	1.50202260323506	2.35475017576173
1.23560099988388	0.636097135303052	1.51386989552906	2.37228300987974
1.24131843407955	0.649525369441106	1.52183730323595	2.38527063025586
1.24703586827522	0.64379875846943	1.52848987913645	2.39284895350483
1.2527533024709	0.652884453918527	1.53893442949896	2.39928475352107
1.25847073666657	0.662541911091788	1.54616564981054	2.41421758063118
1.26418817086225	0.666839773791652	1.55362059248536	2.41782693647024
1.26990560505792	0.665114113643054	1.55592393639352	2.42870195804393
1.2756230392536	0.679545626465379	1.57073451113367	2.43786243060125
1.28134047344927	0.675962924111009	1.57532798222939	2.44588490402086
1.28705790764495	0.691462936174722	1.58055743815999	2.46590005299551
1.29277534184062	0.702954161455989	1.58937930906841	2.46731944869459
1.2984927760363	0.6962000218337	1.6018659990863	2.47871825932729
1.30421021023197	0.704575593682998	1.60631329243335	2.49376849354888
1.30992764442764	0.724411514253897	1.61661920503016	2.49501122557697
1.31564507862332	0.715725488650543	1.6223095897661	2.50880421882678
1.32136251281899	0.714040783779091	1.63071076380701	2.51478593797037
1.32707994701467	0.731023424470394	1.63695274343647	2.53074955341014
1.33279738121034	0.742486372572525	1.64450805710883	2.52954154511602
1.33851481540602	0.744259211865359	1.65195433400564	2.54327937086428
1.34423224960169	0.747039752315103	1.66008450770861	2.55401245367461
1.34994968379737	0.750506678844454	1.66948163187003	2.56886441160816
1.35566711799304	0.753884082103222	1.6749744544186	2.57023738229327
1.36138455218871	0.75927267871238	1.68777460793046	2.59029170102083
1.36710198638439	0.753216148478912	1.69180651803601	2.59892917955253
1.37281942058006	0.774634751348244	1.70072787067131	2.60307868022465
1.37853685477574	0.76984323234805	1.70885729193737	2.62443256446517
1.38425428897141	0.787801224693749	1.7154379525021	2.63053991174415
1.38997172316709	0.779642268012251	1.72118138332054	2.63351384208015
1.39568915736276	0.794213696456787	1.72715478002638	2.64064065233556
1.40140659155844	0.794748444362881	1.7388919470026	2.64929239286275
1.40712402575411	0.81106437766923	1.74619410291741	2.66577594258499
1.41284145994979	0.807875015464191	1.75404480879043	2.67876940703274
1.41855889414546	0.815658614886882	1.76031893553387	2.68969510862735
1.42427632834114	0.817749098454318	1.76780501723971	2.69675894298573
1.42999376253681	0.838003817611444	1.77808432627638	2.70029195262283
1.43571119673248	0.836638634755333	1.78359204530238	2.71845232053433
1.44142863092816	0.842997167421162	1.79276200190813	2.71977930710827
1.44714606512383	0.846817737517709	1.79736249735717	2.74067022987455
1.45286349931951	0.849276238109337	1.81235722124676	2.74289885003754
1.45858093351518	0.860070956561267	1.81174634234177	2.75732925737612
1.46429836771086	0.869051323852294	1.82136082139645	2.76027132568342
1.47001580190653	0.879543056705329	1.83147611855163	2.78159740044182
1.47573323610221	0.880116994265442	1.84030930114838	2.78942161998823
1.48145067029788	0.896967936131317	1.84874819298677	2.80183462034459
1.48716810449356	0.882959319309398	1.85567561214962	2.81000537932102
1.49288553868923	0.887926161451208	1.86076789031942	2.82053947263829
1.4986029728849	0.897190463060553	1.8702499428233	2.81716015521577
1.50432040708058	0.902954848411711	1.87611268280141	2.83586219808244
1.51003784127625	0.903785818150386	1.88800426828154	2.84146999111713
1.51575527547193	0.901358518143203	1.89018889201774	2.85529526765892
1.5214727096676	0.912440582553742	1.89997850038474	2.86140332678189
1.52719014386328	0.919736044209325	1.91173951124108	2.861981391146
1.53290757805895	0.919498227943062	1.91846065812492	2.88030578363821
1.53862501225463	0.936148871580368	1.9211269728684	2.89882198686571
1.5443424464503	0.938412305149258	1.93034028408453	2.89997203878
1.55005988064597	0.940294935297916	1.94102576851442	2.91175830429501
1.55577731484165	0.953036579056506	1.94882166444843	2.91836425763358
1.56149474903732	0.952698007949143	1.95703216433882	2.93040245684963
1.567212183233	0.959407226797624	1.96125125923334	2.94307522100194
1.57292961742867	0.968134478564996	1.97297474838577	2.94841272874077
1.57864705162435	0.978143297775533	1.97535693932129	2.96949556047142
1.58436448582002	0.978138247338977	1.98312392697353	2.96985457648118
1.5900819200157	0.980130721447529	1.99332840859241	2.97660205409349
1.59579935421137	0.991484027697482	2.00167363071163	2.99715806253401
1.60151678840705	0.995768935005694	2.00913277399971	3.00377927544174
1.60723422260272	0.996280428898352	2.01115370515768	3.01521892884959
1.6129516567984	0.99930083561864	2.02418756141113	3.02140331200299
1.61866909099407	1.01019306566933	2.03482101723566	3.0211946475572
1.62438652518974	1.01523084898063	2.03799441455066	3.0423411515416
1.63010395938542	1.02187517725122	2.04774729837604	3.05330447789978
1.63582139358109	1.02061057398896	2.05690074035279	3.05929213321369
1.64153882777677	1.0265960780171	2.05938953922316	3.07797446278034
1.64725626197244	1.04271908909057	2.06914371263673	3.08688038743695
1.65297369616812	1.04241664256385	2.07906203734297	3.0907167905683
1.65869113036379	1.04287994263599	2.08383370023461	3.10587426799726
1.66440856455947	1.05339321647764	2.09375856151203	3.1106273438844
1.67012599875514	1.05789952295757	2.10027810653459	3.11419829951151
1.67584343295082	1.06697155989002	2.10616561751791	3.12081071657104
1.68156086714649	1.07022631701702	2.11704420590508	3.14318843828893
1.68727830134216	1.07338071200559	2.12180140737073	3.15438578453424
1.69299573553784	1.09899372728415	2.13004890213009	3.1572569735391
1.69871316973351	1.09599034963434	2.14040770702192	3.17942204117591
1.70443060392919	1.09458816669126	2.14714552655677	3.17971197569188
1.71014803812486	1.10723084772113	2.15178637271991	3.19556776100045
1.71586547232054	1.10267205926991	2.16251761676675	3.20300016824428
1.72158290651621	1.10823777006094	2.17729146368344	3.22046624523396
1.72730034071189	1.11286625876991	2.17809842432454	3.22383710172556
1.73301777490756	1.11642389166147	2.1864765364246	3.22632842417257
1.73873520910323	1.11057995170283	2.19589551447466	3.2427234051048
1.74445264329891	1.1333136286665	2.2027375967944	3.24583675126346
1.75017007749458	1.13593482863928	2.20729087552277	3.26347647734578
1.75588751169026	1.13922492604983	2.21617613066719	3.26860224599865
1.76160494588593	1.14894591347546	2.22354085393611	3.29196663884363
1.76732238008161	1.15549871682506	2.23142542978462	3.29626692501669
1.77303981427728	1.15852558891736	2.23813788266795	3.31186934936579
1.77875724847296	1.1647567596814	2.2467350538637	3.30887557718564
1.78447468266863	1.16587967387437	2.25149818237186	3.32033667248224
1.79019211686431	1.17520785798033	2.26379781992986	3.33058637962897
1.79590955105998	1.17784456284768	2.27229525735631	3.34697912817723
1.80162698525566	1.19126420213897	2.28022834144913	3.36004673551771
1.80734441945133	1.18343056343197	2.28762518343447	3.36000745942354
1.813061853647	1.19039989308915	2.29838884900827	3.37687511153967
1.81877928784268	1.20133100418952	2.30181150186339	3.3895216179228
1.82449672203835	1.21243293112965	2.31207251054603	3.39391737772202
1.83021415623403	1.21099077161014	2.32042707358644	3.39877864662202
1.8359315904297	1.21373544876713	2.328150865036	3.40744814033627
1.84164902462538	1.22253890397838	2.33122706911026	3.42124373807198
1.84736645882105	1.2221400648409	2.34287265186159	3.4320926221338
1.85308389301673	1.22773837438946	2.35057195484895	3.44530325726582
1.8588013272124	1.23516539981488	2.35542239415988	3.45861714579617
1.86451876140807	1.2394821223899	2.3628015584729	3.45660932078824
1.87023619560375	1.23984909529313	2.37348418811111	3.47699358911114
1.87595362979942	1.25335119419754	2.37986522958929	3.48558469398836
1.8816710639951	1.25605479790655	2.39173681956191	3.4968641789587
1.88738849819077	1.26287712628999	2.39079185094608	3.50484381395916
1.89310593238645	1.26451072095337	2.40378746892647	3.51351920478799
1.89882336658212	1.28330977486453	2.40888980732657	3.52202540103562
1.9045408007778	1.27964625060267	2.42066251110863	3.54421871022109
1.91025823497347	1.27841226840074	2.42781160562956	3.54895218399344
1.91597566916915	1.29373533680283	2.43479121668027	3.55261139324035
1.92169310336482	1.29852489199506	2.44414555652826	3.56403371063964
1.92741053756049	1.29616372562232	2.445732384671	3.57276271561258
1.93312797175617	1.30429589173456	2.45499227030208	3.59969806051464
1.93884540595184	1.32380750095744	2.4632953006602	3.60216586418414
1.94456284014752	1.32226244070708	2.47238811697173	3.60462524760387
1.95028027434319	1.33289069085454	2.47937961541684	3.60938342134593
1.95599770853887	1.3216949052149	2.48657312250418	3.62315683336297
1.96171514273454	1.33627486981197	2.49522388724656	3.63480952168017
1.96743257693022	1.33561646897517	2.50262646574134	3.63787360831919
1.97315001112589	1.33600598455344	2.5088038262643	3.6626377013637
1.97886744532157	1.34706898968117	2.52089875809838	3.66616979940369
1.98458487951724	1.34660690536714	2.52576767453432	3.68770202844049
1.99030231371291	1.35901537779603	2.53271474417385	3.68544117239285
1.99601974790859	1.36504566069736	2.54382465770371	3.69994459968967
2.00173718210426	1.36703637242597	2.54929549310123	3.71206088240403
2.00745461629994	1.38869590901806	2.56163881486927	3.72338818161091
2.01317205049561	1.37887270098642	2.56653890875434	3.72787490655608
2.01888948469129	1.38189226584168	2.56991953382643	3.72735594468727
2.02460691888696	1.38146089815453	2.58559243644556	3.73637673327135
2.03032435308264	1.4054623286874	2.58774980365305	3.76009139817537
2.03604178727831	1.41406584001309	2.59767860709829	3.7639235103138
2.04175922147399	1.40357955823245	2.60326667611733	3.77188482687517
2.04747665566966	1.41526741905858	2.60871589283243	3.79849062387156
2.05319408986533	1.4230331770124	2.62041926154225	3.79486224311727
2.05891152406101	1.4193951626014	2.6345819086292	3.81394207160542
2.06462895825668	1.43101385631203	2.63447686451969	3.81702992896414
2.07034639245236	1.42628204420679	2.63770355463771	3.82743848260166
2.07606382664803	1.43833710994396	2.64990562387153	3.83579914156714
2.08178126084371	1.44906886648455	2.6631138497591	3.852163189147
2.08749869503938	1.43346860092892	2.66743166348483	3.85844092012364
2.09321612923506	1.44680485039389	2.67391265133414	3.8736735702915
2.09893356343073	1.45795863289525	2.68300058470312	3.87743763669194
2.10465099762641	1.45982652942236	2.68968002815081	3.89585394714416
2.11036843182208	1.46255003299008	2.69471269519758	3.90004637724249
2.11608586601775	1.47752054963682	2.7079047186155	3.92258075897175
2.12180330021343	1.48515206103123	2.7158645084587	3.92464558484158
2.1275207344091	1.48676900323094	2.71427895097451	3.93814207009217
2.13323816860478	1.49948539993269	2.72778348302121	3.94018060465096
2.13895560280045	1.50153176988645	2.73406264547858	3.94347614222901
2.14467303699613	1.50698477838161	2.74174256213916	3.96462779477161
2.1503904711918	1.51688450079624	2.75245239011242	3.97180860218522
2.15610790538748	1.52493638812308	2.76215782035957	3.98003867327517
2.16182533958315	1.51527000929007	2.76461573972268	3.9875233770417
2.16754277377883	1.53133073947437	2.77488632275612	3.99608844970688
2.1732602079745	1.53294533005311	2.78070502803032	4.01870531522918
2.17897764217017	1.53030628542632	2.78891054025649	4.01483214926746
2.18469507636585	1.53132550693729	2.80009664297885	4.0308809076319
2.19041251056152	1.54215804536851	2.80566383933861	4.04385229215516
2.1961299447572	1.54590911072236	2.81118676760076	4.06144341532748
2.20184737895287	1.54360479878369	2.82056454353975	4.07370045763871
2.20756481314855	1.56111798945008	2.82763204249308	4.0789272375415
2.21328224734422	1.56596596745011	2.83869570598696	4.07765180159034
2.2189996815399	1.56322993861317	2.84332199987424	4.08284485398222
2.22471711573557	1.58367576394284	2.85033709219293	4.10624068947651
2.23043454993125	1.58731780488987	2.85731336073531	4.10547798181661
2.23615198412692	1.57994715722041	2.86211551881545	4.12820781811039
2.2418694183226	1.58640749529636	2.87521105060623	4.13871306364311
2.24758685251827	1.60438834328902	2.88326616186414	4.14661017983062
2.25330428671394	1.60206577887647	2.88861923298804	4.1554147617588
2.25902172090962	1.59865022679524	2.89122119776806	4.16581715716022
2.26473915510529	1.61048429279349	2.90138845403339	4.16558746239124
2.27045658930097	1.6228050909714	2.91478409976488	4.18234752785331
2.27617402349664	1.62588414776363	2.92031623386794	4.18322624664491
2.28189145769232	1.63354391384188	2.93188585759083	4.19180198135344
2.28760889188799	1.62632347840809	2.93688591342613	4.21035693972978
2.29332632608367	1.63202468744131	2.94671863167153	4.22880788350573
2.29904376027934	1.64397294171587	2.94941925251929	4.2326917735556
2.30476119447501	1.65299297323783	2.96060525394262	4.244030045503
2.31047862867069	1.66289463923086	2.96534036373416	4.25712856397004
2.31619606286636	1.66610166389839	2.97324844867454	4.26888794247928
2.32191349706204	1.67434873851965	2.98381316346293	4.27555502339561
2.32763093125771	1.66766072327493	2.98811088158831	4.28261478503134
2.33334836545339	1.67441644057043	3.00194540968739	4.30545680045617
2.33906579964906	1.68933782831158	3.00678489737826	4.31420780111825
2.34478323384474	1.68538065065081	3.01540617453925	4.32042422976721
2.35050066804041	1.68505270023435	3.01950771741116	4.32223102003717
2.35621810223609	1.69972337813281	3.02816462446367	4.35014673814169
2.36193553643176	1.70278462197887	3.03600154776016	4.34296066566515
2.36765297062743	1.70565465622226	3.04947661731037	4.36848129019549
2.37337040482311	1.71224692795886	3.0512519500102	4.37843733356318
2.37908783901878	1.72383257775293	3.06243404012635	4.37291609779965
2.38480527321446	1.72405631426156	3.07012464782022	4.38759388382856
2.39052270741013	1.72567878734421	3.07631394280557	4.40985596202678
2.39624014160581	1.73339174535999	3.0792382158406	4.40261410903152
2.40195757580148	1.72794410262317	3.09338125015207	4.4193641191383
2.40767500999716	1.74629637439402	3.10087721496853	4.431905351548
2.41339244419283	1.75742242834838	3.10407490228879	4.43106475321239
2.41910987838851	1.75730252306109	3.11174051420234	4.44457831832095
2.42482731258418	1.75164756390068	3.12028787705547	4.46201720163259
2.43054474677985	1.76497750824576	3.1298190670623	4.46594575080478
2.43626218097553	1.7714237355193	3.1360292096951	4.48940765546248
2.4419796151712	1.77589324009447	3.14520202162899	4.48062030873702
2.44769704936688	1.78128159718816	3.15328343572618	4.50469149671862
2.45341448356255	1.78798723189329	3.16360439007557	4.51890920977491
2.45913191775823	1.79773424551035	3.1711482820552	4.52247618393995
2.4648493519539	1.80382733527631	3.17684835558414	4.53981708857753
2.47056678614958	1.80341455661872	3.17988256463597	4.53195365091962
2.47628422034525	1.80184847671238	3.19449278311873	4.55799663883528
2.48200165454093	1.81118944181642	3.19551019414933	4.56384865445564
2.4877190887366	1.81071294774741	3.20694216970286	4.57405505996676
2.49343652293227	1.83215632769001	3.21242929544316	4.58611509306609
2.49915395712795	1.81902338932457	3.22285484939818	4.5947774383743
2.50487139132362	1.81780400820999	3.22967520209053	4.60324166701722
2.5105888255193	1.84261418370018	3.23770800630053	4.6136365803375
2.51630625971497	1.85298530197266	3.24379148582605	4.62546688195894
2.52202369391065	1.84369874820426	3.24825985737809	4.63426063920957
2.52774112810632	1.84350283292559	3.25905275293381	4.65636854249475
2.533458562302	1.8525330372698	3.26744154385706	4.66188188328295
2.53917599649767	1.86234015401346	3.27325491940773	4.662726892934
2.54489343069335	1.87043705127782	3.28353106043855	4.6803916067695
2.55061086488902	1.87171131743879	3.29222033126072	4.68491769975648
2.55632829908469	1.87571763702645	3.29667678412848	4.69879547831098
2.56204573328037	1.87401316469528	3.3098889203859	4.71537461464671
2.56776316747604	1.88272662175389	3.31120555796616	4.7173105434545
2.57348060167172	1.8888237384202	3.32077230706321	4.72122379243541
2.57919803586739	1.90086005140039	3.33059526342806	4.72988072342806
2.58491547006307	1.90879422341752	3.3335819727981	4.75439040490698
2.59063290425874	1.91745019561913	3.34274062503033	4.76680712422862
2.59635033845442	1.91231573134039	3.34882850379083	4.76834597048034
2.60206777265009	1.92891175323858	3.36238204814555	4.77534837380783
2.60778520684577	1.92892299645761	3.36779369643896	4.79397165332654
2.61350264104144	1.9285209442439	3.37730366615649	4.79067659667693
2.61922007523711	1.93295882820732	3.3858879278998	4.80432892188259
2.62493750943279	1.94666512875849	3.39640897527084	4.82330259176859
2.63065494362846	1.94551601407623	3.39958145921972	4.82765028565951
2.63637237782414	1.9522600679535	3.40690429169102	4.84554950389013
2.64208981201981	1.95459429531813	3.41372131687705	4.84605610261864
2.64780724621549	1.95667752608286	3.42192598633901	4.87589821818991
2.65352468041116	1.97651328545511	3.43083506564758	4.86735759336177
2.65924211460684	1.98159169668717	3.4379518757043	4.88428522810734
2.66495954880251	1.98473834922712	3.44201297875378	4.86994334591104
2.67067698299819	1.98481422320141	3.45513554130374	4.90423866460119
2.67639441719386	1.99070648559251	3.46267395252107	4.9090568614219
2.68211185138953	1.99573813627949	3.46764146709608	4.92369812395213
2.68782928558521	2.01015281667103	3.47374982081911	4.93579271054914
2.69354671978088	1.9996095527743	3.48225777497886	4.9387401023792
2.69926415397656	2.01718945834962	3.48881624453902	4.94757175558571
2.70498158817223	2.01322757390207	3.49814525374874	4.95740291909727
2.71069902236791	2.02507066457164	3.5077639908858	4.97818645332728
2.71641645656358	2.03108782794063	3.51410060225826	4.97520014487904
2.72213389075926	2.03891002151784	3.52347636915882	4.99149849109826
2.72785132495493	2.04098413805385	3.53090599184445	5.00372015831291
2.73356875915061	2.04726595546915	3.54097694335954	5.00798996419808
2.73928619334628	2.04789291072516	3.54612588218146	5.02948202209109
2.74500362754195	2.05625456319223	3.55557925973745	5.04762340281606
2.75072106173763	2.05617545548593	3.56501213165867	5.04541220799836
2.7564384959333	2.06572656234256	3.57296788059649	5.06054473062866
2.76215593012898	2.0609438079874	3.57611706805186	5.07297578404621
2.76787336432465	2.06279997815727	3.58542792818332	5.0799552140677
2.77359079852033	2.0756895456536	3.59335530562128	5.0849449107872
2.779308232716	2.08571767528555	3.59721474155101	5.10680996535188
2.78502566691168	2.08496458956417	3.60646359456197	5.09916214856641
2.79074310110735	2.08548483970374	3.6169697245922	5.12407604629226
2.79646053530303	2.09239828753777	3.62347108535233	5.1229239083563
2.8021779694987	2.09384237365235	3.6279856805639	5.13933204624918
2.80789540369437	2.10879188683963	3.64369379236848	5.14721340896905
2.81361283789005	2.11901826676531	3.64754638279036	5.16405197396478
2.81933027208572	2.11892638995378	3.65660810541632	5.16333517003102
2.8250477062814	2.12842778315576	3.66161287827222	5.18461355625406
2.83076514047707	2.13059782762508	3.66695233973738	5.17373336226054
2.83648257467275	2.14116064470773	3.67443403642219	5.20318951651192
2.84220000886842	2.12851883089986	3.68322664572383	5.20451138438062
2.8479174430641	2.14188733154456	3.69146535867977	5.22869740193842
2.85363487725977	2.14188729807824	3.70000577238135	5.22911202105862
2.85935231145545	2.15708180937052	3.70877643459927	5.24279360963797
2.86506974565112	2.15179509387343	3.71743362484064	5.24009039342913
2.87078717984679	2.16293784699307	3.72230562025677	5.26297391807577
2.87650461404247	2.18649608657481	3.72844182230086	5.28365925333572
2.88222204823814	2.17556968799838	3.74324346029312	5.29243879438811
2.88793948243382	2.17880006779056	3.75096795296005	5.29714465233487
2.89365691662949	2.18386483970568	3.75289235092394	5.30004390645594
2.89937435082517	2.18802694521134	3.76266036180338	5.31836774212904
2.90509178502084	2.19236687211228	3.77008786465445	5.3195443469968
2.91080921921652	2.19566079053721	3.78045702591572	5.33521192397906
2.91652665341219	2.2070821497319	3.78347408197194	5.35084552555101
2.92224408760787	2.21679903729574	3.79558492875909	5.35090245536116
2.92796152180354	2.20175807894732	3.799274083855	5.36483695846119
2.93367895599921	2.22505049568015	3.8084646191899	5.37303030186233
2.93939639019489	2.21126233543085	3.81000851688097	5.39585886310054
2.94511382439056	2.23304439418666	3.82457202881458	5.40246227225728
2.95083125858624	2.22383596040706	3.83265129340288	5.42343527290214
2.95654869278191	2.24462261396176	3.83780203660452	5.41382757025155
2.96226612697759	2.25910217574341	3.8468852486167	5.42591626282101
2.96798356117326	2.25324795742138	3.85371561359214	5.44269868515631
2.97370099536894	2.25108611853584	3.8690317153857	5.44864416996111
2.97941842956461	2.274629267602	3.87207583444909	5.46158019584758
2.98513586376029	2.26763082272923	3.87437946782683	5.47214006281757
2.99085329795596	2.25890002928443	3.88633578891302	5.47964005032411
2.99657073215163	2.27008134544423	3.89561154330967	5.4922401087281
3.00228816634731	2.27664559633085	3.89979742390001	5.51754871247189
3.00800560054298	2.29409524853985	3.90414757375601	5.49859942285687
3.01372303473866	2.31018868906679	3.91438318025466	5.52406895936685
3.01944046893433	2.29335956586681	3.9244377349224	5.53506118029815
3.02515790313001	2.31906947043507	3.92871941022148	5.55438325171669
3.03087533732568	2.30167741140752	3.93616005865811	5.54871049180853
3.03659277152136	2.31351059526867	3.94881905258399	5.56448898869422
3.04231020571703	2.31083489819455	3.95197986848011	5.58750051559132
3.0480276399127	2.32871156345622	3.9665800173366	5.58408598372115
3.05374507410838	2.32473783539483	3.96781919637529	5.59373643205873
3.05946250830405	2.33496255249713	3.97683575885544	5.59743449354174
3.06517994249973	2.34094782240834	3.98770909490052	5.60823280970841
3.0708973766954	2.34207516575478	3.99518729597453	5.62654632516047
3.07661481089108	2.34329461550784	4.00601983608292	5.63816126503416
3.08233224508675	2.35372621138949	4.01009330537033	5.64516890285639
3.08804967928243	2.35388255546467	4.02367749158798	5.66514450896666
3.0937671134781	2.37140427196502	4.02193909065866	5.67004351583417
3.09948454767378	2.35880939254766	4.03238048308598	5.69300877272087
3.10520198186945	2.36884778348122	4.03871944284669	5.68696428029434
3.11091941606513	2.37434004459891	4.04585051337341	5.7076516196804
3.1166368502608	2.37565024555128	4.05517347997266	5.71992334201791
3.12235428445647	2.39749545016158	4.05892331947727	5.71601645311269
3.12807171865215	2.39175085920446	4.06606528519185	5.73706254454661
3.13378915284782	2.41909918570974	4.08056380666325	5.73829914141295
3.1395065870435	2.40761435638481	4.09160484761155	5.75768562904499
3.14522402123917	2.40422211786965	4.09803255220034	5.75720761009283
3.15094145543485	2.41114859698381	4.10631185453617	5.78053128064855
3.15665888963052	2.41544101731761	4.10827161269879	5.79449041369107
3.1623763238262	2.4279148044301	4.1167943070076	5.79060205922174
3.16809375802187	2.44432838934334	4.12600633459351	5.80949153623202
3.17381119221755	2.42143449069409	4.13574807066649	5.80542038414436
3.17952862641322	2.44263248775051	4.1419421712529	5.82185492553653
3.18524606060889	2.45397732263125	4.14815974557451	5.82599588816729
3.19096349480457	2.46948522880736	4.15287416858597	5.83768418259475
3.19668092900024	2.45998011845572	4.16589166357144	5.85414377940895
3.20239836319592	2.45092046471851	4.17421488256203	5.8771315546508
3.20811579739159	2.4674198372762	4.177212474253	5.88707038372496
3.21383323158727	2.46177518217923	4.18233200828642	5.88622738621333
3.21955066578294	2.46847872460961	4.19417218753963	5.90523612924444
3.22526809997862	2.46761106951526	4.20159241439232	5.90342043069663
3.23098553417429	2.48951324478847	4.21152821972732	5.92162484817834
3.23670296836997	2.48042119136578	4.2179554321918	5.91979155944919
3.24242040256564	2.48759671570894	4.22322323203467	5.93727769195806
3.24813783676131	2.50233250578145	4.23616516952375	5.95256603009737
3.25385527095699	2.51019650743777	4.2435434535447	5.9550353542694
3.25957270515266	2.50969871193063	4.2479022626223	5.97763472101889
3.26529013934834	2.51607805305049	4.2556335024753	5.97105213055844
3.27100757354401	2.52074911558709	4.26751460138308	5.99311415369387
3.27672500773969	2.53602824226914	4.27469408862099	5.999035368359
3.28244244193536	2.52351439205827	4.28434930229955	6.00508884569867
3.28815987613104	2.54189900070719	4.28586381000417	6.01630913814479
3.29387731032671	2.5450071424825	4.29677970650988	6.04122688834859
3.29959474452239	2.55376368361301	4.3061960228894	6.04625428172705
3.30531217871806	2.55518843216403	4.31139924925804	6.04961328866436
3.31102961291373	2.54791548243652	4.31845685291457	6.05107891714848
3.31674704710941	2.56644181511051	4.32602192514	6.07197326027982
3.32246448130508	2.56042030281681	4.33257820880909	6.079063974193
3.32818191550076	2.57361807497449	4.34777317374448	6.09939839264676
3.33389934969643	2.57690255569369	4.35072049193158	6.11168863679324
3.33961678389211	2.57693113784117	4.35378753802273	6.12127898665295
3.34533421808778	2.58642698956186	4.36609459840784	6.12600416372968
3.35105165228346	2.59244495917259	4.37682479047015	6.13186840275556
3.35676908647913	2.59914869097764	4.37994258604209	6.14440680141463
3.36248652067481	2.58762483522484	4.3897893323888	6.15426845681578
3.36820395487048	2.60746303502482	4.39872754556636	6.15922311875323
3.37392138906615	2.60332873270697	4.4061380798151	6.17654589425201
3.37963882326183	2.61547068194621	4.41446383081983	6.18624054709907
3.3853562574575	2.62773031106337	4.41734168938305	6.21145528393213
3.39107369165318	2.63067368934502	4.42323886774285	6.20935395943939
3.39679112584885	2.64271460131737	4.43868341007563	6.22435018282082
3.40250856004453	2.63859385402851	4.43575997275867	6.21784288888237
3.4082259942402	2.64259340587877	4.45269164223797	6.2348651816419
3.41394342843588	2.63853577571584	4.45910256453592	6.24944345727809
3.41966086263155	2.65486690714636	4.46369623299257	6.25273688202576
3.42537829682722	2.65589191554231	4.47358815123681	6.27649619490746
3.4310957310229	2.6636326977307	4.47850834321819	6.27000635735154
3.43681316521857	2.65714995748111	4.48579391187786	6.27880999861896
3.44253059941425	2.66822353029032	4.49289305867125	6.31000861774061
3.44824803360992	2.66429129747945	4.50001342168202	6.31168376532858
3.4539654678056	2.68798670434281	4.51407785375936	6.32321615082669
3.45968290200127	2.68940941569866	4.51854943543686	6.33530274391809
3.46540033619695	2.68488210987565	4.52814456146112	6.34300068611531
3.47111777039262	2.69660767798986	4.53136701292059	6.34512715990496
3.4768352045883	2.71434563801451	4.54417468452332	6.35741428462469
3.48255263878397	2.70816156007793	4.55045758889148	6.36719846103814
3.48827007297964	2.71084271183067	4.55535771708831	6.37771985770568
3.49398750717532	2.71970820981024	4.56854970636312	6.40142083535269
3.49970494137099	2.72481184735952	4.57402564128747	6.39928853002222
3.50542237556667	2.72991368901442	4.58415015572367	6.41462989861499
3.51113980976234	2.73004639622861	4.59008810183951	6.42601231335785
3.51685724395802	2.74244180905702	4.5946676027483	6.44359012501089
3.52257467815369	2.7403988023712	4.60732660760475	6.44025195598353
3.52829211234937	2.75374186220322	4.61118964411999	6.45710694602488
3.53400954654504	2.7622948432145	4.61830007839856	6.45752095499789
3.53972698074072	2.75361462227299	4.62635760467162	6.49174173826162
3.54544441493639	2.75470800175685	4.6350932806329	6.48376947221829
3.55116184913207	2.76802043279668	4.64188561417332	6.4985458689352
3.55687928332774	2.78608398935216	4.65027625880887	6.51297632227799
3.56259671752341	2.78121081337401	4.65185088764517	6.53175811296392
3.56831415171909	2.7820006648832	4.66738650204088	6.52891792916176
3.57403158591476	2.78254293008295	4.67551005866913	6.55105021847914
3.57974902011044	2.79715651319069	4.68105913988971	6.54611250965749
3.58546645430611	2.80458788659099	4.68516707258259	6.55419248399342
3.59118388850179	2.81625896817067	4.70056435476094	6.58079586525045
3.59690132269746	2.80524502364099	4.70887417830436	6.57718767106215
3.60261875689314	2.81278236427989	4.71267795425642	6.59589833066569
3.60833619108881	2.81314216235456	4.72189394968739	6.59777268955852
3.61405362528449	2.83060152989518	4.72789009327746	6.6087210081134
3.61977105948016	2.81978822383453	4.73554807699987	6.62654285103023
3.62548849367583	2.81767256140649	4.74778633762521	6.63615516763603
3.63120592787151	2.83697968196565	4.75142075284687	6.64285305961055
3.63692336206718	2.86182210810679	4.75950968666347	6.66854489894468
3.64264079626286	2.84885134267535	4.76670880562454	6.6762618149956
3.64835823045853	2.86279856187406	4.77087803638894	6.67290932703404
3.65407566465421	2.85804147695331	4.77987950424106	6.67871336118712
3.65979309884988	2.86560479466369	4.78902251139162	6.68929135285046
3.66551053304556	2.85991777166792	4.79410315125936	6.69354085139173
3.67122796724123	2.87086520205705	4.79808851368219	6.71998128829954
3.67694540143691	2.88802946398559	4.81290471947139	6.73466513974416
3.68266283563258	2.88802811153196	4.82453217498935	6.7462032335978
3.68838026982825	2.88978989401249	4.8271849796669	6.74318950742245
3.69409770402393	2.90361149139297	4.83405926355119	6.76288319916171
3.6998151382196	2.89654308164307	4.84405059332032	6.77265178091583
3.70553257241528	2.90450726277205	4.84788793993327	6.77775276586004
3.71125000661095	2.89853460770777	4.86099101794885	6.78172389649344
3.71696744080663	2.91920195549404	4.86751310189371	6.8086058404868
3.7226848750023	2.93382937792749	4.87476796036952	6.80333854283244
3.72840230919798	2.91706675492671	4.87863044651252	6.81038595254753
3.73411974339365	2.92597953832344	4.88810162983101	6.83274093291713
3.73983717758932	2.93113711407993	4.89861756882443	6.83994709496543
3.745554611785	2.92739928782335	4.90839393773852	6.84571770813801
3.75127204598067	2.94280740513502	4.91163305717694	6.86356271241815
3.75698948017635	2.95586919800004	4.91607460857539	6.87498158002379
3.76270691437202	2.95314462457671	4.9252436242539	6.87835151957153
3.7684243485677	2.95899186917579	4.93691745617379	6.87624429932511
3.77414178276337	2.97683064776419	4.94257980535048	6.90148523377671
3.77985921695905	2.96552282640207	4.94963274919419	6.92121443962856
3.78557665115472	2.98461644849693	4.96139066002578	6.92799347755148
3.7912940853504	2.99107961025261	4.96999184866209	6.93434988977865
3.79701151954607	2.98689672767266	4.97636297652	6.94448634675935
3.80272895374174	2.97096716782238	4.9814379093736	6.95184480494255
3.80844638793742	2.99866697715816	4.98868236955143	6.96569374507674
