"mitochan"	"lwrNorm"	"medNorm"	"uprNorm"
-1.90327037354145	-2.96843477455019	-2.67975399928903	-2.38921432275472
-1.89706211451297	-2.97396091160996	-2.67498394056946	-2.38087905805508
-1.8908538554845	-2.95779619616683	-2.66537590657947	-2.374751319684
-1.88464559645603	-2.9489812600289	-2.65760142922248	-2.36174107422022
-1.87843733742755	-2.94628098908405	-2.65133069356417	-2.35372429529117
-1.87222907839908	-2.94229056611091	-2.64323404366673	-2.35184451423485
-1.8660208193706	-2.93209689000816	-2.63481338615677	-2.33854381564293
-1.85981256034213	-2.92406797467341	-2.62982690551481	-2.33635513148025
-1.85360430131365	-2.91256674000052	-2.6209361932466	-2.32625221334672
-1.84739604228518	-2.909362684582	-2.61510647008905	-2.31908001770929
-1.8411877832567	-2.894980968319	-2.6057505006713	-2.31307557034659
-1.83497952422823	-2.89168121487257	-2.59865600840748	-2.30419866434669
-1.82877126519975	-2.8813183854488	-2.59179444031758	-2.29755052395602
-1.82256300617128	-2.87899070790545	-2.58172863317177	-2.29083536396409
-1.8163547471428	-2.8672317141504	-2.57634893165314	-2.28141683464488
-1.81014648811433	-2.86623923157818	-2.56946964496336	-2.27381458001425
-1.80393822908586	-2.85675540249423	-2.56059111561639	-2.26519819077342
-1.79772997005738	-2.85088946335112	-2.55388381030275	-2.2587175428052
-1.79152171102891	-2.83628144624337	-2.54753481293487	-2.25889730919005
-1.78531345200043	-2.83181295715345	-2.53945120123775	-2.24136000120078
-1.77910519297196	-2.82588539602825	-2.52862332962197	-2.23711939233556
-1.77289693394348	-2.81749280546304	-2.52240523415167	-2.22816686682488
-1.76668867491501	-2.80996716788968	-2.51496847246933	-2.22064259526217
-1.76048041588653	-2.79877150524953	-2.50802047536317	-2.21061954533845
-1.75427215685806	-2.79238021459608	-2.50097043674093	-2.20900842729881
-1.74806389782958	-2.78786064640517	-2.49203267658204	-2.20409791453993
-1.74185563880111	-2.77778462330986	-2.48493372195985	-2.19440978323433
-1.73564737977264	-2.76981191427346	-2.47803088240416	-2.18756369932114
-1.72943912074416	-2.76999466765493	-2.46909193477863	-2.17303980716397
-1.72323086171569	-2.7582776041935	-2.46435932234919	-2.17002010359912
-1.71702260268721	-2.74268262746248	-2.45399276114756	-2.16370610982228
-1.71081434365874	-2.7416300237026	-2.44759106253861	-2.15476532821833
-1.70460608463026	-2.73869684956346	-2.44243582356092	-2.145359077019
-1.69839782560179	-2.72319897925715	-2.43198584307335	-2.14406945832388
-1.69218956657331	-2.71996987274542	-2.42707939923003	-2.13767394703735
-1.68598130754484	-2.71041433910282	-2.41790202736956	-2.12146975690057
-1.67977304851636	-2.70064309679859	-2.41021750465765	-2.11307944273012
-1.67356478948789	-2.69838615008095	-2.40178346722283	-2.11130164813319
-1.66735653045942	-2.68423692357607	-2.39559693950402	-2.10178026005494
-1.66114827143094	-2.67661951047549	-2.38817430878071	-2.09719174325243
-1.65494001240247	-2.67235007726205	-2.37943439677528	-2.09281589802216
-1.64873175337399	-2.66280891741207	-2.37359859678859	-2.0808907732485
-1.64252349434552	-2.65493881040163	-2.36408663261094	-2.0737315523273
-1.63631523531704	-2.64812762615388	-2.35865660960204	-2.0659015616398
-1.63010697628857	-2.63857410721371	-2.35230735062177	-2.06123700007056
-1.62389871726009	-2.63464099843313	-2.34247255410796	-2.05164859702997
-1.61769045823162	-2.62698609736524	-2.33793593383603	-2.04111678908811
-1.61148219920314	-2.61310055014787	-2.32702087189964	-2.03474887792313
-1.60527394017467	-2.61159719456495	-2.32060754452633	-2.02815084612492
-1.5990656811462	-2.60036649941154	-2.31187942731376	-2.02630326960058
-1.59285742211772	-2.59866457914349	-2.30355040724964	-2.01455524133616
-1.58664916308925	-2.58439731500994	-2.2945665893125	-2.00606983460745
-1.58044090406077	-2.57798953314836	-2.28901235491416	-1.99626673243455
-1.5742326450323	-2.56955454498485	-2.28090580090176	-1.98972576496712
-1.56802438600382	-2.56666459118492	-2.27311859301268	-1.98228702925183
-1.56181612697535	-2.55654910737462	-2.26681299868844	-1.9759853691825
-1.55560786794687	-2.54885597866082	-2.25887295346493	-1.96786424368181
-1.5493996089184	-2.54230186524469	-2.24993995324721	-1.96314699255446
-1.54319134988992	-2.53041841434447	-2.2427257622182	-1.95357813708532
-1.53698309086145	-2.5278577423238	-2.2356254619932	-1.94154068256078
-1.53077483183298	-2.52144643639185	-2.227275345648	-1.93468323442886
-1.5245665728045	-2.51135864296443	-2.22231653357574	-1.92681565560097
-1.51835831377603	-2.50593370724987	-2.21230305096086	-1.92010033262595
-1.51215005474755	-2.49574930293186	-2.20384158869428	-1.91158290356122
-1.50594179571908	-2.48600399809395	-2.19698564899153	-1.91077854381408
-1.4997335366906	-2.48188663883175	-2.1915992165158	-1.89894071351567
-1.49352527766213	-2.47210210079073	-2.18208674562892	-1.89423496598091
-1.48731701863365	-2.46317079271136	-2.17752861181295	-1.88676166399751
-1.48110875960518	-2.45884002051965	-2.16951733220197	-1.88100237131986
-1.4749005005767	-2.45063841317242	-2.162310480419	-1.87129356535903
-1.46869224154823	-2.44318290712801	-2.15367194920767	-1.86272522357341
-1.46248398251976	-2.43413738758972	-2.14432309600341	-1.85104847271259
-1.45627572349128	-2.42820473414993	-2.13843647942816	-1.85089526692323
-1.45006746446281	-2.41939640244042	-2.13115439223546	-1.84127675325711
-1.44385920543433	-2.40819705553461	-2.12134590259099	-1.83223128277391
-1.43765094640586	-2.40475576977308	-2.11757453109108	-1.82645552572813
-1.43144268737738	-2.40341494542784	-2.10979980274915	-1.81921332442831
-1.42523442834891	-2.38982564253241	-2.09989107575169	-1.81266547470989
-1.41902616932043	-2.38187719851161	-2.09398863505364	-1.80578952214984
-1.41281791029196	-2.37235036966571	-2.08467549017315	-1.7942250372939
-1.40660965126348	-2.3659271079578	-2.07840618353952	-1.79465529642279
-1.40040139223501	-2.35908923001813	-2.06966536640244	-1.78430617460545
-1.39419313320653	-2.35009211448699	-2.06239440989259	-1.77371311777202
-1.38798487417806	-2.34415238814058	-2.05775065669392	-1.7642046471662
-1.38177661514959	-2.33228633010072	-2.04953399245411	-1.75877877391924
-1.37556835612111	-2.32375004478493	-2.04001580933698	-1.74919212811234
-1.36936009709264	-2.32206729758457	-2.03424096731936	-1.74088712664069
-1.36315183806416	-2.31271899246751	-2.02203543320044	-1.73554084483096
-1.35694357903569	-2.30439891919736	-2.01660603558362	-1.72548611932766
-1.35073532000721	-2.30249883793273	-2.0102722108678	-1.71761227378705
-1.34452706097874	-2.28909215657007	-2.00245772548427	-1.71013416305231
-1.33831880195026	-2.28872775683079	-1.99426358722472	-1.70578642973881
-1.33211054292179	-2.2722395849221	-1.98647061777332	-1.69734261593364
-1.32590228389331	-2.26641446491902	-1.97920651384862	-1.69517936913696
-1.31969402486484	-2.26206534412703	-1.97177069775114	-1.68186599045942
-1.31348576583637	-2.25516964456305	-1.96361608615466	-1.67779985928461
-1.30727750680789	-2.24533641763143	-1.95641204955386	-1.66929074663684
-1.30106924777942	-2.23963942091581	-1.94858342413946	-1.6603942558204
-1.29486098875094	-2.22691807273636	-1.94355604480418	-1.65610037318497
-1.28865272972247	-2.22374636851935	-1.93526744444532	-1.64581417394522
-1.28244447069399	-2.2132631713147	-1.92478762701436	-1.63501434262964
-1.27623621166552	-2.20781620281407	-1.92185308572337	-1.63330694677548
-1.27002795263704	-2.19642102838431	-1.91163739933994	-1.62386969174339
-1.26381969360857	-2.19491521209053	-1.90511634834346	-1.61351101501726
-1.25761143458009	-2.18489088752126	-1.89695996253439	-1.60611188836771
-1.25140317555162	-2.17527252379736	-1.88855221590145	-1.60178905156239
-1.24519491652315	-2.16116903056026	-1.88135658969441	-1.59713731306598
-1.23898665749467	-2.16120220231884	-1.87331687038427	-1.58741523584625
-1.2327783984662	-2.15379302677256	-1.86549151476006	-1.57763613332646
-1.22657013943772	-2.14555525452741	-1.85861890663582	-1.57011175829084
-1.22036188040925	-2.14047225865277	-1.8485958919836	-1.56437277948178
-1.21415362138077	-2.13247950183722	-1.84382898593003	-1.55481369603626
-1.2079453623523	-2.12443521183948	-1.83573807602162	-1.54437383858907
-1.20173710332382	-2.11396096194317	-1.82919671709655	-1.54493039720655
-1.19552884429535	-2.11056484113953	-1.82269860350957	-1.53224031904013
-1.18932058526687	-2.09851428030199	-1.81393167147881	-1.5273631157546
-1.1831123262384	-2.0963123500742	-1.80420261474465	-1.51630286611601
-1.17690406720993	-2.08527223129143	-1.79870546214515	-1.51184976109109
-1.17069580818145	-2.07739998176626	-1.79488561340646	-1.50602687628743
-1.16448754915298	-2.07126592614758	-1.78421823273964	-1.49388577817906
-1.1582792901245	-2.06288664890431	-1.7737214197175	-1.49053837347908
-1.15207103109603	-2.0557904779846	-1.76687644343418	-1.48159597017984
-1.14586277206755	-2.04532672894633	-1.76045461207684	-1.47216550604279
-1.13965451303908	-2.03788295103984	-1.75435287374698	-1.46525908147914
-1.1334462540106	-2.03444746343455	-1.74539482595434	-1.4603638569503
-1.12723799498213	-2.02406343004225	-1.73863141706669	-1.45312426909738
-1.12102973595365	-2.01911208841019	-1.7297725510379	-1.44160842096752
-1.11482147692518	-2.00498705257161	-1.72039262158102	-1.43991084729192
-1.1086132178967	-1.99863247673918	-1.71549498525799	-1.4318108625377
-1.10240495886823	-1.99553243973934	-1.70952211576007	-1.42490316343401
-1.09619669983976	-1.98457121039092	-1.7000094924532	-1.41142171493815
-1.08998844081128	-1.97669209908099	-1.69433056022764	-1.40645495823691
-1.08378018178281	-1.96748601320662	-1.68563481359588	-1.39619199664283
-1.07757192275433	-1.96689691859667	-1.67698598873476	-1.39180883285767
-1.07136366372586	-1.94913774363065	-1.66935726501155	-1.38004805697867
-1.06515540469738	-1.95011872885604	-1.66253604900673	-1.37403752206865
-1.05894714566891	-1.9404261374084	-1.65447464244406	-1.3701059450777
-1.05273888664043	-1.93718632429339	-1.64798970778851	-1.36451478042355
-1.04653062761196	-1.92380364409684	-1.63742881335123	-1.34864566085858
-1.04032236858348	-1.91860386539071	-1.63047598409881	-1.34823213812029
-1.03411410955501	-1.91400628514691	-1.62491275324594	-1.33777708233783
-1.02790585052654	-1.90558742742195	-1.61719437283423	-1.33389745308354
-1.02169759149806	-1.89368640088371	-1.60967709588832	-1.32193808921756
-1.01548933246959	-1.88485003195855	-1.60154209561869	-1.31534150150789
-1.00928107344111	-1.87496665142712	-1.59484945058632	-1.31500810482602
-1.00307281441264	-1.87383899054531	-1.58646932205443	-1.29877755543438
-0.996864555384163	-1.86290488765183	-1.58030996994169	-1.29441280032879
-0.990656296355688	-1.86268546363622	-1.57268751535715	-1.28426658115445
-0.984448037327214	-1.85231896967446	-1.56575472414116	-1.28271161729284
-0.978239778298739	-1.84081632913294	-1.55590427199182	-1.26820855506765
-0.972031519270265	-1.8317468993779	-1.54849219751195	-1.26513623429573
-0.96582326024179	-1.82385426180668	-1.53976490003604	-1.25547003521442
-0.959615001213315	-1.82183401889505	-1.53283049822434	-1.24141861026672
-0.953406742184841	-1.81200060391393	-1.52716626972271	-1.24174022068132
-0.947198483156366	-1.80701063720103	-1.52114080831437	-1.23448364843215
-0.940990224127892	-1.7961948823876	-1.51178171684616	-1.22265231283682
-0.934781965099417	-1.7891799426904	-1.50456970176308	-1.21556910325988
-0.928573706070943	-1.78285936012784	-1.49684638703005	-1.21493279434172
-0.922365447042468	-1.77437595123869	-1.48908538683481	-1.2081640557579
-0.916157188013994	-1.76750035910575	-1.48129299172246	-1.19435282991306
-0.909948928985519	-1.75355846336504	-1.47393812058569	-1.18632966655631
-0.903740669957044	-1.7493431462936	-1.46596568160978	-1.18310362861678
-0.89753241092857	-1.74114118150192	-1.45905570849754	-1.17632835390041
-0.891324151900095	-1.73887489808025	-1.45176208825546	-1.16440814974173
-0.885115892871621	-1.72888576658558	-1.44418258814259	-1.16206625482018
-0.878907633843146	-1.72076964067081	-1.43703723047615	-1.1492444117202
-0.872699374814672	-1.71375364581715	-1.43052980995107	-1.14338025055309
-0.866491115786197	-1.70451112557538	-1.42046920086703	-1.13800262011185
-0.860282856757723	-1.69828101926153	-1.41178228999127	-1.12698967206103
-0.854074597729248	-1.68645204511218	-1.40552257414734	-1.12452839165991
-0.847866338700773	-1.67699898212119	-1.39622186023085	-1.11376804145285
-0.841658079672299	-1.67465616583229	-1.39433633700248	-1.11062643272196
-0.835449820643824	-1.66914997661773	-1.3843200025746	-1.1000191372559
-0.82924156161535	-1.6619458040628	-1.37590394177226	-1.09242391519649
-0.823033302586875	-1.64960301998933	-1.36916140284754	-1.08108725120078
-0.816825043558401	-1.63965680476711	-1.36037127204694	-1.07244007043672
-0.810616784529926	-1.64014619135431	-1.35434947292778	-1.0680490452267
-0.804408525501451	-1.63288973922979	-1.34486112432013	-1.06027352690268
-0.798200266472977	-1.62404775733315	-1.33887647130182	-1.05356171118146
-0.791992007444502	-1.61722641975469	-1.33118690817727	-1.04793161631958
-0.785783748416028	-1.60852060914928	-1.32241577244774	-1.0340480064477
-0.779575489387553	-1.59720985279175	-1.31589095821102	-1.02999999225406
-0.773367230359079	-1.59052782959866	-1.30776254989368	-1.01829286344253
-0.767158971330604	-1.58018041818726	-1.30107855007132	-1.01307496944217
-0.76095071230213	-1.57753885311508	-1.29289627149801	-1.00917644467318
-0.754742453273655	-1.5680664569335	-1.28499184215908	-1.004418248289
-0.74853419424518	-1.56246310844547	-1.27668393335987	-0.993125878616638
-0.742325935216706	-1.55550249448021	-1.26953984254713	-0.987113180591335
-0.736117676188231	-1.54529122811186	-1.26224779881466	-0.972735949609462
-0.729909417159757	-1.53593146541988	-1.25671412813332	-0.971767884106324
-0.723701158131282	-1.52685906994793	-1.24790877237061	-0.965190306726211
-0.717492899102808	-1.5179945507862	-1.24132961830089	-0.962406487290192
-0.711284640074333	-1.51319739910905	-1.23163824893747	-0.948468861974927
-0.705076381045858	-1.50981147406547	-1.22527973332251	-0.941340647958384
-0.698868122017384	-1.49652710990775	-1.21722819181154	-0.931780419773756
-0.692659862988909	-1.48786926607972	-1.20801580671414	-0.922129636064512
-0.686451603960435	-1.48382959314446	-1.19937177826156	-0.92451078890513
-0.68024334493196	-1.47667873929998	-1.19439699510498	-0.909058652281654
-0.674035085903486	-1.46678945962562	-1.18651814375065	-0.905775687438714
-0.667826826875011	-1.46082544793323	-1.1822389125279	-0.892585777104588
-0.661618567846536	-1.45081550520122	-1.17051153652665	-0.891215578333531
-0.655410308818062	-1.44376895474074	-1.16237211595083	-0.881621472951894
-0.649202049789587	-1.44137951227781	-1.15871083617842	-0.877106581244741
-0.642993790761113	-1.43259500586861	-1.14943125907739	-0.867480232849898
-0.636785531732638	-1.42141404142523	-1.14266029843531	-0.856408796198581
-0.630577272704164	-1.42114833932306	-1.13351414206035	-0.855474548358002
-0.624369013675689	-1.40576257979417	-1.12761475352732	-0.846011898350102
-0.618160754647215	-1.40582989945124	-1.11835464726887	-0.839463266488337
-0.61195249561874	-1.39356596041767	-1.11290123669036	-0.828125636542975
-0.605744236590265	-1.38301120710848	-1.10479666238517	-0.819768955169161
-0.599535977561791	-1.37485655535534	-1.09542200788597	-0.815003174991678
-0.593327718533316	-1.37036302256982	-1.09049883474427	-0.804897791072315
-0.587119459504842	-1.36409105891826	-1.08150883445975	-0.799919814552239
-0.580911200476367	-1.35162712105692	-1.07276425386663	-0.793079274767549
-0.574702941447893	-1.3487683352263	-1.06670114985181	-0.786283707619226
-0.568494682419418	-1.34004468257192	-1.0587941741744	-0.775724083232754
-0.562286423390943	-1.33726799164036	-1.05247085009007	-0.767214151246912
-0.556078164362469	-1.32558495281802	-1.04409309820217	-0.757241772007986
-0.549869905333994	-1.31896864962639	-1.03562416317728	-0.755179823384122
-0.54366164630552	-1.3112377586371	-1.02856918111773	-0.749003257867442
-0.537453387277045	-1.30449691264562	-1.02168580596043	-0.738609290383835
-0.531245128248571	-1.29694755447158	-1.01373103062393	-0.733630541385281
-0.525036869220096	-1.28828185271687	-1.00811342869788	-0.724210683885097
-0.518828610191622	-1.27609497019202	-0.998363257103419	-0.715779701402382
-0.512620351163147	-1.27680046588414	-0.989840837119875	-0.709837409887343
-0.506412092134672	-1.26447023171343	-0.982256275240379	-0.704153387271866
-0.500203833106198	-1.25612592397799	-0.97487412073527	-0.693213313206677
-0.493995574077723	-1.25177209773324	-0.968161768535816	-0.683047406673667
-0.487787315049249	-1.24501986851728	-0.960040806707472	-0.678604354392114
-0.481579056020774	-1.2338871981782	-0.951449394243646	-0.668475193305795
-0.4753707969923	-1.22618963075394	-0.943623764101353	-0.661393050242013
-0.469162537963825	-1.21507349038369	-0.937851182087231	-0.659874902937999
-0.46295427893535	-1.21447077125888	-0.933547104226614	-0.649918630801072
-0.456746019906876	-1.2082907242607	-0.924773233450291	-0.647303229460198
-0.450537760878401	-1.19662227840186	-0.91715261594045	-0.633511686469733
-0.444329501849927	-1.18126867256294	-0.905969329349427	-0.62969423025691
-0.438121242821452	-1.1827130283929	-0.902505873103216	-0.618784191871866
-0.431912983792978	-1.17286160683829	-0.89007496613906	-0.609386573827294
-0.425704724764503	-1.17313023166451	-0.885312220153241	-0.600830251477406
-0.419496465736029	-1.15905104403458	-0.879367293138031	-0.596813543557939
-0.413288206707554	-1.15363233167649	-0.869770558761451	-0.591826313416219
-0.407079947679079	-1.14819139295599	-0.862028983123961	-0.578079977175822
-0.400871688650605	-1.13814078363951	-0.856819955656039	-0.572407804925286
-0.39466342962213	-1.12674465731512	-0.846987663407422	-0.567309900904257
-0.388455170593656	-1.12249118159479	-0.838607689448864	-0.552671801360485
-0.382246911565181	-1.11534199000789	-0.831890561395305	-0.54875451203406
-0.376038652536707	-1.10687602776785	-0.824014581606601	-0.547724190519139
-0.369830393508232	-1.09636333684313	-0.817554884180125	-0.536260954198781
-0.363622134479757	-1.0910659580298	-0.806919372871037	-0.524359987964615
-0.357413875451283	-1.08449266432664	-0.803403929543727	-0.518184569023533
-0.351205616422808	-1.06825007007953	-0.794633998844495	-0.513415414810714
-0.344997357394334	-1.07315082170395	-0.787890006359357	-0.507687179271378
-0.338789098365859	-1.05447671286877	-0.778060323497341	-0.499727210393106
-0.332580839337385	-1.05393145033203	-0.771811637936765	-0.492441115874655
-0.32637258030891	-1.04943310587766	-0.767171017078907	-0.483030435094141
-0.320164321280436	-1.0372972379298	-0.757832981644464	-0.477810144079158
-0.313956062251961	-1.02913944425303	-0.747893370679171	-0.470811138817685
-0.307747803223486	-1.02045905959287	-0.740562988907042	-0.455983201237231
-0.301539544195012	-1.01506916719088	-0.734289833794587	-0.45334655397673
-0.295331285166537	-1.00810665854367	-0.728438076482827	-0.444811606774844
-0.289123026138063	-0.99990024858739	-0.720231444928011	-0.443968175334322
-0.282914767109588	-0.987379069732794	-0.711664393305959	-0.430383481407535
-0.276706508081114	-0.978446914598267	-0.705925824574766	-0.421934947895101
-0.270498249052639	-0.978468162432035	-0.697650890971981	-0.420269535010497
-0.264289990024165	-0.96802376520986	-0.689046768495273	-0.40459765275014
-0.25808173099569	-0.957639528219063	-0.678292158025353	-0.398551131855178
-0.251873471967215	-0.955476740280907	-0.674534731117997	-0.396786207469744
-0.245665212938741	-0.950002384412478	-0.664408342749154	-0.385028647494658
-0.239456953910266	-0.939837535765832	-0.657569057001016	-0.37342204952806
-0.233248694881792	-0.932288380625767	-0.651374964837025	-0.375660400124687
-0.227040435853317	-0.920363729703995	-0.642483147703475	-0.359842392413723
-0.220832176824843	-0.914938966441189	-0.636800915102973	-0.354286358239697
-0.214623917796368	-0.906151252071283	-0.626750896077895	-0.351770192476384
-0.208415658767894	-0.896854979435881	-0.620027446355225	-0.342418793156647
-0.202207399739419	-0.894392707965494	-0.613279160475008	-0.336915049558804
-0.195999140710944	-0.881822676804319	-0.605445010138713	-0.32358454031936
-0.18979088168247	-0.877127777216831	-0.596969068528411	-0.317990536995514
-0.183582622653995	-0.871092511043342	-0.591888831696444	-0.315009717489882
-0.177374363625521	-0.862568812889789	-0.582200218188503	-0.306868943668704
-0.171166104597046	-0.852623274750709	-0.576500871583544	-0.297502015893372
-0.164957845568572	-0.846149923114436	-0.566642330524166	-0.290891907619203
-0.158749586540097	-0.833883732598465	-0.56147369258119	-0.281221522807048
-0.152541327511623	-0.832129747744675	-0.552259182761579	-0.271730439250064
-0.146333068483148	-0.824546546114429	-0.546194126188657	-0.265382467387521
-0.140124809454673	-0.815998448522986	-0.537541477728417	-0.258337791528501
-0.133916550426199	-0.808393442552804	-0.529337875274152	-0.252536759905215
-0.127708291397724	-0.799124667027153	-0.522528651238853	-0.246170253938326
-0.12150003236925	-0.79137770956733	-0.514735493437488	-0.235142866057453
-0.115291773340775	-0.784945579007206	-0.50835327367409	-0.232308908101315
-0.109083514312301	-0.77996053756761	-0.499633925282699	-0.223167823574024
-0.102875255283826	-0.770253778583205	-0.49267697935481	-0.211866124264427
-0.0966669962553515	-0.764821127149152	-0.485905698613738	-0.2047854289165
-0.0904587372268768	-0.754334403342224	-0.476653651010708	-0.201798965337074
-0.0842504781984021	-0.747044793893306	-0.470624443108689	-0.190927864026706
-0.0780422191699277	-0.746279829218313	-0.463043868568283	-0.180300563609302
-0.071833960141453	-0.73323953302983	-0.453913084895989	-0.173589799338948
-0.0656257011129786	-0.727173593391373	-0.445656557900298	-0.164038867943114
-0.0594174420845039	-0.717234234513394	-0.439942763458521	-0.156517786667132
-0.0532091830560295	-0.714207399618047	-0.432826469916745	-0.152922142482092
-0.0470009240275548	-0.700418038777508	-0.426540479173592	-0.148610255017337
-0.0407926649990804	-0.694982582253973	-0.416785698718468	-0.140088768228934
-0.0345844059706057	-0.688858907964749	-0.411781059833245	-0.13173788065612
-0.0283761469421311	-0.680393511145823	-0.401757834719113	-0.128623858074576
-0.0221678879136566	-0.672678122181296	-0.394245454939221	-0.115759363252768
-0.015959628885182	-0.667840231953912	-0.386971132003446	-0.105817514969082
-0.00975136985670755	-0.662417876555321	-0.377868962196422	-0.100211181846406
-0.00354311082823289	-0.653125107648146	-0.372003171035073	-0.0893464919215753
0.00266514820024155	-0.642143038524395	-0.3642530168777	-0.082660250537359
0.00887340722871621	-0.638742957153456	-0.357241527904758	-0.0808555681889789
0.0150816662571907	-0.623649322253335	-0.348925428827448	-0.066183518578842
0.0212899252856653	-0.618465964288394	-0.338952407169762	-0.0633435381518636
0.02749818431414	-0.614967341489823	-0.334705702231561	-0.0554548814587031
0.0337064433426144	-0.60228113657133	-0.327846548713711	-0.0470775700504798
0.0399147023710891	-0.601590974512888	-0.319964587622153	-0.0404538868376831
0.0461229613995635	-0.589771087112392	-0.311304644082761	-0.0309610082857047
0.0523312204280382	-0.584797940991934	-0.301112323153517	-0.0289416613822386
0.0585394794565126	-0.571837702474231	-0.295563738297563	-0.0154957608097305
0.0647477384849873	-0.56862530645241	-0.28825476603996	-0.0126846612029162
0.0709559975134617	-0.559602165476456	-0.280505250117353	-0.00305849218426321
0.0771642565419364	-0.546043267004047	-0.273492854385057	0.00391579902155085
0.083372515570411	-0.547626161041598	-0.265637465844618	0.010723427968049
0.0895807745988855	-0.541371344192468	-0.259482913162672	0.0215025620955979
0.0957890336273601	-0.528358746345271	-0.250707367893717	0.0281292723322384
0.101997292655835	-0.520864616419288	-0.242198464149129	0.0388477593748827
0.108205551684309	-0.50974239421326	-0.235647379674684	0.0480613599133873
0.114413810712784	-0.50337352236736	-0.229694148651306	0.0491636550294645
0.120622069741258	-0.499312474056017	-0.220457341442856	0.0597776668288517
0.126830328769733	-0.490571662607407	-0.212776549337596	0.0651933204587169
0.133038587798207	-0.484868488734523	-0.205741926650198	0.0736004477528782
0.139246846826682	-0.47525337132422	-0.198895556476183	0.083415075568663
0.145455105855157	-0.470153534503802	-0.188702195463293	0.0900599669625594
0.151663364883631	-0.457940655364034	-0.182751983775304	0.0967521582363383
0.157871623912106	-0.452948977136306	-0.175581798431096	0.102386666397744
0.16407988294058	-0.444783014142073	-0.165416300550948	0.111743629286777
0.170288141969055	-0.440995938083077	-0.161165724225822	0.114293755541032
0.176496400997529	-0.428587890622824	-0.1527586014485	0.122763864954387
0.182704660026004	-0.421586113689709	-0.14392940272531	0.13282149785012
0.188912919054478	-0.413415578119946	-0.135873060364656	0.135455093163156
0.195121178082953	-0.410212586157394	-0.132870576881397	0.144378362942452
0.201329437111428	-0.404311823900683	-0.121183589113421	0.158735864003908
0.207537696139902	-0.394121936125673	-0.115614142237272	0.159229010488678
0.213745955168377	-0.382945775733831	-0.105448253388506	0.168873242637862
0.219954214196851	-0.381111712954759	-0.101696665681274	0.176300187744784
0.226162473225326	-0.368925674395992	-0.0915371022539657	0.182740409853328
0.2323707322538	-0.361130031555339	-0.0851748887849191	0.199450019495105
0.238578991282275	-0.355439343491592	-0.0767341414463319	0.205954401552396
0.24478725031075	-0.343461564897463	-0.0698079110133343	0.214850150058851
0.250995509339224	-0.338947635229432	-0.0607285715059323	0.211497002801624
0.257203768367699	-0.331279908170777	-0.055082699075864	0.22354087542167
0.263412027396173	-0.322932876276425	-0.0475390298793322	0.22990187495085
0.269620286424648	-0.316526387556562	-0.0397575762004255	0.240519682653006
0.275828545453122	-0.307837483938453	-0.0306180087730401	0.247347653986117
0.282036804481597	-0.301838512511464	-0.0253352432138963	0.25322825112566
0.288245063510071	-0.298091870817841	-0.0186449922086936	0.257770142354332
0.294453322538546	-0.28968805383904	-0.00952846089923237	0.269944889827102
0.300661581567021	-0.279830871062453	-0.00245039048890135	0.277020914661168
0.306869840595495	-0.271659420558211	0.00660712070232608	0.2845700367467
0.31307809962397	-0.261567370337526	0.0147994299790328	0.287429058640755
0.319286358652444	-0.257346336314703	0.021113786847082	0.294326366330438
0.325494617680919	-0.247822219159849	0.0292755534777867	0.313538289885621
0.331702876709393	-0.243353108398056	0.0355834079807122	0.317587027250561
0.337911135737868	-0.232199386591801	0.0437898855294386	0.324202964763486
0.344119394766342	-0.228440332388798	0.0509256895907667	0.329816902863796
0.350327653794817	-0.222827863296021	0.0576703981031157	0.33423656301108
0.356535912823292	-0.209966556095761	0.0658863278624609	0.343866324790785
0.362744171851766	-0.199619234491616	0.0704703451191947	0.348116587022895
0.368952430880241	-0.193088061738621	0.0818898893491197	0.360164273784309
0.375160689908715	-0.185387443335065	0.0887947114334598	0.36777221001521
0.38136894893719	-0.182692318762092	0.0958890391341333	0.371163980432989
0.387577207965665	-0.175273861260542	0.103615871430755	0.380688452253358
0.393785466994139	-0.168287158132865	0.112782637333987	0.388137322375894
0.399993726022613	-0.159383614979247	0.118074861420929	0.391129697195545
0.406201985051088	-0.151849552469234	0.127260556481776	0.404814893060872
0.412410244079563	-0.138530257521672	0.134932466366778	0.413029304437159
0.418618503108037	-0.137311116484975	0.14192323084347	0.423610219628929
0.424826762136512	-0.130706630899624	0.150630644708292	0.425078420414928
0.431035021164986	-0.119471769476551	0.158182757221181	0.430690205411676
0.437243280193461	-0.112594244402945	0.1653909358587	0.443587713228351
0.443451539221936	-0.104853340168576	0.17197238018181	0.450687659072155
0.44965979825041	-0.0968214311098343	0.18043065877307	0.456949139325018
0.455868057278884	-0.0871023289440827	0.192111569948274	0.464476355115572
0.462076316307359	-0.0835600563904337	0.194909375435439	0.47397427250554
0.468284575335834	-0.0741906960601755	0.201106933079626	0.47900926346349
0.474492834364308	-0.0691056581810351	0.207601090980096	0.479633223773994
0.480701093392783	-0.0569691455932176	0.218172917227623	0.492112831895157
0.486909352421257	-0.05104277348048	0.22663426973799	0.499433289657304
0.493117611449732	-0.0448969601500859	0.231729186589848	0.503542662186903
0.499325870478207	-0.0369497299508605	0.239212056918646	0.515797929547512
0.505534129506681	-0.0313473446272592	0.246060173361005	0.526565180821657
0.511742388535156	-0.0227338582842597	0.254071601091124	0.531228866377685
0.51795064756363	-0.0186851327680861	0.262652179988658	0.540040444043403
0.524158906592105	-0.00865155366802722	0.269778533642438	0.546656709837728
0.53036716562058	0.00519673668753684	0.27664203173826	0.554304184675071
0.536575424649054	0.00445518107713564	0.284710054087566	0.563924412863588
0.542783683677528	0.0132572789730995	0.290682592166945	0.56889903720951
0.548991942706003	0.025188304672501	0.299354880797381	0.573444779629037
0.555200201734478	0.0279944002857051	0.306105019631524	0.582055372911914
0.561408460762952	0.0400794662693098	0.31596078137619	0.589625794615886
0.567616719791427	0.0446805259676449	0.321632439185194	0.599701252776041
0.573824978819901	0.0526084449274578	0.329959154706017	0.606627762958988
0.580033237848376	0.0594767719128873	0.33778126210013	0.61438506461363
0.586241496876851	0.0625279621848615	0.345302428206102	0.61974476851059
0.592449755905325	0.0746851473261859	0.353964654341535	0.630545890224378
0.598658014933799	0.0816319104052641	0.360499041287892	0.640229170765886
0.604866273962274	0.0957692686552432	0.367370384273271	0.643248472608616
0.611074532990749	0.101214330345905	0.375344202843492	0.64916947941823
0.617282792019223	0.111688383955495	0.382395503571976	0.662317371383483
0.623491051047698	0.110293392198969	0.39076685606504	0.667390824617152
0.629699310076172	0.117549236173336	0.398491664521451	0.671694367848671
0.635907569104647	0.13446840935954	0.406726943670382	0.68093324414941
0.642115828133122	0.136498053787604	0.413264380797027	0.690905933743934
0.648324087161596	0.146355781684372	0.419780877482759	0.697569296944028
0.654532346190071	0.1519454008337	0.427919347755354	0.706888088282131
0.660740605218545	0.159316589942734	0.435171111685084	0.713134350558191
0.66694886424702	0.166418324772762	0.442273940548177	0.720761322091854
0.673157123275494	0.181584781469315	0.453801500002042	0.731219786702678
0.679365382303969	0.180130782819592	0.457297141578397	0.73439368817167
0.685573641332443	0.189924161558417	0.467872382227145	0.743098204213045
0.691781900360918	0.198081274117162	0.473276990886908	0.755964715229581
0.697990159389393	0.202689724804223	0.481996906936011	0.759414146624485
0.704198418417867	0.216595203091665	0.487772205303477	0.765209170777435
0.710406677446342	0.223448034853014	0.497754982414452	0.772727208991502
0.716614936474816	0.227349603346175	0.504491407913609	0.776063487895851
0.722823195503291	0.233776782325998	0.512444303601514	0.790395437177686
0.729031454531766	0.244627567976117	0.518560711567403	0.797960094859076
0.73523971356024	0.256218250967016	0.525652431221045	0.803089236795729
0.741447972588714	0.262029907031137	0.533804884254012	0.812267544999687
0.747656231617189	0.265355712304821	0.54070179282016	0.818437160566064
0.753864490645664	0.270931997889396	0.55044893924621	0.827139626652926
0.760072749674138	0.278206461949623	0.558162836124733	0.832432309789405
0.766281008702613	0.28725541294566	0.563047611651597	0.836523452699215
0.772489267731087	0.29857176925404	0.570620508392592	0.84589673793063
0.778697526759562	0.298064292443008	0.57841440360349	0.855775964585664
0.784905785788037	0.313141055776352	0.589347095075808	0.86149783950011
0.791114044816511	0.320340663664513	0.594546356770317	0.871263614124206
0.797322303844985	0.326253520641562	0.604212523230716	0.884889183527735
0.80353056287346	0.334680376605429	0.609948873675104	0.888928797321873
0.809738821901935	0.341057399162458	0.616509593973842	0.893071943241619
0.815947080930409	0.348821073358171	0.624140085437803	0.903238784655438
0.822155339958884	0.352991149747433	0.631360678397062	0.906164793260087
0.828363598987358	0.365098593936171	0.63987572806134	0.912354705645869
0.834571858015833	0.369611335598763	0.646791394284636	0.917118644989152
0.840780117044308	0.376954093185411	0.65723593767344	0.928538429079663
0.846988376072782	0.386690495425904	0.663946862579695	0.94309469757186
0.853196635101257	0.387636872009191	0.67156424961891	0.947880556947215
0.859404894129731	0.398216374902973	0.677692724740974	0.954195234491051
0.865613153158206	0.408685858869364	0.685814418612629	0.963533429431103
0.87182141218668	0.416838455527836	0.690647819860414	0.968142273072038
0.878029671215155	0.426680726015654	0.702752161005218	0.979424938560457
0.884237930243629	0.432082736780111	0.706943846278369	0.983851866080334
0.890446189272104	0.443385047509564	0.714648692623229	0.992682851227232
0.896654448300579	0.453186182342913	0.724079514605121	0.998692500962407
0.902862707329053	0.453542700250572	0.732492061126371	1.00725522340782
0.909070966357528	0.458420487107674	0.736996762952027	1.01576041932525
0.915279225386002	0.472663908405241	0.745241850574803	1.01560453274981
0.921487484414477	0.480747121420107	0.752774391176893	1.02811697144441
0.927695743442951	0.483368776094052	0.760320176324317	1.03700203099793
0.933904002471426	0.492055730411877	0.767665802247003	1.04286795971719
0.9401122614999	0.505101999000558	0.774098733450712	1.04931067020451
0.946320520528375	0.506270297078676	0.781826684452539	1.05796530802343
0.95252877955685	0.513417111266542	0.791100868887329	1.07063294929053
0.958737038585324	0.523443070079104	0.798929594621375	1.07410367431865
0.964945297613799	0.524556506350359	0.805244002583291	1.0850608656424
0.971153556642273	0.536022253366315	0.812774375282225	1.09333734262575
0.977361815670748	0.545805764413385	0.820589784372431	1.09928559614371
0.983570074699222	0.549904329330523	0.827005993787878	1.10831345575642
0.989778333727697	0.559384201383416	0.837800586167514	1.1164178910301
0.995986592756172	0.570383462011376	0.842233491296793	1.11818647625903
1.00219485178465	0.579183863469529	0.851386547248422	1.13095205196828
1.00840311081312	0.578786844858419	0.858415211838454	1.1362637510365
1.0146113698416	0.586142276304067	0.866090647036407	1.13840381023038
1.02081962887007	0.597529440278076	0.87478924917801	1.15455030273572
1.02702788789854	0.605618070816589	0.883271046590151	1.16223825629211
1.03323614692702	0.611755180433614	0.88768388543633	1.16512346852492
1.03944440595549	0.617645255082398	0.896536364376657	1.17052057116878
1.04565266498397	0.62080128438923	0.904195289332263	1.17971840384229
1.05186092401244	0.632290913463347	0.911143465260108	1.1911037672542
1.05806918304092	0.640210837159252	0.920046408471669	1.19510743925987
1.06427744206939	0.656296837562418	0.928067640064988	1.2031301594388
1.07048570109787	0.656212840780483	0.934193891394235	1.21078244899631
1.07669396012634	0.661548715735906	0.940358078153159	1.2161347403149
1.08290221915482	0.672158433605347	0.951257668771252	1.2298510177841
1.08911047818329	0.680727728962269	0.95646447342012	1.23533594950995
1.09531873721176	0.685276671980546	0.964566083956337	1.24417708182589
1.10152699624024	0.696387676576357	0.97409951583599	1.24606308841084
1.10773525526871	0.700966263608499	0.976715670751399	1.25790247306133
1.11394351429719	0.710872199344287	0.988207850199421	1.26559104318743
1.12015177332566	0.720180709928277	0.993802991735983	1.27044224768166
1.12636003235414	0.732029757608444	1.00286198794773	1.27296517110549
1.13256829138261	0.728940858608314	1.00856754570425	1.28391508330603
1.13877655041109	0.746070225587257	1.01789948745546	1.29424896368714
1.14498480943956	0.746974915296091	1.02490103717249	1.29939874795569
1.15119306846804	0.759085471678788	1.03237936476658	1.30818313872481
1.15740132749651	0.761777743265249	1.04068866890836	1.31307168465326
1.16360958652498	0.77082581051793	1.05016326146267	1.3211860146401
1.16981784555346	0.780660482930672	1.05513879806523	1.32705127757827
1.17602610458193	0.790287751313849	1.06338808050192	1.33925738196107
1.18223436361041	0.79715215370863	1.07112647043041	1.34426601676825
1.18844262263888	0.795587049594433	1.07670758521421	1.35199672575328
1.19465088166736	0.808516358519883	1.08489587218064	1.36247912572199
1.20085914069583	0.811432948764768	1.09093325498165	1.36839715861945
1.20706739972431	0.824984214336488	1.09984533041244	1.37764657849042
1.21327565875278	0.835258630087143	1.10634145788902	1.38418590857524
1.21948391778126	0.836189741813825	1.11456996305156	1.39367631998295
1.22569217680973	0.848113694378524	1.12108380494196	1.3932613377917
1.23190043583821	0.852960922140945	1.12975586229303	1.40342315813351
1.23810869486668	0.859503598480117	1.13804615690345	1.41213265798985
1.24431695389515	0.865572489149563	1.14695942678974	1.42335995362664
1.25052521292363	0.873047785805026	1.15257952636047	1.42801201370501
1.2567334719521	0.884006870803866	1.16051073676003	1.43672222465905
1.26294173098058	0.89098862824414	1.16804089664586	1.43805927394795
1.26914999000905	0.89927659473273	1.17423425338996	1.45262906888375
1.27535824903753	0.906989602437162	1.18512596953608	1.46433706537266
1.281566508066	0.914357274842477	1.19018595631153	1.4685566048065
1.28777476709448	0.92152129139349	1.19902515073571	1.47388479846324
1.29398302612295	0.933646498339543	1.20532284331834	1.48631078649317
1.30019128515143	0.939244479348167	1.21361586868085	1.48721562145838
1.3063995441799	0.94477228470129	1.22099249164057	1.49904565302419
1.31260780320837	0.951777199483617	1.22979080172039	1.50296656830299
1.31881606223685	0.954123614133878	1.23638337471537	1.51517322836203
1.32502432126532	0.968169530087248	1.24415219218331	1.51786618721359
1.3312325802938	0.978714478462027	1.2504684713278	1.52442929242426
1.33744083932227	0.97973273506691	1.25885996637395	1.53084690915163
1.34364909835075	0.987993537186822	1.26769012779372	1.54124756597549
1.34985735737922	0.995671681951054	1.27267608391093	1.54821373902796
1.3560656164077	1.00394046837648	1.28126211886215	1.55552528358979
1.36227387543617	1.01460718395367	1.28864463879933	1.5652006541129
1.36848213446465	1.02099782067878	1.29672115428091	1.57322659989999
1.37469039349312	1.03020278894536	1.30650132547468	1.57986875293607
1.38089865252159	1.03691250263107	1.31244153537414	1.58736201503452
1.38710691155007	1.04054526084867	1.31969596934653	1.5920220309702
1.39331517057854	1.04440646473133	1.32742039693815	1.60501667616171
1.39952342960702	1.05676215147864	1.33430983394067	1.61294448138144
1.40573168863549	1.06725783517645	1.34281653220551	1.62084978048529
1.41193994766397	1.07626168362749	1.34914222012346	1.62613353154776
1.41814820669244	1.08299794336384	1.35888408259021	1.63337301706246
1.42435646572092	1.08704468142851	1.36603288200271	1.64308823001023
1.43056472474939	1.09412347457525	1.37015269669178	1.65093824203718
1.43677298377787	1.09926100815788	1.3786206554516	1.65250940898857
1.44298124280634	1.11153704594744	1.38710054485319	1.6647609471222
1.44918950183481	1.12452740531148	1.39538402813334	1.66906359160711
1.45539776086329	1.12590303065753	1.40171348964626	1.6781889589965
1.46160601989176	1.12950341763061	1.41227707191791	1.68724455563001
1.46781427892024	1.14568440874274	1.41723409921335	1.69639775512872
1.47402253794871	1.14535531130755	1.42460347056579	1.69718266371501
1.48023079697719	1.15641756200819	1.43068519996797	1.71024798958121
1.48643905600566	1.16724957051691	1.44008656957399	1.7206003064173
1.49264731503414	1.17349445191889	1.4467135629701	1.72260469068924
1.49885557406261	1.17742832904121	1.45337576873504	1.72993053367604
1.50506383309109	1.18485428570636	1.4611788224229	1.74115518796854
1.51127209211956	1.19085471644928	1.46994077223728	1.74582085982036
1.51748035114803	1.2003104488822	1.47971967989243	1.75025489694565
1.52368861017651	1.20867123297053	1.48514734090521	1.76222417747839
1.52989686920498	1.21476201919517	1.49294383409877	1.76867031895076
1.53610512823346	1.22650085495962	1.50170927957933	1.77443019218482
1.54231338726193	1.2318479735455	1.50899694366741	1.78001811766147
1.54852164629041	1.23869120596478	1.51686237980523	1.79603012899268
1.55472990531888	1.24195781466389	1.52396309426772	1.79826061237225
1.56093816434736	1.25248473842191	1.53107250947876	1.80955753942652
1.56714642337583	1.26331996940392	1.53904354429785	1.81349834611008
1.57335468240431	1.2688016920124	1.54782665168318	1.82074547599207
1.57956294143278	1.27671334311451	1.5544618682514	1.82967585693816
1.58577120046125	1.28395830333856	1.55956336594815	1.83831730437577
1.59197945948973	1.2872807397865	1.56640377296905	1.84471077782656
1.5981877185182	1.29642035375145	1.57785672348673	1.85399207777418
1.60439597754668	1.30984667539578	1.58153179468638	1.8589549914039
1.61060423657515	1.31635128742505	1.59001970347828	1.86903549534252
1.61681249560363	1.32104541037563	1.5980035952877	1.87146877609582
1.6230207546321	1.3265527157315	1.60589493214855	1.87915495920227
1.62922901366058	1.33818678476833	1.61497699687957	1.88930616203098
1.63543727268905	1.34098947297375	1.62122250816764	1.89472482646006
1.64164553171753	1.35383554081739	1.62986384449594	1.90424082173775
1.647853790746	1.35931751271621	1.63652766495447	1.91105222179769
1.65406204977447	1.36781419052933	1.64189498182043	1.92352166242532
1.66027030880295	1.37517044154118	1.65047474911647	1.93121596649913
1.66647856783142	1.38146593647283	1.65883666649391	1.93473286417075
1.6726868268599	1.38455212856806	1.66600824796235	1.93768915161077
1.67889508588837	1.39753148252976	1.67483417012254	1.95218532872094
1.68510334491685	1.40667929083329	1.68293478174871	1.95785560244098
1.69131160394532	1.40927901187944	1.68763863884984	1.96547147923884
1.6975198629738	1.42448657729114	1.6986958610273	1.97355820253336
1.70372812200227	1.4281014542676	1.70589767391833	1.98141019332104
1.70993638103075	1.43937029452672	1.71419358462522	1.99158191759402
1.71614464005922	1.44042633909138	1.71991709627826	1.99684399546427
1.7223528990877	1.44981136553171	1.72496620302729	2.00795587891977
1.72856115811617	1.45587687958833	1.73440212996316	2.01255756957887
1.73476941714464	1.46555712539506	1.74021882454297	2.02181316009896
1.74097767617312	1.47233323331551	1.75002229507537	2.02601482258908
1.74718593520159	1.47940402128482	1.75641116056101	2.032492338168
1.75339419423007	1.4837511935896	1.76461910916151	2.04449645978133
1.75960245325854	1.49154519560801	1.77076398284216	2.04763339058232
1.76581071228702	1.49929824324177	1.77868001176716	2.05861976053457
1.77201897131549	1.51055525214346	1.78703740927107	2.06085951193408
1.77822723034397	1.51749671500719	1.79444318234799	2.07626528576222
1.78443548937244	1.52457239758126	1.80203177166779	2.07945964285652
1.79064374840092	1.53639722513716	1.80858744209847	2.08737443534051
1.79685200742939	1.53741594703622	1.81638964714178	2.09630808531788
1.80306026645786	1.55058504368463	1.82523397927159	2.10799460052337
1.80926852548634	1.55419511012793	1.83212902645606	2.10924626601874
1.81547678451481	1.56507058596541	1.8410015174496	2.11405185567976
1.82168504354329	1.56918918835424	1.85029025338878	2.12332689680349
1.82789330257176	1.5748820062598	1.8560775379898	2.13275834794158
1.83410156160024	1.58713756308484	1.86403175042033	2.13753921779281
1.84030982062871	1.59627328516101	1.87182732740685	2.15089644530676
1.84651807965719	1.60168927262366	1.87965094818956	2.15453606589315
1.85272633868566	1.60414934771179	1.88570952078341	2.159854362178
1.85893459771414	1.61918851725786	1.8912658763621	2.17172082425112
1.86514285674261	1.62391484382303	1.8999191717772	2.17579839655061
1.87135111577108	1.6261164662493	1.90901434562902	2.18639869723388
1.87755937479956	1.63770570802658	1.91518531514126	2.19157840202875
1.88376763382803	1.64690406121323	1.92194785767429	2.19820289215367
1.88997589285651	1.65280786914295	1.93187504605345	2.20898401387604
1.89618415188498	1.66045894818142	1.93774727093472	2.2205373365871
1.90239241091346	1.66830387920391	1.94669884583985	2.22707525967007
1.90860066994193	1.67353821945991	1.9537361254509	2.23392401220655
1.91480892897041	1.68500050243623	1.96127143051403	2.24103771578155
1.92101718799888	1.69110591247047	1.96829735528714	2.24862507866965
1.92722544702736	1.6979727598623	1.97519351070806	2.25089902097076
1.93343370605583	1.70772289676066	1.9838293314859	2.2619431884679
1.9396419650843	1.71174575193131	1.99179884662095	2.26481019157582
1.94585022411278	1.72307041013162	1.9988248019015	2.27542994624437
1.95205848314125	1.72862025824672	2.00584834491184	2.28647249346801
1.95826674216973	1.73700466758632	2.01151868152169	2.29181217515106
1.9644750011982	1.73917774948327	2.02084506324614	2.30441213119727
1.97068326022668	1.7504043392744	2.02871170054966	2.30590815786372
1.97689151925515	1.76433141921547	2.0375515088754	2.31686963826117
1.98309977828363	1.76739996870694	2.04441617555669	2.3179888585503
1.9893080373121	1.77420220310252	2.04976831165132	2.33093553491597
1.99551629634058	1.77879037520697	2.06080865614625	2.33763201706766
2.00172455536905	1.79005804824315	2.06692344903265	2.34824955148014
2.00793281439753	1.79826826937464	2.07452942388564	2.35683352321948
2.014141073426	1.80744084378404	2.08191923768167	2.35825362391623
2.02034933245447	1.81149220187902	2.0889712673345	2.3650398684516
2.02655759148295	1.81636327229832	2.09626254368705	2.37813409864864
2.03276585051142	1.82625681699609	2.10371902608783	2.38599119525763
2.0389741095399	1.83195216411701	2.11448425153804	2.39199608646011
2.04518236856837	1.84526570149299	2.1190789633399	2.39897150601784
2.05139062759685	1.85117016542088	2.12809758044404	2.40474693170505
2.05759888662532	1.85715637785948	2.13351461208692	2.41703637733502
2.0638071456538	1.86260788334503	2.14303833683505	2.41704554110507
2.07001540468227	1.86846365033959	2.14732837027119	2.42954195360588
2.07622366371075	1.87943187581119	2.15596483253697	2.43425507143237
2.08243192273922	1.88558119639471	2.16673201058225	2.44232300911196
2.08864018176769	1.89149117186042	2.17171910000455	2.45138582144139
2.09484844079617	1.89770742713381	2.18046609039354	2.46092919068734
2.10105669982464	1.91184691794523	2.18799001435128	2.46167886284823
2.10726495885312	1.91683363903457	2.19369387582832	2.47487516037127
2.11347321788159	1.92759123346112	2.20346991641927	2.47705443876973
2.11968147691007	1.93403742898821	2.20792555902685	2.4860719836982
2.12588973593854	1.93682656131173	2.21835673056137	2.49545353620629
2.13209799496702	1.94518478907963	2.22381636982988	2.50200869730609
2.13830625399549	1.95219165698138	2.23338526688161	2.51278430466826
2.14451451302397	1.95933953035503	2.23911766827218	2.52113678396333
2.15072277205244	1.97031790087055	2.24677586488637	2.53060335924569
2.15693103108091	1.97485572097477	2.25545308424965	2.53301909046051
2.16313929010939	1.98434800217802	2.26060371038091	2.54542210782925
2.16934754913786	1.99042699987935	2.26948278949991	2.5462944128717
2.17555580816634	1.99785690051186	2.27841638667601	2.55772842054818
2.18176406719481	2.00106523799938	2.28845212450985	2.56637452399469
2.18797232622329	2.01122875530972	2.29198253050258	2.57330686774702
2.19418058525176	2.02220471707828	2.3000364990907	2.58193686437534
2.20038884428024	2.028400330596	2.30848353707835	2.57898562503748
2.20659710330871	2.03676111120629	2.31455580667113	2.591058943625
2.21280536233719	2.05024122085352	2.32195181167725	2.6006453027709
2.21901362136566	2.05292285340738	2.33073420244658	2.61132856175139
2.22522188039413	2.05762446810771	2.33614285321357	2.6200574073933
2.23143013942261	2.06936800013204	2.34552913819654	2.6244299887539
2.23763839845108	2.07850078873638	2.35431504562695	2.63096475948738
2.24384665747956	2.08547786304751	2.36197278204185	2.64091843008239
2.25005491650803	2.08465461557963	2.36544758239707	2.65073666946747
2.25626317553651	2.09848341872909	2.37657527563184	2.65800378963098
2.26247143456498	2.1033556946214	2.38487989169558	2.6619118985928
2.26867969359346	2.11378290950729	2.39254006511679	2.67165682577146
2.27488795262193	2.11578112511945	2.396764983559	2.67706665106892
2.28109621165041	2.123982742713	2.40759037433012	2.68598162527895
2.28730447067888	2.1406843325144	2.41425062120729	2.69097100899429
2.29351272970736	2.13782554996264	2.42200726874322	2.69900433873229
2.29972098873583	2.14750620484131	2.43043845289982	2.70783885446372
2.3059292477643	2.15259461862179	2.43608172994737	2.71553007495335
2.31213750679278	2.16352861946739	2.44523486909304	2.7226208943304
2.31834576582125	2.1697138857884	2.44960432673955	2.72901704689218
2.32455402484973	2.17890711077513	2.46129808345947	2.74237250194774
2.3307622838782	2.18355270692137	2.46697537698754	2.74773148621485
2.33697054290668	2.18747900536933	2.47430196533132	2.75471866184141
2.34317880193515	2.20031901727157	2.47784148127019	2.76208047587856
2.34938706096363	2.21156352175176	2.48986203400058	2.76815698630316
2.3555953199921	2.21645158077204	2.49745796331749	2.77662472472784
2.36180357902058	2.22333915773174	2.50434681836055	2.78392025929646
2.36801183804905	2.22891489531682	2.51066018944986	2.79598189193323
2.37422009707752	2.23551136879105	2.51907778583021	2.79867985432616
2.380428356106	2.24792198975771	2.52644642489654	2.80685068466374
2.38663661513447	2.25703139766816	2.53403910315625	2.81062624826271
2.39284487416295	2.26111535712379	2.54174126269624	2.81771193142787
2.39905313319142	2.27031070032875	2.54973633100356	2.83355115758421
2.4052613922199	2.27785084531875	2.557676620263	2.83870619970232
2.41146965124837	2.28762300493059	2.56434909334146	2.84309888131996
2.41767791027685	2.29209159332305	2.57187814268878	2.85540665723094
2.42388616930532	2.29991897962988	2.57954284811379	2.85798683334724
2.4300944283338	2.30699521894075	2.58694064687623	2.86467347667472
2.43630268736227	2.31115445972219	2.59575230361324	2.87448158953577
2.44251094639074	2.32406826797952	2.60146573704685	2.88420894238717
2.44871920541922	2.33317357029621	2.61078746135356	2.88921394054405
2.45492746444769	2.33416205248296	2.61678275582066	2.90049658223358
2.46113572347617	2.34838043015376	2.62723261344148	2.90864879328437
2.46734398250464	2.35298835727405	2.63336502896779	2.91083657332617
2.47355224153312	2.36000483838457	2.64098304852567	2.91911437074546
2.47976050056159	2.36669069851165	2.64784984439291	2.92732355016322
2.48596875959007	2.37650105616438	2.65474022807298	2.93975479236747
2.49217701861854	2.38189584624247	2.66354141963846	2.93874326717197
2.49838527764702	2.39334392279781	2.67160008427513	2.94955006993076
2.50459353667549	2.39886783584026	2.67984570932319	2.95813403186076
2.51080179570396	2.40632482354123	2.68661657609886	2.96771209236148
2.51701005473244	2.41242269354242	2.69384382360002	2.97255457478744
2.52321831376091	2.41453842680562	2.70171150092221	2.98043284662236
2.52942657278939	2.43065476581731	2.70750412697672	2.99103528462757
2.53563483181786	2.43280630893333	2.71335792338801	2.99802692293069
2.54184309084634	2.44410463597	2.72297982248611	3.00330399298775
2.54805134987481	2.44606211083331	2.73012560287044	3.01044797347002
2.55425960890329	2.45731589784663	2.7377875716913	3.01759652217245
2.56046786793176	2.46836680261313	2.74667287971805	3.02643235391384
2.56667612696024	2.46989644262268	2.75331391511959	3.03408209696537
2.57288438598871	2.4802901466852	2.76188057633488	3.04223183545502
2.57909264501719	2.49415016145083	2.76865621819052	3.05098070851097
2.58530090404566	2.49758906503639	2.77634404357585	3.05574542179008
2.59150916307413	2.50524730337652	2.78231591732768	3.0630231369609
2.59771742210261	2.50661441271399	2.78898867899047	3.07342383207741
2.60392568113108	2.51707722538078	2.79873039023417	3.07914964308163
2.61013394015956	2.52500616913078	2.80578634511796	3.08529118199788
2.61634219918803	2.53256717338628	2.81440265611061	3.09320093370981
2.62255045821651	2.53691927879214	2.82344267440776	3.10498110005553
2.62875871724498	2.55051064660631	2.83070618158259	3.10794020995769
2.63496697627346	2.55622614958494	2.83832094457189	3.11753901680335
2.64117523530193	2.56460310029386	2.84365988648106	3.12695122944735
2.64738349433041	2.57090033327141	2.85164287472454	3.13338706173557
2.65359175335888	2.57791988781599	2.85760496946175	3.13689085696051
2.65980001238735	2.58670463215083	2.87020472130543	3.15124248526834
2.66600827141583	2.59190260692399	2.87619986409608	3.15361163335893
2.6722165304443	2.60536605509856	2.88162619237117	3.16236115427261
2.67842478947278	2.60632196889494	2.89107609257733	3.16951685767596
2.68463304850125	2.61873609002211	2.89932632185463	3.1798665036249
2.69084130752973	2.62274168480503	2.90494316872028	3.1847117693549
2.6970495665582	2.6300178367232	2.91251444052183	3.19306708263853
2.70325782558668	2.64024867814184	2.92021655889866	3.20331048476901
2.70946608461515	2.64249647397346	2.92634579999195	3.21126180015148
2.71567434364363	2.64890403718787	2.93682400760816	3.21713981704175
2.7218826026721	2.65985598142849	2.9420930571118	3.22326811353938
2.72809086170057	2.66281219583408	2.9509401304687	3.23153635208776
2.73429912072905	2.67228010869419	2.95829769978014	3.23248790973812
2.74050737975752	2.68848241338452	2.9670956255315	3.2470903320332
2.746715638786	2.68970454223258	2.97327768305648	3.25547726786563
2.75292389781447	2.69522526085454	2.97688673122429	3.26298519866093
2.75913215684295	2.69957104128976	2.98614262257919	3.27000220824132
2.76534041587142	2.7127560982832	2.99598313125502	3.27481251603706
2.7715486748999	2.71948672288259	3.00309811093128	3.28604369936059
2.77775693392837	2.72640455614636	3.00879538475324	3.29457359608887
2.78396519295684	2.73539064694586	3.01586292811498	3.29739478865486
2.79017345198532	2.74200626746242	3.02631780334464	3.30879656279881
2.79638171101379	2.75264667496435	3.03411193831327	3.31405390199899
2.80258997004227	2.75493260000082	3.03900840831583	3.31946788701848
2.80879822907074	2.76769741377047	3.04772820618582	3.33082854918209
2.81500648809922	2.77163193312797	3.05819454889703	3.33982033323306
2.82121474712769	2.77888613777748	3.06141099529982	3.3421410513206
2.82742300615617	2.78435992038138	3.07014986717335	3.35346007721844
2.83363126518464	2.79262198666594	3.07748102023148	3.3620524836165
2.83983952421312	2.79969050913185	3.08453211367161	3.37133360563645
2.84604778324159	2.80731906994699	3.09352398813916	3.38090358201339
2.85225604227007	2.81631893393387	3.10022302112633	3.38207931803521
2.85846430129854	2.8273502447124	3.10723107846501	3.3942057893409
2.86467256032701	2.83750824083009	3.1172316424082	3.39748014219446
2.87088081935549	2.84234572376635	3.12174829247956	3.40520503005903
2.87708907838396	2.84433618657649	3.13065801859827	3.41407300756543
2.88329733741244	2.85800010021974	3.13747788968158	3.42076473599199
2.88950559644091	2.86138511643331	3.14619470365754	3.42822646193552
2.89571385546939	2.87037860401814	3.15265200720523	3.43348049328896
2.90192211449786	2.87476365413605	3.16160932625004	3.44159784566672
2.90813037352634	2.88139760859151	3.16835980008505	3.45107552664678
2.91433863255481	2.89106514297199	3.17584240046933	3.4561954657017
2.92054689158329	2.89534084587987	3.18147103524556	3.47340027278401
2.92675515061176	2.90888191603866	3.19165032690548	3.47223540985316
2.93296340964024	2.91587928177436	3.19745969923945	3.48264755647564
2.93917166866871	2.92211798176137	3.2067454793221	3.48942032738976
2.94537992769718	2.93315574378134	3.21403660285206	3.49666956602491
2.95158818672566	2.93525353184536	3.21993195841113	3.50839228149515
2.95779644575413	2.94219885619708	3.22847412968052	3.51619965520474
2.96400470478261	2.95372812737802	3.23432527404501	3.52162262137665
2.97021296381108	2.96112802058123	3.24540604495636	3.52809821414916
2.97642122283956	2.96669225984578	3.25127408027228	3.53760216477748
2.98262948186803	2.96983057426203	3.25955153162382	3.53948211787996
2.98883774089651	2.98066299806076	3.26651982807812	3.54829427759254
2.99504599992498	2.98938394434701	3.27408814084992	3.55415311077885
3.00125425895345	2.99854855240388	3.28246068656247	3.56944331606349
3.00746251798193	3.00166674507825	3.28880718955603	3.57297818871018
3.0136707770104	3.0102138015373	3.29773352537479	3.58338156370315
3.01987903603888	3.0195295236614	3.30415744056716	3.59187442039569
3.02608729506735	3.02689602858686	3.31376211427241	3.59515283800799
3.03229555409583	3.0355499975635	3.31900281377001	3.60897993065504
3.0385038131243	3.04242810855156	3.32465277283112	3.61142940488806
3.04471207215278	3.0534858684362	3.33539244561937	3.62013245778539
3.05092033118125	3.05902643000864	3.34176179693933	3.62497812909251
3.05712859020973	3.06449845379521	3.35045136180917	3.63273057556585
3.0633368492382	3.07267081721	3.35840429276132	3.64167392823874
3.06954510826667	3.08158681792742	3.36554149205291	3.65280990543137
3.07575336729515	3.0870809885282	3.37516293482025	3.66348016472172
3.08196162632362	3.09962858480418	3.37736262824352	3.66003222740317
3.0881698853521	3.10214990499747	3.38874064322675	3.67360821374569
3.09437814438057	3.11083889235745	3.39624421546871	3.67901946270511
3.10058640340905	3.11653829752317	3.40393506228199	3.69068208562813
3.10679466243752	3.12499199713117	3.4104040708361	3.6961459658041
3.113002921466	3.13374598956167	3.41731708588543	3.70210999862996
3.11921118049447	3.14166731636203	3.42556319032273	3.70867296560147
3.12541943952295	3.14630021377291	3.43165019161476	3.71435200027594
3.13162769855142	3.15645000323053	3.44341505146257	3.72958797519129
3.1378359575799	3.15925442114629	3.44551028896431	3.73194533622211
3.14404421660837	3.17183268806209	3.45482624630901	3.73990645520095
3.15025247563684	3.17626486754481	3.46328604189272	3.75067358101014
3.15646073466532	3.18701855192093	3.47281437771281	3.75570249624901
3.16266899369379	3.18990945458743	3.47867602189759	3.76118432182541
3.16887725272227	3.19599603861604	3.48595612719362	3.77587481166851
3.17508551175074	3.20950080962787	3.49288593023118	3.78264823317329
3.18129377077922	3.21390223946178	3.49954450799946	3.78759022644657
3.18750202980769	3.22101426836022	3.50740724899709	3.79269098135427
3.19371028883617	3.23160524426696	3.51520380235033	3.80010078174705
3.19991854786464	3.23594754379476	3.52260063929297	3.80935119916872
3.20612680689312	3.24515741174094	3.53115990305534	3.81390489639038
3.21233506592159	3.25413420381932	3.53986274089688	3.82514462861891
3.21854332495007	3.26069125118062	3.54805380531448	3.83229110190286
3.22475158397854	3.27061033477866	3.55654730297334	3.83966006421655
3.23095984300701	3.27533310200499	3.56238052304408	3.84722132014832
3.23716810203549	3.28320648552882	3.5664621592267	3.85073837121824
3.24337636106396	3.29166347939921	3.5754316813133	3.86762017484942
3.24958462009244	3.29701201761416	3.5842360076471	3.86503589679661
3.25579287912091	3.30335829425768	3.58963125441491	3.87562184769902
3.26200113814939	3.309849781988	3.5985095164216	3.8884967553418
3.26820939717786	3.32150468230798	3.60699544019409	3.89630036586003
3.27441765620634	3.3291852500527	3.61573104976228	3.90007966375292
3.28062591523481	3.33546607354018	3.62369255698184	3.91394464437587
3.28683417426328	3.34441766778543	3.62814772692649	3.91595595409555
3.29304243329176	3.35170754339389	3.6362300523494	3.92659014482911
3.29925069232023	3.35312936010315	3.64441552841983	3.93288479705965
3.30545895134871	3.36251911482489	3.65042129250019	3.936834319196
3.31166721037718	3.37178798816924	3.66004982611863	3.95126340747628
3.31787546940566	3.37483880891949	3.66535255082382	3.94908135882558
3.32408372843413	3.38763594177301	3.67447762617192	3.96225437280204
3.33029198746261	3.39485234858586	3.68121636848116	3.96666163152332
3.33650024649108	3.40490536869946	3.69170601696402	3.97449477841836
3.34270850551956	3.41245466309059	3.69821329040288	3.98621253451344
3.34891676454803	3.41543233490832	3.70510106512367	3.99542194167522
3.3551250235765	3.42392939272684	3.71057753513316	3.99803482612244
3.36133328260498	3.42919653904308	3.7196462842448	4.00437472487443
3.36754154163345	3.4430835303171	3.72622907869375	4.0215289889638
3.37374980066193	3.4443888619064	3.73584241769599	4.02160788880563
3.3799580596904	3.45722776244785	3.74179745224067	4.02916579175853
3.38616631871888	3.45807263393524	3.74778168225918	4.03197073211596
3.39237457774735	3.46765487878008	3.75728677254599	4.04402568589712
3.39858283677583	3.47391127020977	3.76538335250678	4.05865384837476
3.4047910958043	3.4811232769889	3.77394432011366	4.06143821748372
3.41099935483278	3.49179471171557	3.77949064022265	4.07258451498835
3.41720761386125	3.50073687676167	3.78979881471079	4.07614850783196
3.42341587288972	3.50295466488598	3.79490841391281	4.0807638037234
3.4296241319182	3.51838331007558	3.80424845070894	4.09049863315913
3.43583239094667	3.51966523441607	3.81043890955811	4.09925597429069
3.44204064997515	3.5297356197575	3.81610045867591	4.10324502859847
3.44824890900362	3.53457928026846	3.82506636942515	4.11170499421296
3.4544571680321	3.5466411424551	3.83183869854468	4.11893844821246
3.46066542706057	3.55176034593207	3.83967446312785	4.13145920679767
3.46687368608905	3.55662126625405	3.84908119885492	4.13086227472074
3.47308194511752	3.56882171585353	3.85646267629723	4.14132237661443
3.479290204146	3.5730370078413	3.86332923441475	4.15289293912903
3.48549846317447	3.58280830504471	3.87030425473056	4.15662387753084
3.49170672220295	3.59077485487993	3.87905896263186	4.16737183421473
3.49791498123142	3.59493159706323	3.88571577195107	4.17555048086092
3.50412324025989	3.60188180891453	3.8942551000545	4.18290224528868
3.51033149928837	3.60879170129402	3.89949166800191	4.1874202910292
3.51653975831684	3.62445033252916	3.90820645895171	4.19774402491339
3.52274801734532	3.62943823458454	3.91804087695701	4.20946584860796
3.52895627637379	3.63529841555022	3.92324494861602	4.2138503476166
3.53516453540227	3.63705380382126	3.93211314877891	4.22230937050424
3.54137279443074	3.65001142473274	3.94135243668678	4.2317143823362
3.54758105345922	3.65522593850172	3.94670708819193	4.23650792162685
3.55378931248769	3.66358786148685	3.9523278940647	4.24409368005101
3.55999757151617	3.67109570236051	3.96150660884131	4.25259188577803
3.56620583054464	3.67690879207425	3.96969585600067	4.25384061755294
3.57241408957311	3.68305263499091	3.97539669625727	4.26931308470804
3.57862234860159	3.70018250002601	3.98446535714185	4.27596060314151
3.58483060763006	3.69663718004841	3.98913528785389	4.27641087847839
3.59103886665854	3.71050750116128	3.99775593962228	4.29351597211761
3.59724712568701	3.71268409339047	4.00571910536463	4.29375759829937
3.60345538471549	3.72667239077738	4.01511733651702	4.30426701503329
3.60966364374396	3.73317200000776	4.02082566355076	4.31195569407958
3.61587190277244	3.74224002058372	4.02960625663873	4.31501609098552
3.62208016180091	3.74786274973607	4.0363004634938	4.3302275963997
3.62828842082939	3.75259842571216	4.04202932489711	4.33125415360727
3.63449667985786	3.7578985014334	4.05238731040133	4.34692877845519
3.64070493888633	3.76974115090069	4.05820679160769	4.34474352861948
3.64691319791481	3.77582414033965	4.06718701104473	4.35598108878435
3.65312145694328	3.78366864473261	4.07647859296137	4.36429247039833
3.65932971597176	3.78767993293516	4.08431965848765	4.37575374480337
3.66553797500023	3.7991256647761	4.08904309902852	4.38062104769494
3.67174623402871	3.81009989480621	4.09518956981171	4.38811061426959
3.67795449305718	3.81541461522196	4.10452131970235	4.3923925848366
3.68416275208566	3.82180756857877	4.1149715005031	4.40455006840223
3.69037101111413	3.82916158819387	4.12001573066744	4.40935221490329
3.69657927014261	3.82979072732897	4.12620930505167	4.41644837666929
3.70278752917108	3.84626899096188	4.13595995864801	4.42835545689375
3.70899578819955	3.85079129826499	4.14321151268883	4.43098688754183
3.71520404722803	3.8589871910556	4.14829317829946	4.44311475251939
3.7214123062565	3.85768237307172	4.15635229032297	4.45092134716935
3.72762056528498	3.87144971456829	4.16524628839772	4.46008672513121
3.73382882431345	3.88141296056905	4.17246404410565	4.46651559310212
3.74003708334193	3.88351337475494	4.17983554242797	4.47431580024411
3.7462453423704	3.8964734389535	4.18757014080995	4.48246428497642
3.75245360139888	3.90735403562126	4.19565283049247	4.48521115962811
3.75866186042735	3.91099360750734	4.20315963660073	4.49675280402894
3.76487011945583	3.92132309522584	4.20978580707602	4.49890513506407
3.7710783784843	3.92600426037472	4.21727370994568	4.50992470320107
3.77728663751278	3.93266076505582	4.22508877323642	4.51371926078416
3.78349489654125	3.93778433251466	4.23047596935356	4.52759405995765
3.78970315556972	3.9510478173698	4.2406723822779	4.53173272036684
3.7959114145982	3.95724682692948	4.24862385375176	4.54278439082166
3.80211967362667	3.96089748728539	4.2526329444309	4.54601770217245
3.80832793265515	3.97161604171254	4.26149661982789	4.55828443090264
3.81453619168362	3.97719291914586	4.2701346907288	4.56533365069248
3.8207444507121	3.98981681294859	4.27955767029183	4.57146933034144
3.82695270974057	3.99120011497909	4.28540128363723	4.57989045756412
3.83316096876905	4.00374480117042	4.29509726570605	4.5854120525092
3.83936922779752	4.00742384693385	4.30108850280582	4.58833765555508
3.845577486826	4.0116073600645	4.30864942698735	4.60278559597602
3.85178574585447	4.01953367854203	4.31513039513518	4.60553142005683
3.85799400488294	4.02916896504586	4.32495199854275	4.61650589281428
3.86420226391142	4.03498756673662	4.32949053461231	4.62186497809089
3.87041052293989	4.04868338295399	4.33724657883472	4.62727812773387
3.87661878196837	4.05475689987916	4.34743904125915	4.64080015747014
3.88282704099684	4.05947807777474	4.35407940977574	4.64655606518783
3.88903530002532	4.07298197411528	4.36230576718251	4.64947757475944
3.89524355905379	4.0730172592276	4.36934855717479	4.66074301404352
3.90145181808227	4.08303955628725	4.3775690318337	4.66569063277819
3.90766007711074	4.09052080651648	4.38401818263289	4.67654701287359
3.91386833613922	4.09348353423493	4.39294652622368	4.68753458526584
3.92007659516769	4.10587824364443	4.4006462659823	4.69256551616123
3.92628485419616	4.11242765205129	4.40441722665045	4.70296602908492
3.93249311322464	4.12169716455448	4.41655272095827	4.71226293759523
3.93870137225311	4.12449276658217	4.42031728701467	4.70959879512079
3.94490963128159	4.13965338552598	4.43098245877103	4.71984859886659
3.95111789031006	4.14442620460704	4.43638740395654	4.73175743682554
3.95732614933854	4.1494346531322	4.44676370950515	4.73718792479916
3.96353440836701	4.15504071060402	4.45096142192275	4.74296803838833
3.96974266739549	4.16634001451342	4.45934137222292	4.74907301017011
3.97595092642396	4.17898444718834	4.46612745786033	4.76190309314886
3.98215918545244	4.18000656652874	4.47412344677684	4.76381537402306
3.98836744448091	4.18474565902171	4.48041069096652	4.77389132058045
3.99457570350938	4.19332896839857	4.49010302444143	4.78197526539507
4.00078396253786	4.2018041718584	4.49733449627966	4.78750353123271
4.00699222156633	4.21495257376599	4.50613075258145	4.79994296523326
4.01320048059481	4.21786632481942	4.51227128215056	4.8036089490268
4.01940873962328	4.23015053452933	4.52049415223694	4.81518899316747
4.02561699865176	4.23596377155218	4.52722760673686	4.81869370806141
4.03182525768023	4.24175018819363	4.53384829649645	4.82767903182602
4.03803351670871	4.24781394795458	4.54387292065186	4.84142501663599
4.04424177573718	4.25328849625548	4.55016652485776	4.84388349798289
4.05045003476566	4.25878912877174	4.55824938317355	4.85007184219016
4.05665829379413	4.27181657854306	4.56553002768925	4.85984394650048
4.06286655282261	4.27489038909407	4.57219390846022	4.86298308840198
4.06907481185108	4.28539084213559	4.57978874106423	4.87529006091007
4.07528307087955	4.292008866109	4.586577602515	4.87962442390483
4.08149132990803	4.29692599180311	4.59451528034125	4.88930114474678
4.0876995889365	4.30282029580843	4.60299350651807	4.89450063343751
4.09390784796498	4.31471609620449	4.61027442048415	4.90366356976575
4.10011610699345	4.32103385016466	4.61778424223152	4.9168910200466
4.10632436602193	4.3283751965085	4.62573934808857	4.92525032004993
4.1125326250504	4.33230299190843	4.63349369900527	4.93567756325704
4.11874088407888	4.35158912924622	4.64049174786864	4.93671601499114
4.12494914310735	4.35199684952371	4.64858646666946	4.94143579719922
4.13115740213583	4.36208066165351	4.65591129997495	4.94979263860485
4.1373656611643	4.36855918228008	4.66347871932057	4.9577531334213
4.14357392019278	4.37655373414878	4.6700356501914	4.96182475967107
4.14978217922125	4.3799022601664	4.67656874885681	4.97516454587484
4.15599043824972	4.38503478566208	4.68275880902265	4.97888302845439
4.1621986972782	4.39665177575118	4.69303657687096	4.98975565362978
4.16840695630667	4.40274922451272	4.70177070934296	4.99480907670813
4.17461521533515	4.41171644741229	4.70796100127708	5.01276279304544
4.18082347436362	4.41907971329391	4.71604211863515	5.01309358905848
4.1870317333921	4.42756930608054	4.72206023082075	5.01881313922965
4.19323999242057	4.43281736655362	4.73044854327112	5.03221335054188
4.19944825144904	4.44206285481723	4.73678974472324	5.03778888929762
4.20565651047752	4.44733059157264	4.74619050852132	5.04400679865312
4.211864769506	4.4568661980369	4.75386137389718	5.05025308275768
4.21807302853447	4.4601378773294	4.76213016698289	5.06026872913496
4.22428128756294	4.46963810533952	4.76894763993511	5.07158816981732
4.23048954659142	4.47922877949686	4.776909817169	5.07599097669321
4.23669780561989	4.48490461764105	4.78384907807194	5.07801329274288
4.24290606464837	4.49420670507256	4.79045436517224	5.09011130329523
4.24911432367684	4.5068232916435	4.79751611779633	5.09545819575494
4.25532258270532	4.5119500962444	4.80495695760994	5.1030465364831
4.26153084173379	4.51865525551814	4.81390946697255	5.10576778771894
4.26773910076226	4.51931358180101	4.82136157034754	5.11709268147222
4.27394735979074	4.53059995118441	4.8309062290271	5.12805647714922
4.28015561881922	4.53460126652651	4.83702317613865	5.13183948252463
4.28636387784769	4.54877632849226	4.84403962925676	5.13429449441103
4.29257213687616	4.55146583072128	4.85360369209073	5.14963637076567
4.29878039590464	4.56064565741033	4.85813593908002	5.16127050654463
