"mitochan"	"lwrNorm"	"medNorm"	"uprNorm"
-1.90327037354145	-3.85344803523809	-2.73395382880009	-1.59280133895094
-1.89706211451297	-3.84076490706784	-2.72098546600639	-1.59813688449163
-1.8908538554845	-3.82016806363924	-2.71369993061735	-1.59308250808453
-1.88464559645603	-3.81262309736197	-2.70854078623568	-1.5862387776777
-1.87843733742755	-3.80972168124009	-2.69557632331133	-1.5761703687285
-1.87222907839908	-3.79787882500456	-2.68856941208641	-1.57276644174914
-1.8660208193706	-3.78989067325299	-2.6826488098808	-1.57467078951809
-1.85981256034213	-3.77831481427521	-2.6740798624832	-1.57668840380512
-1.85360430131365	-3.76286527703125	-2.6621388866198	-1.56402008405392
-1.84739604228518	-3.74937946023848	-2.6572967403848	-1.56302724706976
-1.8411877832567	-3.73563869917513	-2.64729844376491	-1.53625692331064
-1.83497952422823	-3.7250270683488	-2.63729506396458	-1.54539995567303
-1.82877126519975	-3.71201981229822	-2.62722217673513	-1.5281887744329
-1.82256300617128	-3.71226020857228	-2.62132716836594	-1.52437226306621
-1.8163547471428	-3.69265392022148	-2.61250708088397	-1.50861980697688
-1.81014648811433	-3.68199201100699	-2.60439464959586	-1.51226888114016
-1.80393822908586	-3.67354311815771	-2.5989893236204	-1.50523665084071
-1.79772997005738	-3.66919562047167	-2.5878706670552	-1.50946631571205
-1.79152171102891	-3.65131480984242	-2.58590186643003	-1.50249095915017
-1.78531345200043	-3.64239916592402	-2.57227812107484	-1.50246698292747
-1.77910519297196	-3.62142647007045	-2.56300505600005	-1.48626387236408
-1.77289693394348	-3.62119039799844	-2.55532408174467	-1.48441798484232
-1.76668867491501	-3.61335838576986	-2.54520444434061	-1.47633556525208
-1.76048041588653	-3.59547048660515	-2.53712477956349	-1.47380240584742
-1.75427215685806	-3.59117606214599	-2.52887062682047	-1.45758854440295
-1.74806389782958	-3.57482160085	-2.52160345885991	-1.46367255326959
-1.74185563880111	-3.56990889422531	-2.51184520293899	-1.45077388188943
-1.73564737977264	-3.55873737721634	-2.50745920742218	-1.44759459279738
-1.72943912074416	-3.54871639673682	-2.49485837052504	-1.43736553652806
-1.72323086171569	-3.52551412344375	-2.48603251099439	-1.43331367396876
-1.71702260268721	-3.52827689775577	-2.47843757895677	-1.42265825170296
-1.71081434365874	-3.51084585216356	-2.46869143117249	-1.42219475456595
-1.70460608463026	-3.50197202646063	-2.46352298036448	-1.40953592275433
-1.69839782560179	-3.48709828529474	-2.45071262876973	-1.40144659153998
-1.69218956657331	-3.47488091396589	-2.44864243298793	-1.40260558181114
-1.68598130754484	-3.45729840680019	-2.43704580542564	-1.39765827573131
-1.67977304851636	-3.46477616404075	-2.42947085062428	-1.39214907612767
-1.67356478948789	-3.44799819039312	-2.41843271209886	-1.39976600849761
-1.66735653045942	-3.43399498186912	-2.41217410657196	-1.37938975582904
-1.66114827143094	-3.41416915555089	-2.40491803931299	-1.36947780929764
-1.65494001240247	-3.42930132023786	-2.39391943893482	-1.37438019129942
-1.64873175337399	-3.41443414133587	-2.38421683985196	-1.36854786811703
-1.64252349434552	-3.39517605188836	-2.38063921394132	-1.3426727043736
-1.63631523531704	-3.38649641098735	-2.36783433928518	-1.35119406503997
-1.63010697628857	-3.37412462882962	-2.36010999366599	-1.33796683475125
-1.62389871726009	-3.35816400697996	-2.35560853565336	-1.34524420987473
-1.61769045823162	-3.35485887417206	-2.34573554288703	-1.33914648594709
-1.61148219920314	-3.33187183573223	-2.33436237111719	-1.32949965673652
-1.60527394017467	-3.32762061424313	-2.331782136983	-1.32833743208007
-1.5990656811462	-3.31594101892237	-2.31885923814495	-1.31923538133838
-1.59285742211772	-3.30601803693072	-2.31262496865778	-1.30646119796138
-1.58664916308925	-3.302596846459	-2.30015528158488	-1.29612413931069
-1.58044090406077	-3.28376113903948	-2.29600411289728	-1.29312658288474
-1.5742326450323	-3.26970823269643	-2.28690453862751	-1.29500318535998
-1.56802438600382	-3.26060945976642	-2.27602554573165	-1.28751399432916
-1.56181612697535	-3.25217068456062	-2.26944927011771	-1.27560926735782
-1.55560786794687	-3.24464702518153	-2.26094884472162	-1.26976954036503
-1.5493996089184	-3.23865975980789	-2.25220614608884	-1.26752473237781
-1.54319134988992	-3.22197158345523	-2.24792505553819	-1.26791742649856
-1.53698309086145	-3.20910683046013	-2.23525586408484	-1.25940407049294
-1.53077483183298	-3.19964980866455	-2.22572193196466	-1.25614984945912
-1.5245665728045	-3.18114124981369	-2.22145158755929	-1.24193236365959
-1.51835831377603	-3.17951598002884	-2.21139212357059	-1.24040298521332
-1.51215005474755	-3.17303094656199	-2.20026475374675	-1.23498301108657
-1.50594179571908	-3.15862132187801	-2.19164556887604	-1.21881340109404
-1.4997335366906	-3.13477398599777	-2.18751677296111	-1.21906332356174
-1.49352527766213	-3.12764220488732	-2.17744682686292	-1.2050157312002
-1.48731701863365	-3.12050789748006	-2.16801392794815	-1.21088843596544
-1.48110875960518	-3.11268108062358	-2.15766336785183	-1.2013933624869
-1.4749005005767	-3.1122286622762	-2.14811071842218	-1.19559136912114
-1.46869224154823	-3.09248256248803	-2.14733767257547	-1.18294639077946
-1.46248398251976	-3.08178506361926	-2.13672049082132	-1.18061685859552
-1.45627572349128	-3.06516606078796	-2.12701023084427	-1.18265375801461
-1.45006746446281	-3.05810290728177	-2.11855129032389	-1.18274902063474
-1.44385920543433	-3.04227868888314	-2.11124555692869	-1.15741949409457
-1.43765094640586	-3.03699041253445	-2.10370354880455	-1.15899854028751
-1.43144268737738	-3.02992978886687	-2.09184735964768	-1.15585814946763
-1.42523442834891	-3.01192598556685	-2.08544348978891	-1.14612076733749
-1.41902616932043	-2.99914716176282	-2.07406739407662	-1.12850290625336
-1.41281791029196	-2.99441004255986	-2.06928358469806	-1.13255499734123
-1.40660965126348	-2.98566373058915	-2.05932321890939	-1.12646345977687
-1.40040139223501	-2.97923722134961	-2.04643420396318	-1.1224292041686
-1.39419313320653	-2.95380208854228	-2.04109615696427	-1.115583790583
-1.38798487417806	-2.95788207929272	-2.03562977425358	-1.10967473215507
-1.38177661514959	-2.94207520949896	-2.0253990550031	-1.10986227376774
-1.37556835612111	-2.92177209164706	-2.01889218772352	-1.10077155205054
-1.36936009709264	-2.91995704652531	-2.01200383732124	-1.09077749996102
-1.36315183806416	-2.90370080966831	-1.99804777852301	-1.08743345996912
-1.35694357903569	-2.89224796301479	-1.99009812575164	-1.08057704171611
-1.35073532000721	-2.88750058337648	-1.98569613184627	-1.07679901999099
-1.34452706097874	-2.87612547663498	-1.97832571267332	-1.07089078055877
-1.33831880195026	-2.86276655753603	-1.96717264282716	-1.06150516225749
-1.33211054292179	-2.85678792168468	-1.96104867259653	-1.06081914886636
-1.32590228389331	-2.85583206540502	-1.94903812713657	-1.06239970739866
-1.31969402486484	-2.82957319059405	-1.94278858555764	-1.04279831196942
-1.31348576583637	-2.81962823885125	-1.93517779355942	-1.0383594820224
-1.30727750680789	-2.81091531619973	-1.92368474951209	-1.02970269659292
-1.30106924777942	-2.79412328930847	-1.91570281718112	-1.02420299654941
-1.29486098875094	-2.79063912268183	-1.9067827638373	-1.01997837622113
-1.28865272972247	-2.78201255541253	-1.89834018150606	-1.01222274145439
-1.28244447069399	-2.77351252183509	-1.89281281968826	-1.01274224734425
-1.27623621166552	-2.7559075012929	-1.88386712364754	-0.992020376977434
-1.27002795263704	-2.74729475983422	-1.87447286079636	-1.00160133801601
-1.26381969360857	-2.73803174701224	-1.86633378773637	-0.986099743169472
-1.25761143458009	-2.73532537653166	-1.85967396783617	-0.977549711353104
-1.25140317555162	-2.71810791644627	-1.84729887935555	-0.973770111804758
-1.24519491652315	-2.71442290514713	-1.84096520217028	-0.978179311252751
-1.23898665749467	-2.69038414148713	-1.83197148085307	-0.964712036414847
-1.2327783984662	-2.68891686447473	-1.82384858515437	-0.950134853531108
-1.22657013943772	-2.67783382988707	-1.81241247722341	-0.956872660492681
-1.22036188040925	-2.66270887097431	-1.80964809387109	-0.94777800488244
-1.21415362138077	-2.65103063350457	-1.79963682405594	-0.937734716997695
-1.2079453623523	-2.64064301469553	-1.788862331364	-0.926449819638186
-1.20173710332382	-2.63400028441277	-1.78293423531294	-0.917513031111558
-1.19552884429535	-2.62087355780618	-1.77137461230026	-0.921553738880036
-1.18932058526687	-2.60674851748223	-1.76564709604989	-0.905981461411463
-1.1831123262384	-2.60266170004431	-1.75513753729339	-0.90917768718197
-1.17690406720993	-2.59358747692749	-1.74773825017163	-0.897653928007409
-1.17069580818145	-2.5853707104307	-1.74040685012012	-0.898728842960857
-1.16448754915298	-2.58058671362311	-1.72950766631739	-0.888307328620245
-1.1582792901245	-2.5661204927625	-1.72527254020718	-0.878883115101249
-1.15207103109603	-2.55173100955817	-1.71244759086787	-0.880060673763693
-1.14586277206755	-2.54060788610757	-1.70859349464121	-0.869443504135931
-1.13965451303908	-2.53457276514266	-1.69878627791701	-0.872182664082096
-1.1334462540106	-2.51642883505027	-1.69010874246439	-0.861197099616349
-1.12723799498213	-2.50752650424255	-1.68423502369397	-0.864073307434563
-1.12102973595365	-2.49242567835693	-1.6774610348851	-0.847893414862901
-1.11482147692518	-2.48992234575425	-1.66283928811187	-0.832551557246091
-1.1086132178967	-2.47596891439059	-1.65325627980452	-0.831264723019197
-1.10240495886823	-2.47231886753049	-1.64718101116055	-0.825868022320491
-1.09619669983976	-2.45847378230311	-1.63937021322739	-0.819277854006213
-1.08998844081128	-2.45239474964363	-1.63296679097526	-0.807812976831602
-1.08378018178281	-2.44259553051001	-1.62356063959436	-0.802088785020328
-1.07757192275433	-2.42847227827656	-1.61655602114768	-0.806316150088264
-1.07136366372586	-2.41826071250946	-1.6088760626207	-0.795201135167902
-1.06515540469738	-2.39431989265365	-1.59552341529427	-0.790515396469954
-1.05894714566891	-2.39298183547494	-1.59215225101771	-0.774699186326658
-1.05273888664043	-2.37475747421808	-1.58199287368008	-0.778248465572477
-1.04653062761196	-2.36868694216502	-1.5739779086342	-0.762880191677654
-1.04032236858348	-2.36511574326688	-1.56304903503292	-0.759099944007252
-1.03411410955501	-2.35045986812349	-1.55427953724366	-0.75538762818573
-1.02790585052654	-2.34029029667339	-1.5480318765953	-0.748009463107835
-1.02169759149806	-2.32895206981105	-1.5398937913795	-0.746392168146886
-1.01548933246959	-2.31455213266808	-1.53022648832521	-0.736323102522908
-1.00928107344111	-2.30817315931968	-1.51953074746476	-0.736014507338446
-1.00307281441264	-2.30305541785252	-1.5146794020162	-0.72595308513618
-0.996864555384163	-2.28594814515938	-1.5045278976216	-0.717357776342894
-0.990656296355688	-2.28296052715103	-1.49950577353779	-0.710624326941032
-0.984448037327214	-2.26961363719947	-1.48858022875677	-0.711420961433997
-0.978239778298739	-2.2572014900241	-1.47969475437302	-0.696757783358933
-0.972031519270265	-2.25226720553994	-1.47486761352852	-0.696914265039623
-0.96582326024179	-2.23337205835047	-1.460917564109	-0.677441381683813
-0.959615001213315	-2.24074009583541	-1.45537779156388	-0.686791617797105
-0.953406742184841	-2.22676355304581	-1.44632306788743	-0.680463541790351
-0.947198483156366	-2.21282498094733	-1.43727234824601	-0.665855203625143
-0.940990224127892	-2.20277456144367	-1.43049247010475	-0.646972673047273
-0.934781965099417	-2.19061841328705	-1.41853882334803	-0.656876415904063
-0.928573706070943	-2.18358135133752	-1.41121863318389	-0.643240122611485
-0.922365447042468	-2.17143126720991	-1.40588487035359	-0.633587464122617
-0.916157188013994	-2.17397430916225	-1.39949708910707	-0.637070557108363
-0.909948928985519	-2.13972036878607	-1.38407196502534	-0.623951160041179
-0.903740669957044	-2.13441226049883	-1.38022474317912	-0.614093864693648
-0.89753241092857	-2.12779218740006	-1.37247353398526	-0.615835475337955
-0.891324151900095	-2.11703877314524	-1.35882284734058	-0.61063095671662
-0.885115892871621	-2.1080929659201	-1.35548445318113	-0.601417551819171
-0.878907633843146	-2.09388275957992	-1.34608205089978	-0.598719014311826
-0.872699374814672	-2.09788929921359	-1.33893603982228	-0.589589648030802
-0.866491115786197	-2.07368233089623	-1.3271227023711	-0.572534878841004
-0.860282856757723	-2.07514448924838	-1.32098587844738	-0.570596620588812
-0.854074597729248	-2.05677438254539	-1.30962164872304	-0.568831064043306
-0.847866338700773	-2.03898579751462	-1.30250150365429	-0.560469764994281
-0.841658079672299	-2.03206395114005	-1.29728299233718	-0.551900932180956
-0.835449820643824	-2.02107049846161	-1.28701678234707	-0.55395334336654
-0.82924156161535	-2.00903661123677	-1.27867435218594	-0.53857012991906
-0.823033302586875	-2.00841635050935	-1.26982489463128	-0.543038473821955
-0.816825043558401	-1.99403214155275	-1.26067099799676	-0.532891922813716
-0.810616784529926	-1.99071251677027	-1.25535493420805	-0.522869857334389
-0.804408525501451	-1.98526627634067	-1.24475150411911	-0.525775936217929
-0.798200266472977	-1.96251537414082	-1.2357660761926	-0.506161227404107
-0.791992007444502	-1.9593027457665	-1.22743260678646	-0.50241187885444
-0.785783748416028	-1.94577030402673	-1.22174308382744	-0.492908363894812
-0.779575489387553	-1.93586964880514	-1.21031327921363	-0.49394359458569
-0.773367230359079	-1.92470975846397	-1.19952328010443	-0.477065820214223
-0.767158971330604	-1.91658887368713	-1.19090675376504	-0.474531371480474
-0.76095071230213	-1.91081392728277	-1.18542978893254	-0.471304774297668
-0.754742453273655	-1.89038353125673	-1.17777287759914	-0.460460093504529
-0.74853419424518	-1.87924890836599	-1.16833043090673	-0.459472853791165
-0.742325935216706	-1.88482077112607	-1.15734424847888	-0.443760209393112
-0.736117676188231	-1.86014707362825	-1.15429863270508	-0.449956999081379
-0.729909417159757	-1.85349307610942	-1.14389662954849	-0.435364175259418
-0.723701158131282	-1.85090407612796	-1.13403073059521	-0.431022622509151
-0.717492899102808	-1.83204020948916	-1.12576885536572	-0.420335948392903
-0.711284640074333	-1.82363755659157	-1.11683890257248	-0.419866805639436
-0.705076381045858	-1.81636174143162	-1.11360770346782	-0.408934874191252
-0.698868122017384	-1.81236878447085	-1.1036747753559	-0.398987938151347
-0.692659862988909	-1.7993194472684	-1.09251201866471	-0.395406451227547
-0.686451603960435	-1.78688805775116	-1.08553504517394	-0.384344946914305
-0.68024334493196	-1.77406537057039	-1.07862296881252	-0.377745275639551
-0.674035085903486	-1.77034069308306	-1.06870512165693	-0.3696191495254
-0.667826826875011	-1.76019805840778	-1.05875452635624	-0.362763830828515
-0.661618567846536	-1.74211000801475	-1.04735007319472	-0.357596595770262
-0.655410308818062	-1.7373050713577	-1.04132597554011	-0.354439102061014
-0.649202049789587	-1.73116157204834	-1.03630393031691	-0.350078684236652
-0.642993790761113	-1.7133315880297	-1.02391558300559	-0.337789349126271
-0.636785531732638	-1.70695596113599	-1.01443872897658	-0.318899341255159
-0.630577272704164	-1.70767207852876	-1.00793087981918	-0.324228423274255
-0.624369013675689	-1.687458915034	-0.999339545823762	-0.323953701139635
-0.618160754647215	-1.67757049492056	-0.99156628668663	-0.318587743777422
-0.61195249561874	-1.66554964352912	-0.983475164048037	-0.316252030176052
-0.605744236590265	-1.65446527010254	-0.976513651138396	-0.297399275705239
-0.599535977561791	-1.64803045724681	-0.965383011748518	-0.292391280766263
-0.593327718533316	-1.63541917773103	-0.961187194496027	-0.292643665323624
-0.587119459504842	-1.62194248965293	-0.952271918709356	-0.267705294640304
-0.580911200476367	-1.61141108828391	-0.940307752638148	-0.268118014352257
-0.574702941447893	-1.61071565911193	-0.934523383578387	-0.265954706722721
-0.568494682419418	-1.59721681272577	-0.926358122537555	-0.252860786655698
-0.562286423390943	-1.59428140038544	-0.91476383467717	-0.246177396951112
-0.556078164362469	-1.57743417572415	-0.909102850392284	-0.23901649892509
-0.549869905333994	-1.57342622337002	-0.901082953893643	-0.231424839706907
-0.54366164630552	-1.5660896388691	-0.88922356710887	-0.221195099585027
-0.537453387277045	-1.54769804377645	-0.88133004897567	-0.226594752226824
-0.531245128248571	-1.53947689016339	-0.879354790352414	-0.207742839495549
-0.525036869220096	-1.53454709701872	-0.865966822782713	-0.208463418451052
-0.518828610191622	-1.51727637942719	-0.858692451282025	-0.198315678384312
-0.512620351163147	-1.50993822986414	-0.846935503376799	-0.190126612650906
-0.506412092134672	-1.50509184664956	-0.842278485952429	-0.171867368223051
-0.500203833106198	-1.48686473775694	-0.832645498305898	-0.184072297797994
-0.493995574077723	-1.48270987717671	-0.824174840123679	-0.169100217662355
-0.487787315049249	-1.4666538072387	-0.817827882986098	-0.169717490482225
-0.481579056020774	-1.46761661838572	-0.80625372975192	-0.158837947810505
-0.4753707969923	-1.45270824649994	-0.800748383089792	-0.147948289967412
-0.469162537963825	-1.44634094953087	-0.790336249566202	-0.144631031228043
-0.46295427893535	-1.44039276321824	-0.782339702428065	-0.136806472774234
-0.456746019906876	-1.43517640877795	-0.774763196356313	-0.121311051974932
-0.450537760878401	-1.42661440044127	-0.766433703649914	-0.106384819951742
-0.444329501849927	-1.40946922731095	-0.757686062255382	-0.109560654916864
-0.438121242821452	-1.40629152199893	-0.749672496632328	-0.102404789099895
-0.431912983792978	-1.38849011994078	-0.740238794078086	-0.102285079368497
-0.425704724764503	-1.3815982287642	-0.732895087214848	-0.081950424441792
-0.419496465736029	-1.36904764816688	-0.72373021904617	-0.0793516862152586
-0.413288206707554	-1.36787948369326	-0.715028347887582	-0.0748752926402372
-0.407079947679079	-1.34552750903308	-0.707052548140148	-0.0730758624797515
-0.400871688650605	-1.34667482817534	-0.696762662924892	-0.0501666511243739
-0.39466342962213	-1.34208686182533	-0.690409029828968	-0.0487962658389801
-0.388455170593656	-1.32251879860534	-0.678655976891787	-0.0537694161264163
-0.382246911565181	-1.31329962034594	-0.675637728025415	-0.0358258158792559
-0.376038652536707	-1.30163516380113	-0.663180936292752	-0.0370732865098273
-0.369830393508232	-1.29957500927752	-0.657571719381515	-0.0233785476283659
-0.363622134479757	-1.29507494270224	-0.645464635781813	-0.0126874672536339
-0.357413875451283	-1.28198788464295	-0.63722455259167	-0.0106054079791871
-0.351205616422808	-1.28121854221742	-0.629538420217155	-0.0097378646402177
-0.344997357394334	-1.25555380007804	-0.621310891684491	0.0086212211376876
-0.338789098365859	-1.25164113166723	-0.611620837453116	0.0130465812650277
-0.332580839337385	-1.24094990893098	-0.603308032334748	0.0284479958131095
-0.32637258030891	-1.23614687576666	-0.594610107035816	0.0308191765359035
-0.320164321280436	-1.22330688184849	-0.590805608807593	0.0412545697635986
-0.313956062251961	-1.21597108823493	-0.581675133214589	0.0455661677941222
-0.307747803223486	-1.20669837736336	-0.573020324630281	0.0510687203118327
-0.301539544195012	-1.20125362092903	-0.562120200787292	0.058681863756847
-0.295331285166537	-1.18466724896154	-0.553557415835648	0.0745352813515862
-0.289123026138063	-1.17847332988316	-0.54439261012707	0.0685757967751263
-0.282914767109588	-1.167255894213	-0.539432697864615	0.0786748301905268
-0.276706508081114	-1.1567475500399	-0.527820089816115	0.0943444912184985
-0.270498249052639	-1.153533570694	-0.521164517542085	0.100042667753828
-0.264289990024165	-1.14467276899413	-0.513169364043252	0.108468261458581
-0.25808173099569	-1.14080752983734	-0.501936629965693	0.114191422414365
-0.251873471967215	-1.12600216068411	-0.495042758302876	0.12048261830044
-0.245665212938741	-1.11712825612246	-0.486764961813329	0.128158378945439
-0.239456953910266	-1.10395951345475	-0.480600827982525	0.137820730673386
-0.233248694881792	-1.0993482532639	-0.47250027703217	0.141021661488049
-0.227040435853317	-1.08519795867306	-0.464915880286537	0.146864780283781
-0.220832176824843	-1.08430810687238	-0.454269140633559	0.154287354070223
-0.214623917796368	-1.07592475134814	-0.444440219377135	0.171382921277677
-0.208415658767894	-1.06031045729844	-0.436873439666947	0.177426025468481
-0.202207399739419	-1.05443237163718	-0.430113034152827	0.181633860149722
-0.195999140710944	-1.04501424396839	-0.421499067095027	0.191907020946099
-0.18979088168247	-1.03244720662371	-0.411776762052236	0.201517550576046
-0.183582622653995	-1.02382319182998	-0.402931960854071	0.207006782254627
-0.177374363625521	-1.0293566791166	-0.396294854140655	0.216094227621763
-0.171166104597046	-1.00998555127483	-0.389412904538534	0.220998983230509
-0.164957845568572	-1.00474614270944	-0.381239617941771	0.230871736625255
-0.158749586540097	-0.990706029244325	-0.371711655879382	0.244261098672197
-0.152541327511623	-0.978182227624294	-0.361458651059228	0.250337223810311
-0.146333068483148	-0.979889557691995	-0.356129872277802	0.254008493418251
-0.140124809454673	-0.96672511705325	-0.346109530342033	0.265531573357538
-0.133916550426199	-0.955856856572208	-0.339177723059382	0.277703989048001
-0.127708291397724	-0.951166726292565	-0.329940780406427	0.27930603402146
-0.12150003236925	-0.944795635433503	-0.317286023653892	0.28899774545812
-0.115291773340775	-0.92978172691115	-0.312320376869861	0.292839353720832
-0.109083514312301	-0.923628892536255	-0.304248621440583	0.304807622593709
-0.102875255283826	-0.911282907083588	-0.292843278984178	0.30681137050164
-0.0966669962553515	-0.902491629794769	-0.287637608174992	0.326889716856021
-0.0904587372268768	-0.905883593173663	-0.278061309511503	0.3272354779341
-0.0842504781984021	-0.880300075099418	-0.268610218288468	0.337074645138071
-0.0780422191699277	-0.875658640872611	-0.26250618054739	0.341807569705829
-0.071833960141453	-0.873131879830907	-0.253180290966205	0.354806497579512
-0.0656257011129786	-0.860471332724645	-0.245668670863661	0.360963101273923
-0.0594174420845039	-0.852084127260673	-0.235187269525386	0.360196344603227
-0.0532091830560295	-0.838687301523225	-0.227858274056128	0.382478201726298
-0.0470009240275548	-0.837663750352331	-0.217285078167547	0.380639958415875
-0.0407926649990804	-0.83101559873764	-0.21408257458636	0.391352925472402
-0.0345844059706057	-0.817617161845997	-0.200357737236209	0.397843306018163
-0.0283761469421311	-0.810233111571541	-0.196021560989513	0.408174799038634
-0.0221678879136566	-0.796343099311842	-0.188194104126212	0.429424068978988
-0.015959628885182	-0.789669350487869	-0.176588193864151	0.428656475939821
-0.00975136985670755	-0.791147440414494	-0.16613108794339	0.435539702866889
-0.00354311082823289	-0.769187676356455	-0.163349186435048	0.447085935308365
0.00266514820024155	-0.77149945606709	-0.150165104550746	0.45469373432314
0.00887340722871621	-0.76378079497959	-0.143917134202583	0.464047691972585
0.0150816662571907	-0.742890089535326	-0.134616093977911	0.469454203449447
0.0212899252856653	-0.748573254654698	-0.126621923885474	0.47206405618676
0.02749818431414	-0.728539857576145	-0.116855299397977	0.486812360232123
0.0337064433426144	-0.725294000889267	-0.109379108597267	0.497249394838476
0.0399147023710891	-0.719609333975182	-0.101889324031416	0.497660665573736
0.0461229613995635	-0.709963660405965	-0.0931926477765562	0.511888447104745
0.0523312204280382	-0.698065109815211	-0.0838787860776308	0.522000470353091
0.0585394794565126	-0.688755537746484	-0.0772607301056968	0.533367748640036
0.0647477384849873	-0.67778125806055	-0.0686453356296493	0.542935084800887
0.0709559975134617	-0.67601726860015	-0.0596804148597875	0.549422333519226
0.0771642565419364	-0.670737966672632	-0.0528729789876729	0.557346358089035
0.083372515570411	-0.661741618570569	-0.0429648644010903	0.567624028304602
0.0895807745988855	-0.645911309875664	-0.0327534315200104	0.572568266027827
0.0957890336273601	-0.643802395945093	-0.0273877390946687	0.58154274035416
0.101997292655835	-0.63661345068756	-0.0188967545813035	0.594066306586544
0.108205551684309	-0.623067832554942	-0.00705181719456483	0.606493915718912
0.114413810712784	-0.617742850623508	-0.00101621478862856	0.60286166072016
0.120622069741258	-0.609747614733635	0.00900550271015005	0.622987945507915
0.126830328769733	-0.607363633186586	0.0167215000384348	0.630371073632694
0.133038587798207	-0.601347296680391	0.0253718880806163	0.634337528767238
0.139246846826682	-0.584079059401529	0.0352865472833861	0.649949473546158
0.145455105855157	-0.577922432094457	0.0400673298156096	0.655459486523031
0.151663364883631	-0.577724827330085	0.0497579833103591	0.661230871682477
0.157871623912106	-0.562698236907069	0.0563519210451769	0.672341302919269
0.16407988294058	-0.557971519048728	0.067935515076168	0.676365951489338
0.170288141969055	-0.541236254921418	0.0722221421103611	0.69103090580792
0.176496400997529	-0.540195790138694	0.0811059944473844	0.690141533520353
0.182704660026004	-0.528583860352152	0.0924578308029592	0.700929484046012
0.188912919054478	-0.524072762178185	0.0982139305415463	0.715965607790384
0.195121178082953	-0.513645061208578	0.109902241542552	0.718494587537832
0.201329437111428	-0.506706736436762	0.115118704025966	0.737021102985381
0.207537696139902	-0.497745434214325	0.12632832237048	0.735256065236326
0.213745955168377	-0.490382043918676	0.13288398460988	0.751818903763502
0.219954214196851	-0.491566067431541	0.144201313618744	0.757472657970427
0.226162473225326	-0.479144848845315	0.151525091663936	0.779041709368081
0.2323707322538	-0.467582548318681	0.160938497782487	0.776022923339515
0.238578991282275	-0.457885759168648	0.166509551714961	0.790497512393315
0.24478725031075	-0.457616612306334	0.171913536186134	0.797278866175929
0.250995509339224	-0.440639638161866	0.18054145701803	0.800640778830184
0.257203768367699	-0.443216036299946	0.190622272857938	0.81159500795338
0.263412027396173	-0.421750077755722	0.199162045799758	0.827948212170219
0.269620286424648	-0.42507161433938	0.21227051271747	0.827013729524989
0.275828545453122	-0.413464393989042	0.215270882908541	0.834875432835861
0.282036804481597	-0.405509620211959	0.224548381577997	0.850044090585916
0.288245063510071	-0.40017495622599	0.229445209503399	0.857472338240724
0.294453322538546	-0.38406232107877	0.240248525190659	0.876069424469009
0.300661581567021	-0.38735022720319	0.25313236417093	0.88071529937526
0.306869840595495	-0.386776747813859	0.258212411632834	0.881732962361828
0.31307809962397	-0.372866998123113	0.268113497551363	0.89472323019731
0.319286358652444	-0.360536694624104	0.272954862922273	0.903273387267769
0.325494617680919	-0.350325214491071	0.280371244584809	0.913013717632034
0.331702876709393	-0.346810250343309	0.291397365209729	0.915821611585858
0.337911135737868	-0.341189171637815	0.303245929854277	0.935599554307287
0.344119394766342	-0.337938645595089	0.309532998211794	0.943388908794653
0.350327653794817	-0.324513249702655	0.317000128656111	0.948091779631197
0.356535912823292	-0.318532039600465	0.324506255638593	0.959219852764798
0.362744171851766	-0.315096899006959	0.33403953567714	0.971655715992875
0.368952430880241	-0.289863394036504	0.342167354030585	0.978470954221629
0.375160689908715	-0.298627293004641	0.351835739226556	0.987510393534686
0.38136894893719	-0.283215545424015	0.357994616656146	0.995215841235193
0.387577207965665	-0.276934697179659	0.368010597169083	1.01329470837591
0.393785466994139	-0.269993205033593	0.373307269113815	1.01415959784885
0.399993726022613	-0.263555380375814	0.38324033683728	1.02102210786589
0.406201985051088	-0.257193280552922	0.394443022172036	1.04188466159217
0.412410244079563	-0.253899771809311	0.399230952790645	1.04606964346243
0.418618503108037	-0.245046442098891	0.408214382852452	1.04920346066951
0.424826762136512	-0.23784683197256	0.416600843049689	1.07064757331899
0.431035021164986	-0.225035269755297	0.425497514149379	1.07516972056417
0.437243280193461	-0.219742051922782	0.433730822820528	1.08737616789515
0.443451539221936	-0.211560092333305	0.4426784133846	1.08904272660127
0.44965979825041	-0.203449631432746	0.452174986577362	1.10869350547294
0.455868057278884	-0.196594827860171	0.459103925283009	1.1124813173424
0.462076316307359	-0.193566267377162	0.467589510791714	1.12257260135252
0.468284575335834	-0.177186281892811	0.477773845670871	1.13130999419709
0.474492834364308	-0.179375350785728	0.488990240195948	1.13798635500957
0.480701093392783	-0.173151547991802	0.491371473640079	1.14567642725522
0.486909352421257	-0.160522346675631	0.503478471205056	1.16493293664176
0.493117611449732	-0.158290572904756	0.510790007547085	1.16269686423919
0.499325870478207	-0.138523726188161	0.516717403551194	1.18358948593086
0.505534129506681	-0.135413488547305	0.528242025176851	1.18568400014107
0.511742388535156	-0.125545311766154	0.536517661800106	1.19529577110284
0.51795064756363	-0.123182935787591	0.546374903496928	1.20673394712072
0.524158906592105	-0.119998313902229	0.552300908263307	1.22205111641459
0.53036716562058	-0.109175253476012	0.55719461646468	1.23435697465843
0.536575424649054	-0.110645767357344	0.56777578320936	1.23081542027068
0.542783683677528	-0.0973770491175448	0.57844738579176	1.24044129297685
0.548991942706003	-0.084408951342365	0.587175037526784	1.26345788515297
0.555200201734478	-0.0830505234902396	0.591835103584691	1.27126169584912
0.561408460762952	-0.0748445751258246	0.59937839996189	1.27549080741687
0.567616719791427	-0.0731934140265216	0.610548378880677	1.28374391309058
0.573824978819901	-0.0653826178963735	0.617674974409363	1.29454352914195
0.580033237848376	-0.0564653657095855	0.626041310351953	1.30329726075303
0.586241496876851	-0.0502092241257783	0.636143625851982	1.31122597101433
0.592449755905325	-0.0382880745453708	0.641889809774813	1.32475265363655
0.598658014933799	-0.0348345899130719	0.653708230298954	1.3333117139919
0.604866273962274	-0.0238731540841306	0.659877275597186	1.34932293661967
0.611074532990749	-0.0121967612532014	0.668522792200136	1.3564281127324
0.617282792019223	-0.0138769421876149	0.675611247860777	1.36783015750647
0.623491051047698	-0.00515272430891222	0.688086041961839	1.37416552729391
0.629699310076172	0.00975853104943452	0.695904616422572	1.395640181591
0.635907569104647	0.00642620728066305	0.702204333840244	1.38731991448314
0.642115828133122	0.0220253705857242	0.710560311683126	1.40614741299238
0.648324087161596	0.0283910120364462	0.715577264997309	1.42109293838754
0.654532346190071	0.0270648165857049	0.72921355175791	1.43568133493686
0.660740605218545	0.0288947541944269	0.73526752143838	1.43949211465299
0.66694886424702	0.0438242657455742	0.743139881145746	1.4497580453255
0.673157123275494	0.0566570996328993	0.75143917832189	1.45507062416148
0.679365382303969	0.0542921883274195	0.760647249595302	1.46447840488892
0.685573641332443	0.0741840955662704	0.771976614703564	1.47592869497856
0.691781900360918	0.0669001915082344	0.779955412166109	1.47142094699699
0.697990159389393	0.0800650453212018	0.78656441968735	1.49526930198669
0.704198418417867	0.0934339798990995	0.793722287926282	1.49989277725589
0.710406677446342	0.0972794117173099	0.805140613545509	1.5170387526627
0.716614936474816	0.10530531117928	0.811485860331752	1.52582817123418
0.722823195503291	0.102652246813297	0.819677664808552	1.53024681861666
0.729031454531766	0.10605747608645	0.828656311215225	1.55041228789469
0.73523971356024	0.12530808079508	0.839111643642278	1.55209818010104
0.741447972588714	0.127476057732519	0.844751512958702	1.56384260362989
0.747656231617189	0.136819908756834	0.85248574590199	1.57269839892257
0.753864490645664	0.148333823641962	0.861881595924607	1.58459429957362
0.760072749674138	0.157324844709131	0.87010765964231	1.59422908295199
0.766281008702613	0.155987127969611	0.875967881123248	1.61218745340074
0.772489267731087	0.164011696869479	0.887159763939292	1.61334636270837
0.778697526759562	0.163314571894834	0.895483411303285	1.61718666052357
0.784905785788037	0.175299351445702	0.90465577591738	1.63698595434073
0.791114044816511	0.185639443321155	0.913697039291429	1.64298361758804
0.797322303844985	0.179920730721253	0.917722131811938	1.65541492626749
0.80353056287346	0.19187391447675	0.927709639052144	1.66831874715152
0.809738821901935	0.198049726666355	0.935942501253671	1.67302208327434
0.815947080930409	0.211412917078663	0.947608418644786	1.68553231624429
0.822155339958884	0.207145422568672	0.9530386774327	1.69675226519749
0.828363598987358	0.217244761700934	0.963409311404564	1.70863489351255
0.834571858015833	0.226663191443119	0.970118473575386	1.71696069195798
0.840780117044308	0.235464194409493	0.979217828906701	1.72378571681724
0.846988376072782	0.232613672938773	0.99049978718953	1.73708751814538
0.853196635101257	0.246734868891252	0.994784863092008	1.74476788041813
0.859404894129731	0.254377856392475	1.00233586558057	1.76538258349741
0.865613153158206	0.258948632318795	1.01502277544935	1.76798088333177
0.87182141218668	0.273737009877797	1.0245715666677	1.77677292060507
0.878029671215155	0.279766314036132	1.02822794893042	1.79363982442794
0.884237930243629	0.284744877880078	1.03572082277556	1.80735309443466
0.890446189272104	0.288385543387492	1.04503017061529	1.81981844269851
0.896654448300579	0.296845406775525	1.05214164265124	1.83294104847756
0.902862707329053	0.300899327690146	1.06270418212343	1.83005633403804
0.909070966357528	0.31136098681441	1.07020689467037	1.83996948448957
0.915279225386002	0.315571669722634	1.07968022286109	1.85716639678869
0.921487484414477	0.314195328134762	1.08743965740731	1.85362402104516
0.927695743442951	0.318790540835317	1.09686707975814	1.86720924808698
0.933904002471426	0.333205195177914	1.10330330723165	1.88476452903733
0.9401122614999	0.347048097359298	1.11434022247818	1.89301909654134
0.946320520528375	0.351966760981473	1.12267506663333	1.9020834018239
0.95252877955685	0.353983724440572	1.12681261833969	1.91368561500013
0.958737038585324	0.36015274172211	1.13866502832898	1.91500764164523
0.964945297613799	0.359596698086128	1.14685933199258	1.92935102677741
0.971153556642273	0.377660961924134	1.15698641250316	1.92982835287678
0.977361815670748	0.382261019558641	1.16042565452652	1.95465205387584
0.983570074699222	0.386980520259009	1.17276397487752	1.95993995598124
0.989778333727697	0.396830773292708	1.17722538440159	1.97915068904699
0.995986592756172	0.406749387011661	1.18841705002054	1.98277302053365
1.00219485178465	0.400496404824244	1.19735518595385	1.99796849575088
1.00840311081312	0.407430240024566	1.2047980736567	2.0074814087548
1.0146113698416	0.418438126660581	1.21345787438486	2.01936918514297
1.02081962887007	0.429981798537602	1.22205907109105	2.02551761981545
1.02702788789854	0.429537079135535	1.2315588165426	2.04797882168895
1.03323614692702	0.437549595264582	1.24149724677789	2.04462020165894
1.03944440595549	0.445204930735143	1.24820234829067	2.05736713420162
1.04565266498397	0.448553386974275	1.25720582186775	2.07375662595646
1.05186092401244	0.456965670037085	1.26276087876111	2.08531822155593
1.05806918304092	0.457830431403119	1.27277041379564	2.08749767717042
1.06427744206939	0.472318108396354	1.28108339653781	2.09816715457086
1.07048570109787	0.478022496422154	1.28839070991357	2.10532773748479
1.07669396012634	0.480641284887187	1.30071400724257	2.1203168027395
1.08290221915482	0.488392867623942	1.30798212294159	2.13042289407301
1.08911047818329	0.495824321637811	1.31554537173403	2.14694029928794
1.09531873721176	0.508340304268652	1.31987898355426	2.15248672929884
1.10152699624024	0.501466583307073	1.33254879980503	2.16610639515697
1.10773525526871	0.521404006690059	1.33702215538622	2.17667740731766
1.11394351429719	0.519078800050145	1.34718636918141	2.1782495577174
1.12015177332566	0.531720929204092	1.35376141385205	2.19624285918481
1.12636003235414	0.533386203219482	1.36456759067767	2.20322031603992
1.13256829138261	0.543091634153578	1.37535108507018	2.20947281196801
1.13877655041109	0.549139094933768	1.3801016040485	2.22725219345337
1.14498480943956	0.548083459694937	1.39236620780419	2.2326552780817
1.15119306846804	0.558893546573384	1.39786563916058	2.24859517457062
1.15740132749651	0.56374767667115	1.40695199873525	2.25289114381084
1.16360958652498	0.578521739727179	1.41354109688082	2.26984157118602
1.16981784555346	0.577082870463069	1.41969258003034	2.27283288573738
1.17602610458193	0.574186469744342	1.43157919401864	2.28757038949902
1.18223436361041	0.601056420855068	1.43590957870641	2.30189201974457
1.18844262263888	0.596096948727029	1.44665332667161	2.31449921081455
1.19465088166736	0.596993082398781	1.45265477147402	2.31848846766987
1.20085914069583	0.61336152013912	1.46411146916161	2.33355947317259
1.20706739972431	0.610184628757091	1.47274625032825	2.33265500105654
1.21327565875278	0.622180735300171	1.48131742559655	2.3554473304883
1.21948391778126	0.626932690797419	1.49078630299652	2.35526706172839
1.22569217680973	0.633285468404293	1.5002298537805	2.36983969423805
1.23190043583821	0.642100341314595	1.5097937424418	2.38844377002546
1.23810869486668	0.65000591734456	1.51598510788109	2.39397117185138
1.24431695389515	0.642775325643237	1.52586541048647	2.4055785457937
1.25052521292363	0.663673755374274	1.53408758838197	2.41516689907623
1.2567334719521	0.661880798051414	1.53894720461362	2.42850401633976
1.26294173098058	0.674046712391077	1.55188478227047	2.43079235210755
1.26914999000905	0.681198790321838	1.55539567100282	2.44834163725151
1.27535824903753	0.690578848953759	1.56849425437542	2.46627988820057
1.281566508066	0.702461439075086	1.57619656445786	2.47586163045864
1.28777476709448	0.699094302374031	1.58558216631648	2.4719707450788
1.29398302612295	0.701505128327627	1.58740217543745	2.49345775094315
1.30019128515143	0.709037649907668	1.59834917202119	2.50124345101771
1.3063995441799	0.717334388741288	1.61139061833852	2.51242523776723
1.31260780320837	0.720728629940867	1.61805981967321	2.52230199632465
1.31881606223685	0.735628917430616	1.62207884318854	2.53987792778272
1.32502432126532	0.735802504578691	1.63322015240778	2.53408105453529
1.3312325802938	0.734148375891699	1.64434555144913	2.55843256240498
1.33744083932227	0.736269994326205	1.64804333434473	2.56256732993342
1.34364909835075	0.75590679279442	1.65719126750975	2.58168152997982
1.34985735737922	0.763395291499565	1.66955375999319	2.57891673954012
1.3560656164077	0.761175597250028	1.67700331593541	2.59757095585529
1.36227387543617	0.772645984432	1.68367625144703	2.62097142408457
1.36848213446465	0.776754882771603	1.69338967377052	2.62016115345728
1.37469039349312	0.778676650181809	1.70277240266039	2.62824882939215
1.38089865252159	0.783622231104804	1.70781691474309	2.63724910598001
1.38710691155007	0.792342142568287	1.71891152716482	2.64985959367955
1.39331517057854	0.801573986170935	1.72603262429511	2.66387429971977
1.39952342960702	0.809655362369831	1.73688208436784	2.6712933929137
1.40573168863549	0.812140665859035	1.74363627542131	2.68072760015218
1.41193994766397	0.820885975190214	1.74838402447092	2.70051062479463
1.41814820669244	0.826472409295176	1.75765219069342	2.70221486463001
1.42435646572092	0.824698963900742	1.76686935825115	2.71664702309634
1.43056472474939	0.826853959642688	1.77846266917368	2.72058382312996
1.43677298377787	0.843123434928611	1.78589896903111	2.73663477803912
1.44298124280634	0.845075660095856	1.79319226537395	2.74572354960701
1.44918950183481	0.849681167227035	1.80000807783171	2.76056936386956
1.45539776086329	0.857905336101399	1.80708939996296	2.77156271834682
1.46160601989176	0.864221327224451	1.81879135431746	2.76917796942825
1.46781427892024	0.8715637180508	1.82606381068777	2.79139457085128
1.47402253794871	0.878820214927219	1.83013959303104	2.79827341090231
1.48023079697719	0.884132641869181	1.84832112026463	2.80887963398964
1.48643905600566	0.890023565520967	1.85141460909872	2.82175980820593
1.49264731503414	0.895491053490867	1.86195888636311	2.82875273557129
1.49885557406261	0.898858734592878	1.87038857168249	2.84707586997357
1.50506383309109	0.903179460726508	1.87446211081115	2.86888637876998
1.51127209211956	0.920000948121315	1.88545373058149	2.86961054341801
1.51748035114803	0.925432879216621	1.89425676494826	2.8694075191174
1.52368861017651	0.919689867185514	1.90194194344511	2.88977943796416
1.52989686920498	0.938797780148526	1.90756883615122	2.9055252723116
1.53610512823346	0.930936911069763	1.91677332058587	2.8992152274548
1.54231338726193	0.937518329670836	1.92883882016498	2.91928647253601
1.54852164629041	0.955947764747213	1.93514374066834	2.93298382060927
1.55472990531888	0.963461253257208	1.9462730742252	2.94269250838598
1.56093816434736	0.964785874601975	1.95206106783377	2.95666589335137
1.56714642337583	0.968076932057879	1.95819140739856	2.97326251704454
1.57335468240431	0.968103601304362	1.96691265384589	2.97478812489873
1.57956294143278	0.98219861115192	1.97523717980465	2.99514850070621
1.58577120046125	0.995387422087193	1.98805332697729	2.99354093177939
1.59197945948973	0.999452778238276	1.99290241489576	3.01306821554338
1.5981877185182	0.995369350858223	2.00217533410158	3.0200779114106
1.60439597754668	1.00090143263059	2.01140411189788	3.03304202017248
1.61060423657515	1.01218727317811	2.02288462972367	3.04363854069781
1.61681249560363	1.02238767686565	2.02942219826616	3.04797150123158
1.6230207546321	1.01994959950023	2.03632277371736	3.06552752076212
1.62922901366058	1.02438154452592	2.04525401743257	3.06921788859032
1.63543727268905	1.0385899238031	2.05069874732216	3.07909084641796
1.64164553171753	1.04562210764612	2.05971675464459	3.09381785613118
1.647853790746	1.04419497597149	2.07125138738884	3.10567570903347
1.65406204977447	1.05542014799118	2.08008372526438	3.12094301465287
1.66027030880295	1.05830724704375	2.08560227271301	3.12104436096407
1.66647856783142	1.06145434472337	2.09284056346461	3.13763786580603
1.6726868268599	1.0703823075733	2.09996436569335	3.1477063138674
1.67889508588837	1.08154214047796	2.1115658692268	3.15004819778224
1.68510334491685	1.08929646257331	2.1179869039031	3.17912304488992
1.69131160394532	1.09460028503827	2.13012091463888	3.18116799517508
1.6975198629738	1.09805388419615	2.13412239828955	3.19283093827713
1.70372812200227	1.09535909873421	2.14387959290001	3.19912250882601
1.70993638103075	1.1152652662153	2.15372628079242	3.21338668265093
1.71614464005922	1.11527038684771	2.16453359962371	3.22704621488191
1.7223528990877	1.12369224662545	2.1710971112321	3.2347691918569
1.72856115811617	1.1246303479504	2.18084158555467	3.25549171089225
1.73476941714464	1.13013913043066	2.19123250196616	3.25600068273081
1.74097767617312	1.13608602976038	2.1955554118849	3.28082110244565
1.74718593520159	1.14882117932812	2.20041636786544	3.28107697861311
1.75339419423007	1.15688059209206	2.21411209830633	3.29122829704215
1.75960245325854	1.15032846203133	2.22089201970993	3.29067640214882
1.76581071228702	1.16617566806907	2.22721998998274	3.30296187713555
1.77201897131549	1.16913042015538	2.24075183707527	3.32189675553105
1.77822723034397	1.17920990231756	2.24433365008888	3.32859486383685
1.78443548937244	1.18905992953439	2.252086414547	3.34466843392098
1.79064374840092	1.18663392030914	2.26727783030468	3.36212589829154
1.79685200742939	1.18350276460751	2.27155132905564	3.3669875352417
1.80306026645786	1.19634493540784	2.27846579372383	3.38598189066921
1.80926852548634	1.19909917945272	2.28879023530757	3.39863073952027
1.81547678451481	1.21192139839907	2.29313334809525	3.40804736955379
1.82168504354329	1.20545954632291	2.30267401435422	3.41581366268823
1.82789330257176	1.22832295047928	2.31692056807038	3.4226121469116
1.83410156160024	1.21921753296354	2.32211523294464	3.43076335406553
1.84030982062871	1.22212345682524	2.33207448222053	3.44082957332014
1.84651807965719	1.24143477550842	2.33952555386839	3.45391752879098
1.85272633868566	1.24912103435332	2.34533056096213	3.47358802952809
1.85893459771414	1.26315829248883	2.35447265333604	3.48233184695482
1.86514285674261	1.25650986115612	2.35893115479331	3.4902979092098
1.87135111577108	1.24869453125497	2.36962784635198	3.50010437832435
1.87755937479956	1.26978764107313	2.38800663903205	3.5099977734049
1.88376763382803	1.27567379321616	2.3909924042633	3.52561766130052
1.88997589285651	1.28754413234303	2.39689663941694	3.52884473434995
1.89618415188498	1.28633848121037	2.40463061640769	3.55555911629428
1.90239241091346	1.28681044644597	2.41013753684151	3.54646700184981
1.90860066994193	1.29988110314175	2.42108238158123	3.57587800809182
1.91480892897041	1.30135100859869	2.42801267572945	3.57450427384424
1.92101718799888	1.30407110679508	2.44148646727861	3.58672134678664
1.92722544702736	1.31216264729631	2.44382666406645	3.60992586434418
1.93343370605583	1.30701560033812	2.45747534487037	3.60615240200882
1.9396419650843	1.33057753499359	2.46539296000032	3.63131023882083
1.94585022411278	1.33336662992838	2.47495015580642	3.64112712940046
1.95205848314125	1.33339346574722	2.48271740423107	3.64173343489315
1.95826674216973	1.33221371417408	2.48965563338364	3.66343858830013
1.9644750011982	1.34571915179573	2.49504256282067	3.67052003101295
1.97068326022668	1.36448008637771	2.50905997125319	3.67800863762203
1.97689151925515	1.35894602536839	2.51520926479293	3.69634556088566
1.98309977828363	1.36453708135361	2.51647051917218	3.69367560327357
1.9893080373121	1.37638653405021	2.53254166649205	3.7097837586758
1.99551629634058	1.38230477109084	2.54412657335896	3.72819449284776
2.00172455536905	1.37739015504223	2.54788208983522	3.73031265319046
2.00793281439753	1.38959120311168	2.55860876121556	3.75063660068303
2.014141073426	1.38996499642807	2.56301842655244	3.75794741229377
2.02034933245447	1.39571020367047	2.57587960726778	3.75625010780671
2.02655759148295	1.40529614261868	2.58232803580277	3.77533022019104
2.03276585051142	1.41421352505498	2.58595375178645	3.7946582869586
2.0389741095399	1.41653127026202	2.60153983957692	3.80542734912312
2.04518236856837	1.41278287840928	2.60681866351536	3.81787427890868
2.05139062759685	1.43572767410146	2.61632111942033	3.81543287213619
2.05759888662532	1.43922054504316	2.62803788537987	3.82923968760351
2.0638071456538	1.44026603048344	2.63227844568975	3.84251068296363
2.07001540468227	1.43795939686932	2.63947084038603	3.85231918577342
2.07622366371075	1.44590603939286	2.64553933161285	3.86351922312202
2.08243192273922	1.44977885444263	2.66154035136877	3.87191314499527
2.08864018176769	1.46498681583047	2.66449543834856	3.88115573165661
2.09484844079617	1.46407498816194	2.67612503924781	3.90923166410899
2.10105669982464	1.47586382911771	2.68309055918179	3.90786778934342
2.10726495885312	1.48853317271164	2.69202954868253	3.92118940406601
2.11347321788159	1.48935873184392	2.69694625010603	3.94509076360514
2.11968147691007	1.50061666808476	2.70495728640381	3.93823724562435
2.12588973593854	1.49932295218244	2.7169559047461	3.9475831682592
2.13209799496702	1.49506811668007	2.72438385427547	3.95817257814545
2.13830625399549	1.51298867138126	2.73236042066764	3.97297068336639
2.14451451302397	1.50227154776804	2.74082251797842	3.98175759226103
2.15072277205244	1.52426372101761	2.74709562136908	3.99848858786904
2.15693103108091	1.5340327896382	2.76239923543248	4.00832161873366
2.16313929010939	1.52444249959324	2.76666387594697	4.00847981312199
2.16934754913786	1.53365956919014	2.77586300264451	4.04058816351666
2.17555580816634	1.55475340604306	2.78129104279876	4.03568974599329
2.18176406719481	1.55045470934523	2.79185526764442	4.06664872149646
2.18797232622329	1.55354696087033	2.80145119854976	4.05941927798683
2.19418058525176	1.56176472852646	2.80660280997307	4.07816491769971
2.20038884428024	1.56281680398549	2.81226534383762	4.09607870621853
2.20659710330871	1.57993438671505	2.82470580737972	4.10196063229394
2.21280536233719	1.57580291672803	2.83489950906815	4.11401398044524
2.21901362136566	1.58186601402259	2.84057173124758	4.13064938070757
2.22522188039413	1.59413917387148	2.84986848482834	4.12765839470514
2.23143013942261	1.58563008054784	2.85835341494726	4.14310347089403
2.23763839845108	1.6012079255506	2.86485242776386	4.14397537601633
2.24384665747956	1.60381035362068	2.8797432886418	4.1686827650418
2.25005491650803	1.60599275009062	2.88235269601746	4.17550036767537
2.25626317553651	1.62389912249704	2.89142210248124	4.19575706865984
2.26247143456498	1.61956969177656	2.89955803567689	4.20845277491042
2.26867969359346	1.62514116852528	2.90838353537912	4.2082994976405
2.27488795262193	1.64363459543645	2.92163841273018	4.21137389464605
2.28109621165041	1.62321846347735	2.92910443955222	4.23330929252962
2.28730447067888	1.65007791399144	2.93088606963165	4.24430954513916
2.29351272970736	1.64261380912808	2.94252901258094	4.25592074238815
2.29972098873583	1.65492448509606	2.95046112901655	4.27739546194534
2.3059292477643	1.65868562857494	2.95791732207785	4.2795407734211
2.31213750679278	1.66712159181999	2.96602772092925	4.2902827353157
2.31834576582125	1.69259477929271	2.97297623078553	4.30608227182432
2.32455402484973	1.68042997879446	2.98564616744188	4.3114890387917
2.3307622838782	1.68590132090511	2.99380245026888	4.31033233237827
2.33697054290668	1.68588924956651	3.00096212286876	4.33414883814492
2.34317880193515	1.69744682881228	3.00934742901444	4.34344917443556
2.34938706096363	1.69167791048178	3.01357559124334	4.35509734600053
2.3555953199921	1.70974595282422	3.02957610182951	4.36535354380211
2.36180357902058	1.705165936828	3.03865690496564	4.37508503962093
2.36801183804905	1.71972403654105	3.03960045256349	4.39062924730559
2.37422009707752	1.73930706675356	3.05915834573008	4.40562199705949
2.380428356106	1.74112266098525	3.05548138782049	4.40214011104506
2.38663661513447	1.73017505481101	3.06897211460815	4.42162106608691
2.39284487416295	1.74606855853288	3.07895245510238	4.43003164171249
2.39905313319142	1.75723018300275	3.08841897481537	4.45425881253462
2.4052613922199	1.7539880395227	3.09290725758992	4.45524076261827
2.41146965124837	1.75877509472582	3.10548760723811	4.48410291027801
2.41767791027685	1.75545702777045	3.11345161242199	4.48786216696505
2.42388616930532	1.7703236052248	3.11881498745089	4.49416086427913
2.4300944283338	1.77957980946587	3.12594106277043	4.49785035329014
2.43630268736227	1.78281060708828	3.13691415389825	4.50582411445015
2.44251094639074	1.78726200142907	3.14334705086223	4.52673897733479
2.44871920541922	1.81079094028622	3.15770141688538	4.5359504328156
2.45492746444769	1.79694331601548	3.16327397603512	4.53645027581756
2.46113572347617	1.80189986776642	3.17151993060831	4.57115368101105
2.46734398250464	1.80822984592293	3.1789719628752	4.57181726578622
2.47355224153312	1.81877961597591	3.18621254154973	4.5738392374449
2.47976050056159	1.82447664319983	3.19339238928414	4.5931234206177
2.48596875959007	1.8307828369385	3.20650949364855	4.60124561749488
2.49217701861854	1.83421888986467	3.21595795026281	4.61526513305251
2.49838527764702	1.84208993408306	3.22483204231288	4.62993526083866
2.50459353667549	1.84152527592209	3.23589458010386	4.64015833277195
2.51080179570396	1.85848767860642	3.23969776742294	4.63753344595041
2.51701005473244	1.85754024562498	3.24175425935548	4.65059309394287
2.52321831376091	1.86090029003365	3.2550017085796	4.66728423299254
2.52942657278939	1.87538211059722	3.26232400728147	4.67803236248092
2.53563483181786	1.87430145296988	3.27341614691316	4.69729448769811
2.54184309084634	1.88322122406881	3.28164220602588	4.70309150972986
2.54805134987481	1.8751260095021	3.29120811168688	4.71270968581724
2.55425960890329	1.91229910688225	3.2988910141499	4.72080500126668
2.56046786793176	1.88794654842135	3.30338317942667	4.73448776469289
2.56667612696024	1.90962426867283	3.31116607455067	4.74727321043988
2.57288438598871	1.91805366677762	3.32177624666932	4.7558020348587
2.57909264501719	1.91933791473892	3.33201414933211	4.76102051064657
2.58530090404566	1.91510531714089	3.3438449436583	4.7915185588393
2.59150916307413	1.92576352356838	3.34482413584445	4.79237252571015
2.59771742210261	1.93167661270501	3.35468751976111	4.79828343106484
2.60392568113108	1.94020279421906	3.36302320787829	4.81669202863007
2.61013394015956	1.94492348664137	3.37133990671452	4.82469382499313
2.61634219918803	1.95166536171818	3.37637685494716	4.82993243123549
2.62255045821651	1.96642411979579	3.39014947822439	4.84020261631298
2.62875871724498	1.96856817694263	3.39909752790827	4.85237114257276
2.63496697627346	1.97426608866117	3.40325330372624	4.87014994472567
2.64117523530193	1.98013859397474	3.41502626985681	4.88918395248452
2.64738349433041	1.97599747667756	3.41774227506881	4.88839928374732
2.65359175335888	1.97917459728458	3.42979213322397	4.89304204494341
2.65980001238735	1.98200611063706	3.43932916901822	4.9080801331919
2.66600827141583	1.98168112462811	3.44883904321042	4.93562248616734
2.6722165304443	1.99513354654178	3.45304983682642	4.93759196596217
2.67842478947278	1.99907492165341	3.46641026342942	4.95148107707787
2.68463304850125	2.00960673038314	3.47788937172916	4.96261231073683
2.69084130752973	2.00706955567103	3.47943203624721	4.97819168397532
2.6970495665582	2.02001036658506	3.49283967806871	4.97728751672086
2.70325782558668	2.02276717995336	3.49743412198591	4.99867228158137
2.70946608461515	2.03255137881345	3.50450274475094	5.01715730426089
2.71567434364363	2.04188602790871	3.51228429229776	5.0253936826144
2.7218826026721	2.05791365917409	3.52047298329276	5.03845633407902
2.72809086170057	2.0448786169504	3.52968684373061	5.04016081570156
2.73429912072905	2.04332662570502	3.53969980987301	5.04597809170154
2.74050737975752	2.06220281005762	3.54587711427429	5.06316608312399
2.746715638786	2.05683134805312	3.55095240847129	5.07348108020058
2.75292389781447	2.06252282435682	3.56538569128005	5.08836332290709
2.75913215684295	2.07544426115242	3.57493629598482	5.09093181879244
2.76534041587142	2.08022427150108	3.57593543735887	5.11236298813
2.7715486748999	2.0837168221491	3.58901800466985	5.11538708310053
2.77775693392837	2.08042076036901	3.60110169087099	5.13224925851959
2.78396519295684	2.09928844321977	3.61003066245558	5.14410654318568
2.79017345198532	2.09977545464461	3.61868531710129	5.15446666974035
2.79638171101379	2.10346181889627	3.62717542769432	5.17241478183694
2.80258997004227	2.11457576999447	3.63470710442838	5.16623342128307
2.80879822907074	2.12173663347497	3.64000542614181	5.18873342475739
2.81500648809922	2.12620836244962	3.64825411300737	5.19791370498229
2.82121474712769	2.12343570139273	3.65370142588388	5.20555775366804
2.82742300615617	2.14225795947322	3.66846391641283	5.23017532652598
2.83363126518464	2.13802910962619	3.67408016644236	5.23316733674501
2.83983952421312	2.14069896044221	3.68084433822386	5.23375450898734
2.84604778324159	2.16089015972042	3.68986428240641	5.25549530790857
2.85225604227007	2.16392412612387	3.70160497942744	5.27663491399677
2.85846430129854	2.17634335236744	3.71030900803029	5.26572052077706
2.86467256032701	2.17114981247781	3.71686949931608	5.27711546570362
2.87088081935549	2.18342381988944	3.72403066974938	5.29372960901782
2.87708907838396	2.17504883079086	3.73251054774794	5.31052354955315
2.88329733741244	2.1776490436867	3.74468825583094	5.32355600231119
2.88950559644091	2.18956220187121	3.74878362537027	5.33182161028837
2.89571385546939	2.19277977209414	3.75775714234791	5.33559979491132
2.90192211449786	2.19582131991188	3.76781248599061	5.351057687744
2.90813037352634	2.20971610340781	3.77832029998518	5.37233751685555
2.91433863255481	2.21159043177899	3.78097564126067	5.37486680221796
2.92054689158329	2.22062498530857	3.78959480304639	5.3796633028752
2.92675515061176	2.23316851999235	3.80199911152346	5.39765593985586
2.93296340964024	2.22460966582157	3.80579852673297	5.40162681321637
2.93917166866871	2.2355492469067	3.82128828400989	5.40724953409119
2.94537992769718	2.24782358634536	3.82595394670771	5.43017756992858
2.95158818672566	2.24962838562347	3.82967772632413	5.45741562195041
2.95779644575413	2.26079730372968	3.84927905656161	5.46448685032705
2.96400470478261	2.25458006526217	3.85381443765643	5.46697478934255
2.97021296381108	2.2600713051502	3.85827060210853	5.47730071305991
2.97642122283956	2.27981874818465	3.8670276712692	5.50070498646816
2.98262948186803	2.28509461366461	3.87719442329012	5.50497046165689
2.98883774089651	2.2815034380032	3.88455301299644	5.51694820560126
2.99504599992498	2.28400228790145	3.89483346444854	5.51800975856244
3.00125425895345	2.28395196069301	3.90038964435973	5.54565046430888
3.00746251798193	2.30916327968266	3.90900279791075	5.53985032116978
3.0136707770104	2.30420442185458	3.9198517204401	5.55756994854568
3.01987903603888	2.30833549929393	3.930567914125	5.57175613907596
3.02608729506735	2.31932116361963	3.93514965641611	5.58357882713107
3.03229555409583	2.30904546701478	3.94263517365629	5.57752874906272
3.0385038131243	2.33373361223501	3.9537131334158	5.60232757432064
3.04471207215278	2.33867776471692	3.95811808695823	5.5988612673532
3.05092033118125	2.33411124478842	3.97070490581192	5.62735827859947
3.05712859020973	2.32711900454753	3.97951742479766	5.63019089770596
3.0633368492382	2.35236761531226	3.98545637821456	5.65133435077661
3.06954510826667	2.35783289910735	3.9932702756476	5.65948968301882
3.07575336729515	2.34697267160159	4.00471288842074	5.67723976975025
3.08196162632362	2.37455677493972	4.00542321098796	5.68580777354888
3.0881698853521	2.36952701280218	4.02041904432523	5.68339520477295
3.09437814438057	2.36291625403902	4.02319918643664	5.70566640775721
3.10058640340905	2.38345439198926	4.0362117085712	5.71487135599942
3.10679466243752	2.38194768599561	4.04742242649457	5.73637063397716
3.113002921466	2.39645885348147	4.05496618528463	5.73385815288062
3.11921118049447	2.41478821619814	4.06635977248342	5.74137585032889
3.12541943952295	2.39667439336296	4.06832273409099	5.76450927864734
3.13162769855142	2.41133326111174	4.0790097623954	5.79135255998237
3.1378359575799	2.40425803576329	4.08995158989397	5.7765551675971
3.14404421660837	2.41689628382273	4.0957564172078	5.80874973845947
3.15025247563684	2.43406825930778	4.1045755851394	5.80053112374261
3.15646073466532	2.42027889592746	4.11572377478384	5.80268992739795
3.16266899369379	2.42024339917832	4.12199036814809	5.82984638491239
3.16887725272227	2.44457930511036	4.13082827222787	5.84181083629176
3.17508551175074	2.44368253430724	4.14006398235214	5.83418791354739
3.18129377077922	2.45040990387643	4.14744934116133	5.86563739156477
3.18750202980769	2.46199581450795	4.15267639551761	5.85723563904152
3.19371028883617	2.46274541683361	4.16058951767356	5.89517333165668
3.19991854786464	2.48366442413355	4.17225793378691	5.90119255264883
3.20612680689312	2.48716234729387	4.18103369952883	5.90833140777195
3.21233506592159	2.48706457171557	4.1900419712397	5.92096069575317
3.21854332495007	2.48094840236863	4.1964714167878	5.94334445306929
3.22475158397854	2.50892722638461	4.20466806438156	5.92505553067081
3.23095984300701	2.5055973148565	4.21368565632106	5.9503027850322
3.23716810203549	2.5039229335391	4.22699255485904	5.95613430521864
3.24337636106396	2.49810078410658	4.22566254473592	5.97955358272546
3.24958462009244	2.51629859110319	4.23785173826131	5.98596246862298
3.25579287912091	2.52510735245346	4.24677959331785	5.9960568769243
3.26200113814939	2.52546230625762	4.25877863412995	5.99810719304321
3.26820939717786	2.53093760218398	4.2642935147604	6.02176741463745
3.27441765620634	2.52869184316763	4.26860984368995	6.03708893953865
3.28062591523481	2.52835130486557	4.27629128789812	6.04931064362276
3.28683417426328	2.55986820582576	4.29293280630697	6.05497558954113
3.29304243329176	2.5582702131461	4.29461616882688	6.07050973041399
3.29925069232023	2.56197596797139	4.31044750598183	6.07791380388991
3.30545895134871	2.56224554896001	4.31854742469582	6.09652663450253
3.31166721037718	2.56454775665513	4.32154936409592	6.10204277454961
3.31787546940566	2.57351270521468	4.32888042751569	6.11012646030566
3.32408372843413	2.57945378574151	4.33897966308075	6.12634724490918
3.33029198746261	2.58625484606499	4.35098587447411	6.14117259313266
3.33650024649108	2.5868592620699	4.35854223896709	6.14137185488107
3.34270850551956	2.60239905584182	4.36342484924103	6.15391454592799
3.34891676454803	2.59829322850589	4.37831094510629	6.16298943916195
3.3551250235765	2.60727528330066	4.38565303635775	6.16589999966894
3.36133328260498	2.6153957477304	4.38894705837671	6.19343175619911
3.36754154163345	2.6178174979356	4.39967555184742	6.19596802713823
3.37374980066193	2.62650240407797	4.40504961960255	6.22867343680445
3.3799580596904	2.62723055359508	4.41478858154172	6.23379595824186
3.38616631871888	2.64579684868173	4.42539747661348	6.22732903297251
3.39237457774735	2.63166104422746	4.4322081202347	6.2496814877762
3.39858283677583	2.64331767471618	4.44049389362664	6.25615512640751
3.4047910958043	2.66082486475788	4.44526976752504	6.25944824664405
3.41099935483278	2.66090204816455	4.45337337840658	6.27002665221013
3.41720761386125	2.6545544589706	4.46823936643694	6.28451528563708
3.42341587288972	2.67388229631069	4.47682463951229	6.30018133047576
3.4296241319182	2.66837811511998	4.48300452430044	6.32006894023534
3.43583239094667	2.67905640310392	4.48908905897629	6.33786914894916
3.44204064997515	2.67914314449916	4.49967610403528	6.34420080481397
3.44824890900362	2.68659386835956	4.51172282884843	6.33432332556983
3.4544571680321	2.69691200838986	4.51435905167327	6.35155374717576
3.46066542706057	2.69642156465953	4.52192933198439	6.36649397821726
3.46687368608905	2.71582615700329	4.5336832876962	6.38112927005786
3.47308194511752	2.71313958142297	4.53943005201536	6.38836565447782
3.479290204146	2.72277784407383	4.55245666511025	6.40858845284662
3.48549846317447	2.72092913730419	4.5576156661344	6.39726438864956
3.49170672220295	2.73416804099834	4.57056679279946	6.43203980398582
3.49791498123142	2.73321184267907	4.57126268925319	6.44042616295977
3.50412324025989	2.74464060101587	4.58211332305647	6.44794149133065
3.51033149928837	2.73568775840644	4.59186765553276	6.46721311905231
3.51653975831684	2.75608014250494	4.60506978166773	6.46106016870092
3.52274801734532	2.76323899732637	4.61301197855965	6.49292160370198
3.52895627637379	2.76131289636496	4.61884213575451	6.50474203366584
3.53516453540227	2.75745051242598	4.62484633480632	6.50239814854502
3.54137279443074	2.74963602509711	4.63027635685284	6.50706994865789
3.54758105345922	2.78428216894953	4.64259041358573	6.53459814586887
3.55378931248769	2.7784247626288	4.65407200987751	6.53296888547672
3.55999757151617	2.76965633443104	4.65374790938215	6.56268322815285
3.56620583054464	2.7864015386591	4.66713007883043	6.56378081311245
3.57241408957311	2.80407665174314	4.67178088675898	6.57022586238131
3.57862234860159	2.81578316513674	4.68572186596392	6.588109464643
3.58483060763006	2.81857966841947	4.69411920258499	6.59327241380972
3.59103886665854	2.81446606975816	4.70988345499395	6.62198282815219
3.59724712568701	2.81970962613435	4.70916653489853	6.61174940717891
3.60345538471549	2.84018568480758	4.71248931506488	6.62919056913734
3.60966364374396	2.82383167680875	4.7263720748198	6.63858033936932
3.61587190277244	2.83367572844703	4.73411035535717	6.66459810201705
3.62208016180091	2.85407108889776	4.74304413620598	6.67353289968593
3.62828842082939	2.84153272391054	4.75371408760789	6.66902334879433
3.63449667985786	2.83814623444874	4.76341813817669	6.68613812510373
3.64070493888633	2.86470121702114	4.76896954242757	6.70850803913942
3.64691319791481	2.87834233189341	4.77635873644171	6.70214715770896
3.65312145694328	2.87866721296229	4.78241426740736	6.72833667488866
3.65932971597176	2.87882558505601	4.79167899992564	6.75068041024248
3.66553797500023	2.88539636597496	4.79992359060838	6.73984715050984
3.67174623402871	2.87988191094261	4.80777862105798	6.75644950737717
3.67795449305718	2.87356275644456	4.81837686357725	6.76022266279836
3.68416275208566	2.88961192939569	4.83022477011498	6.77721487725458
3.69037101111413	2.91077993485946	4.83751548653231	6.79757884472183
3.69657927014261	2.91696751978871	4.84733552011003	6.80128967064706
3.70278752917108	2.91412364920701	4.8537323791483	6.82022427982713
3.70899578819955	2.92460432264301	4.85807006162262	6.82769508464282
3.71520404722803	2.91375685958096	4.87433013471769	6.85246769539696
3.7214123062565	2.92506267907175	4.87353468663979	6.85191363065075
3.72762056528498	2.92659155328424	4.8879091461595	6.86508212815626
3.73382882431345	2.93020030423468	4.89603045139479	6.86691623902906
3.74003708334193	2.93233775909997	4.90399840081079	6.88763112919239
3.7462453423704	2.95635079228836	4.9101729173825	6.90610334126479
3.75245360139888	2.9579980281622	4.9233668036917	6.897466609097
3.75866186042735	2.96548873099011	4.92692544608181	6.91954419692975
3.76487011945583	2.96590214622975	4.93540391487566	6.95440975022354
3.7710783784843	2.98494778368281	4.94362160678326	6.93866004471909
3.77728663751278	2.98130909549962	4.95454958832856	6.9446422462985
3.78349489654125	2.97773081687528	4.96341679024273	6.95658824793394
3.78970315556972	3.00356691517071	4.96632604316615	6.96834061143125
3.7959114145982	3.00053276705091	4.97384908960986	6.9769637816923
3.80211967362667	3.0013159259909	4.98831061991563	6.9751113462162
3.80832793265515	3.00874170333432	4.99335587608276	7.00488665317005
3.81453619168362	3.01415795259473	5.00429397794265	7.02795272962577
3.8207444507121	3.02151621446729	5.01261374925182	7.02275398253734
3.82695270974057	3.03019617422379	5.01980938205393	7.04043937750053
3.83316096876905	3.02313591693548	5.02564774610876	7.04570884719493
3.83936922779752	3.02358646351141	5.04181149787129	7.06410569445713
3.845577486826	3.03208165960891	5.04781900415902	7.07583383139883
3.85178574585447	3.05321797698749	5.05830282501289	7.08609989717566
3.85799400488294	3.04299509439575	5.07061846806151	7.09845866283357
3.86420226391142	3.06593358529983	5.0737713336212	7.09215876560428
3.87041052293989	3.06782717468183	5.08072547614219	7.11395110236559
3.87661878196837	3.07989477991357	5.08920027231123	7.13138651928527
3.88282704099684	3.06241050380531	5.09271291208205	7.14747653978235
3.88903530002532	3.07114780416626	5.10325633120445	7.14341435413622
3.89524355905379	3.07948308187935	5.10798503259993	7.17208698889374
3.90145181808227	3.09680861274716	5.11872119228815	7.17862983473783
3.90766007711074	3.08180568694086	5.12961249565646	7.18615773268493
3.91386833613922	3.0991224491638	5.13866543278516	7.19880558499985
3.92007659516769	3.11437141792836	5.14701352487114	7.22095116171886
3.92628485419616	3.10400582674242	5.15760519009459	7.2316665543598
3.93249311322464	3.12841567389163	5.16406935393985	7.23926411582469
3.93870137225311	3.11889021837935	5.17267575028289	7.24797219203785
3.94490963128159	3.1358210892368	5.17966013932443	7.25281629201886
3.95111789031006	3.12111259744863	5.1899874747555	7.25514037529195
3.95732614933854	3.13717986000683	5.19655161799469	7.2939323321076
3.96353440836701	3.14754751779275	5.20648595236161	7.30017149376786
3.96974266739549	3.15254352316548	5.21520694358304	7.30480598043396
3.97595092642396	3.15520286130423	5.21678723396886	7.32556492364065
3.98215918545244	3.1728994557788	5.2343010711839	7.32064892603059
3.98836744448091	3.16004862063257	5.24020378375912	7.33331518537238
3.99457570350938	3.17686016524623	5.24785871509076	7.33661621808588
4.00078396253786	3.17221163479907	5.25218430650425	7.36170400952498
4.00699222156633	3.1849060858991	5.27057163472695	7.37035935635296
4.01320048059481	3.18624922621397	5.2766575499344	7.38093480473234
4.01940873962328	3.1993166888907	5.28771047696561	7.38565845101902
4.02561699865176	3.19314314922583	5.29134361037016	7.39910922828419
4.03182525768023	3.21686170396994	5.29338702931422	7.41676576078968
4.03803351670871	3.19676530929721	5.3036787283835	7.44109589786227
4.04424177573718	3.21036627388151	5.3159086236983	7.43470200968398
4.05045003476566	3.20818487177261	5.32227763145692	7.43376735950283
4.05665829379413	3.23223307729528	5.33270841051768	7.45989475754884
4.06286655282261	3.22426718393308	5.33816090202726	7.4742849830709
4.06907481185108	3.23353263935951	5.34915904264553	7.47637488327782
4.07528307087955	3.2453877739319	5.35802837657576	7.47214272393087
4.08149132990803	3.23217995947326	5.3726547304471	7.50378271479015
4.0876995889365	3.26403148679565	5.37197237808714	7.51435014380465
4.09390784796498	3.25454723382431	5.38197144140623	7.52069031308445
4.10011610699345	3.25199305206905	5.39103728392067	7.54054054144667
4.10632436602193	3.2809873818268	5.39866061253993	7.56122449300197
4.1125326250504	3.2782210055643	5.40326368705485	7.56965924157906
4.11874088407888	3.28557168362599	5.42161596327788	7.57335216626619
4.12494914310735	3.27742669166673	5.42550814061664	7.59595025305564
4.13115740213583	3.27802548351716	5.42887044629792	7.59149781561719
4.1373656611643	3.30224023360444	5.43640488157718	7.62364687647101
4.14357392019278	3.30144169370824	5.44947205389066	7.60140031181076
4.14978217922125	3.30006280747281	5.46162899944698	7.63949543365316
4.15599043824972	3.30634315361752	5.46699162046564	7.65085829555621
4.1621986972782	3.31677091022133	5.47348031358703	7.64803070516301
4.16840695630667	3.34351321502934	5.48913025642226	7.67116718768576
4.17461521533515	3.31629308991493	5.4874968999648	7.69628066695214
4.18082347436362	3.33781122561733	5.49251468514739	7.68283880312174
4.1870317333921	3.3320297386042	5.51356407821059	7.70305456708399
4.19323999242057	3.34166175779569	5.51773216963745	7.70562753608355
4.19944825144904	3.35523258075631	5.53034099572862	7.73171791712641
4.20565651047752	3.36274024870337	5.53629771760399	7.74677546683623
4.211864769506	3.36791852066041	5.54149759356676	7.72994292378935
4.21807302853447	3.35787088018998	5.55360604418042	7.75889534739199
4.22428128756294	3.38660064617143	5.56064841665494	7.75657613047494
4.23048954659142	3.38625213214069	5.56602309158461	7.77931648134522
4.23669780561989	3.39192560187676	5.57191333969356	7.78927169072935
4.24290606464837	3.39137929632832	5.58406327964107	7.7943583754174
4.24911432367684	3.39129137484529	5.59255520606224	7.81505069898325
4.25532258270532	3.38430438643436	5.60033990954091	7.82414519495868
4.26153084173379	3.41248486955069	5.61166089264716	7.83264703036991
4.26773910076226	3.40569150165561	5.61758955666695	7.8477002258693
4.27394735979074	3.40046833527188	5.62902889650858	7.85066373028538
4.28015561881922	3.41714314387154	5.62871421695849	7.87355845788011
4.28636387784769	3.43038035293676	5.64732759651058	7.88136257252444
4.29257213687616	3.42483527728408	5.6530300445197	7.88788003652599
4.29878039590464	3.44576237864221	5.66089244840047	7.89386286245172
