"mitochan"	"lwrNorm"	"medNorm"	"uprNorm"
-1.90327037354145	-3.85973489305185	-2.71745272152949	-1.60325159067974
-1.89692877396533	-3.85182238249249	-2.71110695580369	-1.58825774861
-1.89058717438921	-3.83751985185543	-2.70326491978498	-1.59232936053731
-1.88424557481309	-3.8291004146485	-2.69245618236326	-1.571897913136
-1.87790397523697	-3.8137619190787	-2.6815567065073	-1.5781090806102
-1.87156237566085	-3.79119948701343	-2.67858791313521	-1.56818654797807
-1.86522077608473	-3.78750706270348	-2.66698645849654	-1.56331666668465
-1.85887917650861	-3.77808861649477	-2.6570583449	-1.54786400494475
-1.85253757693249	-3.75690380928465	-2.64743750106936	-1.55508427799951
-1.84619597735637	-3.74749216704592	-2.64361550728912	-1.5447948627534
-1.83985437778025	-3.7388172757433	-2.63165798911991	-1.53556905881071
-1.83351277820413	-3.72620659410687	-2.62390320018907	-1.52982513240528
-1.82717117862801	-3.7047983414331	-2.61160819950864	-1.53269872858694
-1.8208295790519	-3.71835420615022	-2.60413868371925	-1.52514977876859
-1.81448797947578	-3.69814872916013	-2.5981353843248	-1.50906791783834
-1.80814637989966	-3.67631722022118	-2.58947472871524	-1.50579060581857
-1.80180478032354	-3.67729542448301	-2.58203887031796	-1.50222490175764
-1.79546318074742	-3.66607053839726	-2.56906993699848	-1.49097019536934
-1.7891215811713	-3.65359341480527	-2.56375961270334	-1.48346860651963
-1.78277998159518	-3.63551245583075	-2.55274680807088	-1.48568506434977
-1.77643838201906	-3.63473865828756	-2.54640222917083	-1.47865547934669
-1.77009678244294	-3.61503970954588	-2.5374681790957	-1.46587588533383
-1.76375518286682	-3.60351649181577	-2.52966571548187	-1.46430856246185
-1.7574135832907	-3.60514776240359	-2.51708660997741	-1.46442460966283
-1.75107198371458	-3.58056800954418	-2.51199432557831	-1.45784452371377
-1.74473038413846	-3.56746607222647	-2.50537691019781	-1.44817859354892
-1.73838878456234	-3.56944881735202	-2.49653687204219	-1.43561249756443
-1.73204718498622	-3.5506974168588	-2.48774422210462	-1.43012392277812
-1.7257055854101	-3.54469552885511	-2.47947654755286	-1.42703246377649
-1.71936398583398	-3.51960085914506	-2.47172713951856	-1.42607544075559
-1.71302238625786	-3.51826534695887	-2.46297772711962	-1.41679879696869
-1.70668078668174	-3.50939141019239	-2.45246267718678	-1.42022974179619
-1.70033918710562	-3.49842193351047	-2.44554501791081	-1.40837039831921
-1.69399758752951	-3.48200645444315	-2.43924989331793	-1.40043209174926
-1.68765598795339	-3.47129059168545	-2.42807479710346	-1.39473606567662
-1.68131438837727	-3.46661109859045	-2.4191342448679	-1.38574786636777
-1.67497278880115	-3.44909714977861	-2.41124582521216	-1.39659816465968
-1.66863118922503	-3.43387975021069	-2.40258963350551	-1.37698081729906
-1.66228958964891	-3.43021743783304	-2.39191956121868	-1.36393375925297
-1.65594799007279	-3.41683710733003	-2.38571533904739	-1.36360562450367
-1.64960639049667	-3.4085368106269	-2.37745078971727	-1.35111301361238
-1.64326479092055	-3.39398983639542	-2.36758852378732	-1.35077299757557
-1.63692319134443	-3.37290019862716	-2.36125621694683	-1.35365718953756
-1.63058159176831	-3.37001083037545	-2.35100388706096	-1.34497136706647
-1.62423999219219	-3.36450370683017	-2.34294526484336	-1.33425386458412
-1.61789839261607	-3.35494451488812	-2.33261683688983	-1.32693941593464
-1.61155679303995	-3.34240969043692	-2.32479107716973	-1.32183333966041
-1.60521519346383	-3.33130470085668	-2.31625084150414	-1.32644981531245
-1.59887359388771	-3.32765162146356	-2.30621935057633	-1.32015796903444
-1.59253199431159	-3.305511542577	-2.2989420272626	-1.30626698730617
-1.58619039473547	-3.29308398206451	-2.29089475311202	-1.29694122167892
-1.57984879515935	-3.29277328935889	-2.28208691247117	-1.29622232703518
-1.57350719558323	-3.27026649476779	-2.27707118747093	-1.28383106623872
-1.56716559600711	-3.25951705326538	-2.26521773704612	-1.28783650034168
-1.560823996431	-3.24475822227426	-2.25736135610067	-1.27009304446716
-1.55448239685488	-3.22895203828201	-2.24691512244505	-1.27235268425341
-1.54814079727876	-3.23344331198926	-2.23593209350661	-1.26811540855206
-1.54179919770264	-3.20805501633481	-2.23325440483367	-1.25529978336452
-1.53545759812652	-3.20004859100008	-2.2232421639031	-1.24657346477624
-1.5291159985504	-3.19429813286565	-2.2149627428613	-1.2390963504523
-1.52277439897428	-3.18201314923875	-2.20529167613099	-1.2334667568333
-1.51643279939816	-3.17363396445279	-2.19777028442021	-1.23611846282738
-1.51009119982204	-3.16458492515047	-2.19118733881745	-1.21612647506092
-1.50374960024592	-3.16027930986504	-2.17483144617776	-1.21939981638383
-1.4974080006698	-3.13970418334741	-2.17144426294618	-1.20235482160614
-1.49106640109368	-3.11399672846623	-2.16733637353574	-1.20514694101196
-1.48472480151756	-3.10926432845447	-2.15010178021312	-1.1984015182254
-1.47838320194144	-3.10282207342032	-2.14194218225725	-1.19247216124865
-1.47204160236532	-3.09023672245684	-2.13719131350741	-1.18905224229172
-1.4657000027892	-3.08314659332239	-2.12912080837561	-1.18790139008939
-1.45935840321308	-3.07758290870994	-2.12053517444096	-1.17206461251816
-1.45301680363696	-3.06858624829427	-2.1104705762883	-1.17395838045891
-1.44667520406084	-3.04306455912638	-2.1023077106834	-1.16706335464488
-1.44033360448472	-3.03361350498981	-2.09464561059644	-1.15036314861209
-1.43399200490861	-3.03542371803229	-2.08311292763544	-1.14716918419217
-1.42765040533249	-3.0291199575452	-2.0769497020429	-1.1497508582809
-1.42130880575637	-2.99606841991759	-2.06838066414791	-1.13985272480594
-1.41496720618025	-2.99569538750249	-2.05994008499824	-1.1396048824848
-1.40862560660413	-2.9792012009344	-2.0514858365266	-1.13163597841982
-1.40228400702801	-2.97084275902313	-2.03996823433471	-1.11206701113272
-1.39594240745189	-2.96067221421543	-2.03317094749332	-1.11283341229895
-1.38960080787577	-2.95762965176634	-2.02749549174217	-1.1179740927023
-1.38325920829965	-2.94414912778153	-2.01245926510291	-1.09890702558295
-1.37691760872353	-2.93252579544872	-2.00867764966639	-1.09655715397396
-1.37057600914741	-2.91445749955172	-2.00233146382329	-1.09438757640179
-1.36423440957129	-2.91217525603697	-1.99341411344701	-1.07705971901094
-1.35789280999517	-2.89285802425484	-1.98753428366226	-1.0848086695712
-1.35155121041905	-2.88085390889588	-1.97616398681299	-1.07338421211044
-1.34520961084293	-2.88080451490442	-1.96805208955616	-1.0600107503505
-1.33886801126681	-2.86828286578071	-1.958011798712	-1.05904576899244
-1.33252641169069	-2.85704739873377	-1.94728577300034	-1.05657222503979
-1.32618481211457	-2.84493178668337	-1.93831024142722	-1.05174154555883
-1.31984321253845	-2.83893755333796	-1.92927892226479	-1.03489027071532
-1.31350161296233	-2.81638723429001	-1.92454685820655	-1.0372752232513
-1.30716001338621	-2.80478087999346	-1.91536850793136	-1.03054291404198
-1.3008184138101	-2.79880225763976	-1.90439711531583	-1.02187206583903
-1.29447681423398	-2.77865429768761	-1.89483481068805	-1.01120358833108
-1.28813521465786	-2.77360084898428	-1.88793788345033	-1.00398744427365
-1.28179361508174	-2.76354017165233	-1.8796917293458	-1.00680044604866
-1.27545201550562	-2.75923886167431	-1.87196154719609	-1.00463145892568
-1.2691104159295	-2.75381292819277	-1.86413548235672	-0.988713850895915
-1.26276881635338	-2.73159527477606	-1.85623976400179	-0.9795619366468
-1.25642721677726	-2.71783202947035	-1.84689337971963	-0.983251979458184
-1.25008561720114	-2.71073372111791	-1.83771600707456	-0.974661056631215
-1.24374401762502	-2.70082209430807	-1.82839631367551	-0.966202178793673
-1.2374024180489	-2.69003281771445	-1.81919929188617	-0.959478807650942
-1.23106081847278	-2.68675945741102	-1.81222653801536	-0.948637713355025
-1.22471921889666	-2.66514256991321	-1.801257847781	-0.939184157179405
-1.21837761932054	-2.64982960980991	-1.7961605725462	-0.938700096022248
-1.21203601974442	-2.65044046604057	-1.78783295282479	-0.933472773651268
-1.2056944201683	-2.63754372693684	-1.77648174725439	-0.927795593285827
-1.19935282059218	-2.63029134669522	-1.77067229807068	-0.919331052562528
-1.19301122101606	-2.60888938424277	-1.76062815549223	-0.918556092976134
-1.18666962143994	-2.6030802536953	-1.75619922660235	-0.907956861997105
-1.18032802186382	-2.59516550467394	-1.74332931493877	-0.899743549358842
-1.17398642228771	-2.58476235305489	-1.73591361720076	-0.900517945497343
-1.16764482271159	-2.58292111669198	-1.72863609309109	-0.888198723143944
-1.16130322313547	-2.5667790604432	-1.71942992663333	-0.884946702751065
-1.15496162355935	-2.54008154722615	-1.71167462814135	-0.874239859979555
-1.14862002398323	-2.54041129570152	-1.70019448962767	-0.871239002823393
-1.14227842440711	-2.53379145791141	-1.6889293559642	-0.867222248996383
-1.13593682483099	-2.51665808219096	-1.6855171933868	-0.855516456370612
-1.12959522525487	-2.50912380211349	-1.67412343886199	-0.85248817373559
-1.12325362567875	-2.48937933232913	-1.66634509822989	-0.844275449757682
-1.11691202610263	-2.48225858442847	-1.65383642497989	-0.829700883484201
-1.11057042652651	-2.48244572981882	-1.64936813173864	-0.832824528872663
-1.10422882695039	-2.47939718346663	-1.63782138292	-0.817274703459761
-1.09788722737427	-2.46114494326942	-1.63397147506543	-0.813468670368704
-1.09154562779815	-2.44207844292551	-1.62452161659626	-0.819671191684219
-1.08520402822203	-2.43980427660868	-1.61702559005869	-0.811350906405299
-1.07886242864591	-2.42122710074404	-1.6044524366858	-0.798289706249175
-1.07252082906979	-2.40600189201239	-1.59605473021045	-0.80239159324019
-1.06617922949367	-2.40555984154786	-1.58955358733593	-0.783350684140847
-1.05983762991755	-2.38772419103322	-1.58233978708083	-0.775164280332463
-1.05349603034143	-2.38458978873842	-1.57353405786507	-0.774040270843404
-1.04715443076531	-2.36902603041304	-1.56330442076683	-0.763115190907708
-1.0408128311892	-2.35802458849922	-1.55764371621479	-0.762837672875445
-1.03447123161308	-2.35107327580329	-1.54793918280336	-0.756433604428546
-1.02812963203696	-2.34160978602374	-1.54030483955568	-0.748974985726759
-1.02178803246084	-2.32961377477064	-1.52867442223381	-0.746785597003821
-1.01544643288472	-2.31107694032876	-1.5245693515609	-0.735954644729697
-1.0091048333086	-2.31199686306608	-1.51103141515852	-0.73608120922169
-1.00276323373248	-2.29442623665301	-1.50635134400627	-0.724160785732384
-0.996421634156359	-2.28806438964201	-1.49485642553631	-0.710908149988636
-0.990080034580239	-2.27422475364295	-1.4855480223584	-0.710596804064305
-0.98373843500412	-2.26183069114742	-1.47728024424395	-0.692561535316023
-0.977396835428	-2.2523078128223	-1.46975873207058	-0.695048784362097
-0.971055235851881	-2.24318031648393	-1.45960629618414	-0.689187320817126
-0.964713636275761	-2.23704454685976	-1.45064445981334	-0.683710684993743
-0.958372036699642	-2.21821984780443	-1.44496253767474	-0.674476803224811
-0.952030437123522	-2.21847017703141	-1.43660378550436	-0.676987123419307
-0.945688837547403	-2.20114280845939	-1.42890534209947	-0.661154774753017
-0.939347237971283	-2.18908340348275	-1.41671088292359	-0.647797428918873
-0.933005638395163	-2.17497264214391	-1.41257709376519	-0.655511023421075
-0.926664038819044	-2.1748997659298	-1.40030695080835	-0.635963503862663
-0.920322439242925	-2.16084816905648	-1.39632631490714	-0.621931678115115
-0.913980839666805	-2.14443307797362	-1.38955518563665	-0.619547093892785
-0.907639240090686	-2.14308395112716	-1.37770459063057	-0.625921638173468
-0.901297640514566	-2.12546597314639	-1.36875697460765	-0.61459877034172
-0.894956040938446	-2.11702368907978	-1.35791743090981	-0.609160809451235
-0.888614441362327	-2.1039104898715	-1.35253269568886	-0.60084741742724
-0.882272841786207	-2.08918757240537	-1.33960823722227	-0.592145934477231
-0.875931242210088	-2.09109953157766	-1.33607001052597	-0.588475298407767
-0.869589642633968	-2.08428951544415	-1.32595176941366	-0.579556154703418
-0.863248043057849	-2.0702115780775	-1.31556675248313	-0.576926527702277
-0.856906443481729	-2.05439945116111	-1.31049530675465	-0.566875216017489
-0.85056484390561	-2.04318063189683	-1.30032344635227	-0.560963640782051
-0.84422324432949	-2.03321214279971	-1.29018155580951	-0.553134345655536
-0.837881644753371	-2.01822938400717	-1.28057820322122	-0.55875930822824
-0.831540045177251	-2.01313235381709	-1.27395984968452	-0.538472472630021
-0.825198445601132	-1.99911214475003	-1.26535037430804	-0.530667925269722
-0.818856846025012	-1.99543993179757	-1.25553873454908	-0.527319935347233
-0.812515246448893	-1.98304899866455	-1.25000291808857	-0.528821212902562
-0.806173646872773	-1.96981737173684	-1.24063900731097	-0.508504538873348
-0.799832047296654	-1.96279312566123	-1.23120114865145	-0.509977612684192
-0.793490447720534	-1.95067290439245	-1.223612744637	-0.492656305953925
-0.787148848144415	-1.93037004149545	-1.21512165977205	-0.494228146431899
-0.780807248568295	-1.92681835699448	-1.20760053007006	-0.49626798726197
-0.774465648992176	-1.92036749580762	-1.19807518060302	-0.472862718305707
-0.768124049416056	-1.91419040085127	-1.18905838593458	-0.464603346156076
-0.761782449839937	-1.90299502206455	-1.178630892936	-0.465620851011031
-0.755440850263817	-1.89352927935375	-1.17057850147127	-0.463186221333558
-0.749099250687698	-1.87629366515768	-1.16568898463298	-0.449669709382632
-0.742757651111578	-1.86695306907331	-1.15339884167764	-0.444067487129135
-0.736416051535459	-1.8676623044896	-1.14705858012889	-0.437941336417554
-0.730074451959339	-1.84868913073698	-1.13719023990161	-0.432703139090378
-0.72373285238322	-1.83647479028698	-1.12980344098883	-0.423520606445297
-0.7173912528071	-1.83542705591907	-1.12006814508258	-0.420758215070989
-0.711049653230981	-1.82706421778577	-1.11025250099187	-0.41361354958107
-0.704708053654861	-1.8079322880608	-1.10431860994592	-0.404604664730111
-0.698366454078742	-1.79355599169599	-1.09381582380173	-0.400103572541974
-0.692024854502622	-1.79403060982531	-1.08623755906374	-0.390729316961836
-0.685683254926503	-1.77040451049846	-1.07673040141794	-0.38433553050408
-0.679341655350383	-1.76225075310936	-1.06818217227296	-0.374621210136379
-0.673000055774263	-1.75602586298542	-1.05923888938076	-0.375435703547189
-0.666658456198144	-1.75430224421339	-1.05421756418967	-0.35544470267259
-0.660316856622025	-1.74107514219583	-1.04393440602115	-0.352283216651578
-0.653975257045905	-1.73127483683046	-1.03744089219322	-0.350441773052588
-0.647633657469785	-1.72313512522949	-1.02674875676483	-0.34492169020587
-0.641292057893666	-1.70781224927837	-1.01882747296866	-0.336570503817638
-0.634950458317546	-1.70081050376727	-1.01181547113648	-0.325696397387692
-0.628608858741427	-1.68867208859884	-0.998116835147084	-0.315566609647288
-0.622267259165307	-1.68155538677541	-0.990088321343802	-0.31310453431226
-0.615925659589188	-1.67290757397291	-0.985705411890131	-0.300375894631117
-0.609584060013068	-1.66079757351454	-0.974892188400703	-0.300145605870325
-0.603242460436949	-1.6480765811595	-0.968050907295546	-0.287113161475676
-0.596900860860829	-1.64296455706822	-0.960967200134434	-0.27514458804541
-0.59055926128471	-1.61967344063656	-0.950687359651934	-0.27421656918926
-0.58421766170859	-1.62198977895377	-0.940303706079356	-0.272522771809431
-0.577876062132471	-1.60738625791351	-0.933129999040965	-0.256963354948934
-0.571534462556351	-1.59626212692392	-0.924852486624346	-0.257302322378072
-0.565192862980232	-1.59606104528732	-0.914894032542781	-0.259125199019676
-0.558851263404112	-1.57791300718362	-0.908199192030316	-0.234205977187378
-0.552509663827993	-1.5695344409189	-0.896803175509185	-0.238256377688795
-0.546168064251873	-1.56508697378738	-0.890979195792605	-0.230093526144422
-0.539826464675754	-1.55556288702815	-0.881464346571875	-0.222086360675287
-0.533484865099634	-1.54735620195619	-0.872617505715194	-0.203411185122213
-0.527143265523515	-1.52689714114929	-0.864456358093708	-0.209666147842878
-0.520801665947395	-1.51758419619427	-0.854507945991748	-0.204059682514737
-0.514460066371276	-1.50947176757547	-0.848688339200154	-0.192332726317748
-0.508118466795156	-1.50167574208598	-0.838893024786437	-0.18343504547673
-0.501776867219037	-1.48222126216374	-0.82988487725177	-0.183800513400802
-0.495435267642917	-1.48316577100108	-0.823326077236353	-0.156785663897466
-0.489093668066798	-1.4710697492113	-0.81308823685009	-0.157210023720281
-0.482752068490678	-1.45964990740092	-0.804703369927883	-0.159199546668452
-0.476410468914559	-1.44927286671073	-0.799008665378399	-0.14804651519773
-0.470068869338439	-1.43788627582583	-0.787583910338403	-0.133158619445438
-0.46372726976232	-1.43194891765922	-0.783589827648935	-0.12852467921475
-0.4573856701862	-1.42617577459255	-0.771395608509269	-0.120045834894777
-0.451044070610081	-1.41392945025527	-0.760496316980158	-0.109307087670989
-0.444702471033961	-1.40530579457299	-0.754509406492991	-0.107064010466098
-0.438360871457842	-1.39013234031675	-0.744348595358885	-0.101606300838455
-0.432019271881722	-1.38625161470081	-0.736615084456126	-0.0858451802312576
-0.425677672305603	-1.38118187030503	-0.727975091802013	-0.0836568555731591
-0.419336072729483	-1.37197054025504	-0.721866166083675	-0.0688921445232391
-0.412994473153363	-1.357579887375	-0.71019202469064	-0.0637061019205999
-0.406652873577244	-1.34410861307405	-0.702944867475324	-0.0609423203334982
-0.400311274001125	-1.33735692061989	-0.692297757618454	-0.052087463994677
-0.393969674425005	-1.32299941716583	-0.687383529055726	-0.0513373521793327
-0.387628074848885	-1.32172140045291	-0.675467730997232	-0.03820952032781
-0.381286475272766	-1.31089067867779	-0.668717734750531	-0.0386524289001014
-0.374944875696646	-1.30161330396141	-0.66040789828514	-0.0191859014859393
-0.368603276120527	-1.30390502367006	-0.653958405769423	-0.010232558686597
-0.362261676544407	-1.2788286312336	-0.644724019586431	-0.00215108928531449
-0.355920076968288	-1.27462341169878	-0.635210550883156	0.00317362192512308
-0.349578477392168	-1.26276843174216	-0.624507873126421	0.00613278261021065
-0.343236877816049	-1.25455733545286	-0.615340369717031	0.01623254066752
-0.336895278239929	-1.24554012030565	-0.607760429588742	0.0257157665962304
-0.33055367866381	-1.23590466445379	-0.602155289840329	0.0297622686754648
-0.32421207908769	-1.22666053222623	-0.594483652465488	0.0415193736972897
-0.317870479511571	-1.21927528402473	-0.584042529580822	0.0499968535197493
-0.311528879935451	-1.21199778689425	-0.576103209478881	0.0548252112490145
-0.305187280359332	-1.2019234319597	-0.5662074404269	0.0620422899931074
-0.298845680783212	-1.19062570258012	-0.557190659583912	0.0679005056277091
-0.292504081207093	-1.17346200278477	-0.54882962440123	0.076299195464191
-0.286162481630973	-1.16702820016423	-0.540404774166946	0.0806573448422451
-0.279820882054854	-1.1634280015552	-0.533877424817094	0.0884345604526787
-0.273479282478734	-1.15632072910877	-0.521858397488127	0.105852303976144
-0.267137682902615	-1.13930827778724	-0.512566875217878	0.113948202850419
-0.260796083326495	-1.12839522695001	-0.504294448187912	0.11740406322219
-0.254454483750376	-1.11931005839373	-0.498417938220323	0.126864179198237
-0.248112884174256	-1.1147553792288	-0.492313853456778	0.129121870389036
-0.241771284598137	-1.10580907251825	-0.48293252064582	0.146468608698645
-0.235429685022017	-1.09600256234119	-0.473893216774344	0.153891787560282
-0.229088085445898	-1.08836434776851	-0.463051719554862	0.157171647795864
-0.222746485869778	-1.07742806405505	-0.455863802683416	0.160455710886569
-0.216404886293659	-1.05993942779227	-0.449930033389506	0.170990102263958
-0.210063286717539	-1.0595790801624	-0.438832918484975	0.183955538124452
-0.20372168714142	-1.05488815998211	-0.43141752364264	0.184029753879602
-0.1973800875653	-1.0475764278051	-0.421747611409583	0.194550278812892
-0.191038487989181	-1.03797740976612	-0.415134129926754	0.212030570878286
-0.184696888413061	-1.02159008430958	-0.405456203441048	0.215397364832438
-0.178355288836942	-1.01301366822662	-0.397222807955544	0.22042066450016
-0.172013689260822	-1.00696805161777	-0.386058902554288	0.228303040293186
-0.165672089684703	-0.998381893575187	-0.378239445497912	0.234575335501494
-0.159330490108583	-0.98974105950762	-0.37056702130124	0.245541012897026
-0.152988890532463	-0.973816568958677	-0.360769451621768	0.253590914715284
-0.146647290956344	-0.97609285161866	-0.35248128335389	0.261420402895402
-0.140305691380225	-0.955291821835337	-0.345617501121869	0.26489853817142
-0.133964091804105	-0.949796077415664	-0.33364552959251	0.283832638510982
-0.127622492227985	-0.948774374455224	-0.326151589738394	0.282221959571744
-0.121280892651866	-0.937736406398883	-0.32278062167197	0.29845477608568
-0.114939293075746	-0.930010779932882	-0.311956879334827	0.303638242267274
-0.108597693499627	-0.914226214731744	-0.304118978770498	0.311326186085859
-0.102256093923508	-0.904364860982179	-0.291396915150782	0.320041883934024
-0.095914494347388	-0.898234103463048	-0.284506157299743	0.324637745881851
-0.0895728947712684	-0.88439249763594	-0.274234105332928	0.330944459551681
-0.0832312951951488	-0.886565085026518	-0.269655881531861	0.343749647297316
-0.0768896956190295	-0.86965715765802	-0.256977200061747	0.359587535962637
-0.0705480960429099	-0.864991769665866	-0.254457641548426	0.371733621612207
-0.0642064964667903	-0.851860191444109	-0.241919407346423	0.375922313770275
-0.0578648968906708	-0.843995873500327	-0.232535630387836	0.374035615595721
-0.0515232973145514	-0.841512067851742	-0.228816317885767	0.381040062469395
-0.0451816977384318	-0.817610253897233	-0.216487689425507	0.394335965660178
-0.0388400981623123	-0.813736891244834	-0.206359007402102	0.408021066090013
-0.0324984985861929	-0.812821352061739	-0.196102429514494	0.408067678401543
-0.0261568990100733	-0.806274141341632	-0.191003738179317	0.423746842544533
-0.0198152994339538	-0.790010604900242	-0.180142687517335	0.430868985405044
-0.0134736998578342	-0.783013969959658	-0.173813148834093	0.440978804253364
-0.00713210028171485	-0.774451775383747	-0.166505537099441	0.447539081889763
-0.000790500705595276	-0.765995563814459	-0.154146740203355	0.44832263032714
0.0055510988705243	-0.758280828979098	-0.148175982235754	0.461099054003526
0.0118926984466439	-0.754960834430883	-0.140888970033212	0.475263431456335
0.0182342980227632	-0.738276027802855	-0.132355269177829	0.4741105839453
0.0245758975988828	-0.737792121709877	-0.120449303372498	0.487151843398958
0.0309174971750024	-0.735017790102595	-0.111929101149776	0.501562843900767
0.0372590967511219	-0.716032551765871	-0.106793706464148	0.50760563978045
0.0436006963272413	-0.711886234947009	-0.0962035792467689	0.517482879809794
0.0499422959033609	-0.693659135683018	-0.0861246607443324	0.523840633572518
0.0562838954794804	-0.689519196044193	-0.0810691159878256	0.53449380052565
0.0626254950555998	-0.686090817364071	-0.0721848025743909	0.534777457340081
0.0689670946317194	-0.682436952896759	-0.0586912494419502	0.54944370012323
0.0753086942078389	-0.66368237541466	-0.0523641579753477	0.561194592367125
0.0816502937839585	-0.662685948665219	-0.0465779144982557	0.56868551052032
0.0879918933600778	-0.652072357878545	-0.0359288400305885	0.573150954913632
0.0943334929361974	-0.643718371964128	-0.0281796009966539	0.585111122205949
0.100675092512317	-0.627181031945141	-0.0207308132236312	0.595356445715643
0.107016692088437	-0.616120996323736	-0.0126039360233545	0.603725464463792
0.113358291664556	-0.612231774790678	-0.000851859237700849	0.608886429878374
0.119699891240676	-0.61048967756477	0.00498671349575764	0.622032027279536
0.126041490816795	-0.599915859205324	0.0138045665014551	0.627517389824697
0.132383090392914	-0.592844223994933	0.0223090594073858	0.636265528490268
0.138724689969034	-0.582279693340737	0.0299811389156207	0.642716896828663
0.145066289545154	-0.575678814598752	0.0381190679695306	0.656337606013654
0.151407889121273	-0.56898865637189	0.0492946979095409	0.667635089763804
0.157749488697393	-0.565923185603454	0.0584178708943807	0.668244546092787
0.164091088273512	-0.545559039279342	0.0667014835869612	0.693037774683606
0.170432687849631	-0.539273173144114	0.0735012219078554	0.687750388817214
0.176774287425751	-0.533185179363504	0.0798019745110136	0.696848567179524
0.183115887001871	-0.529969890692524	0.093246232785586	0.713035019219912
0.18945748657799	-0.51691842898407	0.0995294706390457	0.714337146114032
0.19579908615411	-0.511520595781009	0.109097898462941	0.722560939777555
0.202140685730229	-0.499720591143467	0.116634805042773	0.729644446520575
0.208482285306349	-0.494772230320352	0.124868284559024	0.739382365679799
0.214823884882468	-0.48977927746245	0.133405797185257	0.751129119707282
0.221165484458588	-0.490145561063626	0.142718652496844	0.776503511698509
0.227507084034707	-0.466342869114089	0.147875649618131	0.767492332549785
0.233848683610827	-0.45829494546321	0.159161089125503	0.783112714792015
0.240190283186946	-0.452858403918653	0.168690670990372	0.786342310522118
0.246531882763066	-0.444478582622696	0.174271634223342	0.805359787366195
0.252873482339185	-0.434397255087274	0.188040873033718	0.815393891907301
0.259215081915305	-0.426433005266648	0.196792935942475	0.816043528298153
0.265556681491424	-0.421383496696008	0.202446027251854	0.825463573856637
0.271898281067544	-0.410163479305	0.211553966172194	0.82936934178798
0.278239880643663	-0.407098086657916	0.218191611823456	0.846854233345675
0.284581480219783	-0.395001105729017	0.228233026535432	0.854432945549813
0.290923079795902	-0.392658522844521	0.237052436397535	0.865877585866895
0.297264679372022	-0.375942361634591	0.248792422345878	0.870572157135054
0.303606278948141	-0.372339011086737	0.255305783690822	0.885376676482271
0.309947878524261	-0.367405283536938	0.262097155627855	0.886762035073457
0.31628947810038	-0.361799981272246	0.269109462997006	0.908619819419622
0.3226310776765	-0.355729027073045	0.278995899309384	0.915013740794156
0.32897267725262	-0.33796641473928	0.285705474616454	0.924266294669272
0.335314276828739	-0.327052251657022	0.297332941524954	0.927908879851842
0.341655876404858	-0.333066222972528	0.305105976674487	0.941197353880099
0.347997475980978	-0.313856389245187	0.314121742619624	0.948888007613025
0.354339075557097	-0.318510539519234	0.324646303541918	0.957480243821785
0.360680675133217	-0.306512830795347	0.330819066405421	0.96699400322106
0.367022274709337	-0.303081069726789	0.33675214622947	0.974377545860837
0.373363874285456	-0.291887916436412	0.346449180920302	0.993585975015146
0.379705473861575	-0.285017968856484	0.356777493932394	0.994700946209703
0.386047073437695	-0.276926448574454	0.364415029346221	1.00456767088337
0.392388673013814	-0.267835051080142	0.374350167428915	1.01429261516517
0.398730272589934	-0.263454445288185	0.38203865121422	1.03214178399144
0.405071872166054	-0.252795396535522	0.393431382094772	1.03798851893993
0.411413471742173	-0.248917379104985	0.401114496790035	1.03987135797562
0.417755071318293	-0.239144842569987	0.404659510922179	1.05136355234636
0.424096670894412	-0.226319591143378	0.414303590161304	1.06094366108904
0.430438270470531	-0.227708351279091	0.424801266716383	1.06757659042343
0.436779870046651	-0.218632060767274	0.433734086279808	1.07635793736212
0.443121469622771	-0.212336359568053	0.44042625752129	1.09623649211217
0.44946306919889	-0.196317157163544	0.451818127288206	1.09229949234459
0.45580466877501	-0.19194362856392	0.459008467328968	1.11190221220232
0.462146268351129	-0.184066429656338	0.467894510673387	1.12488813270304
0.468487867927249	-0.177604756916099	0.473699444338074	1.12305843774322
0.474829467503368	-0.169313712241347	0.487413340077812	1.13898093224251
0.481171067079488	-0.164208711636366	0.494359473455627	1.14466565236264
0.487512666655607	-0.153016009973922	0.50500136459191	1.15976773707776
0.493854266231727	-0.141765893869805	0.510246174928443	1.16763795781349
0.500195865807846	-0.141391463641969	0.518591814630177	1.17908817259376
0.506537465383966	-0.131909467831948	0.527161529173157	1.19011776656869
0.512879064960085	-0.126851235295365	0.537427542407533	1.1935712324461
0.519220664536205	-0.10134219230633	0.54435759038059	1.20270946529635
0.525562264112324	-0.11932168906377	0.552855002984818	1.21906314181491
0.531903863688444	-0.110548658356567	0.559951436369127	1.22243621731248
0.538245463264563	-0.0891321981844168	0.570865675050715	1.24246992805062
0.544587062840683	-0.0819467628385684	0.579287062579065	1.23823040783558
0.550928662416802	-0.0852949725445949	0.587757529963679	1.25370585673583
0.557270261992922	-0.0680326845160616	0.596402640400195	1.26070752670672
0.563611861569041	-0.0573192616537463	0.604904632884084	1.27978847069744
0.569953461145161	-0.05981517895194	0.610373524845749	1.28217261759351
0.57629506072128	-0.051085528460614	0.620979600888349	1.29201325673134
0.5826366602974	-0.0481675190492048	0.628600390941721	1.30364216076307
0.58897825987352	-0.0436463351420959	0.638561119103685	1.31275739210755
0.595319859449639	-0.029654762739261	0.646597193042262	1.32427303852892
0.601661459025758	-0.0304900223749319	0.656374700457033	1.33891039330029
0.608003058601878	-0.024014830332783	0.667214710171088	1.34273539738608
0.614344658177997	-0.00382132386915681	0.67197675118937	1.35434032423186
0.620686257754117	0.00282463388803161	0.682413933994443	1.3629955033801
0.627027857330237	0.00607061791059048	0.68851164719387	1.37096247338252
0.633369456906356	0.00634247994280213	0.695882024813745	1.38216820456122
0.639711056482475	0.0192574212957578	0.705934272266179	1.40310092703499
0.646052656058595	0.0278612596864749	0.715063544000529	1.40092806837551
0.652394255634714	0.0371200453862508	0.721975907557401	1.41419667807713
0.658735855210834	0.044002819400296	0.733810144255811	1.42064630876896
0.665077454786954	0.0408611952916789	0.74177602050228	1.43750719702184
0.671419054363073	0.0534563588340171	0.747075755563501	1.44118728003408
0.677760653939193	0.0591849767539178	0.756002085184988	1.45853810761661
0.684102253515312	0.0761820476832194	0.766066225005057	1.4619493988327
0.690443853091431	0.0763657265896886	0.774294558016022	1.47289105510422
0.696785452667551	0.0770671064542819	0.782774531761119	1.47960319089454
0.703127052243671	0.0867811091504025	0.790722333736076	1.50281436413896
0.70946865181979	0.0995383164203707	0.801623288750719	1.50552767167248
0.71581025139591	0.106400025506561	0.808724729244971	1.50955099143329
0.722151850972029	0.106995591843763	0.818357121222715	1.53419826009707
0.728493450548149	0.113543068437974	0.825395622888505	1.53768736903142
0.734835050124268	0.127865856438215	0.836675135384338	1.54304833587559
0.741176649700388	0.130434038630804	0.844659575190992	1.55088609361375
0.747518249276507	0.136680684795713	0.85193433744231	1.5620242178894
0.753859848852627	0.148736625575144	0.862693397040704	1.57949807232298
0.760201448428746	0.15794685198692	0.871145932696266	1.58859222059644
0.766543048004866	0.157084143173844	0.878722189031857	1.59882068699289
0.772884647580985	0.163086270524903	0.887596334270947	1.60519284349286
0.779226247157105	0.164320273422905	0.89806180379301	1.62508586415162
0.785567846733224	0.182665594854238	0.902953287349044	1.62306632678126
0.791909446309344	0.183318080072044	0.913724067077798	1.63332529398506
0.798251045885463	0.188702439154586	0.92340676711684	1.64858104280047
0.804592645461583	0.196888383705574	0.925798992297795	1.65671914147294
0.810934245037702	0.210369007815613	0.939364695878847	1.67070811247191
0.817275844613822	0.219860266260545	0.945710125827603	1.68315115045167
0.823617444189941	0.222028254319382	0.959742879704044	1.68532421569745
0.829959043766061	0.224469587967416	0.96104281356041	1.69771876528605
0.83630064334218	0.24401819578722	0.974233859187771	1.71515153064337
0.8426422429183	0.250736211336872	0.980453656030755	1.71949350045744
0.84898384249442	0.256139704809812	0.990756691014163	1.7321441229786
0.855325442070539	0.253640927471034	0.997700292092213	1.73590359839884
0.861667041646658	0.263771497762308	1.00802427405353	1.75176950097561
0.868008641222778	0.267667256111867	1.01279552807303	1.76744989174607
0.874350240798897	0.273785821776454	1.02115477629254	1.7675676033231
0.880691840375017	0.283610709853574	1.03166237546578	1.78191605168382
0.887033439951137	0.286721311227466	1.03778235240658	1.79482200136335
0.893375039527256	0.296844988154725	1.04809117842447	1.80574366703736
0.899716639103375	0.298475725136415	1.05786848460616	1.81969061785889
0.906058238679495	0.315918974563949	1.06740065946049	1.81553351050487
0.912399838255614	0.324668449242198	1.07520960700444	1.83434887053757
0.918741437831734	0.329789189883959	1.08414362621377	1.84352052553516
0.925083037407854	0.327503612799893	1.09067428131708	1.84847225564721
0.931424636983973	0.328122668587199	1.0995718130904	1.8664424456208
0.937766236560093	0.33903159558697	1.11034757317747	1.87596547917309
0.944107836136212	0.348083040386507	1.11969428063843	1.89405947562891
0.950449435712331	0.363172631930297	1.12442816054056	1.89387968643101
0.956791035288451	0.363194073474947	1.13304917011966	1.9195667928871
0.963132634864571	0.371130105814484	1.14146837213831	1.92457413025045
0.96947423444069	0.378225180855313	1.15186495278812	1.92151298874011
0.97581583401681	0.391549023816057	1.15893980995057	1.93471425887862
0.982157433592929	0.381017594128981	1.17006725870481	1.95278047247019
0.988499033169049	0.40142633718755	1.18008265079939	1.96207242280989
0.994840632745168	0.400020653032019	1.18567429064911	1.97683766510244
1.00118223232129	0.413954904137579	1.1898106443509	1.9891575087313
1.00752383189741	0.423058240373364	1.20332444231745	1.987701657434
1.01386543147353	0.425569968828859	1.21076781269464	2.00624564929826
1.02020703104965	0.440089120500255	1.21979612338759	2.00982389436528
1.02654863062577	0.426797688208113	1.22800198345385	2.02600268474418
1.03289023020189	0.441974501090321	1.23994027692042	2.03099657141754
1.039231829778	0.447251864763126	1.24724781203435	2.04795912660368
1.04557342935412	0.443714969567598	1.25226084584649	2.05078998030512
1.05191502893024	0.456632993475477	1.25874851367196	2.06505006555189
1.05825662850636	0.474373170972087	1.27213748238059	2.08396007887316
1.06459822808248	0.476793880954743	1.27868367397463	2.09323549287504
1.0709398276586	0.479757578549996	1.2875260092779	2.09319487047773
1.07728142723472	0.488183836399676	1.29637544855296	2.11166653280768
1.08362302681084	0.489231663807836	1.30565993127899	2.11494757133037
1.08996462638696	0.500676508886514	1.3117754745442	2.11934352454062
1.09630622596308	0.505414173736264	1.32362535975513	2.14935346657184
1.1026478255392	0.515775983919206	1.33063067215913	2.15466481922979
1.10898942511532	0.530074669650993	1.34054098223196	2.15946349081559
1.11533102469144	0.525278076587191	1.34469882142885	2.17488739642977
1.12167262426756	0.535346109876005	1.35627864394939	2.18557838905909
1.12801422384368	0.537503606835971	1.36649429464532	2.19145639651853
1.1343558234198	0.552275051997396	1.37293473249322	2.20036152621273
1.14069742299592	0.552523991727858	1.38523707433053	2.21330893216095
1.14703902257204	0.552098164921374	1.39068625715767	2.22165231882746
1.15338062214816	0.564336363729494	1.40208490632052	2.24884998622146
1.15972222172428	0.573406151245058	1.40815511551435	2.24938993301632
1.1660638213004	0.583192740522492	1.41534172129942	2.25901301464316
1.17240542087651	0.578882835407745	1.4264514624499	2.27520001027552
1.17874702045263	0.586375593529787	1.42806460046208	2.28234769033837
1.18508862002875	0.59469984100155	1.44380354081558	2.28938287084911
1.19143021960487	0.606921059948983	1.44944889718875	2.29927577516315
1.19777181918099	0.613014220537599	1.4556495829015	2.3164794503425
1.20411341875711	0.61164211820523	1.46620230389441	2.31875675537064
1.21045501833323	0.624224053880186	1.4773703330793	2.33349936419389
1.21679661790935	0.627969298994208	1.49108698079096	2.33214303275972
1.22313821748547	0.63747280718956	1.49486125269501	2.3560718698261
1.22947981706159	0.635844179991724	1.50009076997592	2.36201863685811
1.23582141663771	0.658180841347238	1.50883082690236	2.38201697376716
1.24216301621383	0.65532759398918	1.51504294809761	2.38020673464012
1.24850461578995	0.65038297458916	1.52448307784586	2.39512328572074
1.25484621536607	0.676450608774707	1.53651819944346	2.40669881274155
1.26118781494219	0.666592655643714	1.54401035629718	2.41575607705094
1.26752941451831	0.676458673741646	1.55280436794131	2.42738058885229
1.27387101409443	0.686051587635461	1.55951764919435	2.44442893872632
1.28021261367055	0.689602932003276	1.56955984663071	2.45003574227744
1.28655421324667	0.702925065995638	1.5789896569007	2.46046682634282
1.29289581282279	0.705572438245758	1.58685659017077	2.46876706435352
1.2992374123989	0.71094348112562	1.59490066404074	2.47785334857583
1.30557901197502	0.716228612401171	1.60686517939694	2.48932100750419
1.31192061155114	0.730081537971071	1.61030208735387	2.50430569877409
1.31826221112726	0.729089040998396	1.6210055134826	2.51432733541565
1.32460381070338	0.73045160712637	1.63125971444049	2.52677922277838
1.3309454102795	0.742887606373313	1.63636451656649	2.54259771238872
1.33728700985562	0.741451114844284	1.65012673461227	2.54746071598025
1.34362860943174	0.75756900714522	1.65663557903577	2.56130818633947
1.34997020900786	0.754836120288589	1.66275192025616	2.56912824044023
1.35631180858398	0.766216688938513	1.67571513201043	2.58566991837273
1.3626534081601	0.774824301932374	1.68255299967248	2.58262944179195
1.36899500773622	0.777775219979061	1.68994574243681	2.60906569905959
1.37533660731234	0.79157457178997	1.69799698629243	2.61083141099473
1.38167820688846	0.794941205364426	1.70698939358464	2.62234678616072
1.38801980646458	0.801437331069103	1.71264820360506	2.63124302516411
1.3943614060407	0.807310262579638	1.72332832535544	2.64825587136006
1.40070300561682	0.805170573639961	1.73040818598281	2.65947628152878
1.40704460519294	0.813802481819149	1.74065709935292	2.66533787328591
1.41338620476906	0.831187050528402	1.75200533555621	2.68082125357752
1.41972780434518	0.837203544898318	1.76310022484512	2.68764291922877
1.4260694039213	0.841446312668694	1.76807761080951	2.70769260311155
1.43241100349741	0.845458596169489	1.77605827969247	2.71843684436956
1.43875260307353	0.844378035300597	1.78342361837937	2.73201615106233
1.44509420264965	0.849859072379061	1.79206441618846	2.73878091225146
1.45143580222577	0.858591035406019	1.80335512504256	2.73971320577542
1.45777740180189	0.882700219135199	1.81092248408635	2.75712465701891
1.46411900137801	0.868897376373432	1.81723552586986	2.77518587295814
1.47046060095413	0.884055131221014	1.82821973456141	2.77901450480092
1.47680220053025	0.893729316881548	1.83846567340356	2.79388642892166
1.48314380010637	0.898263865880407	1.84292006341405	2.80108388273375
1.48948539968249	0.902624110913439	1.84982141909369	2.80492599719879
1.49582699925861	0.911034907823665	1.85969888985671	2.81358084048249
1.50216859883473	0.907458044770833	1.86853595020553	2.82667895087222
1.50851019841085	0.914286111187659	1.87669942611585	2.83886658501953
1.51485179798697	0.923670419896484	1.88496356030621	2.85288701721682
1.52119339756309	0.93328077282097	1.89498083818409	2.86515824156824
1.52753499713921	0.933612913781024	1.90139266342755	2.87281351407775
1.53387659671533	0.945743694628045	1.9113931564645	2.88556525757691
1.54021819629145	0.94037584232379	1.9225494974842	2.90611992052697
1.54655979586757	0.954575331784262	1.93232516709439	2.90893984351381
1.55290139544369	0.965926528169801	1.93950050437464	2.92586492397815
1.5592429950198	0.970388126491034	1.9461043370006	2.92740918334288
1.56558459459592	0.969266356683005	1.95733341075647	2.93696653585634
1.57192619417204	0.979791170761542	1.96081237420541	2.95504248626359
1.57826779374816	0.986770747601693	1.97058904159243	2.96367632863589
1.58460939332428	0.994930755115345	1.98096960732895	2.97972339809455
1.5909509929004	0.998629309764999	1.98655727663479	2.98865151773041
1.59729259247652	1.00087959986681	1.99903933315775	2.99681314565724
1.60363419205264	1.01265425973923	2.00275353707954	3.01299028780258
1.60997579162876	1.01214601327172	2.01795585210348	3.02516596935364
1.61631739120488	1.0238722475586	2.02688810065455	3.03408892461339
1.622658990781	1.02424948891288	2.03372743738923	3.03565683405526
1.62900059035712	1.04542824038102	2.0403792001299	3.05130398168067
1.63534218993324	1.04129254370071	2.05044998355815	3.06568145087919
1.64168378950936	1.02946178616283	2.05975460313591	3.08097154645412
1.64802538908548	1.0606017377617	2.06892673198888	3.09082291217433
1.6543669886616	1.05682375099472	2.07857908570415	3.10333140681187
1.66070858823772	1.06611143045348	2.08512524155837	3.11305383806561
1.66705018781384	1.07473099338474	2.09658528214426	3.12195812610894
1.67339178738996	1.07845321876629	2.10140881903539	3.1337666180266
1.67973338696608	1.06850474637769	2.10398037285925	3.13873811958667
1.6860749865422	1.0752127468038	2.11998611936683	3.15265085841053
1.69241658611831	1.09210744370961	2.12548480261962	3.15856977803019
1.69875818569443	1.09410665549635	2.13380758576387	3.1871317664125
1.70509978527055	1.11036366618851	2.14645105030258	3.18292964044283
1.71144138484667	1.11144353763728	2.15274246231055	3.20455059750027
1.71778298442279	1.12705485630492	2.16114268389998	3.21605414609602
1.72412458399891	1.12955462583543	2.1704236822065	3.21580797175598
1.73046618357503	1.1337940368327	2.17671198135525	3.22629834738692
1.73680778315115	1.13532905630073	2.18395843886704	3.24329738096202
1.74314938272727	1.13627582653427	2.19675959455173	3.25404900869981
1.74949098230339	1.15295203668187	2.20486423847277	3.26413273927092
1.75583258187951	1.15290930595259	2.20864623076339	3.2794321817835
1.76217418145563	1.15794220767693	2.22437032072243	3.28580526038009
1.76851578103175	1.16786587632766	2.22730090715781	3.30229517388607
1.77485738060787	1.17182272143486	2.23439655335565	3.30199298814813
1.78119898018399	1.17180553697335	2.24852675114335	3.3302241264523
1.78754057976011	1.18937078414844	2.25692911070037	3.33080188617456
1.79388217933623	1.17527049199999	2.26944616630412	3.33923320654693
1.80022377891235	1.20345144859949	2.27492315573013	3.34973830727773
1.80656537848847	1.20030127310652	2.27959705144306	3.3590789061707
1.81290697806459	1.20918375212294	2.2959026360818	3.36947568516491
1.8192485776407	1.21763125499522	2.29945916453326	3.39382894314387
1.82559017721682	1.22194472927259	2.31057174078141	3.39536982203101
1.83193177679294	1.22693984970366	2.31544929446887	3.40733938032405
1.83827337636906	1.21976181673743	2.3237781452213	3.42294925228063
1.84461497594518	1.23971273170633	2.33703317577669	3.42690315740989
1.8509565755213	1.25224254421635	2.33827930019809	3.43871992839844
1.85729817509742	1.25417699096903	2.34925513984146	3.4563297484014
1.86363977467354	1.25065359561348	2.35931202556925	3.47569464712342
1.86998137424966	1.2695875711032	2.36485167394822	3.46971830149737
1.87632297382578	1.26522243693776	2.37790629958101	3.49547405959894
1.8826645734019	1.27879975280039	2.3874740892429	3.48949210993463
1.88900617297802	1.27080161118519	2.39039015002877	3.50581029060002
1.89534777255414	1.28800873841562	2.39922277919052	3.51246503391318
1.90168937213026	1.28229235197245	2.41130331544777	3.53950861975059
1.90803097170638	1.29571066405666	2.41679652767847	3.53975225513208
1.9143725712825	1.3092312382059	2.42507829930985	3.55093923286131
1.92071417085862	1.31157546253223	2.439873727479	3.56745608937647
1.92705577043474	1.3168115304216	2.4457804765787	3.57773655717896
1.93339737001086	1.3166343578711	2.45510601000005	3.59460144247862
1.93973896958698	1.33077200952755	2.46053385601734	3.60371414579244
1.9460805691631	1.33260075834294	2.46685917100183	3.61122912043128
1.95242216873921	1.33697803815349	2.48130236019709	3.63104514443557
1.95876376831533	1.34005344015516	2.48654543612616	3.63356638651255
1.96510536789145	1.35775753817619	2.49120261245161	3.63848381267568
1.97144696746757	1.36601483273097	2.50101376170612	3.6555327010425
1.97778856704369	1.36355494323023	2.51790388591781	3.67707551099232
1.98413016661981	1.37197253353165	2.51950453482445	3.67341820422189
1.99047176619593	1.3642972098195	2.5288441477129	3.69155721802883
1.99681336577205	1.38382324969017	2.53867543757527	3.7080793383053
2.00315496534817	1.38603666367526	2.54840235481491	3.70667601514218
2.00949656492429	1.38548791257257	2.55826794443571	3.72089852041181
2.01583816450041	1.38576434239993	2.56499931373741	3.73384324493492
2.02217976407653	1.40297561460191	2.57798533690914	3.75376559553116
2.02852136365265	1.4096761883012	2.58183751077981	3.77807991163605
2.03486296322877	1.4129972481169	2.59008580932054	3.77198796279603
2.04120456280489	1.42136958053678	2.59873875781886	3.79243732959613
2.04754616238101	1.42814793789814	2.60677188473499	3.79397635325598
2.05388776195713	1.43352491656998	2.61909807607582	3.80489016566106
2.06022936153325	1.44761004175062	2.62215689098203	3.81499539136058
2.06657096110937	1.44419196197925	2.63310545560453	3.82826410008666
2.07291256068549	1.46084679037845	2.64240580127039	3.83459659801077
2.0792541602616	1.45981447949313	2.65250233045655	3.84005392754239
2.08559575983772	1.46405254582203	2.66223666775103	3.85370974556245
2.09193735941384	1.47000426945509	2.66349263079099	3.86927372162002
2.09827895898996	1.47668795866298	2.67235936261068	3.8864805476407
2.10462055856608	1.48065875933726	2.68086077388203	3.89275993555662
2.1109621581422	1.49409632749318	2.69130695042398	3.9065240148276
2.11730375771832	1.49666132528194	2.70216567396532	3.91274454862569
2.12364535729444	1.4932726298806	2.7082271133722	3.92920861442285
2.12998695687056	1.50118593796539	2.71781076905532	3.94781157166849
2.13632855644668	1.51232326274007	2.72730402768812	3.94933328994519
2.1426701560228	1.51337713411643	2.74012745302773	3.96969713773682
2.14901175559892	1.52055157209193	2.74627359100593	3.97073061803385
2.15535335517504	1.52884181456788	2.75376226072564	3.97875614806113
2.16169495475116	1.527614109503	2.76429316878299	4.00011175928462
2.16803655432728	1.547111107774	2.76983705945409	3.99370905809208
2.1743781539034	1.54565282387482	2.77062260697648	4.02202886410679
2.18071975347952	1.55561005669124	2.78454160650707	4.02469669406153
2.18706135305564	1.56381519449152	2.79926394454152	4.04539998191949
2.19340295263176	1.56996452254528	2.80418956358344	4.05298788913996
2.19974455220788	1.56849480971282	2.81233800471297	4.06191956206984
2.20608615178399	1.5772916900043	2.81895667706785	4.07205047078391
2.21242775136011	1.59304498699226	2.82842348664004	4.09215508261016
2.21876935093623	1.5928312677138	2.84027281653969	4.09602851720537
2.22511095051235	1.60337128469179	2.84529077366641	4.1038059452971
2.23145255008847	1.59513267691908	2.85750620384732	4.12614918890728
2.23779414966459	1.60454043479761	2.8593821098846	4.12776554305533
2.24413574924071	1.61384035292295	2.87361354653903	4.13511922374704
2.25047734881683	1.62115700677946	2.87889322058235	4.15111596186072
2.25681894839295	1.62018683629348	2.88931145939169	4.16238158364558
2.26316054796907	1.61317617329629	2.89463630526497	4.18125614268697
2.26950214754519	1.63443798627312	2.90503811071823	4.18679284436757
2.27584374712131	1.64494455649182	2.92120831606665	4.2008410936089
2.28218534669743	1.64279984270905	2.91911952879404	4.20117979491965
2.28852694627355	1.63973259507089	2.93065582400021	4.22731607739164
2.29486854584967	1.65494323015969	2.94401910808119	4.23445020260112
2.30121014542579	1.66786779799056	2.9477033737868	4.23998925954264
2.30755174500191	1.66378029798573	2.95312395525129	4.26238078819552
2.31389334457803	1.68552988293568	2.96507503103678	4.2656291174656
2.32023494415415	1.68897570220821	2.97202194687166	4.27702894760324
2.32657654373027	1.68513056772496	2.98363808370441	4.29935735775739
2.33291814330639	1.69983591387931	2.99302738513865	4.30007498048331
2.3392597428825	1.70207040918925	2.99844600373504	4.31480199919772
2.34560134245862	1.69268256139987	3.01152000113334	4.31813850916496
2.35194294203474	1.71270907210661	3.01562899145991	4.32964313470453
2.35828454161086	1.71988052670503	3.02389876576274	4.35283308250034
2.36462614118698	1.72726442244454	3.03842905303056	4.34776466417188
2.3709677407631	1.7269031029421	3.03908348146868	4.37649380513531
2.37730934033922	1.72981704886241	3.05286429361465	4.39740405864558
2.38365093991534	1.74192899878825	3.0628006721036	4.38948422757213
2.38999253949146	1.74130377790567	3.07353224548319	4.40826615412382
2.39633413906758	1.74717765962805	3.07632662660117	4.41297314611999
2.4026757386437	1.75817775002686	3.08408070057896	4.41863747618997
2.40901733821982	1.76515214217942	3.09639082392406	4.44275140773595
2.41535893779594	1.7777676893224	3.1048258321365	4.45056302191611
2.42170053737206	1.77702629374512	3.11183180613676	4.45897603521314
2.42804213694818	1.78374788860123	3.1227739599109	4.47502680558813
2.4343837365243	1.79091233127104	3.12863190397163	4.47584024132018
2.44072533610042	1.79282619884858	3.13452818568923	4.48353792515014
2.44706693567654	1.79441945827531	3.14577208096407	4.51521462019783
2.45340853525266	1.80624888158598	3.15197957445211	4.52601236923106
2.45975013482878	1.82440900419722	3.16445845014149	4.52313388835047
2.4660917344049	1.81459979879703	3.17847293945503	4.53976249564551
2.47243333398101	1.82771080695671	3.18081339143447	4.54846513158152
2.47877493355713	1.82156517954091	3.19008985944908	4.56072688947761
2.48511653313325	1.82947180972392	3.19702050477143	4.57169047311059
2.49145813270937	1.84895367636497	3.20312669991708	4.59464987688526
2.49779973228549	1.85079498617781	3.21132963868582	4.59773933195591
2.50414133186161	1.84387861251993	3.21978000032117	4.61010695333274
2.51048293143773	1.85226452160307	3.23379748271482	4.62034419508909
2.51682453101385	1.86296963947217	3.23631776322998	4.63199791558104
2.52316613058997	1.870433526686	3.2504447900916	4.64168703930962
2.52950773016609	1.86841729372089	3.25749407151761	4.66343268411628
2.53584932974221	1.8716887214441	3.27339527749707	4.66810026989892
2.54219092931833	1.88581222712126	3.27414952838658	4.67536928904437
2.54853252889445	1.8925587107038	3.28323589502601	4.68970185328958
2.55487412847057	1.88289930030904	3.29170958464812	4.69559206567514
2.56121572804669	1.90500439241014	3.2997907853907	4.71369701113601
2.56755732762281	1.91498137579311	3.30672303424398	4.72667456808737
2.57389892719893	1.90689604523942	3.31939552494328	4.72689435324307
2.58024052677505	1.9254007822988	3.32381028609592	4.74911834387212
2.58658212635117	1.93215783157974	3.32809883650128	4.76161693997006
2.59292372592728	1.93412387566334	3.34173141329584	4.77544546298056
2.59926532550341	1.94803973242083	3.35590018054471	4.77436200946133
2.60560692507952	1.94673497928351	3.35956988171466	4.79724131709482
2.61194852465564	1.95210506770037	3.37081120116868	4.79763900779208
2.61829012423176	1.95323924115221	3.37922648705435	4.81384128564961
2.62463172380788	1.96103249105221	3.38825856283876	4.83373802725073
2.630973323384	1.97472229517809	3.39234342537875	4.83723558248541
2.63731492296012	1.97778265791974	3.40286633580257	4.84525425406779
2.64365652253624	1.97944506301006	3.41325049236396	4.87374855071061
2.64999812211236	1.98658415810447	3.42369164512202	4.86673043098122
2.65633972168848	1.97486157202695	3.42981497120114	4.87731848424214
2.6626813212646	1.98864777014483	3.43275178166636	4.89294005858538
2.66902292084072	2.00227815458658	3.44535394926687	4.90335079913159
2.67536452041684	2.00606338495045	3.45758026940063	4.923590558064
2.68170611999296	2.00629174154998	3.46245239711143	4.92815499190391
2.68804771956908	2.02196501966909	3.47230955991704	4.9456971858011
2.6943893191452	2.02521719742554	3.47744029831533	4.96349909610186
2.70073091872132	2.02917830025336	3.49120765421131	4.97345493284433
2.70707251829744	2.03088115807964	3.49191677471155	4.96486177784665
2.71341411787356	2.04127411679894	3.50520393084039	4.99948933114962
2.71975571744968	2.05440183149236	3.51015577557417	4.99361608124554
2.72609731702579	2.04462227541531	3.52503800497208	5.00854205741176
2.73243891660191	2.05733694955443	3.53313987749578	5.01997252894934
2.73878051617803	2.05529865812272	3.54117440960498	5.01573934545208
2.74512211575415	2.0666827736885	3.5489241038463	5.02849246627868
2.75146371533027	2.08006719589887	3.55944107506963	5.05726028580262
2.75780531490639	2.07668436306944	3.56448780297046	5.07142341613114
2.76414691448251	2.08498196827318	3.57387924112802	5.07534745614706
2.77048851405863	2.09109235731351	3.5776522410642	5.07441744383017
2.77683011363475	2.08779702564651	3.59346740531678	5.09904920187385
2.78317171321087	2.10498882654861	3.60416980517826	5.12444937496425
2.78951331278699	2.12249819959049	3.61113760672151	5.13023907314122
2.79585491236311	2.1115099152824	3.61571755861948	5.13156367400663
2.80219651193923	2.13037444949235	3.62064926473525	5.14511115224606
2.80853811151535	2.12393368675908	3.63604903339362	5.15809833076927
2.81487971109147	2.14388704866673	3.63811785166781	5.16815139243245
2.82122131066759	2.15232493100449	3.65094601633734	5.17527667281087
2.82756291024371	2.1470768397757	3.65923913735884	5.19732121476103
2.83390450981983	2.14248988369736	3.66873527367015	5.21214970435663
2.84024610939595	2.15262785219225	3.67134857825664	5.19744120938204
2.84658770897207	2.15805286235407	3.68717213122831	5.21736094090033
2.85292930854819	2.17103666603123	3.69583953370833	5.22950153893385
2.8592709081243	2.16837728386509	3.69926701627025	5.24369677538082
2.86561250770042	2.17715662135498	3.70895090925482	5.2533435456892
2.87195410727654	2.18610263999191	3.7169687210085	5.27368401479887
2.87829570685266	2.19100983253528	3.72959749264291	5.28758826174005
2.88463730642878	2.19574641641998	3.73520340228637	5.2889355715746
2.8909789060049	2.19811736908294	3.74564743403827	5.31926300110449
2.89732050558102	2.198663295586	3.75553171982964	5.31767751072032
2.90366210515714	2.21001328301522	3.75796136473729	5.313300779163
2.91000370473326	2.22205328253532	3.76806519898655	5.33058071083592
2.91634530430938	2.21300262517755	3.78308752814389	5.35334068860551
2.9226869038855	2.23213074234968	3.78867735439406	5.36555817886532
2.92902850346162	2.23846935267651	3.7951792672358	5.3762201992814
2.93537010303774	2.25165378303215	3.80457005261288	5.38611038733944
2.94171170261386	2.23867309978647	3.81567377913848	5.40488762609961
2.94805330218998	2.25683901853082	3.82450930908658	5.40704956150763
2.9543949017661	2.26456929238429	3.83022995429917	5.41264967760471
2.96073650134222	2.2637645772488	3.83281886171931	5.43171746360847
2.96707810091834	2.26905728816792	3.84797553336691	5.42787943685293
2.97341970049446	2.27993779254267	3.8597488546863	5.45777707951309
2.97976130007058	2.28094641195217	3.86764237192665	5.45608857109117
2.9861028996467	2.28953821837429	3.87643161150611	5.48192774858388
2.99244449922281	2.29548119113663	3.88612436825769	5.48696142292835
2.99878609879893	2.29568438837891	3.89103895847972	5.5002693204376
3.00512769837505	2.30829329799899	3.90411359729877	5.51218954520457
3.01146929795117	2.30439856297785	3.90811525085564	5.52138003735615
3.01781089752729	2.31751364874841	3.91408368523493	5.52958354806873
3.02415249710341	2.33320375640199	3.92403312813981	5.54588987071105
3.03049409667953	2.32904670845883	3.93236014893882	5.55491256420813
3.03683569625565	2.33198408026742	3.94838065291805	5.56813237068764
3.04317729583177	2.33907041899025	3.95530533243574	5.5850381585216
3.04951889540789	2.34630993495265	3.95862424386555	5.59573987230022
3.05586049498401	2.34148052834785	3.96927212371506	5.61010946542013
3.06220209456013	2.36072553309552	3.9771558644897	5.60673220534346
3.06854369413625	2.36214841898703	3.9866414155118	5.62919890877891
3.07488529371237	2.37386387088338	3.9951194146494	5.63965322874798
3.08122689328849	2.38363513401517	4.00109120094259	5.65868809860558
3.08756849286461	2.38706220995383	4.00701797360126	5.66041806444432
3.09391009244073	2.38286431596423	4.01683543467244	5.66476925971636
3.10025169201685	2.38844426078787	4.02545699883888	5.67686458711393
3.10659329159297	2.39601531068917	4.03781626892447	5.69154882099945
3.11293489116908	2.40731372735547	4.04236082642778	5.7076994166162
3.11927649074521	2.39753134501349	4.05741101685687	5.72411568703783
3.12561809032132	2.41845840865916	4.06387600456258	5.73217936592355
3.13195968989744	2.42000806937102	4.07055252594546	5.74392545531181
3.13830128947356	2.42209058142522	4.07699856767505	5.75511080913814
3.14464288904968	2.43057741362334	4.09270165324971	5.76042908622515
3.1509844886258	2.44406252921749	4.09839997972382	5.77505065258123
3.15732608820192	2.44087320037534	4.10506438670689	5.79833726663323
3.16366768777804	2.44658419557051	4.11313486579022	5.78957798565673
3.17000928735416	2.46553047913136	4.1231028831273	5.82115568800421
3.17635088693028	2.45332327984803	4.1303207920236	5.82658856213616
3.1826924865064	2.46911846316285	4.14077840043078	5.82372244850141
3.18903408608252	2.4549807795269	4.14910615393283	5.84948940065629
3.19537568565864	2.48191644190481	4.15876378611231	5.85384184995679
3.20171728523476	2.47803532770345	4.16508950312962	5.86879736136562
3.20805888481088	2.48346775609224	4.17398039678855	5.88014947814193
3.214400484387	2.48821242913643	4.17944495622938	5.88485724707336
3.22074208396312	2.49249205808302	4.19830257992436	5.89592655041025
3.22708368353924	2.49956745189351	4.20151169287728	5.90729704271098
3.23342528311536	2.5146637316044	4.21142209804318	5.91984520100076
3.23976688269148	2.51326625100366	4.22142583651099	5.95225780998419
3.24610848226759	2.51324690560879	4.22145653775003	5.95439463730486
3.25245008184371	2.53603518228544	4.23172538280202	5.94544021913693
3.25879168141983	2.53487667627696	4.23946474169544	5.9668916074694
3.26513328099595	2.52975112038913	4.24855680558509	5.97838951615027
3.27147488057207	2.54074406637668	4.2647566391285	5.98715074887622
3.27781648014819	2.54138907888776	4.26749265974948	5.99989373260116
3.28415807972431	2.54882939534303	4.27261518275989	6.00935768195127
3.29049967930043	2.57004859128844	4.28001936029906	6.03472836778206
3.29684127887655	2.56356296069417	4.29326836034832	6.04350163207986
3.30318287845267	2.56879561581322	4.29946273145737	6.05107723538396
3.30952447802879	2.57562815046968	4.31122532700545	6.07763280957894
3.31586607760491	2.57205446626172	4.31871437483561	6.07189882812384
3.32220767718103	2.60144105225438	4.32676567620455	6.09584919400174
3.32854927675715	2.58940139795546	4.33808461475812	6.09559590311341
3.33489087633327	2.59378023939878	4.34390605555485	6.11744184710725
3.34123247590939	2.6011232972585	4.35530615005707	6.12747284362016
3.34757407548551	2.61186777190332	4.36047882732109	6.1397813092596
3.35391567506163	2.6171536407875	4.37309301306822	6.13879781846001
3.36025727463775	2.61132063804749	4.37412928332894	6.14578248289314
3.36659887421387	2.62672021863948	4.38844823804746	6.17777836611278
3.37294047378999	2.63322992132033	4.39344532724615	6.17829666740726
3.3792820733661	2.64448343298514	4.40010484909304	6.18059156160698
3.38562367294222	2.62236968420403	4.40972871384572	6.212248409833
3.39196527251834	2.64650293026638	4.41915801683988	6.20003123818859
3.39830687209446	2.66295671293142	4.42806181962127	6.21169523728317
3.40464847167058	2.66908465416425	4.43550036534938	6.22661731518016
3.4109900712467	2.67242157893648	4.44916101538048	6.24668695316579
3.41733167082282	2.67218446289589	4.45920166647956	6.2583090377623
3.42367327039894	2.66629270423154	4.46648749316586	6.28050917624484
3.43001486997506	2.67777531739337	4.47763843181127	6.28681703971499
3.43635646955118	2.69012975579206	4.48190561645072	6.29491874313299
3.4426980691273	2.70758820785648	4.49301926328071	6.30731515578776
3.44903966870342	2.70764973932169	4.49764108650832	6.31844265657926
3.45538126827954	2.70507846945791	4.50445153397272	6.31978533048502
3.46172286785566	2.70766097584291	4.51270977196237	6.34032270857909
3.46806446743178	2.72179035234688	4.52433146870526	6.35772627964492
3.4744060670079	2.72401890440938	4.53494992623727	6.36397485164057
3.48074766658402	2.72946916932882	4.53804564246934	6.36599870305454
3.48708926616014	2.74147199685786	4.55480497350982	6.38548761915195
3.49343086573626	2.73171478723594	4.55998680912692	6.40120973380806
3.49977246531238	2.75373895516572	4.56549898820875	6.41517403050382
3.5061140648885	2.75505206094906	4.5752449198527	6.4047814616327
3.51245566446461	2.76228672078947	4.58618975118094	6.4373535955584
3.51879726404073	2.76491881963639	4.59456659070344	6.445530092881
3.52513886361685	2.77005538737817	4.60470227562881	6.44560688356247
3.53148046319297	2.78741436365511	4.6082913860531	6.45271896528604
3.53782206276909	2.79084142928913	4.61836314463708	6.4806947254891
3.54416366234521	2.78460650134531	4.62474501875978	6.47810390259289
3.55050526192133	2.79149276919284	4.63616396872837	6.49497429735995
3.55684686149745	2.79849959797214	4.63900491182466	6.51126198060818
3.56318846107357	2.80829733771128	4.64778780661011	6.52149661886321
3.56953006064969	2.82655141588759	4.66114063353624	6.53063839717781
3.57587166022581	2.81823085890234	4.66961132112223	6.54826101914261
3.58221325980193	2.82120524349528	4.67652585471992	6.56632421105054
3.58855485937805	2.81877987512503	4.6863681602962	6.57194437547189
3.59489645895417	2.83142215532538	4.69582764941384	6.59099675733114
3.60123805853029	2.83200039866128	4.70143413660379	6.59915182762501
3.60757965810641	2.83495286189434	4.71260496214346	6.60009355663188
3.61392125768253	2.85662476742281	4.71648143087423	6.62163158060353
3.62026285725865	2.85755373183118	4.73172120458292	6.62278710533623
3.62660445683477	2.85181825709549	4.7371704597872	6.64069228158779
3.63294605641088	2.84613166299647	4.74700843190623	6.64706330759912
3.63928765598701	2.86473598799284	4.75051848188799	6.64448044531119
3.64562925556312	2.8714265863627	4.77136988736208	6.66503582538913
3.65197085513924	2.88375191629468	4.77340001469	6.69068731006343
3.65831245471536	2.87957529123116	4.78437115066194	6.68942797431988
3.66465405429148	2.89187288279294	4.79379932189321	6.70389094343259
3.6709956538676	2.89980236353872	4.79398686491638	6.72583475857862
3.67733725344372	2.90857105395661	4.80520524149291	6.73406265723253
3.68367885301984	2.91587584544217	4.81730069661514	6.73879565117169
3.69002045259596	2.90860038522744	4.82956909230284	6.75931347759275
3.69636205217208	2.92106173160528	4.83014201695795	6.77367730361432
3.7027036517482	2.9314519486633	4.84431090227574	6.77133566049811
3.70904525132432	2.93690924575543	4.84606067850566	6.78349663229695
3.71538685090044	2.93042960110232	4.85628572423385	6.80448456714312
3.72172845047656	2.94697447102373	4.86536366186498	6.80642209832423
3.72807005005268	2.93211364282922	4.87207452486365	6.83167583798169
3.7344116496288	2.95864793611778	4.88234134664398	6.82658475292471
3.74075324920492	2.95932436969579	4.89146886506206	6.84727810089772
3.74709484878104	2.9705698611805	4.90660899525536	6.84644131571515
3.75343644835716	2.96655408412625	4.90888125492491	6.86443558152958
3.75977804793328	2.98486103852774	4.91882742364326	6.88083776353553
3.76611964750939	2.96481658572801	4.9311135061569	6.90091495216757
3.77246124708551	2.98724192850168	4.93343547025221	6.90157750244733
3.77880284666163	3.0006632865801	4.94325828653834	6.9114247057436
3.78514444623775	3.00640925497317	4.94758532834709	6.92937748875049
3.79148604581387	2.99990180771056	4.9598168593739	6.92755377241788
3.79782764538999	3.01105247198593	4.96767810223333	6.94418639612227
3.80416924496611	3.0174079989973	4.97975310495751	6.96573684909606
3.81051084454223	3.0209643653889	4.99227483472897	6.97774518297473
3.81685244411835	3.02944673173154	4.99219907454721	6.98017163203128
3.82319404369447	3.03128192641326	5.00469787123481	7.0122704053075
3.82953564327059	3.02946092436814	5.01377221517736	7.01548049479397
3.83587724284671	3.04794378118836	5.01762180166971	7.03582859145499
3.84221884242283	3.05388922097345	5.03154919100918	7.02977006783011
3.84856044199895	3.0593616399028	5.03472551001158	7.03218987608082
3.85490204157507	3.05405055119485	5.04925559244753	7.03422224101689
3.86124364115119	3.06510725754218	5.05825767279164	7.05517083821794
3.86758524072731	3.07191865817516	5.06437030684126	7.07605345714653
3.87392684030343	3.06844665577999	5.07492039009193	7.08726869115677
3.88026843987955	3.10602033969836	5.08841603482945	7.10357796385809
3.88661003945567	3.09198957504273	5.08718164531228	7.11915292512674
3.89295163903179	3.08855871319909	5.10026210935783	7.11974404600773
3.8992932386079	3.1103947088539	5.10255018916248	7.12497851410567
3.90563483818402	3.11375776085427	5.1160704578272	7.14892382183816
3.91197643776014	3.10678049805751	5.12202946010445	7.155910093235
3.91831803733626	3.1184236026159	5.1296609125776	7.15688390702166
3.92465963691238	3.11848137199055	5.13678940558566	7.19414892656746
3.9310012364885	3.13717771835586	5.14695427864287	7.18130478407436
3.93734283606462	3.13917088252125	5.15714211744469	7.21274914450629
3.94368443564074	3.15122789030865	5.16679604652295	7.21562422565062
3.95002603521686	3.14146275642357	5.17734578373907	7.22854976338121
3.95636763479298	3.16270638470445	5.18301811630029	7.23101839087492
3.9627092343691	3.17429230266862	5.18760992850114	7.24384219669961
3.96905083394522	3.16240620087129	5.2023808890665	7.25532779516866
3.97539243352134	3.17267499386852	5.20439855955197	7.27646989077702
3.98173403309746	3.17013819029244	5.21558106800071	7.28477577165348
3.98807563267358	3.18552769525632	5.22729144495338	7.29588968263559
3.9944172322497	3.17047854720462	5.23823241208917	7.30539967889848
4.00075883182582	3.17669437742297	5.24516695516328	7.32585255579303
4.00710043140194	3.19217988365519	5.25269648631046	7.3336137767653
4.01344203097806	3.21435393613806	5.25961821762484	7.33529929449328
4.01978363055418	3.21341803152327	5.26377196119773	7.36268818727917
4.0261252301303	3.20817669778888	5.27229701144455	7.36180895710909
4.03246682970642	3.22153220614205	5.28874983911984	7.38068533287056
4.03880842928253	3.21822447411723	5.29751421970076	7.37243258107066
4.04515002885865	3.22380238620871	5.29783749392409	7.39744871780112
4.05149162843477	3.2444690030959	5.30774848255799	7.41112764032969
4.05783322801089	3.23493379698754	5.31564405405309	7.40584989683519
4.06417482758701	3.25243868705036	5.32192756909185	7.44541877989594
4.07051642716313	3.25658747017448	5.33566505136474	7.43595504851399
4.07685802673925	3.26537801103624	5.34952950552269	7.47247206681208
4.08319962631537	3.25292463822527	5.35504111476368	7.45197667814716
4.08954122589149	3.26264668137717	5.37061079634064	7.47826860180492
4.09588282546761	3.27538376964225	5.36970573603032	7.48556700519257
4.10222442504373	3.27481185807565	5.37792423690433	7.49458754632603
4.10856602461985	3.2744045969147	5.38534468875356	7.5198775051945
4.11490762419597	3.2931335988678	5.3948057387833	7.51259918786323
4.12124922377209	3.29105080947467	5.40936368815034	7.54458559893934
4.12759082334821	3.2940140272302	5.41082651995683	7.55430829259534
4.13393242292433	3.32205680658083	5.42130276374654	7.56314175698822
4.14027402250045	3.30578051099443	5.43158635601625	7.56536096664616
4.14661562207657	3.32355757753118	5.43833120497305	7.57834193152097
4.15295722165268	3.31817341985754	5.45158897120708	7.60513314256669
4.15929882122881	3.32049433480801	5.45795945704617	7.60621987266536
4.16564042080492	3.32155880993157	5.46312296353679	7.60967260640775
4.17198202038104	3.33417620000848	5.47197808828641	7.64469193224402
4.17832361995716	3.36360574422337	5.47958362724415	7.62862643016091
4.18466521953328	3.34657066773943	5.4908716262903	7.64369813089952
4.1910068191094	3.35890931704689	5.49923521016902	7.66344539743678
4.19734841868552	3.35697474633522	5.50630810819025	7.67400127953503
4.20369001826164	3.37518670660803	5.51397432163661	7.68915608520307
4.21003161783776	3.37502781182425	5.52482995718299	7.703595602473
4.21637321741388	3.37679706380016	5.53290095687446	7.71838661495871
4.22271481699	3.39930570351046	5.5453527095653	7.72381974269967
4.22905641656612	3.39932732716163	5.5465996310544	7.72339064190495
4.23539801614224	3.39024113617006	5.56130917214638	7.74848001114257
4.24173961571836	3.41096204836029	5.56261567501503	7.76385484431513
4.24808121529448	3.40723528301496	5.57760473391057	7.75904446671268
4.2544228148706	3.42540427443711	5.58095395529685	7.78475043924013
4.26076441444672	3.42859126786941	5.5948480727386	7.80798516001459
4.26710601402284	3.43103678340285	5.60308633216967	7.79692094999751
4.27344761359896	3.42873807650549	5.61142849927826	7.80907974569726
4.27978921317507	3.4446367951576	5.62011110385426	7.82481866822744
4.28613081275119	3.43685030526968	5.62721300841042	7.81800520259001
4.29247241232731	3.44734329206271	5.63164939117678	7.83965955362716
4.29881401190343	3.46143398500155	5.64705726102263	7.85835390748537
4.30515561147955	3.44731614404668	5.64863310330928	7.87149484719746
4.31149721105567	3.45761350732948	5.66288415156169	7.88643632516165
4.31783881063179	3.47587676435794	5.66952226087107	7.89783188394109
4.32418041020791	3.4825690186573	5.6781150647113	7.90984623276059
4.33052200978403	3.47027314235451	5.69058931829584	7.9247596155965
4.33686360936015	3.48219747048014	5.69118803205768	7.93085804769381
4.34320520893627	3.49201430866618	5.69763370367853	7.92992579554263
4.34954680851239	3.48889383222432	5.70952577257516	7.9422656984595
4.35588840808851	3.5081527051197	5.72078394241008	7.97173590876585
4.36223000766463	3.51489384644355	5.72886850491732	7.98346636928794
4.36857160724075	3.50158971905923	5.7379351452103	7.98556183019019
4.37491320681687	3.50339691646969	5.7475487208146	7.99457423611593
4.38125480639299	3.53572486563456	5.75170403054186	8.01065706003363
4.38759640596911	3.53857123887039	5.76639404428784	8.02863033672199
4.39393800554523	3.54067172977894	5.77125062780776	8.00963540609795
4.40027960512135	3.54366483248578	5.7747659504553	8.04451719050326
4.40662120469747	3.545582996539	5.79203188882096	8.06816303722325
4.41296280427358	3.55568237811699	5.79904190368556	8.0808003593949
4.4193044038497	3.5618535147361	5.80676925981959	8.07610448513302
4.42564600342582	3.5680499512602	5.80940300581074	8.08366500589613
4.43198760300194	3.56833987025747	5.82484814875418	8.08714132157606
