"mitochan"	"lwrNorm"	"medNorm"	"uprNorm"
-1.90327037354145	-3.85708258649072	-2.7245600783257	-1.60588606278489
-1.89675012620563	-3.84881548230947	-2.71556174281384	-1.58149664329456
-1.89022987886982	-3.84184745158251	-2.70379036170523	-1.57732623475751
-1.88370963153401	-3.82649600772738	-2.69529468609856	-1.56668214958002
-1.87718938419819	-3.81446311193943	-2.68870333793034	-1.56570940600744
-1.87066913686238	-3.80345862681793	-2.68086702639065	-1.5578455160254
-1.86414888952656	-3.79371175886935	-2.67023898359438	-1.53932182678827
-1.85762864219075	-3.764377793964	-2.65857196796817	-1.53950272132718
-1.85110839485494	-3.76590884289991	-2.64824508682516	-1.53885179914311
-1.84458814751912	-3.7563032156094	-2.64645960769931	-1.52269903896769
-1.83806790018331	-3.74232034405721	-2.63100400318436	-1.54071952620126
-1.83154765284749	-3.73809310775521	-2.62619483211915	-1.51395015438884
-1.82502740551168	-3.72463498512269	-2.6116522600503	-1.51083491043487
-1.81850715817587	-3.71090210727388	-2.60915722058041	-1.51386840377612
-1.81198691084005	-3.69863122540842	-2.5977054294292	-1.50803387133286
-1.80546666350424	-3.68499406886619	-2.59478814339577	-1.48221051109488
-1.79894641616842	-3.67440729628812	-2.58136078140338	-1.49200498345397
-1.79242616883261	-3.67402025949893	-2.573114574879	-1.48675725985478
-1.7859059214968	-3.65632549284551	-2.56256269995624	-1.4718081149326
-1.77938567416098	-3.65130239805815	-2.551278590748	-1.47217949828135
-1.77286542682517	-3.63165440170465	-2.54596990702895	-1.46692953464572
-1.76634517948935	-3.62392767869027	-2.53615017868771	-1.46386512266958
-1.75982493215354	-3.60664223094286	-2.52392585490835	-1.46965431435475
-1.75330468481773	-3.59018825574896	-2.52289855984184	-1.43823878209754
-1.74678443748191	-3.57269221195486	-2.51012681506381	-1.43620155430585
-1.7402641901461	-3.57173841985996	-2.50468633112465	-1.42670242429523
-1.73374394281028	-3.56249839353235	-2.49099555144963	-1.43222532261324
-1.72722369547447	-3.55108779797935	-2.48492296028302	-1.41618499275548
-1.72070344813866	-3.52850693576763	-2.47610280882947	-1.41797887301665
-1.71418320080284	-3.53037514482809	-2.46566528802394	-1.40827702043172
-1.70766295346703	-3.51529020865434	-2.45407611658571	-1.40208807595345
-1.70114270613121	-3.50248623585449	-2.4529931929376	-1.3952105795223
-1.6946224587954	-3.48782231421498	-2.43956472994045	-1.39053146752953
-1.68810221145959	-3.48215370530333	-2.43166806105081	-1.38978801923844
-1.68158196412377	-3.4605630362049	-2.41951855050363	-1.37819662379939
-1.67506171678796	-3.45419649289151	-2.41310107313274	-1.37039871970025
-1.66854146945214	-3.43526398897327	-2.40108518548414	-1.36336170253102
-1.66202122211633	-3.42968097202938	-2.395344609761	-1.36198754207777
-1.65550097478052	-3.42696149629288	-2.38995281210484	-1.34498760773809
-1.6489807274447	-3.42347556568514	-2.37872459219418	-1.35937985575494
-1.64246048010889	-3.4075870746466	-2.37000651768605	-1.34048979173563
-1.63594023277307	-3.3930147632777	-2.36104229548782	-1.33826500378167
-1.62941998543726	-3.37639488635303	-2.34949929185695	-1.33180806232518
-1.62289973810144	-3.36158148706795	-2.34323211020858	-1.32516971244087
-1.61637949076563	-3.34578381928737	-2.33440544716616	-1.32299645661055
-1.60985924342982	-3.33762752734017	-2.32523314519883	-1.31096414222975
-1.603338996094	-3.33576995633893	-2.31790374556487	-1.30476125054727
-1.59681874875819	-3.31187159181039	-2.30690113189543	-1.29375342486432
-1.59029850142237	-3.31451985020483	-2.30124513676788	-1.28219160748679
-1.58377825408656	-3.2955113329349	-2.29125495347846	-1.28293685918934
-1.57725800675075	-3.28786658347644	-2.2803771019324	-1.28651553665886
-1.57073775941493	-3.27645301394003	-2.27124075502658	-1.27210133342791
-1.56421751207912	-3.26082909280156	-2.26762213887207	-1.26283723478133
-1.5576972647433	-3.24868260273592	-2.25196898895057	-1.27439680420217
-1.55117701740749	-3.24993282408828	-2.24667166284414	-1.24937554080935
-1.54465677007168	-3.24142555125331	-2.24053355805413	-1.24997163352224
-1.53813652273586	-3.22989462182155	-2.23227236839238	-1.24376033418038
-1.53161627540005	-3.21462861746894	-2.21871336069451	-1.22436053372703
-1.52509602806423	-3.18502413801759	-2.21028091459505	-1.232213213599
-1.51857578072842	-3.1878567936161	-2.20475332769664	-1.21927129970864
-1.51205553339261	-3.17202109143785	-2.19518229800044	-1.21446878090913
-1.50553528605679	-3.15897021247961	-2.18234572545446	-1.21421428155725
-1.49901503872098	-3.15899809313329	-2.17655034310166	-1.20635960200854
-1.49249479138516	-3.13864151538986	-2.16698230010158	-1.19587081503469
-1.48597454404935	-3.13296444644563	-2.16211776658232	-1.19248320866182
-1.47945429671354	-3.10994647435448	-2.14984191682643	-1.19141054448055
-1.47293404937772	-3.0935179523505	-2.14333612547723	-1.18189476089234
-1.46641380204191	-3.08988131320862	-2.12756148367965	-1.17997768186789
-1.45989355470609	-3.08510752338174	-2.12406305773887	-1.17832865089351
-1.45337330737028	-3.06645558838226	-2.11331525251396	-1.17765895757544
-1.44685306003447	-3.05381928480208	-2.10600125439924	-1.15809224509908
-1.44033281269865	-3.04690883599619	-2.09583674655691	-1.16098460182047
-1.43381256536284	-3.03208256285298	-2.09020087408293	-1.15499348548257
-1.42729231802702	-3.02256972714244	-2.07632193535648	-1.13776757733088
-1.42077207069121	-3.00910568480897	-2.07231167751017	-1.12433547003628
-1.4142518233554	-3.0084448493485	-2.06118404328215	-1.12124719059503
-1.40773157601958	-2.98719388711919	-2.0541378284891	-1.11948992571712
-1.40121132868377	-2.96946019711294	-2.04037640224613	-1.11360160237173
-1.39469108134795	-2.95697253815338	-2.0343818726555	-1.10876287268826
-1.38817083401214	-2.95712535073612	-2.02633718145333	-1.0987511068042
-1.38165058667633	-2.94611957095445	-2.01969186335657	-1.09096860833448
-1.37513033934051	-2.94871750328702	-2.00929180854723	-1.0841924896181
-1.3686100920047	-2.92237130061824	-2.00154529946709	-1.0697699536387
-1.36208984466888	-2.91617992513536	-1.99245446732988	-1.06694771552828
-1.35556959733307	-2.90163909575182	-1.98211089279952	-1.06809594412479
-1.34904934999725	-2.90232972609612	-1.97770454412587	-1.06350046600726
-1.34252910266144	-2.87849102678816	-1.96778619315834	-1.04599089287796
-1.33600885532563	-2.85516499937828	-1.95720830926613	-1.05267122919122
-1.32948860798981	-2.8500184719212	-1.94618652376608	-1.03738040268391
-1.322968360654	-2.84777794603082	-1.9392832301132	-1.03407249674117
-1.31644811331818	-2.84470392683165	-1.92813244689329	-1.02712089852216
-1.30992786598237	-2.82904607709958	-1.91803977595796	-1.01479321582905
-1.30340761864656	-2.81617826340178	-1.91234612929453	-1.02393975907617
-1.29688737131074	-2.80217705247198	-1.90562113721105	-1.01400031201446
-1.29036712397493	-2.79696371314114	-1.89771453495898	-1.00905500644635
-1.28384687663911	-2.77336529130222	-1.88447821781107	-0.993394205323289
-1.2773266293033	-2.77296740281816	-1.87754494912965	-0.991389677716612
-1.27080638196749	-2.75196891603702	-1.8726011548119	-0.982481217635366
-1.26428613463167	-2.7499556811564	-1.8631859496043	-0.981823812575081
-1.25776588729586	-2.73899763088296	-1.85159131781754	-0.98372602656502
-1.25124563996004	-2.71749749244418	-1.84440336755802	-0.96512966664199
-1.24472539262423	-2.71432398032929	-1.83599049477965	-0.951275110403932
-1.23820514528842	-2.71005018716668	-1.823888917971	-0.958121509460659
-1.2316848979526	-2.68980288819257	-1.81618232770927	-0.936728729147912
-1.22516465061679	-2.67920138816704	-1.80761906068007	-0.935902757852624
-1.21864440328097	-2.67391735378478	-1.80240725564159	-0.939269227030566
-1.21212415594516	-2.6515304447682	-1.79058328258513	-0.92055188078329
-1.20560390860935	-2.64734327023323	-1.77874552810727	-0.928573483706445
-1.19908366127353	-2.64680156362454	-1.77041955979533	-0.912390732331285
-1.19256341393772	-2.6262103364093	-1.7616126785653	-0.904955832486473
-1.1860431666019	-2.61665250362312	-1.75111088837623	-0.894341266977906
-1.17952291926609	-2.61274111301865	-1.74709426411057	-0.892409627421863
-1.17300267193028	-2.59217452965495	-1.74061535470151	-0.894791849368266
-1.16648242459446	-2.57642730544623	-1.73054878325055	-0.885838109590776
-1.15996217725865	-2.56783162540177	-1.72129772520746	-0.873262599801475
-1.15344192992283	-2.55908968813498	-1.71283267139362	-0.872682674021744
-1.14692168258702	-2.55317016242899	-1.70343699874489	-0.864434724921842
-1.14040143525121	-2.54716933275846	-1.69509818811479	-0.863730595042481
-1.13388118791539	-2.527569209453	-1.68352911547324	-0.837181464744447
-1.12736094057958	-2.51374860544163	-1.67624608457166	-0.842793443066631
-1.12084069324376	-2.50747293207461	-1.66829093964745	-0.83851511114088
-1.11432044590795	-2.48974633010435	-1.657373221069	-0.835532949326951
-1.10780019857214	-2.48357536558247	-1.65191177328299	-0.825940420841986
-1.10127995123632	-2.46037280911315	-1.64161515990614	-0.815137973031064
-1.09475970390051	-2.46740205643874	-1.63519687955209	-0.800110109034256
-1.08823945656469	-2.45390950396702	-1.62066816003997	-0.809140840435317
-1.08171920922888	-2.43492733267893	-1.61615289902717	-0.798260675777687
-1.07519896189307	-2.42045266148796	-1.60841436971214	-0.791407622105498
-1.06867871455725	-2.41680981547541	-1.59997023653177	-0.780262773162555
-1.06215846722144	-2.40484865088532	-1.58920599964019	-0.779763418158349
-1.05563821988562	-2.39004482793845	-1.57772094427583	-0.76666213611524
-1.04911797254981	-2.38182492466483	-1.57399429831549	-0.76251876354818
-1.04259772521399	-2.37224785682103	-1.55983422195767	-0.745454527427819
-1.03607747787818	-2.35768516352821	-1.55364573506147	-0.752533290912531
-1.02955723054237	-2.34780740129997	-1.54373663528081	-0.74017451401
-1.02303698320655	-2.33549022640207	-1.53559000528845	-0.739124504112004
-1.01651673587074	-2.32285450549321	-1.52667597799623	-0.73587499733949
-1.00999648853492	-2.32211104840403	-1.51905859251303	-0.719023587109601
-1.00347624119911	-2.30727138641574	-1.50517734943461	-0.719077869636091
-0.996955993863296	-2.29103156214706	-1.50037726750501	-0.707638861209299
-0.990435746527482	-2.28919569046047	-1.48984882358575	-0.699572498978573
-0.983915499191668	-2.27526058667233	-1.4854446496394	-0.699983515719663
-0.977395251855854	-2.2630080339908	-1.47362170588311	-0.688140262422523
-0.97087500452004	-2.25037626036884	-1.46718070074866	-0.674632684411655
-0.964354757184226	-2.24377905667749	-1.45569533537009	-0.668741670634797
-0.957834509848412	-2.23204929433975	-1.44621717183711	-0.670200920591753
-0.951314262512598	-2.21101299731335	-1.4379578979933	-0.654729343200991
-0.944794015176784	-2.21273878234313	-1.42848164447064	-0.648354258410395
-0.93827376784097	-2.20381816705958	-1.42369451719671	-0.647681910527913
-0.931753520505156	-2.19355300675313	-1.41589766653221	-0.635477197664548
-0.925233273169342	-2.17547670512757	-1.40472682735226	-0.634181254189766
-0.918713025833528	-2.15803827460494	-1.39599229896726	-0.621318771947298
-0.912192778497714	-2.15035959197485	-1.38638011327977	-0.613440346419214
-0.9056725311619	-2.14523926788587	-1.37629264733083	-0.617812449889168
-0.899152283826086	-2.13448685807576	-1.36809678198568	-0.610862955912943
-0.892632036490272	-2.12373989469043	-1.36075736837548	-0.60655537435194
-0.886111789154458	-2.10808806009032	-1.35263528311395	-0.597259808405626
-0.879591541818644	-2.10245917576266	-1.34274499711005	-0.58245160900955
-0.87307129448283	-2.08758163772537	-1.33265786970355	-0.573387205863736
-0.866551047147015	-2.07645710991599	-1.32336170799334	-0.576391181572365
-0.860030799811201	-2.06570838291743	-1.31603055743797	-0.566260203843627
-0.853510552475387	-2.06372484522437	-1.30910337413863	-0.550418166264218
-0.846990305139573	-2.0492522249297	-1.29842716866975	-0.550940615816452
-0.840470057803759	-2.03281232043993	-1.28664870482465	-0.546503203091796
-0.833949810467945	-2.02678041709486	-1.27974989939087	-0.532574488703935
-0.827429563132131	-2.01350302599367	-1.26818612883684	-0.531216415167127
-0.820909315796317	-2.00011104728324	-1.26471798880347	-0.528409122469879
-0.814389068460503	-1.9876168697505	-1.25441419354614	-0.515910968453095
-0.807868821124689	-1.98203870407404	-1.24664773472613	-0.516260565776774
-0.801348573788875	-1.9696491789886	-1.23522211087695	-0.503139995256462
-0.794828326453061	-1.96418010109262	-1.23193671829878	-0.503171500961362
-0.788308079117247	-1.95261264477653	-1.22278816551954	-0.488482630476337
-0.781787831781433	-1.93845022883953	-1.21115813688444	-0.488645099017396
-0.775267584445619	-1.93429730969738	-1.19881290998693	-0.478134083358331
-0.768747337109805	-1.91734874325939	-1.19655778942662	-0.473011983377681
-0.762227089773991	-1.91531118584878	-1.18646791887182	-0.455137670118457
-0.755706842438177	-1.89687537111825	-1.17753957284085	-0.447359349787123
-0.749186595102363	-1.88208083754275	-1.16732849829766	-0.448502550660133
-0.742666347766549	-1.87467738241784	-1.15841882946164	-0.439785553859378
-0.736146100430735	-1.87220235676707	-1.15189794891701	-0.438543140420137
-0.72962585309492	-1.85724360507154	-1.13984381614087	-0.425875962425233
-0.723105605759107	-1.85465921379046	-1.13299373907004	-0.420349233623067
-0.716585358423292	-1.83599583562815	-1.12363403475668	-0.409985348539097
-0.710065111087478	-1.81993835502575	-1.11617445726491	-0.404107335803624
-0.703544863751664	-1.80545467981082	-1.10718599868544	-0.403389461087534
-0.69702461641585	-1.80189420210336	-1.09673774889032	-0.389070635282626
-0.690504369080036	-1.7944672359754	-1.08778568413193	-0.379809175722179
-0.683984121744222	-1.7819166834018	-1.0815726969974	-0.366566605192393
-0.677463874408408	-1.78160781091272	-1.07126354985411	-0.369265169562117
-0.670943627072594	-1.76655541566378	-1.0624275995181	-0.366054449866779
-0.66442337973678	-1.75566281766458	-1.05486896794546	-0.354568735921786
-0.657903132400966	-1.74796959494072	-1.04116200993141	-0.352975634690807
-0.651382885065152	-1.7347577307639	-1.03570608300742	-0.33967208344729
-0.644862637729338	-1.72053729833233	-1.02670703070577	-0.338766187795579
-0.638342390393524	-1.71626204597294	-1.01837321349417	-0.321890490325021
-0.63182214305771	-1.69382240961565	-1.00704099679937	-0.326695840383835
-0.625301895721896	-1.69360327852711	-0.99969878294137	-0.312110913775203
-0.618781648386082	-1.67332184556968	-0.990530846864545	-0.306132025152413
-0.612261401050268	-1.66867269180965	-0.986479803616037	-0.290807102283715
-0.605741153714454	-1.66384376385127	-0.972680218781007	-0.288562672215652
-0.59922090637864	-1.64897276184096	-0.967422532977269	-0.285410492776458
-0.592700659042826	-1.63887129436875	-0.955639409231836	-0.276235048764325
-0.586180411707012	-1.63023562472709	-0.945506597221856	-0.269015959569613
-0.579660164371197	-1.61905491627786	-0.936759924093981	-0.264622735876088
-0.573139917035383	-1.60880864901349	-0.929421701312177	-0.254070528888412
-0.566619669699569	-1.59610935367276	-0.92234195691867	-0.258045499406504
-0.560099422363755	-1.58367337651068	-0.910153744069869	-0.235005546504769
-0.553579175027941	-1.58030123158908	-0.903298891784146	-0.229691143005226
-0.547058927692127	-1.57647316473959	-0.89413898784345	-0.22276084221106
-0.540538680356313	-1.55501985857659	-0.883959504359306	-0.216038526639493
-0.534018433020499	-1.54210854765898	-0.877943015289628	-0.205910016550761
-0.527498185684685	-1.53334301715061	-0.867894094621689	-0.200552948281262
-0.520977938348871	-1.53072703223818	-0.859830244256217	-0.197528053848279
-0.514457691013057	-1.5177881520502	-0.852430019873714	-0.181970082403899
-0.507937443677243	-1.51729905683115	-0.8447774587977	-0.178045051163013
-0.501417196341429	-1.49449103931258	-0.836103795693858	-0.171781319052695
-0.494896949005615	-1.49153440404859	-0.826281040204194	-0.159330849742325
-0.488376701669801	-1.47744526388852	-0.812068973324797	-0.15886093534938
-0.481856454333987	-1.47120274806395	-0.809686161094255	-0.150642509630207
-0.475336206998173	-1.45441756547351	-0.801494170228087	-0.144402723243302
-0.468815959662359	-1.44968576439886	-0.789808748474526	-0.134305313934715
-0.462295712326545	-1.43390243063945	-0.783896287238193	-0.124052170531854
-0.455775464990731	-1.42658806378993	-0.773370010752159	-0.117086675231349
-0.449255217654916	-1.42056975891579	-0.75912053263002	-0.113556152427434
-0.442734970319103	-1.41835970110567	-0.753846682717532	-0.0990849991156017
-0.436214722983288	-1.39796991203009	-0.742906873319525	-0.0932220733458309
-0.429694475647474	-1.38035996771368	-0.738177108607188	-0.085871144802483
-0.42317422831166	-1.37982372924692	-0.7297211420214	-0.0788712924277083
-0.416653980975846	-1.36708998246976	-0.721750816725129	-0.0709688456447527
-0.410133733640032	-1.36429578164787	-0.710498428517335	-0.065635290797597
-0.403613486304218	-1.35609135674978	-0.701371277574645	-0.0534522209999105
-0.397093238968404	-1.34002799481969	-0.693656495356851	-0.0462166328811435
-0.39057299163259	-1.32836101915546	-0.686696016966713	-0.0418089447449672
-0.384052744296776	-1.31958035995324	-0.674408343905734	-0.0271050392346057
-0.377532496960962	-1.31515666402647	-0.666585895605397	-0.0185560981332495
-0.371012249625148	-1.30622763502759	-0.657430289371847	-0.0234760923911852
-0.364492002289334	-1.29442482395896	-0.65241986509369	-0.0170671790506543
-0.35797175495352	-1.28368566887749	-0.641998042828878	-0.00210950768895851
-0.351451507617706	-1.26859603883885	-0.631460552129648	0.000872304836882307
-0.344931260281892	-1.25492939514633	-0.622818296791425	0.0126482149521365
-0.338411012946078	-1.2499025721677	-0.615853878946357	0.0260241767095992
-0.331890765610264	-1.24490051739491	-0.605724053248717	0.0359064566131301
-0.32537051827445	-1.23461845511677	-0.598136159096294	0.0419824538835571
-0.318850270938636	-1.22794140694776	-0.585532971289762	0.0482974453678525
-0.312330023602821	-1.20967780591628	-0.577633131159882	0.0443158092144905
-0.305809776267008	-1.20843936714237	-0.569054315384152	0.0686969525111006
-0.299289528931193	-1.19694080181843	-0.564801336041614	0.0699392787522847
-0.292769281595379	-1.17476482238762	-0.553792179023686	0.0705226354795254
-0.286249034259565	-1.16934999361755	-0.544687048155082	0.0850281980650213
-0.279728786923751	-1.16883421794433	-0.537004175842136	0.0896959910442118
-0.273208539587937	-1.16625393676817	-0.525022612511791	0.103558232324456
-0.266688292252123	-1.14886042122749	-0.517758307765839	0.110549409154697
-0.260168044916309	-1.13408605400274	-0.51119645957818	0.116642365313177
-0.253647797580495	-1.12538543227132	-0.498840890784798	0.132598485418404
-0.247127550244681	-1.12376093726017	-0.490395677148217	0.141465925665885
-0.240607302908867	-1.11105968476607	-0.484950089110328	0.14434146154857
-0.234087055573053	-1.09709843377528	-0.473951839022865	0.150493997178238
-0.227566808237239	-1.09305627191044	-0.465650346159841	0.155434231545708
-0.221046560901425	-1.0754045970343	-0.456782921232545	0.174521576834936
-0.214526313565611	-1.07489141453452	-0.446914853631002	0.179626737274241
-0.208006066229797	-1.05614920308917	-0.438689465598264	0.181895985871459
-0.201485818893983	-1.05188051389912	-0.427938123841411	0.197203828706281
-0.194965571558169	-1.05206871590914	-0.421016203049601	0.205125750219537
-0.188445324222355	-1.03260282204844	-0.412810138306497	0.21010294003282
-0.181925076886541	-1.02411721304509	-0.404515856709511	0.212218828308964
-0.175404829550727	-1.02052686517684	-0.394570086696963	0.222230887383406
-0.168884582214913	-1.0064218180577	-0.38524587465943	0.232610750898832
-0.162364334879098	-0.997905937521899	-0.375965298996619	0.244182721311747
-0.155844087543284	-0.99528483683251	-0.368358187954214	0.252059640814506
-0.14932384020747	-0.989267303688011	-0.361238129192661	0.260608105636964
-0.142803592871656	-0.96876414624967	-0.35069533294087	0.264489089650591
-0.136283345535842	-0.963912200637221	-0.340563820460112	0.271252779981339
-0.129763098200028	-0.946370259022415	-0.335099990506565	0.285035229346218
-0.123242850864214	-0.945311285055262	-0.324965959606328	0.286563181691568
-0.1167226035284	-0.939659641415177	-0.314462643535392	0.29708692964082
-0.110202356192586	-0.92097851769734	-0.307498364420766	0.307427044887643
-0.103682108856772	-0.918560055263851	-0.297437743313841	0.321772318928432
-0.097161861520958	-0.899011685045156	-0.290283227646825	0.321432014236008
-0.090641614185144	-0.902722553119185	-0.282501968355566	0.332509199942053
-0.0841213668493299	-0.885685480119508	-0.26917059338327	0.340269562881845
-0.0776011195135158	-0.877335065143512	-0.263810200798073	0.352627035946638
-0.0710808721777019	-0.881031574412405	-0.255993273536964	0.356011628350768
-0.0645606248418877	-0.864593590220108	-0.242711708035435	0.363498046966354
-0.0580403775060738	-0.856390771387201	-0.236975275127462	0.37663350336738
-0.0515201301702597	-0.844365802290585	-0.227392579809757	0.38399295602385
-0.0449998828344456	-0.832423498973854	-0.221966081360133	0.396956814351196
-0.0384796354986316	-0.826413989666341	-0.212658977610369	0.400565177639973
-0.0319593881628175	-0.81724482934544	-0.204174475885936	0.410415775951148
-0.0254391408270034	-0.806621848715346	-0.191627122876087	0.421113616134907
-0.0189188934911895	-0.797570940515538	-0.185139253955843	0.428111958954117
-0.0123986461553753	-0.79200721331729	-0.17345941232719	0.430722037252991
-0.00587839881956143	-0.777746540191683	-0.166158269974593	0.450159898014337
0.000641848516252708	-0.775064001571019	-0.156883374123953	0.460495990589037
0.00716209585206684	-0.767154927996759	-0.152970476008884	0.468559123533323
0.0136823431878808	-0.74374967361956	-0.140724979442524	0.473900679947964
0.0202025905236949	-0.746721227004029	-0.129458288844536	0.477085993050743
0.0267228378595088	-0.741830658922059	-0.119931079745588	0.49382541182672
0.0332430851953229	-0.722903017575793	-0.114820761032032	0.492874036416399
0.0397633325311371	-0.725589118550609	-0.10743962262306	0.511108093776459
0.046283579866951	-0.707956254092409	-0.0986580662484698	0.507728864028963
0.0528038272027651	-0.699638784378975	-0.0878983558162662	0.529965651616924
0.059324074538579	-0.701029626322039	-0.0772352999260028	0.532619486790179
0.0658443218743932	-0.682101516267301	-0.0733913817450713	0.540754324946079
0.0723645692102073	-0.677611239151319	-0.0643245007072285	0.555992560034409
0.0788848165460212	-0.66861963203439	-0.0524433670866283	0.558623744687045
0.0854050638818353	-0.66197204816869	-0.043649537453599	0.574608548342416
0.0919253112176492	-0.651994053133605	-0.0349573434675085	0.582782058522068
0.0984455585534634	-0.646535647822531	-0.0238338454745337	0.588367292350395
0.104965805889278	-0.640779385215923	-0.0177054889443455	0.586873534076187
0.111486053225092	-0.619897670382488	-0.00906127540826487	0.612345710513491
0.118006300560905	-0.615971011807031	-0.0010481121452155	0.62095148926771
0.124526547896719	-0.614182950222438	0.010589309099493	0.618582089335603
0.131046795232534	-0.601612854965033	0.0166701377661782	0.635280919778803
0.137567042568348	-0.592007119140875	0.0256948364406663	0.642108758035371
0.144087289904162	-0.582619218750274	0.0335624698812002	0.652119555724778
0.150607537239976	-0.57555035343355	0.0435918067382925	0.663378841604621
0.15712778457579	-0.571056578236912	0.0512072908109139	0.67918901640042
0.163648031911604	-0.550108399534386	0.0618518138989903	0.680834239529655
0.170168279247418	-0.547049686167601	0.070353577150201	0.68747486963841
0.176688526583232	-0.545915192696353	0.0783778747813961	0.700920445807599
0.183208773919046	-0.532046368370275	0.088868808953606	0.707761081628105
0.18972902125486	-0.515915270017128	0.095755619621083	0.720711723100873
0.196249268590674	-0.506435315568087	0.106607615234512	0.7259210943836
0.202769515926488	-0.502154381455307	0.114875377190805	0.735391284955916
0.209289763262302	-0.5037360471208	0.120881745573934	0.746662986646725
0.215810010598116	-0.49204651109574	0.129520271617803	0.751295663458384
0.22233025793393	-0.484630745294153	0.137946579301178	0.764394795262979
0.228850505269744	-0.471439777802748	0.150323518522302	0.769120656251109
0.235370752605558	-0.461550517463204	0.157309964824352	0.786417899938817
0.241890999941373	-0.450177961589295	0.16596755506502	0.792752523382092
0.248411247277187	-0.451751607886645	0.171904497150964	0.804669154627588
0.254931494613	-0.448527968867048	0.184982499145982	0.818997224542015
0.261451741948814	-0.426502712754688	0.190200757767729	0.823612028105955
0.267971989284629	-0.425766664622017	0.199617009447649	0.827297263216992
0.274492236620443	-0.412947674660545	0.210507055172663	0.849600232214804
0.281012483956257	-0.405658582178743	0.22007316634457	0.850248808628229
0.287532731292071	-0.406884784477772	0.22856586829155	0.850121571601158
0.294052978627885	-0.390568701936012	0.238195035097277	0.865117805502019
0.300573225963699	-0.388009787193729	0.245886818750288	0.877345311895827
0.307093473299513	-0.376538581077408	0.251172255814541	0.886147772951652
0.313613720635327	-0.375696924616887	0.262868450727441	0.895435054990796
0.320133967971141	-0.359291171363023	0.27187177352241	0.901199565051741
0.326654215306955	-0.352836758414606	0.279466915974057	0.912652946076363
0.333174462642769	-0.338489991123312	0.289038967840223	0.922649240959232
0.339694709978583	-0.344644002835687	0.297072023457494	0.936786557117987
0.346214957314397	-0.325819853656839	0.305023631724158	0.942171859626718
0.352735204650211	-0.325072217381901	0.315419768695784	0.955268168381139
0.359255451986025	-0.307343533296439	0.322998723720408	0.962109727231377
0.365775699321839	-0.302330964466593	0.333549972182447	0.971627036118484
0.372295946657653	-0.290748259629558	0.339753874514058	0.981794492173933
0.378816193993468	-0.295468192349588	0.348354585714588	0.985125041791044
0.385336441329281	-0.281160750132094	0.360835388388514	0.998466545233679
0.391856688665095	-0.281462262838717	0.36827766100579	1.00301113779222
0.39837693600091	-0.267774820007537	0.374396231009444	1.01856936062174
0.404897183336724	-0.25783705923322	0.385906344084184	1.03274764231634
0.411417430672538	-0.254327673047292	0.392845864750022	1.03796518211212
0.417937678008351	-0.244361213722845	0.402945185993426	1.04492339563257
0.424457925344166	-0.235870356940968	0.415026927585115	1.06395441408821
0.43097817267998	-0.226919015298774	0.420925085807225	1.06896839725496
0.437498420015794	-0.227957874500622	0.429960170963825	1.07774211018475
0.444018667351608	-0.214916547481061	0.439796030720962	1.08781303788285
0.450538914687422	-0.210123753046808	0.449062411063927	1.0948588660604
0.457059162023236	-0.205973065702002	0.453820570183986	1.11485771351865
0.46357940935905	-0.18269600158651	0.465365191862991	1.12426495608989
0.470099656694864	-0.18625195976434	0.472843988675261	1.12608517080581
0.476619904030678	-0.171741983884559	0.482013261744872	1.14261691029195
0.483140151366492	-0.158686368515098	0.491591313224526	1.15954302403349
0.489660398702306	-0.160879779149001	0.499137175116835	1.16336968204392
0.49618064603812	-0.153715309057919	0.505095804011678	1.17152938934224
0.502700893373934	-0.144414210236407	0.516544641322915	1.1744868339883
0.509221140709748	-0.135597793603857	0.526415145763515	1.18558276159479
0.515741388045563	-0.134072265736499	0.538680989955504	1.2080412276336
0.522261635381376	-0.11243078822556	0.545363931514248	1.20781202984759
0.52878188271719	-0.110666258538385	0.550494922779201	1.216019971671
0.535302130053005	-0.107431492650864	0.559573258406715	1.23101517039013
0.541822377388819	-0.0960900563685966	0.567544084338522	1.24494742571017
0.548342624724633	-0.0958615389388613	0.579319198575759	1.25130225700005
0.554862872060446	-0.0873687670568404	0.588815714993701	1.2639427740817
0.561383119396261	-0.0782590460176789	0.597392005748515	1.27350711979272
0.567903366732075	-0.0682384899530876	0.602447789494834	1.27806485585621
0.574423614067889	-0.0628599599434686	0.613209720676509	1.2952953337075
0.580943861403703	-0.0617704146615487	0.622014856416174	1.30048669614507
0.587464108739517	-0.0467390024561469	0.631293981427583	1.31586344231331
0.593984356075331	-0.0349119099638967	0.640821879871275	1.32122118399332
0.600504603411145	-0.0352467598424956	0.649984015849326	1.33764076639279
0.607024850746959	-0.0203843088349516	0.661781391666723	1.34860380686279
0.613545098082773	-0.0180450369643937	0.666910488848128	1.34877694769502
0.620065345418587	-0.0123505010283795	0.676943647896045	1.36462278467358
0.626585592754401	-0.00547611420530695	0.684454111103813	1.36988926653195
0.633105840090215	0.00466378388975064	0.694718448470009	1.39039137626821
0.639626087426029	0.0145374219589539	0.704205092334238	1.39534603766672
0.646146334761843	0.021926732340341	0.708794506553703	1.40521578553823
0.652666582097657	0.0229936137608411	0.71897799469117	1.41811232819159
0.659186829433471	0.0282392819161998	0.728396827809737	1.41697110089325
0.665707076769285	0.0437591518880359	0.73543223917122	1.43263571757536
0.6722273241051	0.056332387488997	0.747367593921654	1.44166528192022
0.678747571440914	0.0500668747291522	0.755566955480753	1.45200137032665
0.685267818776727	0.064809726449603	0.762518039690168	1.46711464020056
0.691788066112542	0.0733578695425198	0.775227409548842	1.48381278092494
0.698308313448356	0.0780276863563976	0.781466439035013	1.48459893217245
0.70482856078417	0.0933657068755362	0.79087517061059	1.49140404340184
0.711348808119984	0.0891434141452471	0.79905658677967	1.50481647780976
0.717869055455798	0.0985629449635387	0.806343326481376	1.52367441201525
0.724389302791612	0.109170779469592	0.816360698798314	1.5294760302378
0.730909550127426	0.117104389076785	0.826141789000029	1.53489393744527
0.73742979746324	0.118321448561624	0.834818604268813	1.54934419572598
0.743950044799054	0.12574461886079	0.84042832710119	1.55723881090725
0.750470292134868	0.137041574077652	0.853958636364297	1.57189988647797
0.756990539470682	0.138049195717954	0.860174388061759	1.58204975785845
0.763510786806496	0.145741634560926	0.866758498319452	1.58815280160678
0.77003103414231	0.152166110299005	0.877355412979063	1.60306997913051
0.776551281478124	0.163732758897761	0.882140048333043	1.60724246048277
0.783071528813938	0.174275669679535	0.895068889073344	1.61775807674546
0.789591776149752	0.181398794648516	0.903666942526839	1.63245306695144
0.796112023485566	0.182427705002767	0.91209936383562	1.64861703593641
0.80263227082138	0.193855033802078	0.920161773376327	1.65302581185681
0.809152518157195	0.198338605793283	0.931786125188468	1.66686580860513
0.815672765493009	0.20656892256028	0.938760260770919	1.67924846897725
0.822193012828822	0.215229898806839	0.94844347452633	1.69150666931128
0.828713260164637	0.21251694923632	0.957449910757923	1.69996395443441
0.835233507500451	0.229653086355233	0.966013740439122	1.7082301365781
0.841753754836265	0.235616401026168	0.975882795536942	1.72092533809538
0.848274002172079	0.249048957768467	0.982607094397272	1.72992353370949
0.854794249507893	0.24537704394367	0.993276063605443	1.74373811107258
0.861314496843707	0.250647960312529	0.998278033878387	1.74909818460626
0.867834744179521	0.262176623209891	1.00742450499887	1.7615333272141
0.874354991515335	0.272405004305593	1.01776402421112	1.77706836523737
0.880875238851149	0.27382895166544	1.02635500264156	1.78249948860016
0.887395486186963	0.27560583320827	1.03793194411557	1.78813643348824
0.893915733522777	0.288925253138998	1.04287711158706	1.80983456192138
0.900435980858591	0.294618484742166	1.05459594184985	1.81650763521022
0.906956228194405	0.304545805609637	1.06048528789185	1.8278659141842
0.913476475530219	0.314491677782383	1.06972609799442	1.83502882159256
0.919996722866033	0.317192412726385	1.07592478053372	1.8509875008806
0.926516970201847	0.31949658118004	1.08639651664304	1.86437747062574
0.933037217537661	0.335449364897978	1.09804437634645	1.86051540936026
0.939557464873475	0.341053716325471	1.10640241254019	1.88270732742045
0.94607771220929	0.336451214357572	1.11128811671878	1.89471220107431
0.952597959545103	0.35139391794927	1.12422996561229	1.90566577618462
0.959118206880917	0.363108470478915	1.1336823053066	1.91855946846034
0.965638454216732	0.366044931541945	1.13945025142963	1.92688190277727
0.972158701552546	0.3727633718189	1.1503061970324	1.9316529739202
0.97867894888836	0.380882446979009	1.15687421620625	1.94196742869551
0.985199196224174	0.388490986350531	1.16836093942567	1.95459277176948
0.991719443559988	0.390322585619707	1.17743980361352	1.96449640060786
0.998239690895802	0.383962659457815	1.18708512936957	1.98363727376066
1.00475993823162	0.405502904537361	1.19131040990256	1.99146123925665
1.01128018556743	0.407578285516467	1.20319459152068	1.99880459746791
1.01780043290324	0.421083999110494	1.20977170518546	2.01317579842627
1.02432068023906	0.431681115116991	1.21945585160841	2.0174973595639
1.03084092757487	0.434800888449919	1.22707017781451	2.03045881931824
1.03736117491069	0.435558644719764	1.23889857429137	2.04066486969734
1.0438814222465	0.457448967075005	1.2483965003395	2.05389047872366
1.05040166958231	0.448574826865924	1.25533001744598	2.07018922578168
1.05692191691813	0.453654428782393	1.26324475755343	2.08019591166164
1.06344216425394	0.465548045802786	1.2755774343865	2.08206809558373
1.06996241158976	0.471784643446091	1.28221116610207	2.10120349875455
1.07648265892557	0.474514872138364	1.29118546364485	2.11655566933236
1.08300290626138	0.486635046523484	1.29850649650332	2.11689087334669
1.0895231535972	0.498562510876833	1.30928673354342	2.12312864747907
1.09604340093301	0.492119920106929	1.31608208733403	2.14050411623503
1.10256364826883	0.509104675528423	1.32514980901619	2.140857987337
1.10908389560464	0.525117782952412	1.33437656617316	2.17089113365207
1.11560414294045	0.520098625080429	1.34280449128002	2.17083105664038
1.12212439027627	0.526040295697325	1.35132844069514	2.17823807076717
1.12864463761208	0.531927255855802	1.36263422828732	2.18703847370338
1.1351648849479	0.541006399869409	1.36814847559502	2.20279367104644
1.14168513228371	0.544067868321565	1.37755463186204	2.21467464920913
1.14820537961953	0.549958072926016	1.38738769793515	2.22437317081018
1.15472562695534	0.560762115499403	1.39518191190093	2.23932864162411
1.16124587429115	0.567679889570394	1.4029846060059	2.23996123151137
1.16776612162697	0.57415076144686	1.41537285589796	2.25919387427909
1.17428636896278	0.580309107321087	1.42224934267535	2.26656528862923
1.1808066162986	0.591344650016888	1.43123222599744	2.27654659691814
1.18732686363441	0.592117824298057	1.43952018873782	2.29525033524476
1.19384711097022	0.596898855158701	1.44552770896892	2.29848868673064
1.20036735830604	0.592302736937164	1.45348306129709	2.32280439882928
1.20688760564185	0.617094948156449	1.46726399162666	2.3303465646694
1.21340785297767	0.609458369723037	1.47414729320429	2.33386116490574
1.21992810031348	0.622973806128079	1.48316886102915	2.34693593567167
1.22644834764929	0.631488828921589	1.49140734875064	2.36409569805408
1.23296859498511	0.635074005419993	1.49998645136213	2.37344201754755
1.23948884232092	0.641114588522447	1.50831929681524	2.38607559975729
1.24600908965674	0.655032497400099	1.51839955560416	2.39718557725003
1.25252933699255	0.662123345470394	1.52439072429182	2.39517988459194
1.25904958432836	0.658310164291006	1.5382669511772	2.42316397075219
1.26556983166418	0.668302660918976	1.54515079975963	2.42762121693261
1.27209007899999	0.673958816153937	1.55383326418873	2.43761711123477
1.27861032633581	0.688588301581537	1.56542730790428	2.4530052806325
1.28513057367162	0.692345801715716	1.57197001431126	2.46333835105387
1.29165082100743	0.700869420755205	1.57929807916565	2.47235269468752
1.29817106834325	0.703444729896028	1.59224459266684	2.47771247456239
1.30469131567906	0.694310364636078	1.59515518699431	2.48526589039544
1.31121156301488	0.720531098597167	1.60837707988924	2.50484510315986
1.31773181035069	0.72472703102302	1.61616909996784	2.51345167608194
1.3242520576865	0.723307307154713	1.62358043237197	2.52131007573925
1.33077230502232	0.723389399889439	1.63356600753366	2.53235953808359
1.33729255235813	0.746505381706139	1.64073237740013	2.55407978271862
1.34381279969395	0.751323897394809	1.64744841075639	2.56250889709226
1.35033304702976	0.756207381226619	1.6606905721707	2.58203475059547
1.35685329436557	0.767154012148884	1.67093945006556	2.58373141703364
1.36337354170139	0.771552045044833	1.67733804556016	2.59616026253483
1.3698937890372	0.764974012785532	1.68538825758836	2.60693101431542
1.37641403637302	0.77712398992241	1.69407692432671	2.6100916175062
1.38293428370883	0.786087179304545	1.70276174267246	2.63166572978149
1.38945453104464	0.780632833807368	1.70792143964951	2.63158662879923
1.39597477838046	0.795486482003564	1.7213303360018	2.64448236137996
1.40249502571627	0.802871570669938	1.72663469969078	2.65797787647911
1.40901527305209	0.811690873444354	1.73883640575972	2.67407435339639
1.4155355203879	0.812231459725362	1.74679777453181	2.67988276679816
1.42205576772371	0.817500758901262	1.7566205405425	2.69259792901715
1.42857601505953	0.82400631232653	1.7648603759277	2.70079748526596
1.43509626239534	0.836310346037851	1.77445077497536	2.71476281512974
1.44161650973116	0.831517511406278	1.78097301831251	2.7358141048727
1.44813675706697	0.84287713271824	1.79061859269141	2.73944886439202
1.45465700440278	0.84709645010644	1.80207770400524	2.76104779121644
1.4611772517386	0.855741991105039	1.81111293465384	2.7587018068048
1.46769749907441	0.866375542224249	1.81823663948565	2.76222773640668
1.47421774641023	0.870404421511163	1.82832480810087	2.77523241100123
1.48073799374604	0.880826170701582	1.83658026224764	2.79459186141094
1.48725824108186	0.876778087510492	1.84269120653958	2.80296089881629
1.49377848841767	0.890577211990664	1.85063539935287	2.82173773531964
1.50029873575348	0.890398477303455	1.86364659718443	2.83762219759488
1.5068189830893	0.9019162215473	1.87203567872144	2.84476228857873
1.51333923042511	0.90901435631352	1.875737377833	2.85245712231307
1.51985947776093	0.908401169682917	1.8885711020951	2.86595000311744
1.52637972509674	0.918628369218162	1.89626412275002	2.87645223414118
1.53289997243255	0.926216202392256	1.90645421117461	2.88795320472322
1.53942021976837	0.931975455707085	1.91434060342145	2.90109671811849
1.54594046710418	0.931067619907793	1.92042659545962	2.90106209580745
1.55246071444	0.952184467797014	1.93096795614305	2.9236542035203
1.55898096177581	0.957090467215036	1.94247274586989	2.92876188233913
1.56550120911162	0.961300290848385	1.95133428498036	2.94152784711289
1.57202145644744	0.966107015914904	1.95783989865192	2.95509097378074
1.57854170378325	0.978146825874825	1.96831839754917	2.96421988989892
1.58506195111907	0.981188867125042	1.97680604069086	2.97897705569511
1.59158219845488	0.985894657272309	1.98593902092222	2.98740506355968
1.59810244579069	0.990620259726678	1.99636572872177	2.99698635065898
1.60462269312651	0.995090184739891	2.00147913521254	3.00886916041847
1.61114294046232	0.998895809810669	2.00944589687882	3.01438738008598
1.61766318779814	1.00862793233587	2.01830531721604	3.02686860858124
1.62418343513395	1.0225183152446	2.03347894691077	3.04610945628618
1.63070368246976	1.03108302476134	2.03290307885345	3.05447812356851
1.63722392980558	1.01889250177326	2.04694428566646	3.06725389602021
1.64374417714139	1.03515083722697	2.05310628470795	3.07519297396667
1.65026442447721	1.04203333865809	2.06383259367633	3.09344241641533
1.65678467181302	1.04243471857975	2.07357689163415	3.09046024648873
1.66330491914883	1.04382113942385	2.08268523931213	3.12441309183194
1.66982516648465	1.05120973865552	2.08887158012088	3.12385529024588
1.67634541382046	1.06934650485093	2.09784171770177	3.13821419437251
1.68286566115628	1.0734374510194	2.10544384324321	3.14393029635965
1.68938590849209	1.06459361453574	2.12169101385032	3.15694853577882
1.6959061558279	1.08303187242409	2.12315582424089	3.16324768434133
1.70242640316372	1.08561748727528	2.13305147769318	3.18195402263163
1.70894665049953	1.09787037439882	2.14497829443035	3.18798877477976
1.71546689783535	1.10104182564528	2.15109971487234	3.21399553739768
1.72198714517116	1.11224237308349	2.16464860093002	3.2239302172452
1.72850739250697	1.10038335732126	2.16678760189046	3.23672835902217
1.73502763984279	1.12227652588438	2.17612089061479	3.24030096938313
1.7415478871786	1.13187507335292	2.18650771880882	3.25235278289514
1.74806813451442	1.13327939479401	2.19613813325657	3.26857845461335
1.75458838185023	1.13380005700749	2.20460816374987	3.27409423707982
1.76110862918605	1.15402712974888	2.21531979097332	3.28762790878387
1.76762887652186	1.15278634830419	2.21884636158729	3.29877515664938
1.77414912385767	1.16365666118792	2.22861305802534	3.30818072870256
1.78066937119349	1.16148362225899	2.24103283117185	3.32270235688738
1.7871896185293	1.17803477795377	2.25197956315302	3.32762328019458
1.79370986586512	1.17352908057495	2.25470871352965	3.34697836831074
1.80023011320093	1.18726740872978	2.26617569822251	3.34964796877204
1.80675036053674	1.18017214705969	2.27723824525588	3.3596273449394
1.81327060787256	1.18329129923213	2.28603873522435	3.37106331005098
1.81979085520837	1.20129607847612	2.29129951419119	3.38547440806192
1.82631110254419	1.20689923819444	2.3019887071593	3.40009395272823
1.83283134988	1.20609596365668	2.30783022410987	3.41126541352782
1.83935159721581	1.21904910194649	2.31778795303135	3.41377218819823
1.84587184455163	1.22282704337351	2.32149854934975	3.44843020182372
1.85239209188744	1.23455585586752	2.33572119018378	3.44329202290608
1.85891233922326	1.22845871200411	2.34414621296801	3.45955889455997
1.86543258655907	1.23813538256939	2.35604023696527	3.47646957124642
1.87195283389488	1.25496964481051	2.36155315038821	3.4881712471046
1.8784730812307	1.24291677541055	2.37351357790025	3.49115354407623
1.88499332856651	1.25260893715885	2.37930265458313	3.50633891158685
1.89151357590233	1.27207601868589	2.38453630480891	3.51949413984535
1.89803382323814	1.27921429505681	2.3968525425447	3.52843687511697
1.90455407057395	1.27593748662888	2.40745027037097	3.54322883303718
1.91107431790977	1.28198820954178	2.41168163602554	3.55806185045033
1.91759456524558	1.28700264308548	2.42739544467242	3.55790973765904
1.9241148125814	1.30039749151988	2.43243170281797	3.56399728568293
1.93063505991721	1.31120381218039	2.44364952241157	3.58854792023537
1.93715530725302	1.30043253176553	2.44946614658875	3.59472509589531
1.94367555458884	1.3144424728679	2.46171891825231	3.60405947983036
1.95019580192465	1.32264267798511	2.47107818249106	3.61469606181369
1.95671604926047	1.33865444339857	2.47712349748118	3.63019873365546
1.96323629659628	1.33270522849007	2.48411395805398	3.64228474241205
1.96975654393209	1.33240356684823	2.49313331972267	3.6456851590508
1.97627679126791	1.34984289505705	2.50246867205548	3.66791014328354
1.98279703860372	1.34536795728043	2.51298153857023	3.67693452286702
1.98931728593954	1.36258529549143	2.52343525534804	3.68480407256046
1.99583753327535	1.36205022533349	2.52574171648287	3.69068682647099
2.00235778061116	1.37002426938483	2.53648470849418	3.70771953178981
2.00887802794698	1.3718048332239	2.54542977867624	3.73525068173577
2.01539827528279	1.3766551847969	2.55837682336096	3.73938779909164
2.02191852261861	1.38990476194333	2.5690122703923	3.75955892210051
2.02843876995442	1.3959540317183	2.57537861735689	3.75257147467089
2.03495901729024	1.39674732686756	2.58477240880429	3.76743189304159
2.04147926462605	1.3988428792573	2.59200749747298	3.77719338425685
2.04799951196186	1.40157620146172	2.59956764406576	3.79766257683353
2.05451975929768	1.41853177955147	2.60653850262783	3.81632783775025
2.06104000663349	1.42433990928332	2.61582928912005	3.82582900537974
2.06756025396931	1.43566252462745	2.62705274856792	3.836433636722
2.07408050130512	1.4347485984211	2.63757327884562	3.83852023862181
2.08060074864093	1.44468926384535	2.64161402426193	3.85934675543745
2.08712099597675	1.44467886297366	2.65550558598955	3.85499906543825
2.09364124331256	1.45052738947878	2.66160997995463	3.8746744155334
2.10016149064838	1.45905757618949	2.66961461750593	3.88876115211605
2.10668173798419	1.46945092902035	2.6766133583895	3.90560193946296
2.11320198532	1.47156449631331	2.68639603025433	3.90923736860095
2.11972223265582	1.47868676040288	2.69615158739189	3.91268127818734
2.12624247999163	1.48583510989936	2.70340238092008	3.93221277862053
2.13276272732745	1.49604289666353	2.71387359645028	3.94211800358235
2.13928297466326	1.49877842646757	2.72175935457675	3.95228081104265
2.14580322199907	1.49284373070431	2.73286086199037	3.96845178501202
2.15232346933489	1.50841392718639	2.74227016011525	3.97760023505526
2.1588437166707	1.51131380964773	2.75010317241031	3.9976665423873
2.16536396400652	1.51595253595738	2.75682147560841	4.00991308145806
2.17188421134233	1.513772910911	2.76732789697537	4.0155320545811
2.17840445867814	1.54030363598275	2.77226791195416	4.03478309123499
2.18492470601396	1.53988842127499	2.78576531964418	4.03701516233219
2.19144495334977	1.55437818003936	2.79331959293575	4.05601854389809
2.19796520068559	1.54449955293472	2.79997039121553	4.0618940655747
2.2044854480214	1.55534414752468	2.80990338612678	4.06366699346352
2.21100569535721	1.55033366155355	2.81776822562597	4.08047377503081
2.21752594269303	1.55440398769767	2.8231793220566	4.09370324992206
2.22404619002884	1.57092709973467	2.83852022847108	4.11300656860419
2.23056643736466	1.59354279680424	2.84513348373989	4.12710432482531
2.23708668470047	1.5851107306029	2.86134715388799	4.1242655559433
2.24360693203628	1.58704849568332	2.86202717533441	4.13651758580823
2.2501271793721	1.5994294665446	2.86966214229394	4.14877669455769
2.25664742670791	1.60435359412807	2.87910430834991	4.16957718289976
2.26316767404373	1.60457727096715	2.89145969103312	4.17718357494565
2.26968792137954	1.61279756725498	2.89606086225068	4.18507215832974
2.27620816871535	1.61617924221479	2.91048412645055	4.20226410668488
2.28272841605117	1.61809785933478	2.91733841230235	4.21318031993532
2.28924866338698	1.62902233549048	2.92366787122416	4.2296098942959
2.2957689107228	1.62599478381197	2.93621524472648	4.2489919912972
2.30228915805861	1.63719456428037	2.94223634943088	4.24119162083228
2.30880940539443	1.65069176030817	2.95144214539571	4.25709208996751
2.31532965273024	1.66066778578315	2.95910733923334	4.27024301139807
2.32184990006605	1.67154828283307	2.9672877159138	4.27112326778469
2.32837014740187	1.65391177134441	2.97669646852091	4.30334595298183
2.33489039473768	1.66886650698179	2.98574177621769	4.30292518898172
2.3414106420735	1.67095920025923	2.99424255170213	4.32610855236722
2.34793088940931	1.69665691919104	3.00558347074916	4.33613518987118
2.35445113674512	1.7047729788345	3.01346578246981	4.33210477400933
2.36097138408094	1.69868717911834	3.02180281033983	4.35761831204149
2.36749163141675	1.70242924149995	3.02788571437682	4.36092446459625
2.37401187875257	1.71671807204861	3.03782714459223	4.38629106817108
2.38053212608838	1.70724471901853	3.04642555101175	4.38728683597396
2.38705237342419	1.72355828560007	3.05572978418704	4.39377343659248
2.39357262076001	1.7304080377342	3.06773143883548	4.41364639321736
2.40009286809582	1.74013581109603	3.07590864048676	4.43166827646826
2.40661311543164	1.74716832822242	3.08489701265607	4.42575418802568
2.41313336276745	1.75022922576364	3.09342922097133	4.44527587339605
2.41965361010326	1.75597940521479	3.10231470981003	4.4543220105158
2.42617385743908	1.75533495421887	3.10627366691033	4.46297288110493
2.43269410477489	1.76648070655183	3.12031811046486	4.47537758901013
2.43921435211071	1.77088238201391	3.12423876290055	4.48977401646038
2.44573459944652	1.77657046557249	3.13496525882839	4.50386900613202
2.45225484678233	1.78390318351637	3.14514094103117	4.51673832000362
2.45877509411815	1.79487934679033	3.14915630490202	4.53195100081691
2.46529534145396	1.77803703334336	3.15983606370204	4.54673080824319
2.47181558878978	1.81253367511725	3.17377738525843	4.53961682192656
2.47833583612559	1.79285177025543	3.18219026894634	4.55988100632018
2.4848560834614	1.82102479617017	3.18815654092799	4.57519604823119
2.49137633079722	1.82343132048275	3.19779542412088	4.58834913351363
2.49789657813303	1.82296403916602	3.20581184906369	4.59381289067739
2.50441682546885	1.8270292822456	3.21537499400031	4.60294958254997
2.51093707280466	1.83543787347793	3.22550245833249	4.61626228897863
2.51745732014047	1.84672815727742	3.23323443280387	4.63735383932463
2.52397756747629	1.83704373043427	3.23850150369408	4.65154762657142
2.5304978148121	1.84270187829609	3.25201055249341	4.65324071074209
2.53701806214792	1.85297424043499	3.25502222451396	4.67178528701247
2.54353830948373	1.87473915830049	3.26477088291808	4.67132323802988
2.55005855681954	1.86704787021659	3.27519497822005	4.68679110457253
2.55657880415536	1.86648157412671	3.28491316992255	4.69019829351796
2.56309905149117	1.88820044067889	3.29680208642963	4.71350765436849
2.56961929882699	1.89304782248791	3.30061077061012	4.72495903323825
2.5761395461628	1.89451178305662	3.31519368054462	4.7410992039542
2.58265979349862	1.88985865808446	3.32465080895294	4.75915924162902
2.58918004083443	1.90561976822432	3.3281262990739	4.77210456510461
2.59570028817024	1.91390711286078	3.33798185803966	4.76292058660242
2.60222053550606	1.91955246912694	3.34956122934028	4.78909691889101
2.60874078284187	1.91933688106705	3.35606027772587	4.80322956892117
2.61526103017769	1.92777909642181	3.36479265932971	4.8030904781233
2.6217812775135	1.9407558570021	3.37182593696618	4.8232495526656
2.62830152484931	1.93997497710302	3.38231529496478	4.8479620816637
2.63482177218513	1.94569026008471	3.39038684201033	4.86227980696524
2.64134201952094	1.94931989387087	3.39686794251457	4.86036103105654
2.64786226685676	1.95312613101648	3.41409293851186	4.87665259865114
2.65438251419257	1.97317896127731	3.41402254115641	4.88540221015839
2.66090276152838	1.96916095107587	3.42530641170019	4.8882701784289
2.6674230088642	1.98201871107899	3.43581138331675	4.91131077634693
2.67394325620001	1.97636161623715	3.44316964247277	4.92353584018082
2.68046350353583	1.99368584311601	3.45231923011707	4.9257406411735
2.68698375087164	2.00592211343649	3.46109908423819	4.94604659625496
2.69350399820745	1.99036519001309	3.46592122572706	4.95403354686001
2.70002424554327	2.00671145600448	3.4789578398288	4.97207699806235
2.70654449287908	2.01061564355649	3.48786621314526	4.98046189626448
2.7130647402149	2.0318619957231	3.49966043774439	4.98908646661541
2.71958498755071	2.03272043948023	3.50285848599271	5.00097693180488
2.72610523488652	2.02884545948957	3.51850146550465	5.01110407751491
2.73262548222234	2.03690728459816	3.52757499373608	5.02581340949743
2.73914572955815	2.03612297642093	3.53342923485508	5.01872885007233
2.74566597689397	2.0399438283995	3.53914581446217	5.0479133395897
2.75218622422978	2.04417100685407	3.54886608204394	5.04263452484452
2.75870647156559	2.0592605677006	3.56191410725118	5.06245314079624
2.76522671890141	2.07085389943732	3.56990096699369	5.0814482819531
2.77174696623722	2.07545843699031	3.57310081550969	5.0954785999542
2.77826721357304	2.05035153691802	3.58118491824975	5.09454415801436
2.78478746090885	2.08620610749216	3.59138886172093	5.12242884749642
2.79130770824466	2.08399609297099	3.60539402050716	5.12612113410417
2.79782795558048	2.08828167228941	3.61003948923827	5.14246928175538
2.80434820291629	2.09497649373674	3.61629124758873	5.15171401104223
2.81086845025211	2.10730342120642	3.63022825137136	5.16464369773258
2.81738869758792	2.11388278582569	3.63873491715595	5.1643226213031
2.82390894492373	2.10276789810883	3.64873370302684	5.18439486505471
2.83042919225955	2.11357862332725	3.65249414936822	5.19951966108423
2.83694943959536	2.13451943759457	3.66460075794021	5.20319016055948
2.84346968693118	2.14268651908091	3.67114501126908	5.22441298035372
2.84998993426699	2.13569630914702	3.67734186086219	5.22946067672753
2.85651018160281	2.14950181721429	3.68853501458965	5.24831592373712
2.86303042893862	2.15397868591948	3.69804818164675	5.26366448833247
2.86955067627443	2.15772324375058	3.70553849009156	5.27277931359131
2.87607092361025	2.15663879771803	3.71520523059441	5.27261955772197
2.88259117094606	2.17488732122741	3.72333956985636	5.29646766572754
2.88911141828188	2.16252445229195	3.72908986386572	5.29532519285012
2.89563166561769	2.18311290235086	3.74276169464519	5.3325067203268
2.9021519129535	2.16872507837772	3.74870092930295	5.32344092404416
2.90867216028932	2.18206659146188	3.75771250512629	5.33828978929349
2.91519240762513	2.20478673170635	3.76611445501739	5.3569805708132
2.92171265496095	2.19607868859045	3.77625432639277	5.36832134266817
2.92823290229676	2.20822013168217	3.79157718040091	5.38856857380789
2.93475314963257	2.21460944973556	3.79775015475282	5.38141230085123
2.94127339696839	2.23230272345787	3.80462656253488	5.39882349027809
2.9477936443042	2.22300157603057	3.81482560708035	5.40950642851278
2.95431389164002	2.24256305557924	3.82190319576536	5.42273749183147
2.96083413897583	2.23886156934238	3.8299547888245	5.42715479440687
2.96735438631164	2.24558117804115	3.83648804319705	5.44585598181111
2.97387463364746	2.24720766087191	3.84992463638142	5.46313713600011
2.98039488098327	2.24762769094692	3.8575835656459	5.47966374195966
2.98691512831909	2.26539885796242	3.86990868386554	5.48455036086107
2.9934353756549	2.2657517470095	3.87372745965439	5.49606401663882
2.99995562299071	2.27399598053251	3.88540675216035	5.51664658390848
3.00647587032653	2.27157826851079	3.88984022341058	5.50949335044584
3.01299611766234	2.29295721063136	3.89753383623732	5.52684252486438
3.01951636499816	2.29057551852419	3.90504510535833	5.52824993742927
3.02603661233397	2.29636469001602	3.9170003411942	5.55088877732791
3.03255685966978	2.30025807178955	3.92576687081502	5.56174721228638
3.0390771070056	2.30192854188492	3.93817442241761	5.57653077442802
3.04559735434141	2.30935058530905	3.9465350725294	5.59132243933614
3.05211760167723	2.30909109608791	3.95536008735433	5.59014731324665
3.05863784901304	2.32862146931271	3.95836392537849	5.61652563676843
3.06515809634885	2.32417908943687	3.96885509964567	5.62457409036124
3.07167834368467	2.33287123404411	3.97856361726145	5.63634286096513
3.07819859102048	2.35005795985735	3.99067848826224	5.64851981086839
3.0847188383563	2.34994286060021	3.99501040263264	5.66249444346385
3.09123908569211	2.37226919181139	4.00440820751373	5.66045891836234
3.09775933302792	2.35654057905749	4.01456154485437	5.69156785725984
3.10427958036374	2.3610120011183	4.02101813923383	5.69608481456382
3.11079982769955	2.39348644805689	4.03004486108627	5.69744462171356
3.11732007503537	2.3740178428837	4.0426089129781	5.7221452752186
3.12384032237118	2.38141647835679	4.04554631636478	5.73984045116516
3.130360569707	2.38703904709087	4.06123870386319	5.73755299948706
3.13688081704281	2.39759156383052	4.06911627564517	5.76400836486031
3.14340106437862	2.38904885840498	4.07886669558784	5.76507604437529
3.14992131171444	2.40926548901096	4.08591603290664	5.77944125161179
3.15644155905025	2.40459889161647	4.09869222823859	5.80140712985259
3.16296180638607	2.42286705794155	4.10286712419499	5.80928843459756
3.16948205372188	2.42244479646254	4.11540428175287	5.79847412005909
3.17600230105769	2.42160646520156	4.11701125958202	5.82842582738156
3.18252254839351	2.43350565536179	4.13293884702434	5.83982489750717
3.18904279572932	2.4295730133096	4.14070288292858	5.85111783140808
3.19556304306514	2.44011528648375	4.14894880427084	5.86245006065139
3.20208329040095	2.45530889502072	4.15330059512161	5.88078128125076
3.20860353773676	2.45523584977191	4.16626661236043	5.88136033456018
3.21512378507258	2.45954493286263	4.17185192594265	5.90051001823624
3.22164403240839	2.47019646271886	4.18289861547113	5.90036241871315
3.22816427974421	2.47146065438821	4.19035490189398	5.92315953814241
3.23468452708002	2.47100944693131	4.20528425889014	5.94061442078985
3.24120477441583	2.48679089136123	4.20205665402852	5.93476630919593
3.24772502175165	2.49724655647844	4.22066906687506	5.95430717219083
3.25424526908746	2.50709968096936	4.22713447673921	5.9759240472018
3.26076551642328	2.49370248419993	4.23630818392539	5.98918220023343
3.26728576375909	2.50955384496701	4.24082944426093	6.00697205358052
3.2738060110949	2.51717681901288	4.25128300432126	5.99505734993466
3.28032625843072	2.53045934105053	4.26386791209111	6.03567350818606
3.28684650576653	2.52307421036232	4.2744996371457	6.02805232565587
3.29336675310235	2.54103270986688	4.27772779681562	6.06531010280213
3.29988700043816	2.53663259109915	4.28939952853289	6.0513792964347
3.30640724777397	2.53856249496288	4.29865948027996	6.0568009584545
3.31292749510979	2.56221543304316	4.3105585962972	6.06765263827424
3.3194477424456	2.54522122830974	4.3143565528686	6.08301880273935
3.32596798978142	2.57922306152194	4.32244369172114	6.09439957293335
3.33248823711723	2.55290556109574	4.33250976740128	6.11060413357974
3.33900848445304	2.57153128774644	4.34217228946473	6.1125980602343
3.34552873178886	2.55537497002523	4.34810410112685	6.12730108569689
3.35204897912467	2.58928845149236	4.36146396643475	6.14136747740475
3.35856922646049	2.57898683657444	4.36517328686473	6.15054263109657
3.3650894737963	2.59823852073005	4.37797842748825	6.17266631287233
3.37160972113211	2.60361056618565	4.3841122098826	6.18304057629891
3.37812996846793	2.59852217562466	4.39237920581713	6.19932246561547
3.38465021580374	2.60913435781455	4.40042754898911	6.21503291500555
3.39117046313956	2.62014984451248	4.40967132454612	6.22091360828706
3.39769071047537	2.62961625634058	4.41520275038268	6.23557320458548
3.40421095781119	2.63226170066606	4.43291632586254	6.23909498534002
3.410731205147	2.63371790676308	4.43195069117014	6.26444668597347
3.41725145248281	2.64756170209198	4.44108418251369	6.27099242202916
3.42377169981863	2.64071142732101	4.45771104264813	6.27093170399015
3.43029194715444	2.6479852675575	4.46746901782073	6.29141665033081
3.43681219449026	2.6516950456644	4.47342039391049	6.30276982462694
3.44333244182607	2.65626412167552	4.48279862546503	6.31252920458093
3.44985268916188	2.67530787109716	4.48351474282177	6.32695422835797
3.4563729364977	2.67266658077981	4.49962917572357	6.32988499651393
3.46289318383351	2.67457888586541	4.50446229856572	6.33357254313713
3.46941343116933	2.69024461587082	4.51923490203531	6.35272700932842
3.47593367850514	2.69026431867315	4.52851999218393	6.37641928524932
3.48245392584095	2.70477019848191	4.53429688466098	6.38620551114384
3.48897417317677	2.70941062610276	4.54544105002955	6.40273891519118
3.49549442051258	2.70942571237447	4.5522593283587	6.41271729722619
3.5020146678484	2.71010448258896	4.56423376362275	6.42593574132859
3.50853491518421	2.72415535708723	4.57096682016433	6.4264218881043
3.51505516252002	2.7284066266355	4.57498956337405	6.44036449601216
3.52157540985584	2.73362510925394	4.5824219257185	6.44653392547127
3.52809565719165	2.73209301927039	4.59537713823363	6.47630558773822
3.53461590452747	2.74952345460361	4.60633610976329	6.47447844980857
3.54113615186328	2.75769072265516	4.61164998972126	6.48465981698829
3.54765639919909	2.77197825323043	4.62083590651961	6.49077281168195
3.55417664653491	2.75522503785981	4.62886436362025	6.51581096959929
3.56069689387072	2.75577207478211	4.64057229311173	6.52666592837306
3.56721714120654	2.76720431591922	4.65153754183894	6.54789655359149
3.57373738854235	2.77535224368642	4.65871892975347	6.54661448393345
3.58025763587816	2.77910296584028	4.66555943775099	6.5476298569726
3.58677788321398	2.78558418126359	4.67840506687784	6.55805775010018
3.59329813054979	2.79362860463173	4.68312966896013	6.59755230420222
3.59981837788561	2.80445833300065	4.69419035382013	6.60668213668352
3.60633862522142	2.8117398563912	4.70331755656493	6.60119790538954
3.61285887255723	2.82738357813101	4.71141130624638	6.61337347060447
3.61937911989305	2.83637577207348	4.71683235457676	6.63100311848134
3.62589936722886	2.8174927263887	4.72818665553208	6.63621626561971
3.63241961456468	2.82543237516231	4.74117325953252	6.66340329408691
3.63893986190049	2.83733970049134	4.74434740130164	6.66622719347568
3.6454601092363	2.8423704593123	4.74806118057079	6.67464180483527
3.65198035657212	2.85767219561513	4.76289777840238	6.69732543003699
3.65850060390793	2.84953516528636	4.77193967010234	6.70017991545875
3.66502085124375	2.85894514224555	4.784723218863	6.71466734030425
3.67154109857956	2.87683212502911	4.7870970872338	6.71840703574691
3.67806134591537	2.86806812828168	4.7992162818656	6.73514590437435
3.68458159325119	2.86904139367886	4.80876941606005	6.76323344637838
3.691101840587	2.87893029745116	4.81586854796298	6.76264608568136
3.69762208792282	2.8741090812434	4.82871594057868	6.76807877234539
3.70414233525863	2.89154095428454	4.83800526092558	6.78380935525293
3.71066258259445	2.89766108718075	4.84286776610077	6.79635148763092
3.71718282993026	2.90035415341313	4.85001436350712	6.81694740859324
3.72370307726607	2.91320774461513	4.86371163255964	6.81991500845684
3.73022332460189	2.91473993685088	4.86851215208902	6.83314317880966
3.7367435719377	2.9176448899898	4.87604171179999	6.84200180657362
3.74326381927352	2.92870457025014	4.89287886025668	6.84322759220605
3.74978406660933	2.94624882386531	4.89822502488259	6.87077261247152
3.75630431394514	2.93825877496371	4.90336427542537	6.88579259724988
3.76282456128096	2.94115182010278	4.91346867927782	6.91145215885344
3.76934480861677	2.94242959574505	4.91869980286	6.9162114228298
3.77586505595259	2.96304607843831	4.932610827411	6.91190707923864
3.7823853032884	2.95750897083265	4.93195791944471	6.93917235897171
3.78890555062421	2.95305109512718	4.94409227282893	6.94419333636892
3.79542579796003	2.98000780615651	4.95135027953214	6.94475685207978
3.80194604529584	2.98188118542946	4.96436899395328	6.97328360218798
3.80846629263166	2.98507589839924	4.97997391936619	6.97248241908634
3.81498653996747	2.99465573056622	4.97710543205632	6.99182194607691
3.82150678730328	2.99012151396595	4.99395764316629	7.00192348687066
3.8280270346391	3.00232620787887	4.99875003137829	7.01176986256241
3.83454728197491	3.0041759116842	5.00744704322221	7.01105037536147
3.84106752931073	3.0050501128758	5.01670388819523	7.02286486489936
3.84758777664654	3.01396098900582	5.02042558401794	7.03826094736908
3.85410802398235	3.03045666390288	5.03719761885138	7.05735954734885
3.86062827131817	3.01937775064678	5.04540016752323	7.07858543319132
3.86714851865398	3.02735183149477	5.05460006091873	7.08859877452822
3.8736687659898	3.04140493449776	5.06432659878866	7.10233072174836
3.88018901332561	3.04466214843663	5.06732346565056	7.11225130917579
3.88670926066142	3.05707755492265	5.07740752490967	7.13559118664643
3.89322950799724	3.07188265869038	5.08673512769365	7.1370984066272
3.89974975533305	3.06990704798887	5.09960540263673	7.14341959861973
3.90627000266887	3.07642754306342	5.10067756307534	7.15851211589251
3.91279025000468	3.06072457398404	5.11538620356514	7.16129437231093
3.91931049734049	3.09741361048689	5.12070589910902	7.16772086253395
3.92583074467631	3.09993136660579	5.13279515677261	7.20022176086291
3.93235099201212	3.07437207128384	5.13784755771216	7.19549276136809
3.93887123934794	3.08894416126336	5.14892127985448	7.20820974654914
3.94539148668375	3.10884374124347	5.15694491937664	7.22951076229418
3.95191173401956	3.09974681794788	5.16457239565906	7.23581269634839
3.95843198135538	3.11957451513165	5.17723445858611	7.2419934641675
3.96495222869119	3.11774966689125	5.1817980086669	7.26097617866632
3.97147247602701	3.12318228939627	5.19464562026512	7.28128564925455
3.97799272336282	3.1351728472729	5.20239755079769	7.29856908920876
3.98451297069864	3.13861258705431	5.20896537870973	7.29346328788332
3.99103321803445	3.13621749142399	5.21986099368801	7.31370592047034
3.99755346537026	3.13645256879485	5.22584707990836	7.32725467181994
4.00407371270608	3.15567435721891	5.23854985726282	7.35708654359109
4.01059396004189	3.15119965404872	5.24643788350974	7.34929015359814
4.01711420737771	3.16257410586226	5.26179166522516	7.35404544029234
4.02363445471352	3.17714240006692	5.26752060127423	7.36270098160364
4.03015470204933	3.18085603379967	5.27483908873628	7.37766493903792
4.03667494938515	3.18784365841959	5.28133548929259	7.3995171233186
4.04319519672096	3.1816537039155	5.29471654958183	7.42430793157601
4.04971544405678	3.18169152181159	5.30268659985876	7.42404568107041
4.05623569139259	3.20916865555402	5.31507230422561	7.43983209716104
4.0627559387284	3.19093904772716	5.31987688402481	7.43548818063732
4.06927618606422	3.21646419340207	5.32722886095855	7.46876859941112
4.07579643340003	3.20762883265044	5.33503428059768	7.4771050532959
4.08231668073585	3.21567503483718	5.34326880745513	7.4757905748125
4.08883692807166	3.22752976551374	5.3483881595654	7.4790009372885
4.09535717540747	3.23979794021648	5.35611614472366	7.49442506588205
4.10187742274329	3.2356849234795	5.36949664504112	7.52197746555582
4.1083976700791	3.23163193755031	5.38296425347945	7.51762474887707
4.11491791741492	3.2460808076671	5.38784197815818	7.51995966266493
4.12143816475073	3.25837202179176	5.39749768612824	7.55334946063213
4.12795841208654	3.27191618752233	5.40240640929221	7.55997498095921
4.13447865942236	3.25191404898237	5.4125351376568	7.58698299250428
4.14099890675817	3.26785913609881	5.4219588740656	7.58175593364733
4.14751915409399	3.28298266073973	5.4340277865374	7.59033535326625
4.1540394014298	3.28913612419927	5.44262670027487	7.612264403629
4.16055964876561	3.29613353616968	5.4480456799002	7.609274245359
4.16707989610143	3.28963201740887	5.45683193776287	7.63166283647259
4.17360014343724	3.30792667610401	5.4720244288065	7.64735400674599
4.18012039077306	3.2977295591702	5.47834591165842	7.65035587558516
4.18664063810887	3.31038386919344	5.48688082711663	7.69527768801563
4.19316088544469	3.30475328929135	5.49134066001247	7.69084131456954
4.1996811327805	3.31496323724325	5.49957491484445	7.6917866267991
4.20620138011631	3.31403267733454	5.51233660579907	7.69381989171697
4.21272162745213	3.3414074109664	5.51488209467005	7.7419718298588
4.21924187478794	3.32328401844784	5.52963655094637	7.71820708651599
4.22576212212375	3.36209716065108	5.53873391988359	7.74405341646341
4.23228236945957	3.34939836238235	5.54567047121329	7.75229944074123
4.23880261679538	3.36237201040095	5.54916118397022	7.77510429079704
4.2453228641312	3.37429580633451	5.56376146162015	7.77513936003707
4.25184311146701	3.37048407194841	5.57769143523919	7.78303565854271
4.25836335880282	3.37343429928306	5.5825850831167	7.81398365551845
4.26488360613864	3.38345224655222	5.58668780180444	7.807756065957
4.27140385347445	3.37315241989281	5.59364698296652	7.83359154122042
4.27792410081027	3.407608191313	5.60495869932612	7.83989527673868
4.28444434814608	3.40155441081863	5.61204514597605	7.84658678684416
4.2909645954819	3.40219607390106	5.62344167207672	7.84269469770101
4.29748484281771	3.41344699501915	5.63601053199832	7.87638483386864
4.30400509015352	3.40127335276066	5.64425214917762	7.8842816752345
4.31052533748934	3.427374747849	5.65857671954496	7.88750452780243
4.31704558482515	3.42116553390865	5.65668640765791	7.9168815010517
4.32356583216097	3.43030539184574	5.66663805484227	7.91648874974658
4.33008607949678	3.4440477971295	5.67843717490909	7.92311429343493
4.33660632683259	3.42568905090672	5.67848493409218	7.91919303440705
4.34312657416841	3.45457579984158	5.69539921207586	7.96450863609326
4.34964682150422	3.46092177562292	5.69812833654193	7.9662621388206
4.35616706884004	3.46791306654707	5.71486942680117	7.97811065945796
4.36268731617585	3.45090500574711	5.72012903202595	7.98657772743193
4.36920756351166	3.46802876148091	5.7186526992464	8.00485605780485
4.37572781084748	3.46296942246853	5.74101577761425	8.02452665966806
4.38224805818329	3.47896292041614	5.74956247131072	8.02994433164212
4.38876830551911	3.47958114360027	5.75643392784345	8.03732977592996
4.39528855285492	3.49522816529441	5.767416230692	8.0453453148211
4.40180880019073	3.50203244251235	5.77433950808656	8.06113812300686
4.40832904752655	3.51329946414373	5.78297437214732	8.06603431945661
4.41484929486236	3.50831733294124	5.79584600529563	8.06874775895307
4.42136954219818	3.512046783207	5.80286612620202	8.09748352040437
4.42788978953399	3.52392547532719	5.80768159739052	8.10956143058147
4.4344100368698	3.52212740313449	5.8165485397562	8.13571157358067
4.44093028420562	3.52856744832455	5.82648541951054	8.12565669078802
4.44745053154143	3.53468494326128	5.83411582160286	8.15159574737822
4.45397077887725	3.52629438541434	5.84263779483214	8.14787579999312
4.46049102621306	3.54091057855327	5.84945620137509	8.16979145744398
4.46701127354888	3.55679932558254	5.85941351398848	8.17658890776148
4.47353152088469	3.56894235286802	5.86948624211427	8.19863189055406
4.4800517682205	3.56407674381467	5.87721447219485	8.19701667354905
4.48657201555632	3.57726939049592	5.88620680219414	8.2186715565906
4.49309226289213	3.57328798989861	5.8987307029368	8.21812399129457
4.49961251022794	3.58326263944927	5.91030537026924	8.23362635271267
4.50613275756376	3.58352565950684	5.91467536099295	8.25916607524607
4.51265300489957	3.5932847218136	5.92306914357466	8.28411790287597
4.51917325223539	3.59070998913099	5.93512426720819	8.26584774068519
4.5256934995712	3.61875226974416	5.93846348919552	8.29032395729321
4.53221374690701	3.60515198250386	5.9483998711561	8.29585874630702
4.53873399424283	3.61218274690056	5.95598347391453	8.30224841312241
4.54525424157864	3.62162465505548	5.97130651527593	8.32651734913065
4.55177448891446	3.63136714604816	5.9722010908598	8.34421473226947
4.55829473625027	3.63603295208486	5.9931000044036	8.34847034422139
4.56481498358609	3.63545130728307	5.9892861843752	8.36030760159317
4.5713352309219	3.64759816157909	5.99606338095657	8.3826808103552
4.57785547825771	3.65132488425394	6.00709851458039	8.4004018218208
4.58437572559353	3.6613399945304	6.02129963168927	8.39991067479366
4.59089597292934	3.66846534703521	6.02433437704674	8.41495584972765
4.59741622026516	3.66702522415108	6.03606411753416	8.42430953406206
4.60393646760097	3.66933599140309	6.04648289048658	8.43455468882856
4.61045671493678	3.67102036360745	6.05457857700415	8.43592217138334
