"mitochan"	"lwrNorm"	"medNorm"	"uprNorm"
-1.90327037354145	-3.84081940922082	-2.72277813052816	-1.60994414866648
-1.89706886147604	-3.84270280512369	-2.7145736369675	-1.61416916619005
-1.89086734941062	-3.83272667715483	-2.71243480582094	-1.61206366846001
-1.88466583734521	-3.81383903002151	-2.69771751808901	-1.58869432540822
-1.87846432527979	-3.81061887400511	-2.69128646056037	-1.59172721861079
-1.87226281321438	-3.7995826974451	-2.68168804972537	-1.57327738815465
-1.86606130114897	-3.77413489846243	-2.67342375630345	-1.57390522382775
-1.85985978908355	-3.76876930130556	-2.66409701272091	-1.58818293424556
-1.85365827701814	-3.76110917028128	-2.65490051141077	-1.5642487660462
-1.84745676495273	-3.74956589966945	-2.64673420796225	-1.56888345191395
-1.84125525288731	-3.74134004425616	-2.64015420403124	-1.56077115949873
-1.8350537408219	-3.72558661054586	-2.63110539767547	-1.5493246612524
-1.82885222875648	-3.71894964939427	-2.62806558607272	-1.54267193846573
-1.82265071669107	-3.70427524392651	-2.61322931920578	-1.54666516152648
-1.81644920462566	-3.69037974987525	-2.60905832303499	-1.53729502764891
-1.81024769256024	-3.68370809997779	-2.60274729414339	-1.52295163928233
-1.80404618049483	-3.67440060676422	-2.59429193075219	-1.51367584025072
-1.79784466842942	-3.64942276785857	-2.57843784659668	-1.53075748035216
-1.791643156364	-3.64796210760251	-2.57422835238323	-1.50673764222356
-1.78544164429859	-3.63855337952209	-2.5660101806142	-1.50498942230801
-1.77924013223318	-3.6318552425914	-2.55787526218587	-1.49276770248922
-1.77303862016776	-3.62094474944916	-2.55086706878106	-1.48506316688914
-1.76683710810235	-3.5983369219809	-2.54536170877785	-1.48284640567816
-1.76063559603693	-3.59747389399287	-2.53340010778434	-1.4749482785536
-1.75443408397152	-3.58709062923816	-2.52177359437494	-1.4718930787861
-1.74823257190611	-3.56713753543319	-2.51696072951221	-1.4734656931595
-1.74203105984069	-3.56503093016631	-2.50811085323452	-1.47073767796984
-1.73582954777528	-3.54857606399021	-2.50060504874864	-1.45774672879554
-1.72962803570987	-3.53951866719304	-2.49161315254089	-1.44737584663926
-1.72342652364445	-3.52717914667519	-2.4868269428333	-1.44317956281758
-1.71722501157904	-3.513020314235	-2.47745067361023	-1.44633164327408
-1.71102349951362	-3.51299404240838	-2.46572732048503	-1.43154259224358
-1.70482198744821	-3.49878197031438	-2.45825391688607	-1.43193570055415
-1.6986204753828	-3.47044426649567	-2.44609457481658	-1.41981451906913
-1.69241896331738	-3.48375998537291	-2.44006294780953	-1.40892823937517
-1.68621745125197	-3.47286254968525	-2.43251003344582	-1.4021292642206
-1.68001593918656	-3.44856439645343	-2.42292187501062	-1.40298874424793
-1.67381442712114	-3.45113231426779	-2.41843048755813	-1.3830418213133
-1.66761291505573	-3.44393680215985	-2.41069682152019	-1.39707755396593
-1.66141140299031	-3.425821909019	-2.40594176252643	-1.37585958744715
-1.6552098909249	-3.40881748560717	-2.38853173054699	-1.37303678863161
-1.64900837885949	-3.40018543515484	-2.38548328974937	-1.3730726826128
-1.64280686679407	-3.40034286586345	-2.37506851240952	-1.3595869720164
-1.63660535472866	-3.3802124328592	-2.36248750640158	-1.35544974473359
-1.63040384266325	-3.37340033727445	-2.35910159940859	-1.35289429067432
-1.62420233059783	-3.35822311042107	-2.34962798157943	-1.35433584327299
-1.61800081853242	-3.3463806354597	-2.33893852425044	-1.34264942523038
-1.61179930646701	-3.32889699203612	-2.3338436371492	-1.34316117405499
-1.60559779440159	-3.32136838443397	-2.3215604198212	-1.32820407056383
-1.59939628233618	-3.30892320232971	-2.31818764318332	-1.33249352323735
-1.59319477027076	-3.30230854949423	-2.30555772355409	-1.32082740911166
-1.58699325820535	-3.28853636165852	-2.29784987069702	-1.31165565004917
-1.58079174613994	-3.27553666116956	-2.28834282286384	-1.30095685585648
-1.57459023407452	-3.26360018263081	-2.27998236618421	-1.30774431456177
-1.56838872200911	-3.25186801777697	-2.27443434368543	-1.28862066895952
-1.5621872099437	-3.24941781764717	-2.26761223646094	-1.28748847610843
-1.55598569787828	-3.23545400781384	-2.25667345310316	-1.29287452788298
-1.54978418581287	-3.23345128790496	-2.24511346479265	-1.28999706792135
-1.54358267374745	-3.21949232413072	-2.24095256540879	-1.27014175573977
-1.53738116168204	-3.20549958951604	-2.23098583761787	-1.27301458535095
-1.53117964961663	-3.19747895887853	-2.22256808114693	-1.26530878691548
-1.52497813755121	-3.18664618403992	-2.21557006038999	-1.26086326242986
-1.5187766254858	-3.17179066912596	-2.2088688440066	-1.25431171071891
-1.51257511342039	-3.15405577122997	-2.19649645213922	-1.24377748714734
-1.50637360135497	-3.14857076078798	-2.19050261059057	-1.23795698275135
-1.50017208928956	-3.14362601513548	-2.18446960608627	-1.23061335746955
-1.49397057722415	-3.13375781422555	-2.17423577878083	-1.22274161683119
-1.48776906515873	-3.12265555622079	-2.16769441112337	-1.21675881069119
-1.48156755309332	-3.11240593010386	-2.15806177818866	-1.21477985954294
-1.4753660410279	-3.10860693147671	-2.1499538589969	-1.20640491813424
-1.46916452896249	-3.09099464755072	-2.13653926484155	-1.1963676662413
-1.46296301689708	-3.08852319392237	-2.13136604912848	-1.19333576895358
-1.45676150483166	-3.06511347577539	-2.12136851080871	-1.18854113652248
-1.45055999276625	-3.05745216499346	-2.11533787862434	-1.18433518910398
-1.44435848070084	-3.04129636856396	-2.10785062645421	-1.18017605698074
-1.43815696863542	-3.04562727559487	-2.0988931268924	-1.16214608128422
-1.43195545657001	-3.0203303179667	-2.09249334062622	-1.15976703550959
-1.42575394450459	-3.01033243423909	-2.08150760774776	-1.15977634122222
-1.41955243243918	-3.0052528766546	-2.07589992254387	-1.14170453618862
-1.41335092037377	-2.98863855438389	-2.06624749056189	-1.15085517462412
-1.40714940830835	-2.99021848817697	-2.05922447520625	-1.14567473522673
-1.40094789624294	-2.9784281264265	-2.04983555073366	-1.14062027636142
-1.39474638417753	-2.95799622172757	-2.04005624499753	-1.13461233173232
-1.38854487211211	-2.95578619565524	-2.03105977728407	-1.12473791441687
-1.3823433600467	-2.94010370290069	-2.02443222792224	-1.11353471710388
-1.37614184798129	-2.92988500366696	-2.01232088231496	-1.1107424970568
-1.36994033591587	-2.90814032844471	-2.00815467919121	-1.10399188962662
-1.36373882385046	-2.90844644625313	-2.00416926029885	-1.09988299177738
-1.35753731178504	-2.8850066862443	-1.99097283430359	-1.09515555681793
-1.35133579971963	-2.88431110615393	-1.98075290756863	-1.08414313180232
-1.34513428765422	-2.87280528123848	-1.97338229784055	-1.0782389892495
-1.3389327755888	-2.86612892505078	-1.96288031123575	-1.07111664061559
-1.33273126352339	-2.85310201218706	-1.96013945932223	-1.05886774247688
-1.32652975145798	-2.85086777085046	-1.94707334810865	-1.04888643124182
-1.32032823939256	-2.83535055010716	-1.94028282920782	-1.05021119557013
-1.31412672732715	-2.83015696305634	-1.92822701869913	-1.04907175717507
-1.30792521526173	-2.81746618649609	-1.92186174258521	-1.04272981653392
-1.30172370319632	-2.7982685576059	-1.9156121374316	-1.02705413666505
-1.29552219113091	-2.78710360290252	-1.9075931724448	-1.03199119734798
-1.28932067906549	-2.78298137165805	-1.89721791325776	-1.03991301497086
-1.28311916700008	-2.77734899919654	-1.88856253178745	-1.01084234225904
-1.27691765493467	-2.76175707403053	-1.87870392660609	-1.0021055763805
-1.27071614286925	-2.74748116797682	-1.87036166724272	-1.00531893509829
-1.26451463080384	-2.74795706340193	-1.86539611420334	-0.990902315060142
-1.25831311873842	-2.73505771264549	-1.85777318442187	-0.992108112456057
-1.25211160667301	-2.72631970665534	-1.84598903720245	-0.984820040085336
-1.2459100946076	-2.71446586327722	-1.84036247942809	-0.988788571315375
-1.23970858254218	-2.70057461608993	-1.82902353565321	-0.972939147586019
-1.23350707047677	-2.6960914789393	-1.82389339272101	-0.962008469673606
-1.22730555841136	-2.67310974022652	-1.81640657090099	-0.948176032049115
-1.22110404634594	-2.66489926105715	-1.80665152870123	-0.954713544628438
-1.21490253428053	-2.65977595228974	-1.79709241139516	-0.947711236007544
-1.20870102221512	-2.64161614064374	-1.7886844417339	-0.937442213129024
-1.2024995101497	-2.63244666591467	-1.7835872659995	-0.927154145248164
-1.19629799808429	-2.62609199465307	-1.77575251962418	-0.923887837566495
-1.19009648601887	-2.6232250464415	-1.76268704124511	-0.919227047637724
-1.18389497395346	-2.60458480890394	-1.75306355878859	-0.92032400268493
-1.17769346188805	-2.5912936034383	-1.74780889044228	-0.91738117910216
-1.17149194982263	-2.58258377632518	-1.74087961991575	-0.899628333418912
-1.16529043775722	-2.56960725767912	-1.73165613605423	-0.89900765962981
-1.15908892569181	-2.5566736283303	-1.72523609071453	-0.893477425913918
-1.15288741362639	-2.55244193903062	-1.71297113608384	-0.88373707885296
-1.14668590156098	-2.54739693204007	-1.70221466789886	-0.882154621692172
-1.14048438949556	-2.53131963577889	-1.69550893524843	-0.871233381233712
-1.13428287743015	-2.51963610245089	-1.68810738158278	-0.868936731595618
-1.12808136536474	-2.50731146838396	-1.68104432831109	-0.856015961450103
-1.12187985329932	-2.49121801977857	-1.67483524725614	-0.850146442237112
-1.11567834123391	-2.48715921341873	-1.66433606046817	-0.846137238291249
-1.1094768291685	-2.47965823960042	-1.65613954140075	-0.836835673463347
-1.10327531710308	-2.46951333746817	-1.64920254585447	-0.826191041270053
-1.09707380503767	-2.45735201790142	-1.63773087068742	-0.82004398915041
-1.09087229297226	-2.44610503678185	-1.63387845800488	-0.830154367240131
-1.08467078090684	-2.43319031267249	-1.62320881080475	-0.819232533303933
-1.07846926884143	-2.41879205955822	-1.61473257357249	-0.803673301446501
-1.07226775677601	-2.41711297689513	-1.60245874350003	-0.806035376988328
-1.0660662447106	-2.40688148660718	-1.59605371910692	-0.798830485583192
-1.05986473264519	-2.39316202903056	-1.58643756187811	-0.782795364380926
-1.05366322057977	-2.38452079794807	-1.58353664394767	-0.777956979003716
-1.04746170851436	-2.3650708685983	-1.57218991148249	-0.785123202851035
-1.04126019644895	-2.35229136979541	-1.56402456207175	-0.775933742443979
-1.03505868438353	-2.35517816294992	-1.55232207905297	-0.764920848203948
-1.02885717231812	-2.34422679525545	-1.54618991189005	-0.7580750278412
-1.0226556602527	-2.34061342900482	-1.53726372599851	-0.75264522962713
-1.01645414818729	-2.32568217712182	-1.52613894589845	-0.748209281910627
-1.01025263612188	-2.31354869825456	-1.52463405377062	-0.738589996727467
-1.00405112405646	-2.29794412648937	-1.51524862654214	-0.740892637150704
-0.99784961199105	-2.29196903429878	-1.50490280871842	-0.730279562836147
-0.991648099925636	-2.2761117191689	-1.49937366466928	-0.714099649113713
-0.985446587860222	-2.26618046500735	-1.48781030892749	-0.713311196370469
-0.979245075794809	-2.26121657586254	-1.4826480951289	-0.708112380892042
-0.973043563729395	-2.25073863296043	-1.47276789265396	-0.702120425612933
-0.966842051663981	-2.2483703340993	-1.46278037238327	-0.696025533582564
-0.960640539598568	-2.22675495625616	-1.45339070986928	-0.685105331567267
-0.954439027533154	-2.2180950384314	-1.44443668426414	-0.68171219413992
-0.94823751546774	-2.21448920598576	-1.44046040980278	-0.670409623120042
-0.942036003402327	-2.198667892164	-1.42797058495496	-0.669380414164713
-0.935834491336913	-2.18567615386648	-1.42215084408196	-0.667037043158169
-0.929632979271499	-2.18863147908293	-1.41198093709227	-0.647170693864721
-0.923431467206086	-2.16842286013511	-1.40287181044657	-0.65144224360358
-0.917229955140672	-2.15630712366736	-1.39561427543833	-0.637210706934308
-0.911028443075258	-2.14053432610265	-1.38667897709669	-0.633474853679494
-0.904826931009844	-2.14224726343384	-1.37921683817517	-0.628928458358395
-0.898625418944431	-2.12520480242881	-1.37105237905464	-0.616090079417855
-0.892423906879017	-2.12070361254083	-1.36228917378079	-0.607155230252674
-0.886222394813603	-2.11105832688465	-1.35392988593642	-0.60878658757318
-0.88002088274819	-2.09797587789646	-1.34363645404301	-0.606282435796512
-0.873819370682776	-2.09050601768551	-1.33624721677909	-0.590588755945733
-0.867617858617362	-2.07984155342563	-1.3287845012284	-0.589224462322153
-0.861416346551949	-2.06254469328404	-1.32417323442493	-0.579238544677862
-0.855214834486535	-2.06529564025555	-1.31037108701712	-0.570754381171924
-0.849013322421121	-2.05246479885802	-1.3053120551297	-0.564507684390688
-0.842811810355708	-2.04125821733891	-1.2918754590767	-0.556728151316782
-0.836610298290294	-2.0304268874045	-1.28635320261595	-0.561360922805287
-0.83040878622488	-2.01305567141771	-1.28203554314251	-0.55374588817628
-0.824207274159467	-2.01645646619692	-1.27060356077548	-0.544356780909114
-0.818005762094053	-1.99046295762388	-1.26081383525673	-0.54012060390075
-0.811804250028639	-1.98765538550824	-1.25249468330581	-0.532079730545371
-0.805602737963225	-1.96691167177885	-1.24381930953564	-0.522214196493814
-0.799401225897812	-1.96821267104414	-1.23566560138162	-0.510115671782236
-0.793199713832398	-1.9569710605082	-1.22757603948696	-0.508570514335068
-0.786998201766984	-1.9458218994171	-1.21891570264825	-0.502760303142536
-0.780796689701571	-1.93913082909757	-1.2144271558898	-0.491179283311703
-0.774595177636157	-1.92502703453803	-1.20495819403318	-0.48476737644511
-0.768393665570743	-1.90715038362247	-1.19438542084338	-0.477250924798104
-0.76219215350533	-1.90752558100593	-1.18152025438144	-0.469297010224456
-0.755990641439916	-1.89904118164748	-1.17874644113822	-0.465651803886363
-0.749789129374502	-1.8834997291596	-1.16478946864193	-0.458644648067642
-0.743587617309089	-1.87229660344236	-1.16245135954407	-0.457160834395295
-0.737386105243675	-1.87393928850172	-1.15424466509856	-0.445944671974112
-0.731184593178261	-1.85562327415643	-1.14708072198516	-0.430198163812801
-0.724983081112847	-1.84739052725113	-1.13592135371007	-0.434280174458981
-0.718781569047434	-1.83820409159496	-1.12904184966059	-0.420002377100681
-0.71258005698202	-1.82677719303833	-1.11780412141644	-0.41919395678865
-0.706378544916606	-1.8177273887202	-1.11279243697042	-0.415947929675323
-0.700177032851193	-1.80797430491729	-1.10194290438887	-0.403795376985853
-0.693975520785779	-1.80385143042916	-1.09640091074735	-0.396789805520033
-0.687774008720365	-1.78708736576333	-1.08627382394681	-0.393129320569688
-0.681572496654952	-1.7687123769384	-1.07705315192198	-0.377851171423444
-0.675370984589538	-1.76743505469773	-1.07068112723121	-0.378221755483436
-0.669169472524124	-1.75479370988458	-1.05772874673546	-0.371380459909285
-0.66296796045871	-1.73928554285024	-1.05359277363638	-0.359414980755074
-0.656766448393297	-1.74898303587441	-1.04191806415276	-0.35664688901268
-0.650564936327883	-1.73527378008091	-1.03333934552505	-0.348288283226842
-0.644363424262469	-1.71840133537442	-1.02897546033076	-0.340651212257266
-0.638161912197056	-1.70954260321538	-1.01909219956246	-0.337856520828077
-0.631960400131642	-1.70119466145078	-1.0088313878366	-0.313406769215813
-0.625758888066228	-1.67953827411506	-0.99922552016234	-0.315840702531334
-0.619557376000815	-1.68649863552721	-0.992758391054939	-0.315714386773666
-0.613355863935401	-1.67112398162502	-0.984813435178482	-0.310200739517418
-0.607154351869987	-1.65909803979667	-0.978398194280667	-0.306015434155555
-0.600952839804574	-1.65464393518947	-0.96899527921761	-0.300063002217648
-0.59475132773916	-1.65134918441218	-0.959479616453016	-0.284633826558005
-0.588549815673746	-1.62914366894793	-0.951883758665193	-0.274791225062097
-0.582348303608333	-1.62445818352848	-0.93893790437939	-0.270718439825676
-0.576146791542919	-1.61229826015805	-0.934927421159948	-0.259915715509317
-0.569945279477505	-1.60360018599579	-0.927262632969984	-0.25413647424571
-0.563743767412092	-1.59275828138004	-0.921965120227573	-0.254925365743464
-0.557542255346678	-1.58427103488876	-0.911245017626015	-0.244784531454001
-0.551340743281264	-1.572745138858	-0.905054721521724	-0.23217373248585
-0.54513923121585	-1.57336128798388	-0.894317504091152	-0.222845960817372
-0.538937719150437	-1.55781936021013	-0.885451970084619	-0.230280467797895
-0.532736207085023	-1.54911412161931	-0.877002935721437	-0.221794386009466
-0.526534695019609	-1.53194383989388	-0.869496714909421	-0.21022184933581
-0.520333182954196	-1.52784808734884	-0.861786871976376	-0.203755692737841
-0.514131670888782	-1.5139739243418	-0.850589406189046	-0.192787900842585
-0.507930158823368	-1.50837659206682	-0.842315798609919	-0.188568013944143
-0.501728646757954	-1.49579060364969	-0.83324317702234	-0.181018018677726
-0.495527134692541	-1.48999982752133	-0.828771744198412	-0.172314014994935
-0.489325622627127	-1.48202331725884	-0.817276730463921	-0.165426886241742
-0.483124110561713	-1.46546073455764	-0.809931049164472	-0.149743365879101
-0.4769225984963	-1.45631913982341	-0.799927378591885	-0.144862367858307
-0.470721086430886	-1.4382098716386	-0.79167753919892	-0.144311411927901
-0.464519574365472	-1.43953700782194	-0.783041703389395	-0.12923087847559
-0.458318062300059	-1.42512328390525	-0.776244613071472	-0.137341854591682
-0.452116550234645	-1.42057589118099	-0.768819165278513	-0.118591887484936
-0.445915038169231	-1.41215816017616	-0.761295316440572	-0.115196655761197
-0.439713526103818	-1.40641198720131	-0.75451581032676	-0.107306054595587
-0.433512014038404	-1.39361491158622	-0.742786613890303	-0.0998866046471881
-0.42731050197299	-1.3811615168472	-0.734613971310478	-0.093383055785783
-0.421108989907577	-1.37141948876633	-0.728928303235673	-0.0813350594562621
-0.414907477842163	-1.35801546078293	-0.719567203447204	-0.0729287069263992
-0.408705965776749	-1.35433539964727	-0.71153665094911	-0.070370268175592
-0.402504453711335	-1.34366629967745	-0.704479411823198	-0.0640462897077821
-0.396302941645922	-1.3417324478009	-0.691778297332192	-0.0593852022494891
-0.390101429580508	-1.33028764706324	-0.686863792450386	-0.0388252788661713
-0.383899917515094	-1.31694252637524	-0.674798856634389	-0.037530305777096
-0.377698405449681	-1.30736487200331	-0.668829484400902	-0.0375155668479624
-0.371496893384267	-1.29621770692732	-0.658698021540922	-0.0235676668870992
-0.365295381318853	-1.29756371709005	-0.651765680742787	-0.0215492490461668
-0.35909386925344	-1.28149819161989	-0.64313664332172	-0.0225300578174582
-0.352892357188026	-1.27473092435672	-0.63696452231597	-0.000858833434306562
-0.346690845122612	-1.26304279704122	-0.626238875952392	-0.0042827253119122
-0.340489333057199	-1.25119508597847	-0.620864992213632	0.0130263989566857
-0.334287820991785	-1.24752202925064	-0.612231046524337	0.0129232673443867
-0.328086308926371	-1.24028280362031	-0.603587179750861	0.0267920353761868
-0.321884796860958	-1.22250414484059	-0.593612305947056	0.0278086856898844
-0.315683284795544	-1.21526357696514	-0.583550070479573	0.0385671598882484
-0.30948177273013	-1.21143091435284	-0.573010410555536	0.0479450527421271
-0.303280260664716	-1.20284329891774	-0.565468541757069	0.0529633266984219
-0.297078748599303	-1.19070701306164	-0.558447978727051	0.0655235242223161
-0.290877236533889	-1.18595634856444	-0.550771307738119	0.0696865661811904
-0.284675724468475	-1.17326752775951	-0.542614611300777	0.0769170514110058
-0.278474212403062	-1.15939741105908	-0.531840316818682	0.0900799833540275
-0.272272700337648	-1.15294055157497	-0.522226009265826	0.101659066498001
-0.266071188272234	-1.15417600802387	-0.51946917191755	0.111087219393213
-0.25986967620682	-1.13451725834928	-0.510286171227515	0.105393135052114
-0.253668164141407	-1.12346733552887	-0.498649347729153	0.117420790562601
-0.247466652075993	-1.12298993487083	-0.491822805348684	0.125673898033061
-0.241265140010579	-1.10744491263949	-0.484577349317115	0.135254175808821
-0.235063627945166	-1.09964586060047	-0.475336898256716	0.143197086970496
-0.228862115879752	-1.08815813765019	-0.467794418378167	0.152735834836136
-0.222660603814338	-1.08607970554265	-0.457018235531818	0.15188279359423
-0.216459091748925	-1.0735827155683	-0.451701438344043	0.160245068630353
-0.210257579683511	-1.0701458853488	-0.441392413136306	0.165725067519243
-0.204056067618097	-1.05905834051577	-0.432066521804288	0.18764715062099
-0.197854555552684	-1.04233026851352	-0.423620724696879	0.187065396001146
-0.19165304348727	-1.03650606163039	-0.417416805099393	0.195809030984956
-0.185451531421856	-1.02202517270141	-0.409106783696422	0.212299479796968
-0.179250019356443	-1.02445598837575	-0.400525967313654	0.208709463610031
-0.173048507291029	-1.00869098312456	-0.393346925041961	0.222375736869617
-0.166846995225615	-0.998568836850884	-0.382311005674939	0.233524360173106
-0.160645483160202	-0.994522052176656	-0.373500422609577	0.243257529964521
-0.154443971094788	-0.977117045405848	-0.368250018346102	0.244567773493115
-0.148242459029374	-0.967048752676763	-0.359228251713915	0.255883539002901
-0.14204094696396	-0.962919188712778	-0.34987333343127	0.26499835163106
-0.135839434898547	-0.955599815510924	-0.339566475096549	0.268691893798214
-0.129637922833133	-0.947829748233774	-0.332149300809625	0.277863976400367
-0.123436410767719	-0.938004993469779	-0.32363147564284	0.287476743269086
-0.117234898702306	-0.926196829080835	-0.312644555695349	0.29981788570458
-0.111033386636892	-0.914756446156596	-0.30887177857005	0.30586414478036
-0.104831874571478	-0.910081850833105	-0.299289194525301	0.307524738384648
-0.0986303625060645	-0.914683923943493	-0.290402983666565	0.316781949050912
-0.0924288504406507	-0.898027233430158	-0.282052071357356	0.314336481215857
-0.0862273383752372	-0.890711580031575	-0.276001513033759	0.331968600482236
-0.0800258263098235	-0.88250140066405	-0.266953697270629	0.342575371853545
-0.0738243142444097	-0.864458102134857	-0.258042633501211	0.35250361995748
-0.067622802178996	-0.862411995644596	-0.25064371707867	0.35472222582962
-0.0614212901135824	-0.854852045406574	-0.238722450136128	0.367150399925964
-0.0552197780481687	-0.841651143627878	-0.231868479204623	0.373486926943434
-0.0490182659827549	-0.829333734915685	-0.223536735754103	0.381875168634721
-0.0428167539173414	-0.826344314984945	-0.216544188177948	0.383309258375992
-0.0366152418519277	-0.821293413760991	-0.208363158242956	0.395316335923841
-0.0304137297865139	-0.804708271445565	-0.200600109482921	0.411134180886005
-0.0242122177211002	-0.800492933718428	-0.194324807403255	0.415029751548502
-0.0180107056556866	-0.790569601892418	-0.182629106523161	0.425388112964791
-0.0118091935902729	-0.789893600318009	-0.174278571969613	0.433536963707377
-0.00560768152485913	-0.781265433865501	-0.165641125509782	0.445834628560385
0.000593830540554618	-0.763485255544979	-0.157696704702704	0.445235114119614
0.00679534260596815	-0.761693985351411	-0.149066938921828	0.453246305422188
0.0129968546713819	-0.760677236517534	-0.139608797524682	0.465637406254874
0.0191983667367956	-0.73771001344656	-0.134497511716549	0.474700356944028
0.0253998788022094	-0.73277269445863	-0.123665554446284	0.484358399328373
0.0316013908676229	-0.721454132070357	-0.115073790406238	0.489590508149002
0.0378029029330367	-0.718177403871906	-0.10542517488217	0.493586334510189
0.0440044149984504	-0.711604791889255	-0.0998359068451291	0.511206853288498
0.0502059270638642	-0.705288029802689	-0.091145547064175	0.518664876716467
0.0564074391292777	-0.693850032480087	-0.0816376915551262	0.519571113263079
0.0626089511946915	-0.680652286560025	-0.0738623061468688	0.530781861044876
0.0688104632601052	-0.684429142602138	-0.064741657957817	0.548896924662021
0.075011975325519	-0.674019426201207	-0.0565627207919482	0.552892154651709
0.0812134873909325	-0.659351955456792	-0.0484565479195746	0.562766748296353
0.0874149994563462	-0.646964766328438	-0.0411384383349893	0.56475580976481
0.09361651152176	-0.645045328910246	-0.0317402403591216	0.571921283007009
0.0998180235871735	-0.636849857643222	-0.0230615606809605	0.584463284491326
0.106019535652587	-0.622533909963937	-0.0151539620023958	0.591358295303219
0.112221047718001	-0.617039510727323	-0.00683862851144192	0.605979806784285
0.118422559783415	-0.615054042071325	-0.00147421863311115	0.613662328662554
0.124624071848829	-0.608142130920235	0.00975498929742583	0.62143314133722
0.130825583914242	-0.601956942563991	0.0208951916907762	0.624698289965453
0.137027095979656	-0.59148248238804	0.0281158438606907	0.626488387431047
0.14322860804507	-0.580185000764618	0.0344805191652691	0.640530897510483
0.149430120110483	-0.570141381355121	0.044164940024004	0.661611250447912
0.155631632175897	-0.56739325547552	0.0490585420892727	0.666365643749045
0.161833144241311	-0.554659090734189	0.0597173773826778	0.685128873227006
0.168034656306724	-0.544951801656756	0.0671519258828567	0.679279255920837
0.174236168372138	-0.541243136623666	0.0742111207172816	0.690618050617137
0.180437680437552	-0.529127761570977	0.0867089446335813	0.703525686736054
0.186639192502965	-0.523036781392656	0.0928905777636728	0.703030498323301
0.192840704568379	-0.510670276139964	0.100345309634896	0.71371062250179
0.199042216633793	-0.504231058420267	0.107616854269289	0.722510640387511
0.205243728699207	-0.496815106461834	0.121511451569381	0.733091002516369
0.21144524076462	-0.495354384825485	0.123332116453368	0.75197155327069
0.217646752830034	-0.481857343507906	0.134283433012185	0.751035709935271
0.223848264895448	-0.479678189834548	0.141917331635961	0.753088809893164
0.230049776960861	-0.467566485464122	0.150938195462549	0.771250251837205
0.236251289026275	-0.46046697877258	0.16074647180358	0.77879173663102
0.242452801091689	-0.455999572933971	0.168505844146016	0.788571287975512
0.248654313157102	-0.451109381232935	0.176707229421425	0.799922994177351
0.254855825222516	-0.436985589459336	0.183275342560971	0.804312082880096
0.26105733728793	-0.428814732759346	0.193119608090253	0.812980401582893
0.267258849353343	-0.430523809938094	0.201270463823185	0.819730859564458
0.273460361418757	-0.414922898764237	0.20889641004947	0.833835236201071
0.279661873484171	-0.408289167450384	0.219621363407684	0.843803923740281
0.285863385549584	-0.401667027267366	0.227822539997291	0.847824788353856
0.292064897614998	-0.39746932925183	0.234847160507157	0.860863410001459
0.298266409680412	-0.387351439560597	0.241233469617629	0.869999320242608
0.304467921745825	-0.378807067424641	0.253508869924053	0.88119690520919
0.310669433811239	-0.372123315997157	0.260091601511211	0.883644848582204
0.316870945876653	-0.357658429162368	0.267754592464528	0.896723351655635
0.323072457942067	-0.356293930065219	0.278790683377169	0.906797600698007
0.32927397000748	-0.337476763934164	0.289134733982971	0.926774195435572
0.335475482072894	-0.338151701162061	0.293904974093074	0.923720328597192
0.341676994138308	-0.326483445900179	0.304547682998716	0.931526242254076
0.347878506203721	-0.318252372535378	0.309394939819383	0.94729209137995
0.354080018269135	-0.313292598669393	0.320008324101522	0.955405267723084
0.360281530334549	-0.309368792806487	0.328997222395578	0.959837944514066
0.366483042399962	-0.296395353630273	0.339088637786824	0.973733704021824
0.372684554465376	-0.289720361278868	0.346961255877996	0.976478356442724
0.37888606653079	-0.289197795472131	0.350589548677153	0.992036003260167
0.385087578596203	-0.280533730449201	0.3630795924839	1.00197658510678
0.391289090661617	-0.278608947682111	0.370598580799741	1.01077410533725
0.397490602727031	-0.267005747637213	0.377616733943789	1.01716079372655
0.403692114792444	-0.260406418430405	0.384859446317286	1.0276018355532
0.409893626857858	-0.244734901151476	0.39194860771252	1.03947765392043
0.416095138923272	-0.244616210290851	0.40342228991856	1.03919742380011
0.422296650988685	-0.237847360519367	0.410427675610248	1.05781554756616
0.428498163054099	-0.224331492229953	0.421117778261793	1.06743840928707
0.434699675119513	-0.220929883310153	0.427943928448513	1.07655992759939
0.440901187184927	-0.221801387270074	0.435754612575028	1.08526878051821
0.44710269925034	-0.212106261635743	0.444416948194173	1.09381897595768
0.453304211315754	-0.200892376298407	0.45182852018217	1.09505706539505
0.459505723381168	-0.1912633745263	0.461575032598351	1.11476859950903
0.465707235446581	-0.174627765257738	0.4692857165866	1.12208293821054
0.471908747511995	-0.171420644353563	0.47614050219423	1.13326000057248
0.478110259577409	-0.170093192178315	0.48594900330535	1.13964093797757
0.484311771642822	-0.159128351627245	0.495123084316227	1.15448832300725
0.490513283708236	-0.155447526040806	0.503731693910508	1.155984541187
0.49671479577365	-0.150200471360241	0.512094814593163	1.16616524164288
0.502916307839063	-0.139280727251849	0.517587382636647	1.16901142653479
0.509117819904477	-0.131174389964638	0.527277918886787	1.18795361791136
0.515319331969891	-0.118885661792278	0.537181013254868	1.19629497351968
0.521520844035305	-0.118017329983015	0.545258102329916	1.2106437445042
0.527722356100718	-0.114790342168188	0.553509526230998	1.21387643235922
0.533923868166132	-0.106114792636233	0.561041753255072	1.22048965716898
0.540125380231546	-0.0959304505140762	0.56880481119141	1.23524493444238
0.54632689229696	-0.0849670420713009	0.57639030138113	1.24952509402109
0.552528404362373	-0.0778190128708349	0.588625262059187	1.25861605971829
0.558729916427787	-0.0710886042366786	0.594304291491659	1.26282185556055
0.564931428493201	-0.0688423412284245	0.606094945974709	1.26829686382969
0.571132940558614	-0.0630729623424243	0.611038877152223	1.28501509823049
0.577334452624028	-0.0621015744824273	0.622412729323939	1.29492375896103
0.583535964689442	-0.0431869301079878	0.629854210178604	1.30114512139975
0.589737476754855	-0.037634358702864	0.639050773173651	1.31466449634385
0.595938988820269	-0.0312790582324734	0.646314309022157	1.32347565372268
0.602140500885683	-0.0248543630455894	0.652159781667318	1.34509105617487
0.608342012951097	-0.0192304615105147	0.660602058408925	1.33959447398685
0.61454352501651	-0.0146359182249494	0.668202403142532	1.34149896069569
0.620745037081924	0.000545758819641924	0.676669772128474	1.35939482355012
0.626946549147338	0.00599151038944469	0.68917165450237	1.37746944551658
0.633148061212751	0.0132772164042943	0.694734829395276	1.3759306097466
0.639349573278165	0.0138597010061974	0.703617993008104	1.37877583525829
0.645551085343579	0.0311546250665702	0.711665163993566	1.39830392171109
0.651752597408992	0.0272473117893618	0.717296737550817	1.41395768491453
0.657954109474406	0.0412959351103833	0.729938036323549	1.42343048623053
0.66415562153982	0.0467369650938459	0.737854034212125	1.42629348822471
0.670357133605233	0.0535271699228118	0.745958119358538	1.43876434522588
0.676558645670647	0.0597724560059789	0.754218426328572	1.46203694245368
0.682760157736061	0.0699203248222666	0.764136650046176	1.4537936494751
0.688961669801474	0.0682307869164657	0.771573059358269	1.47086961589392
0.695163181866888	0.0822747302004503	0.777819970855865	1.47868206152994
0.701364693932302	0.0824718391734691	0.787472544824673	1.48909053882655
0.707566205997715	0.0927622908456793	0.796531836777757	1.49826620589067
0.713767718063129	0.0968429678747669	0.804040460363424	1.51886035580669
0.719969230128543	0.107422182553229	0.809640444727719	1.5241246185901
0.726170742193957	0.118654992612032	0.821973420386446	1.53998336646111
0.73237225425937	0.122730989303768	0.829323501524854	1.53702575425782
0.738573766324784	0.128932122476672	0.83722611435775	1.54856935101573
0.744775278390198	0.130762196213143	0.844741561525419	1.56250767374039
0.750976790455611	0.143293843692838	0.852984253981394	1.56461554802912
0.757178302521025	0.143677654097554	0.865266954194099	1.58879591707959
0.763379814586439	0.149813425223924	0.872942462225598	1.59068566726161
0.769581326651852	0.164779287608394	0.879260097803177	1.60122743961765
0.775782838717266	0.171137645313584	0.886421429126442	1.61121640158724
0.78198435078268	0.178062283501354	0.897420793791179	1.62174265254192
0.788185862848093	0.183954548518123	0.906903229461639	1.62530018814109
0.794387374913507	0.186967720095425	0.912488141771855	1.6417690928056
0.800588886978921	0.195378190529863	0.921703747428371	1.65652019705658
0.806790399044334	0.196693386634622	0.929643756154303	1.6608462670983
0.812991911109748	0.199580120230222	0.937175381181808	1.67256656830078
0.819193423175162	0.199353816781668	0.947052737482901	1.68475616159476
0.825394935240575	0.214511268771312	0.952424352180477	1.6885764543748
0.831596447305989	0.227210243365375	0.964015061221279	1.70647250788277
0.837797959371403	0.225382210854863	0.974694971554899	1.70943391109688
0.843999471436817	0.244592364330839	0.980015546148869	1.7191759930772
0.85020098350223	0.23685692498829	0.985356746955805	1.73145190069337
0.856402495567644	0.255627644855486	0.996765699411475	1.74375931699046
0.862604007633058	0.251894079756318	1.00731792115766	1.75173274517148
0.868805519698471	0.267568222678094	1.0139229632696	1.75997963457037
0.875007031763885	0.267351431075856	1.02163280153217	1.77184837550308
0.881208543829299	0.287782671998879	1.03081316178453	1.7817135172273
0.887410055894712	0.293873153988017	1.04000563705964	1.78835232027149
0.893611567960126	0.283844508007069	1.05077913164247	1.80317900413194
0.89981308002554	0.293955125585889	1.05738289606938	1.81435200025795
0.906014592090953	0.309575821520476	1.0632365562847	1.82339950319186
0.912216104156367	0.313033022321536	1.07260532004567	1.83298278436603
0.918417616221781	0.319026319452713	1.07929629071509	1.83790418047606
0.924619128287195	0.323274076950584	1.08769611133011	1.86022706472784
0.930820640352608	0.333604984546949	1.09807430725153	1.87014149484222
0.937022152418022	0.344571154208392	1.1024957168145	1.87362504897083
0.943223664483436	0.360287111140413	1.11354006764335	1.88735440672843
0.94942517654885	0.345791422962179	1.12397818744399	1.89548409617139
0.955626688614263	0.360501376032437	1.13112335523678	1.90767168353961
0.961828200679677	0.363650976707456	1.13826395319015	1.91120110880021
0.968029712745091	0.366122420571584	1.14923582990987	1.92723152559048
0.974231224810504	0.373591808788162	1.15313678151008	1.93089081700914
0.980432736875918	0.390285388750596	1.162598495848	1.94461055144761
0.986634248941332	0.390592074845496	1.17372394360111	1.95766318252371
0.992835761006745	0.393949836492507	1.18065129624455	1.96366535128295
0.999037273072159	0.406479379501402	1.19084669223619	1.98861815728776
1.00523878513757	0.417119741909138	1.19897053726331	1.98289424262261
1.01144029720299	0.423039081052546	1.20549491948895	1.99956822064915
1.0176418092684	0.426602817472467	1.21644691946382	2.00893523361396
1.02384332133381	0.432713175445359	1.2236360516011	2.02288008020562
1.03004483339923	0.434616491650612	1.23319236404022	2.02510222061206
1.03624634546464	0.44098189272468	1.24145819637843	2.0458593684641
1.04244785753005	0.442108809065405	1.24878836668079	2.04470932938084
1.04864936959547	0.461114702174499	1.25726794136328	2.07065813149046
1.05485088166088	0.45592847130189	1.26314059762096	2.06964885504382
1.0610523937263	0.470035930692444	1.27261221432169	2.07643868433687
1.06725390579171	0.474621683631522	1.28230567489049	2.09762113297729
1.07345541785712	0.479294570904771	1.28924217669057	2.09618772019054
1.07965692992254	0.491746020458919	1.29520763385053	2.11363561331266
1.08585844198795	0.486642136210096	1.30689622927899	2.12731823542196
1.09205995405336	0.500067120185291	1.31272095941073	2.13298690709309
1.09826146611878	0.515475733155791	1.32592290654303	2.14510542119609
1.10446297818419	0.506411257975262	1.33417019624268	2.15467482528947
1.11066449024961	0.514835258200601	1.33699945816157	2.1657650621248
1.11686600231502	0.522707295516893	1.35034710411372	2.17027161553836
1.12306751438043	0.521555056629627	1.35548641082793	2.18746164723245
1.12926902644585	0.538720161777238	1.36260200774418	2.19750887961821
1.13547053851126	0.534141734596622	1.37525586537235	2.20714620493131
1.14167205057667	0.547198787556782	1.3797510318934	2.22210181478107
1.14787356264209	0.554501211750497	1.39072271735745	2.23408085646286
1.1540750747075	0.5598428799674	1.39603026499535	2.24507528242368
1.16027658677291	0.57036426891943	1.406624515788	2.24849650021992
1.16647809883833	0.580949209225259	1.41502491923979	2.26243992684052
1.17267961090374	0.578724886658262	1.42470505727603	2.27061791646683
1.17888112296916	0.585082395092555	1.43068749047422	2.28650475155077
1.18508263503457	0.601951546195072	1.43841583156354	2.29086721235934
1.19128414709998	0.605826442951621	1.44848685995604	2.30350895650557
1.1974856591654	0.60594122335018	1.45884739381238	2.30786568641128
1.20368717123081	0.621544323149179	1.46623178888915	2.32696070621099
1.20988868329622	0.621625639059948	1.47247803283679	2.32792268467962
1.21609019536164	0.628190866649194	1.48303714803578	2.34430397660503
1.22229170742705	0.637998323634216	1.49080668660736	2.35579074633477
1.22849321949247	0.646144460434089	1.49782285574523	2.37016231068088
1.23469473155788	0.641297860928171	1.50664203526173	2.38477207362346
1.24089624362329	0.655979783499103	1.5180148355367	2.38530135691444
1.24709775568871	0.6526167087004	1.51961232158168	2.40076793648987
1.25329926775412	0.660327284326097	1.52895304742403	2.41240348585347
1.25950077981953	0.668147498920741	1.53944502221841	2.41162600559662
1.26570229188495	0.67353499947475	1.54909715444502	2.42795874332436
1.27190380395036	0.662612593576047	1.55442290503355	2.43057106219188
1.27810531601577	0.688897720953591	1.56574273916999	2.4558144245332
1.28430682808119	0.698252449497104	1.5738271911887	2.46240573592577
1.2905083401466	0.698547748157885	1.5811797925755	2.46169811659456
1.29670985221202	0.705704766822347	1.590551301817	2.48321228834428
1.30291136427743	0.71991242421846	1.59760269817	2.49217809411227
1.30911287634284	0.717157292877928	1.60927809723655	2.50082982553693
1.31531438840826	0.727341876465866	1.61373621485456	2.51704867079871
1.32151590047367	0.730141406089522	1.62375189720615	2.516566258384
1.32771741253908	0.731282582681073	1.63391397337185	2.53305233617671
1.3339189246045	0.743055727099222	1.64102400298663	2.54339188404118
1.34012043666991	0.740018838906755	1.64603434886033	2.55772599281103
1.34632194873533	0.751520766030942	1.6596612649599	2.56759957581885
1.35252346080074	0.757520107321499	1.66480571218247	2.5704167107529
1.35872497286615	0.767890792880764	1.67359563195654	2.5901149531678
1.36492648493157	0.78266353831931	1.68257581351969	2.59218055013743
1.37112799699698	0.779137144096651	1.69102356707187	2.61112165020416
1.37732950906239	0.790626537714249	1.69863054763144	2.60781364211213
1.38353102112781	0.797321017256347	1.70735134837534	2.62741315105672
1.38973253319322	0.802159869175102	1.71211885645748	2.6467692729772
1.39593404525864	0.797890369436501	1.72642805456698	2.65471494088671
1.40213555732405	0.810370034703274	1.73258378266978	2.66813108449806
1.40833706938946	0.807687598969093	1.74210760727434	2.67487437407255
1.41453858145488	0.812715297094001	1.75249160104281	2.68316175905043
1.42074009352029	0.8241624161569	1.75444965551339	2.70018199825844
1.4269416055857	0.831292765930945	1.76482591211202	2.69668844646453
1.43314311765112	0.830876837725364	1.77603158528691	2.71668386025631
1.43934462971653	0.842238976903497	1.78401971267508	2.72773796239895
1.44554614178194	0.854382658974315	1.78825088762582	2.73323488003785
1.45174765384736	0.861724313852633	1.79582122852629	2.74731448577392
1.45794916591277	0.85705842734401	1.80648894272325	2.76356347838183
1.46415067797819	0.87171318490794	1.81827914032389	2.76692627561911
1.4703521900436	0.874832327695031	1.82661295932585	2.79503750718589
1.47655370210901	0.875777650191665	1.83242198981891	2.79602606726702
1.48275521417443	0.888152665713103	1.83781367126631	2.80468960243882
1.48895672623984	0.893853082650509	1.85037989209409	2.81531384040634
1.49515823830525	0.899821422588205	1.85490310742057	2.8263592879447
1.50135975037067	0.913964116985911	1.86477791654821	2.83466714336252
1.50756126243608	0.91127312896792	1.8754105495525	2.85007984586694
1.5137627745015	0.930187976032355	1.87931118803926	2.85868489740313
1.51996428656691	0.924406061263502	1.896010053237	2.86239084695635
1.52616579863232	0.934604565681542	1.89835478221065	2.87798746364272
1.53236731069774	0.927109940811267	1.90684958228141	2.88818897114848
1.53856882276315	0.947545576690896	1.91665178569468	2.90230427139766
1.54477033482856	0.953449983163592	1.92227583117372	2.91248531843209
1.55097184689398	0.950880744005826	1.9361697043413	2.92003944452513
1.55717335895939	0.963003374267341	1.9412950285093	2.92309405039762
1.5633748710248	0.965528838255184	1.9472363063723	2.94147511073363
1.56957638309022	0.956214630984216	1.95792947689735	2.95288140198545
1.57577789515563	0.974149938199682	1.96688737463541	2.96895952094735
1.58197940722105	0.979052376656474	1.97828186549535	2.98334137605122
1.58818091928646	0.996075324279504	1.98363955875295	2.97858904595168
1.59438243135187	0.997105974664541	1.99534379063359	2.99926924525922
1.60058394341729	0.992505096412319	1.99590622079553	3.01513212502819
1.6067854554827	1.00669154027229	2.00873897115913	3.02583912976189
1.61298696754811	1.00791611253091	2.0167808898003	3.02105857576929
1.61918847961353	1.0261372974431	2.02065938467117	3.04033184734103
1.62538999167894	1.03177298696961	2.03298863369934	3.04661822488044
1.63159150374436	1.03014340529333	2.04266471136443	3.05534153009331
1.63779301580977	1.0351809494479	2.05327761931389	3.06721362174569
1.64399452787518	1.04136590679627	2.05681390657021	3.08926616868892
1.6501960399406	1.05187963082746	2.06438108719899	3.08904720509083
1.65639755200601	1.05460935511334	2.0785085792728	3.09588537304045
1.66259906407142	1.06073846069732	2.08379375527392	3.12010830763258
1.66880057613684	1.07889239433331	2.09132919646487	3.12071753482859
1.67500208820225	1.06765009690452	2.09979167712022	3.14018956142427
1.68120360026766	1.08249433808362	2.11025648007247	3.1435065880133
1.68740511233308	1.08568523669901	2.12059338687768	3.16687029115722
1.69360662439849	1.10007481740592	2.12662913824565	3.16640523748288
1.69980813646391	1.09894193474461	2.12905968225504	3.1770342872833
1.70600964852932	1.10509642760008	2.14316763134092	3.18608471268712
1.71221116059473	1.10748571766001	2.15250271508303	3.19650019991121
1.71841267266015	1.12121500009162	2.16165499801022	3.20679301077808
1.72461418472556	1.11603160852104	2.1632953863477	3.22805698228421
1.73081569679097	1.11879391314835	2.17449251278071	3.24274042108724
1.73701720885639	1.13642327016627	2.18514596310311	3.24266614075382
1.7432187209218	1.13714235991274	2.1887652920409	3.24985190694884
1.74942023298722	1.13828006714875	2.20104688289719	3.27490665359808
1.75562174505263	1.14764120818141	2.20975893434968	3.27456437335117
1.76182325711804	1.14905129893543	2.21900549276159	3.29183874278578
1.76802476918346	1.16770659234466	2.22290850820848	3.29745154851928
1.77422628124887	1.16111083876169	2.23953121415337	3.31597268254014
1.78042779331428	1.16576157066528	2.24209950264032	3.32322165344187
1.7866293053797	1.17163568113665	2.25165878981736	3.32489442562052
1.79283081744511	1.18436021490842	2.25602650637593	3.33635359596836
1.79903232951053	1.18601698037755	2.2676099737181	3.35594549658818
1.80523384157594	1.19822727847532	2.27370348827934	3.37637538909203
1.81143535364135	1.20388808438565	2.28169946904406	3.37040510049417
1.81763686570677	1.203945340606	2.29083538198873	3.38372144495543
1.82383837777218	1.21552547780626	2.29718929802248	3.39328771222049
1.83003988983759	1.21242277592947	2.30902637555277	3.39645607032441
1.83624140190301	1.22081742941734	2.31653615081944	3.4348620025772
1.84244291396842	1.22880208086186	2.32751144352663	3.42731338998089
1.84864442603383	1.23661614489637	2.33371656028467	3.44464832241857
1.85484593809925	1.24023791306221	2.34424470627134	3.45157875546213
1.86104745016466	1.24306019852904	2.35137620416273	3.4619061569878
1.86724896223008	1.2520082031208	2.36068256976472	3.46978539807377
1.87345047429549	1.26280058045019	2.3714608905173	3.48090899301772
1.8796519863609	1.26794737338106	2.37350095410477	3.49461022487968
1.88585349842632	1.27062464755156	2.38220623424012	3.51202058055815
1.89205501049173	1.28835974344194	2.39425529246137	3.51209440497043
1.89825652255714	1.28578482315214	2.40345473206175	3.52685063258793
1.90445803462256	1.28730486304689	2.4101122157461	3.54246901459568
1.91065954668797	1.29010314058867	2.42000885644166	3.5451922412293
1.91686105875339	1.30662123224628	2.43391085725848	3.55939602992851
1.9230625708188	1.29896116043007	2.43708243468755	3.56516332268566
1.92926408288421	1.31497067692689	2.44361380807981	3.58183143801049
1.93546559494963	1.31114704861121	2.45245106595483	3.59570054179158
1.94166710701504	1.3222184069316	2.45587722014999	3.60629547563135
1.94786861908045	1.33479721820007	2.46772479871143	3.61538560419384
1.95407013114587	1.32125570267351	2.48064413300709	3.62255654446112
1.96027164321128	1.33738116981739	2.48574459658096	3.63770671147077
1.96647315527669	1.35318062140739	2.49114251244733	3.66010908703689
1.97267466734211	1.3571476327808	2.49895158804397	3.65888838892602
1.97887617940752	1.36227017235543	2.51334207887947	3.66562991071628
1.98507769147294	1.37355758858357	2.51927100178712	3.67954374877075
1.99127920353835	1.36830466014967	2.52692375781367	3.69091550993949
1.99748071560376	1.37385028985895	2.53506021540207	3.6986014603286
2.00368222766918	1.37651025950812	2.54601262951887	3.70362743732466
2.00988373973459	1.39460762612913	2.54901377735289	3.72809962334946
2.0160852518	1.38873563672611	2.55930875535067	3.73894777792415
2.02228676386542	1.39010372716085	2.56731989959539	3.75935464580001
2.02848827593083	1.39858607338725	2.57476316070387	3.75935188735978
2.03468978799625	1.41234169690274	2.58111577353172	3.77129795609908
2.04089130006166	1.41420181717063	2.59323981081316	3.77183568508417
2.04709281212707	1.4232807110874	2.60114028745484	3.78749979573362
2.05329432419249	1.42494942173235	2.6114038376355	3.79868880271544
2.0594958362579	1.4410207403746	2.62109739981392	3.80916474657436
2.06569734832331	1.44450401926403	2.62999809607089	3.82698667879491
2.07189886038873	1.45621698428854	2.63185207091333	3.83422555118101
2.07810037245414	1.43958511316429	2.64585583535692	3.83697974291789
2.08430188451955	1.45697517000087	2.65209471122897	3.86060503981788
2.09050339658497	1.45260486660727	2.665827571728	3.87119916793221
2.09670490865038	1.45163143089359	2.67153953224767	3.86758852719134
2.1029064207158	1.45765839054494	2.67947810427414	3.88602502434926
2.10910793278121	1.47216557793782	2.69076734796911	3.89112077992044
2.11530944484662	1.47659511212209	2.69623199036348	3.92243995014017
2.12151095691204	1.48869624191949	2.70665672401842	3.92187932162359
2.12771246897745	1.48727678485011	2.71195328915013	3.93326261888204
2.13391398104286	1.49590100759563	2.71983540411578	3.93615517994347
2.14011549310828	1.50282790542828	2.72610997548274	3.95958618096112
2.14631700517369	1.52429733185224	2.73507789921637	3.96980393421087
2.15251851723911	1.52947658736201	2.74483495357801	3.97610714188107
2.15872002930452	1.52646661019501	2.74990224836128	3.99827126400112
2.16492154136993	1.53735729067266	2.75771685159583	3.995604141469
2.17112305343535	1.53985983894228	2.76810288727218	4.00786511852697
2.17732456550076	1.54966899035485	2.77612727382445	4.01955823036805
2.18352607756617	1.5493088823692	2.78573561063811	4.02692290666322
2.18972758963159	1.5631671482418	2.79512358318054	4.04076165851293
2.195929101697	1.5540143058949	2.80085480451265	4.04332341206146
2.20213061376242	1.56814883528604	2.81101847455955	4.07093643826867
2.20833212582783	1.57450212607926	2.82117155937261	4.07478535344588
2.21453363789324	1.57630874899203	2.83277368415881	4.093290173477
2.22073514995866	1.57913734519196	2.83458132247057	4.11183013162266
2.22693666202407	1.58935209134822	2.84623615708284	4.11742502147923
2.23313817408948	1.58519763591947	2.85526966370489	4.12383291307175
2.2393396861549	1.60017174127615	2.86055561762063	4.13581581054506
2.24554119822031	1.59435973907362	2.87059937974848	4.14734096928008
2.25174271028573	1.61188608849517	2.88118376223414	4.14939081362075
2.25794422235114	1.6187533682505	2.88777325964586	4.15991799698463
2.26414573441655	1.62912647336748	2.89643423269789	4.17257162391857
2.27034724648197	1.63235593207642	2.90100797000789	4.17931864904473
2.27654875854738	1.63292915750878	2.91195785701187	4.20586838863209
2.28275027061279	1.63423194583266	2.92129169123834	4.2084016892155
2.28895178267821	1.64643152393757	2.92945511060569	4.23678920457778
2.29515329474362	1.65182365071652	2.93353525332469	4.22926022698128
2.30135480680903	1.65415321682699	2.94657180276884	4.24933510527693
2.30755631887445	1.65592226554927	2.95423551631593	4.25958377647997
2.31375783093986	1.66459595074922	2.96203508539582	4.25737003087293
2.31995934300528	1.68404559489097	2.97287889322574	4.26617313107659
2.32616085507069	1.68238301724062	2.97676130127084	4.28313348395317
2.3323623671361	1.68894977475075	2.99097680427669	4.29365671656215
2.33856387920152	1.69176168838256	2.99839239886536	4.30261341718907
2.34476539126693	1.69978688069394	3.00548190384755	4.31483821470071
2.35096690333234	1.69676809454783	3.00959407388976	4.33879362509594
2.35716841539776	1.70735774161387	3.02670763192661	4.3467510509496
2.36336992746317	1.71725155420811	3.030561530423	4.34760309754044
2.36957143952859	1.71945038682552	3.03678298297151	4.36434095559484
2.375772951594	1.72861448361752	3.04521635421889	4.35619192316098
2.38197446365941	1.72683803263344	3.05289440489072	4.38596357741202
2.38817597572483	1.73748355114973	3.06450419224872	4.40457957804285
2.39437748779024	1.7315175923974	3.06884306810519	4.40666554029187
2.40057899985565	1.7351344381749	3.07798751186341	4.41937648823328
2.40678051192107	1.75440906167879	3.08976832085926	4.43385906601378
2.41298202398648	1.76409089556879	3.09205631638921	4.44794749237649
2.41918353605189	1.76689060396941	3.10480777468358	4.45784726081563
2.42538504811731	1.76260896043059	3.11197200729123	4.46237170470976
2.43158656018272	1.77032599849108	3.11836970303942	4.47259979559053
2.43778807224814	1.78151348876797	3.13150399859656	4.47201023411179
2.44398958431355	1.77777652974959	3.13712092961052	4.49948420579394
2.45019109637896	1.79598472626323	3.14658238982932	4.5087033550549
2.45639260844438	1.80342707259118	3.15028334870437	4.52128847426662
2.46259412050979	1.81824353272236	3.16354921744405	4.53358250133651
2.4687956325752	1.81728748741001	3.17188074909548	4.54340292456715
2.47499714464062	1.80572893245629	3.17932437668111	4.55960583989165
2.48119865670603	1.82584096137223	3.18759523831189	4.55229721496164
2.48740016877145	1.82289635198525	3.19880999374189	4.57737558084299
2.49360168083686	1.8355999824305	3.20805505970224	4.58882169400954
2.49980319290227	1.84040947276955	3.20684155552536	4.60614863643886
2.50600470496769	1.84415556370392	3.22211979487038	4.60824394126884
2.5122062170331	1.85211717335076	3.2255993534746	4.62137610689174
2.51840772909851	1.85713654768566	3.24198552441541	4.63731973616142
2.52460924116393	1.84278910408439	3.24697749662208	4.6461509840841
2.53081075322934	1.86177789593212	3.25545934687809	4.65506189029921
2.53701226529475	1.86283976640446	3.26253323032682	4.64501168658748
2.54321377736017	1.88229484161322	3.27214115977722	4.67199910115572
2.54941528942558	1.86766172334472	3.28504326718245	4.67874782203317
2.555616801491	1.89049323522068	3.28683823282633	4.71335157476592
2.56181831355641	1.89394006022658	3.2976002054159	4.71187876219618
2.56801982562182	1.90879782301951	3.30902278167396	4.72592016044093
2.57422133768724	1.88445003176007	3.31230775523284	4.7133781415272
2.58042284975265	1.90669259209172	3.32100376872147	4.73293805885308
2.58662436181806	1.91873172775667	3.3272300317195	4.75533935293511
2.59282587388348	1.90913328288407	3.34068316446901	4.74552376346667
2.59902738594889	1.93339933027747	3.34869575376162	4.77282809021926
2.60522889801431	1.94690095780411	3.35119168138692	4.7781945058187
2.61143041007972	1.93232880993363	3.35630435976131	4.79564285365381
2.61763192214513	1.95157740440373	3.3723508659864	4.80617281319649
2.62383343421055	1.94021688210458	3.37427977984287	4.82322348121401
2.63003494627596	1.95258196085787	3.38367676144254	4.82313297476717
2.63623645834137	1.96731735844906	3.39362294006377	4.85365166002109
2.64243797040679	1.97977530988014	3.40628453385397	4.8591082711015
2.6486394824722	1.96513880574467	3.41370675890979	4.87468870582004
2.65484099453761	1.97587627234201	3.42182931488307	4.87556146018603
2.66104250660303	1.98393956227746	3.42728057739523	4.87594432884453
2.66724401866844	2.00211469591254	3.4422830502734	4.90392007041414
2.67344553073386	1.98887518124627	3.44580769460712	4.90689491102925
2.67964704279927	2.00537614935726	3.45592797471502	4.925825043605
2.68584855486468	2.0087200284762	3.46127921211134	4.93440536073756
2.6920500669301	2.00117669876578	3.47046851066427	4.94564362075559
2.69825157899551	2.02077510271046	3.48298718416331	4.95165115376847
2.70445309106092	2.02634068304343	3.49149333639142	4.95483942744435
2.71065460312634	2.03237114293707	3.49639664280258	4.97185580690085
2.71685611519175	2.03368065953511	3.5039502718945	4.98901553178907
2.72305762725717	2.04662222805199	3.51366877125435	4.98580518950073
2.72925913932258	2.03286356228319	3.52212014472764	5.00739005196738
2.73546065138799	2.04606403624914	3.52963154830562	5.02268969521794
2.74166216345341	2.04528275767925	3.53649242884083	5.03904976909492
2.74786367551882	2.05965431349373	3.54981538195476	5.05030357243304
2.75406518758423	2.06979903604091	3.55778689504413	5.04751564599516
2.76026669964965	2.06380921950546	3.56246600389554	5.0641784169783
2.76646821171506	2.08030301064428	3.57283106157674	5.08573362093449
2.77266972378047	2.07224267227638	3.58323982747711	5.08097494857521
2.77887123584589	2.07343756111295	3.59051688671006	5.10923212278078
2.7850727479113	2.10208230650977	3.59642235527292	5.11851690535397
2.79127425997672	2.09998056212699	3.60760773176271	5.11564003168072
2.79747577204213	2.1077506737825	3.613830337998	5.13141707394252
2.80367728410754	2.10759603630919	3.6191332821682	5.15109486405944
2.80987879617296	2.12351467181307	3.62669175651887	5.15470915595721
2.81608030823837	2.12440991641751	3.63512877992034	5.18123875844005
2.82228182030378	2.1246164828486	3.64789549222693	5.18345500264205
2.8284833323692	2.14967661862458	3.65306861713096	5.18478054156502
2.83468484443461	2.13971515709521	3.66480942334887	5.20409707676747
2.84088635650003	2.14992849219653	3.66981493972024	5.21700460694453
2.84708786856544	2.14576248659029	3.68329745984073	5.23214492979734
2.85328938063085	2.14292698871312	3.68552343357619	5.2261399782222
2.85949089269627	2.15583209477555	3.69869639803918	5.25142330483981
2.86569240476168	2.15930756852557	3.70822811005541	5.24395654420214
2.87189391682709	2.18161733939031	3.71531802579036	5.26359802100382
2.87809542889251	2.16688932663176	3.72307074075764	5.28085505992659
2.88429694095792	2.18776204054076	3.73313250171138	5.28300090401027
2.89049845302333	2.18787142469347	3.74085952868058	5.29077448226465
2.89669996508875	2.19665868949303	3.74813084357891	5.30767237537128
2.90290147715416	2.19420230392409	3.7546207560963	5.31921879768716
2.90910298921958	2.20759304507339	3.76456765672239	5.32427301847643
2.91530450128499	2.21196006119698	3.77227788356944	5.34585365892737
2.9215060133504	2.21162501932115	3.78079805117706	5.36772282109535
2.92770752541582	2.2224564109991	3.78902824528163	5.3603877712413
2.93390903748123	2.2306852824996	3.80015711116183	5.37965214879641
2.94011054954664	2.2321127770025	3.80741846019236	5.37911100913587
2.94631206161206	2.22538568184536	3.81394595495316	5.40433648064707
2.95251357367747	2.23398497247725	3.82525081241774	5.41747983190198
2.95871508574289	2.24572298533158	3.82687832712452	5.43055445683841
2.9649165978083	2.25397399442455	3.83771660186751	5.4286588503022
2.97111810987371	2.25544137393558	3.85000884135638	5.4436503118445
2.97731962193913	2.26466505552845	3.85981933335351	5.4614020732388
2.98352113400454	2.27543758356001	3.86318550600305	5.46046650939027
2.98972264606995	2.27376930770294	3.87662221887144	5.48447561139733
2.99592415813537	2.28648268878087	3.88049434808313	5.48042671190138
3.00212567020078	2.28401317636572	3.89434850560857	5.49910678403823
3.00832718226619	2.28478367205677	3.90130768353395	5.52029547601074
3.01452869433161	2.29314134767371	3.90257945479206	5.50870672328909
3.02073020639702	2.30839057746258	3.91331848619137	5.53126674625876
3.02693171846244	2.30849214093062	3.92635909962097	5.54608901336609
3.03313323052785	2.32123061180779	3.93158285712969	5.55457182873506
3.03933474259326	2.32206646464097	3.94247841624588	5.56065484071919
3.04553625465868	2.33137756068784	3.94765512574936	5.58244234104884
3.05173776672409	2.34059021241168	3.95762876424595	5.5970906256876
3.0579392787895	2.32820108359874	3.97085002312153	5.60544486274791
3.06414079085492	2.33685835177301	3.97610424289912	5.60703680668464
3.07034230292033	2.34793272078848	3.98174577791286	5.62849388378234
3.07654381498575	2.3406644471465	3.99124299500362	5.63879212008231
3.08274532705116	2.35977851603059	3.99884820662622	5.65755158117902
3.08894683911657	2.35241257543177	4.00633796873519	5.66252375616305
3.09514835118199	2.37568654512327	4.01905424994419	5.67383744376016
3.1013498632474	2.37229301285811	4.02753152435108	5.67466500883832
3.10755137531281	2.37963892813935	4.02956173706682	5.67724272622085
3.11375288737823	2.38246838635588	4.04399774433463	5.70489157845309
3.11995439944364	2.40642197071676	4.05315968322662	5.72102761640745
3.12615591150906	2.39006514225474	4.05863966243716	5.72377042369609
3.13235742357447	2.40135692512565	4.06714687136566	5.73034733199707
3.13855893563988	2.41042135117461	4.07137806796896	5.74793348971706
3.1447604477053	2.40653729144683	4.08412034764694	5.76462564208946
3.15096195977071	2.42922346777165	4.08974112148089	5.77585915754802
3.15716347183612	2.41590553948121	4.10068857491964	5.78876689566241
3.16336498390154	2.41915335661867	4.1110315249278	5.79398229356927
3.16956649596695	2.43266365800557	4.11640532737689	5.80639398887675
3.17576800803237	2.43564551963906	4.12276574181223	5.81947782904434
3.18196952009778	2.45238870663983	4.14022515241479	5.8173913912985
3.18817103216319	2.43434791815266	4.13820747238001	5.83109313962987
3.19437254422861	2.45054759414315	4.14694648450267	5.8462128433984
3.20057405629402	2.45786143151449	4.16106090510458	5.86127469386409
3.20677556835943	2.47532506755409	4.16607442919671	5.86717124166946
3.21297708042485	2.4670865734664	4.17765903103388	5.8706434232006
3.21917859249026	2.48335145844512	4.18529447490927	5.89141111442903
3.22538010455567	2.47165099028758	4.19338701968272	5.90276554566412
3.23158161662109	2.49112726862366	4.20607266153345	5.91976938751762
3.2377831286865	2.48043415149493	4.20906681152411	5.91395823230537
3.24398464075192	2.4970168447354	4.21639776330701	5.93434483129557
3.25018615281733	2.51568756518529	4.22224477824338	5.95461852507112
3.25638766488274	2.51155556892064	4.23380707251	5.96170866001249
3.26258917694816	2.51017425683964	4.24092186919805	5.96225667361606
3.26879068901357	2.52408521114256	4.24522124619932	5.98773669914726
3.27499220107898	2.52908899201521	4.25406714292161	5.99213283935892
3.2811937131444	2.52671703693029	4.26288917913049	5.99179306939044
3.28739522520981	2.53865309527016	4.28035810114637	6.01570389553356
3.29359673727523	2.54597145093206	4.28325539745436	6.02491643586675
3.29979824934064	2.55396682408001	4.2910362519583	6.03881469232699
3.30599976140605	2.55894834140167	4.2955271575887	6.05235692324175
3.31220127347147	2.56415679704414	4.30943249965744	6.06443434494678
3.31840278553688	2.56714908320998	4.31836999137851	6.07489067230375
3.32460429760229	2.57575449321676	4.32739239362686	6.09108932261355
3.33080580966771	2.57811172144208	4.33266939638737	6.09319497777427
3.33700732173312	2.57281477663875	4.33582328788313	6.11297027112791
3.34320883379853	2.59431651454239	4.34862484195613	6.13278132955338
3.34941034586395	2.5955260703883	4.3593252247158	6.13250338210923
3.35561185792936	2.59599001742246	4.36976947925118	6.13643829458377
3.36181336999478	2.59577502168137	4.374553890679	6.14499335650664
3.36801488206019	2.62449960682737	4.38919410673805	6.16692833118433
3.3742163941256	2.62715449265635	4.3954730772237	6.17281839274646
3.38041790619102	2.62292213165206	4.39567676417756	6.18343590182014
3.38661941825643	2.62871985792724	4.40512582468351	6.19272528163021
3.39282093032184	2.63817239821467	4.42045398966108	6.22223413013047
3.39902244238726	2.63889956777028	4.42620092507367	6.2311243825124
3.40522395445267	2.63488337998445	4.43375505064417	6.23208438679519
3.41142546651809	2.64939746116067	4.44567891889777	6.2348137983243
3.4176269785835	2.6423481492527	4.4438066834553	6.25632280438728
3.42382849064891	2.65493514515792	4.46533693261291	6.26653155843058
3.43003000271433	2.66721052841534	4.46774342768163	6.26881716035463
3.43623151477974	2.67823422937736	4.4743701525266	6.27864752743468
3.44243302684515	2.68714205025315	4.49051711348501	6.28727058595376
3.44863453891057	2.68930239986916	4.49210466257746	6.31762219702771
3.45483605097598	2.68993411974166	4.49554410626503	6.32534597743857
3.46103756304139	2.70159319015175	4.50545215296455	6.3388408470996
3.46723907510681	2.68941900811041	4.51922729086444	6.34280514807464
3.47344058717222	2.69452678188649	4.52684877564027	6.36878423274254
3.47964209923764	2.70625849330066	4.53409588203969	6.3632910094146
3.48584361130305	2.71493157490529	4.54791928444841	6.36998748905047
3.49204512336846	2.72911317918799	4.55239144442623	6.38720366766246
3.49824663543388	2.71587321123914	4.55510891783689	6.38978298397694
3.50444814749929	2.73152582434937	4.57201308206054	6.41765465458825
3.5106496595647	2.73372634902602	4.57582344570162	6.41208828717924
3.51685117163012	2.73209245295172	4.58306566114135	6.44291697434262
3.52305268369553	2.74010740570537	4.59524789114792	6.45381882803366
3.52925419576095	2.75730804676269	4.60463579280994	6.44028023097785
3.53545570782636	2.76150714874666	4.60832957732436	6.46571261082309
3.54165721989177	2.76724618706317	4.61630222967396	6.4638801757316
3.54785873195719	2.76844137138507	4.62374522044357	6.50460873812502
3.5540602440226	2.80157394401998	4.63726967958889	6.49786006444245
3.56026175608801	2.77798487711813	4.64546037755659	6.50296691221441
3.56646326815343	2.78337520205139	4.6461995591855	6.52065558518094
3.57266478021884	2.79049778577529	4.66352198764805	6.53653007573886
3.57886629228425	2.78667503697352	4.66922544743282	6.55140172008953
3.58506780434967	2.79284458461542	4.67273269863538	6.54904534062392
3.59126931641508	2.80638769939361	4.69129688921583	6.56295579507936
3.5974708284805	2.8155675756357	4.69279475888091	6.57870061673905
3.60367234054591	2.80876815740072	4.7011451426262	6.57882030349348
3.60987385261132	2.83349366194889	4.71140273674636	6.60148738245715
3.61607536467674	2.83952817514493	4.71858048899915	6.61623098301008
3.62227687674215	2.83804909702883	4.72419214115995	6.62703360247915
3.62847838880756	2.81757911031404	4.73205304073882	6.63261957076166
3.63467990087298	2.84738754339058	4.74441209172191	6.64375957893201
3.64088141293839	2.85297652141249	4.75102999876013	6.65172544523719
3.64708292500381	2.85833859448659	4.76104554239714	6.66337424487986
3.65328443706922	2.85288153228169	4.76980188619907	6.68132359159379
3.65948594913463	2.8690775706261	4.77707047659739	6.69081497433206
3.66568746120005	2.85574546412574	4.78864321407498	6.70195673927818
3.67188897326546	2.87294927841891	4.79949124139534	6.70623677421884
3.67809048533087	2.88953614424046	4.80404965305016	6.7313021530365
3.68429199739629	2.88990682184229	4.80998883603623	6.7408975112169
3.6904935094617	2.90171751210301	4.81991866693094	6.74576338243355
3.69669502152711	2.90504882245177	4.830638872862	6.77075310453331
3.70289653359253	2.91668118430829	4.83141118699165	6.78043184501138
3.70909804565794	2.91053154809552	4.84100183265193	6.79157527189272
3.71529955772336	2.91545067835679	4.84881622098987	6.79385130514395
3.72150106978877	2.91098619306509	4.86074002357521	6.8194134568307
3.72770258185418	2.91079237148374	4.86684565279505	6.80541078508976
3.7339040939196	2.92652669175263	4.88010963680241	6.82030880103846
3.74010560598501	2.94036070878232	4.88253594384729	6.85582012379224
3.74630711805042	2.94342293947656	4.89417228992823	6.86110364723513
3.75250863011584	2.93785237886604	4.90128580622641	6.85084617955078
3.75871014218125	2.94806516344052	4.91193636677131	6.87912054753511
3.76491165424667	2.95380745437808	4.91732615731668	6.87989381557494
3.77111316631208	2.96970453298902	4.93318395554941	6.89384581554537
3.77731467837749	2.96416305728493	4.94030870706474	6.90618753769223
3.78351619044291	2.9754851125623	4.95024128745872	6.92263396296247
3.78971770250832	2.97584807006262	4.95021462900667	6.916838893936
3.79591921457373	2.98993118361911	4.95676913640334	6.94285422957532
3.80212072663915	2.99450829884378	4.96911989252412	6.95585573446977
3.80832223870456	3.00525967018186	4.97539758836604	6.96157984008263
3.81452375076997	3.01228859073475	4.98726235866341	6.97096647627419
3.82072526283539	3.00550446208698	4.99423266365584	6.99604181188149
3.8269267749008	3.01655995958399	5.00222350276333	6.99358421203572
3.83312828696622	3.02470856957066	5.01156605132859	7.00699521864092
3.83932979903163	3.02207437033236	5.01699521912592	7.01694364138931
3.84553131109704	3.02480713110631	5.02600870362808	7.03128709805144
3.85173282316246	3.03863057623575	5.03442356594891	7.02515851885247
3.85793433522787	3.03608064114612	5.03584433513299	7.04586079491619
3.86413584729328	3.04289748871098	5.05231942148936	7.07016956302449
3.8703373593587	3.05085062653607	5.06117248465503	7.08781274623646
3.87653887142411	3.06148800847243	5.06733473605695	7.08958225034922
3.88274038348953	3.05189792388042	5.07513967621623	7.10439143000607
3.88894189555494	3.06634034977283	5.08624279364256	7.10487295642293
3.89514340762035	3.07540989923674	5.09951762200203	7.12804104116473
3.90134491968577	3.07109220029779	5.10092384619773	7.13089722995124
3.90754643175118	3.0854677591512	5.10772033365778	7.15279917940379
3.91374794381659	3.07968790955231	5.12234079016203	7.1507050038894
3.91994945588201	3.09496443995728	5.12526294708308	7.16610538896589
3.92615096794742	3.11224028170338	5.1361699580276	7.17725866796624
3.93235248001284	3.11288079632466	5.14359097959033	7.19664867632697
3.93855399207825	3.11657880171946	5.14812773342689	7.20711204851056
3.94475550414366	3.13009400866411	5.16197066924502	7.20516678738284
3.95095701620908	3.13097284170687	5.16599943582208	7.21665660009119
3.95715852827449	3.12587915165424	5.17895014176094	7.20985536811996
3.9633600403399	3.12521334397479	5.18686644440083	7.24075099306562
3.96956155240532	3.13646496304743	5.19252626801845	7.24198417969935
3.97576306447073	3.149910666173	5.20746412334165	7.26654317073688
3.98196457653615	3.1684977879972	5.21344817653605	7.25403661568619
3.98816608860156	3.16172545411101	5.211152292128	7.27455933493976
3.99436760066697	3.16650256152083	5.2261831250855	7.30630278781044
4.00056911273239	3.16954033578681	5.23787398834921	7.31071382317847
4.0067706247978	3.17838790527556	5.24768412057911	7.33136847812794
4.01297213686321	3.18249542475196	5.250896700803	7.3357101635601
4.01917364892863	3.190016434456	5.26121095476565	7.36131615959479
4.02537516099404	3.19519003627746	5.27119051464881	7.35470788463819
4.03157667305945	3.18082086193521	5.27640256154459	7.35741023639822
4.03777818512487	3.19774848344529	5.29060233978264	7.36477212929654
4.04397969719028	3.20815810950224	5.29557906706171	7.39543760085456
4.0501812092557	3.21372729585771	5.30642610965351	7.38907197743387
4.05638272132111	3.2328600328455	5.3104204348039	7.40464013740812
4.06258423338652	3.22034785206891	5.31911698946306	7.41657119907385
4.06878574545194	3.22975714712934	5.32659127599308	7.4245807154048
4.07498725751735	3.23953239094775	5.32909688411651	7.44679024418497
4.08118876958276	3.24297107667067	5.34507723502758	7.44936506153481
4.08739028164818	3.25174898482759	5.35586809324294	7.46066845932065
4.09359179371359	3.2466253966397	5.35908033490069	7.49040076225303
4.09979330577901	3.24182311498691	5.36863200031688	7.49231880354718
4.10599481784442	3.27034253118594	5.37603802072438	7.49547376005663
4.11219632990983	3.25313557464202	5.38325360751089	7.51685849359766
4.11839784197525	3.2769317814107	5.39845743234855	7.53865396672224
4.12459935404066	3.27375136101735	5.40708073764616	7.52476002758478
4.13080086610607	3.26211076459731	5.41617856973797	7.52787155868057
4.13700237817149	3.28222333015857	5.41889455662284	7.5517025578703
4.1432038902369	3.30115433011627	5.42734174556793	7.58179638540956
4.14940540230231	3.29734807816053	5.4397863033396	7.57910456147868
4.15560691436773	3.30211979800135	5.44839498153536	7.60111413951345
4.16180842643314	3.30950106957497	5.459236679367	7.61295952466899
4.16800993849855	3.31412470465518	5.46210192630552	7.62650964848174
4.17421145056397	3.30997814776705	5.46907640734265	7.62147331619634
4.18041296262938	3.32514101557092	5.4856359350072	7.63926813071599
4.1866144746948	3.33399697295049	5.48405866307008	7.6500881953992
4.19281598676021	3.32484180353653	5.49727050530846	7.66161448167707
4.19901749882562	3.32965803488387	5.50483429962555	7.68799614427957
4.20521901089104	3.34221628741879	5.51297116466019	7.67642739951265
4.21142052295645	3.35731053850015	5.52146004701889	7.70710578969187
4.21762203502186	3.34879396206754	5.53674909071563	7.70085911295177
4.22382354708728	3.36812120615367	5.54081551173155	7.70977732329301
4.23002505915269	3.36798888868986	5.54620888014315	7.70946490628566
4.23622657121811	3.37781679586136	5.55495690285741	7.74756887529888
4.24242808328352	3.36567065568354	5.56621180954468	7.75120863006087
4.24862959534893	3.38144086088556	5.57301653382762	7.75479718407387
4.25483110741435	3.38699353547042	5.57894612061543	7.77038585054568
4.26103261947976	3.38908828065006	5.59306481012556	7.79375458274655
4.26723413154517	3.40351135901818	5.59419538639639	7.80152996631814
4.27343564361059	3.40656377547964	5.6052171393602	7.80250843334632
4.279637155676	3.40419691234949	5.61069282511188	7.8172113143132
4.28583866774142	3.4191605412308	5.62011661211325	7.81536173911019
4.29204017980683	3.42371413914832	5.63505718891048	7.838770574943
