"mitochan"	"lwrNorm"	"medNorm"	"uprNorm"
-1.90327037354145	-2.52618781568339	-2.21229950810367	-1.90496116332329
-1.89617175054776	-2.51350780543402	-2.20436245857975	-1.8944523298168
-1.88907312755408	-2.50627899575745	-2.19632705487998	-1.88851285709578
-1.88197450456039	-2.50098013492387	-2.18972779306667	-1.88364541041141
-1.8748758815667	-2.49053777887496	-2.1832842773601	-1.87279476431086
-1.86777725857302	-2.48187243767144	-2.17227402943109	-1.86596688506395
-1.86067863557933	-2.47471013858865	-2.16547524074834	-1.85720762468209
-1.85358001258564	-2.47035395270059	-2.15833513684786	-1.8520548810297
-1.84648138959196	-2.46343719258196	-2.15265859168112	-1.8450875190128
-1.83938276659827	-2.45105355204025	-2.1473959782612	-1.8355784269461
-1.83228414360459	-2.44108734221213	-2.13605430228248	-1.83101938185429
-1.8251855206109	-2.43797562153402	-2.12852752428192	-1.82884765726479
-1.81808689761721	-2.42586616065893	-2.12019872855339	-1.81334807846653
-1.81098827462353	-2.42096289636647	-2.11475465616811	-1.8083778173374
-1.80388965162984	-2.41824472678212	-2.10745707866077	-1.79816113821221
-1.79679102863615	-2.4114162892854	-2.10034624583575	-1.79319621546457
-1.78969240564247	-2.39714815200005	-2.09285665157029	-1.79411475541769
-1.78259378264878	-2.39076290185298	-2.08435861323304	-1.78271441600551
-1.77549515965509	-2.37819220115423	-2.0776468488619	-1.76833845315511
-1.76839653666141	-2.37552500162321	-2.06921886624434	-1.76879762662351
-1.76129791366772	-2.36773670270497	-2.06296907138517	-1.75935313315628
-1.75419929067404	-2.35232240982666	-2.05408424650161	-1.7557060412061
-1.74710066768035	-2.35160048141642	-2.04836758422708	-1.74181800626264
-1.74000204468666	-2.34265176883484	-2.03956680426066	-1.73815845921757
-1.73290342169298	-2.33621716997408	-2.0328150721738	-1.72891203853859
-1.72580479869929	-2.33310792702386	-2.02546422075298	-1.72511821694514
-1.7187061757056	-2.31631289906275	-2.01856855884144	-1.71543507896909
-1.71160755271192	-2.30989391796283	-2.00823424593274	-1.70615478200707
-1.70450892971823	-2.3104641546241	-2.00318823651707	-1.69905622401445
-1.69741030672454	-2.29472712834838	-1.99425791253214	-1.68921283779515
-1.69031168373086	-2.28878310627885	-1.98763663210476	-1.68931998331938
-1.68321306073717	-2.2828314839771	-1.9788778186305	-1.67735213964575
-1.67611443774349	-2.27698206678389	-1.97313874243145	-1.67086333822712
-1.6690158147498	-2.26617836805576	-1.96581552093291	-1.66499143786887
-1.66191719175611	-2.26179816597729	-1.9564257160991	-1.6529301161934
-1.65481856876243	-2.24483217846291	-1.94826346706999	-1.64875706535944
-1.64771994576874	-2.24533929524447	-1.94157066348485	-1.64253141224418
-1.64062132277505	-2.24127804857135	-1.93600255810831	-1.63819276033496
-1.63352269978137	-2.23252022836838	-1.92587314542516	-1.62646202204934
-1.62642407678768	-2.22082538865179	-1.91805332241329	-1.62101663783755
-1.61932545379399	-2.21801777411218	-1.91310546033635	-1.61137534579648
-1.61222683080031	-2.20559143395616	-1.90446113561676	-1.61071029702776
-1.60512820780662	-2.19378786854538	-1.89721857286645	-1.60159263226951
-1.59802958481294	-2.18718905657416	-1.88840054984649	-1.59491076031256
-1.59093096181925	-2.18200590926371	-1.88409312816562	-1.58231511268891
-1.58383233882556	-2.17337527419499	-1.87381260086959	-1.5778697512344
-1.57673371583188	-2.16320289688826	-1.86630444900249	-1.56947595670997
-1.56963509283819	-2.15577109668578	-1.86062790603924	-1.55983932214488
-1.5625364698445	-2.15011115347169	-1.8527106207774	-1.55676120312636
-1.55543784685082	-2.14792493895685	-1.84695281364218	-1.54703055511186
-1.54833922385713	-2.13728299353234	-1.83879787937074	-1.53892226070952
-1.54124060086344	-2.12888846638246	-1.83326912827027	-1.53699897651011
-1.53414197786976	-2.12199320492561	-1.82012742055332	-1.52591317242634
-1.52704335487607	-2.1082882730439	-1.81526964543925	-1.51762276955637
-1.51994473188239	-2.10419195905119	-1.80794654656732	-1.50862762502457
-1.5128461088887	-2.10058458599344	-1.80034718323865	-1.49991621499042
-1.50574748589501	-2.08377995947384	-1.79286995468803	-1.49592787022892
-1.49864886290133	-2.08140815703219	-1.78523612194723	-1.48754989421143
-1.49155023990764	-2.06907941886868	-1.77823694505365	-1.48049111703278
-1.48445161691395	-2.06776084475019	-1.76974815348221	-1.47619459782309
-1.47735299392027	-2.0592669749751	-1.76183120853592	-1.46903612787872
-1.47025437092658	-2.04901577932325	-1.75523498727915	-1.45618075869192
-1.46315574793289	-2.04548584912569	-1.74692701489091	-1.45334505680804
-1.45605712493921	-2.03493365140963	-1.73850458737614	-1.43999646107889
-1.44895850194552	-2.03240121315139	-1.73359955947142	-1.4375232566415
-1.44185987895184	-2.02296235183424	-1.72410190358235	-1.43135089324152
-1.43476125595815	-2.01492196219296	-1.71905291449835	-1.42650742157851
-1.42766263296446	-2.00505020200356	-1.70912929703658	-1.41319010496072
-1.42056400997078	-1.99419383900904	-1.70092801941053	-1.40855250001748
-1.41346538697709	-1.99401681011315	-1.69532314876568	-1.40596245779913
-1.4063667639834	-1.98532300476967	-1.68690095273159	-1.3983878316175
-1.39926814098972	-1.97589584524264	-1.68232713861999	-1.38910052957397
-1.39216951799603	-1.96353591817314	-1.67206972637243	-1.37865923664797
-1.38507089500234	-1.9595902443394	-1.66700506566079	-1.3766038106271
-1.37797227200866	-1.95005457888689	-1.6563595738927	-1.35678372912251
-1.37087364901497	-1.94047812080793	-1.6508985022929	-1.36128843252328
-1.36377502602129	-1.93627094060498	-1.64261934078257	-1.35221066774764
-1.3566764030276	-1.93349105394669	-1.63480648764552	-1.34216171607696
-1.34957778003391	-1.91715959003042	-1.62924307315431	-1.34013807791844
-1.34247915704023	-1.91355441615237	-1.62036967894394	-1.33079755946874
-1.33538053404654	-1.90186100052262	-1.61470563007167	-1.32177633545425
-1.32828191105285	-1.89590712491967	-1.60638408197928	-1.31688166073321
-1.32118328805917	-1.8910783762709	-1.60042312759129	-1.30863417472928
-1.31408466506548	-1.8829268723739	-1.59007094679289	-1.3028499750491
-1.30698604207179	-1.87280868961762	-1.5830361996704	-1.29343010875416
-1.29988741907811	-1.86753871398294	-1.57651435393874	-1.28513021514864
-1.29278879608442	-1.85858530282286	-1.56859140695614	-1.27527489078317
-1.28569017309074	-1.85749510074622	-1.55950182929221	-1.26985738043186
-1.27859155009705	-1.84240951176551	-1.5527219922795	-1.26190332064106
-1.27149292710336	-1.83269151580543	-1.54699371920396	-1.25576366931019
-1.26439430410968	-1.8252487580854	-1.5365836288119	-1.25328575053315
-1.25729568111599	-1.81620490735673	-1.53322938995205	-1.24192095667809
-1.2501970581223	-1.80953480072954	-1.5242600055946	-1.23028676305311
-1.24309843512862	-1.80196274008753	-1.51574409696381	-1.23089563854566
-1.23599981213493	-1.79510482490351	-1.50671376650939	-1.21867147583223
-1.22890118914124	-1.78885544970863	-1.50227631927564	-1.21375095068502
-1.22180256614756	-1.77896475964798	-1.49438277833569	-1.20433195787426
-1.21470394315387	-1.77195526055306	-1.48789755740725	-1.20172560469943
-1.20760532016019	-1.76432556957015	-1.4788827061426	-1.19033016824855
-1.2005066971665	-1.75541623535326	-1.4715476173154	-1.18493929974987
-1.19340807417281	-1.75101513828728	-1.46353859903473	-1.17371992836356
-1.18630945117913	-1.7432706159574	-1.45429134673811	-1.16805628919237
-1.17921082818544	-1.73322149737264	-1.44861947630417	-1.1646651489064
-1.17211220519175	-1.72959125874618	-1.44009805040364	-1.15650612959374
-1.16501358219807	-1.72258244543251	-1.43475099203689	-1.14743643919693
-1.15791495920438	-1.70822776836129	-1.42565831967481	-1.14197561539979
-1.15081633621069	-1.70562916985845	-1.41721857281449	-1.13632581315949
-1.14371771321701	-1.69375817559173	-1.40969850416404	-1.12481886644463
-1.13661909022332	-1.68756310578212	-1.40370705352219	-1.12107866893619
-1.12952046722964	-1.68338812541372	-1.39478473822555	-1.1108624944126
-1.12242184423595	-1.67455520574697	-1.38972922517598	-1.0979768319211
-1.11532322124226	-1.66557176189055	-1.38306320290588	-1.09255170581402
-1.10822459824858	-1.65908956691068	-1.37437364244602	-1.08660641538404
-1.10112597525489	-1.64894199768289	-1.36527534200669	-1.08546798983766
-1.0940273522612	-1.64422778963216	-1.35858868656258	-1.07639417617983
-1.08692872926752	-1.63387589977275	-1.3511545540782	-1.06497941892723
-1.07983010627383	-1.62567138053019	-1.34407386655962	-1.05584752549827
-1.07273148328014	-1.62092213120823	-1.33631061964374	-1.05113847914505
-1.06563286028646	-1.6112331301137	-1.32782573057803	-1.04461750108403
-1.05853423729277	-1.60562766420261	-1.32008348377812	-1.0369682211895
-1.05143561429909	-1.59933139490084	-1.31559801612118	-1.03095098615309
-1.0443369913054	-1.588595748034	-1.30434321551404	-1.01816751781327
-1.03723836831171	-1.58377660275912	-1.29843136847996	-1.01984218386357
-1.03013974531803	-1.57661491984701	-1.29156543567366	-1.00511885769654
-1.02304112232434	-1.56589251901754	-1.28340034496356	-1.00397588804491
-1.01594249933065	-1.55356522164668	-1.27500027917446	-0.994657435286623
-1.00884387633697	-1.55229770470468	-1.27067045923174	-0.981510505528665
-1.00174525334328	-1.54375826393928	-1.25999596694145	-0.981244923727991
-0.994646630349594	-1.53692684162986	-1.25219339053309	-0.972539682573896
-0.987548007355908	-1.52644029011225	-1.24693863553917	-0.961894492447449
-0.980449384362222	-1.51649935856749	-1.23883785594555	-0.959962660616216
-0.973350761368535	-1.51239081247958	-1.23240958647463	-0.948267010076756
-0.966252138374849	-1.50255624878049	-1.22332307417352	-0.937713508468008
-0.959153515381162	-1.49990414208815	-1.21676547847548	-0.934575990320344
-0.952054892387476	-1.48414401771974	-1.20911913141988	-0.922381409020443
-0.94495626939379	-1.4835336156091	-1.20216896210035	-0.921727049363929
-0.937857646400103	-1.47457779799295	-1.19354890777799	-0.91837932685654
-0.930759023406417	-1.46467406883639	-1.18485899974993	-0.904255377793209
-0.923660400412731	-1.45921648834671	-1.17996684897904	-0.900681332687238
-0.916561777419044	-1.45636699458982	-1.17106289689436	-0.889996386658339
-0.909463154425358	-1.44396750696802	-1.16336015468401	-0.887775819346525
-0.902364531431672	-1.43918173793023	-1.1570107288878	-0.87495118200776
-0.895265908437985	-1.42908898150114	-1.15055940183036	-0.867724201202139
-0.888167285444299	-1.41694625436183	-1.14173188897325	-0.85758478889889
-0.881068662450612	-1.416089061901	-1.13483221905304	-0.854636138537923
-0.873970039456926	-1.40477067996441	-1.1254155423616	-0.844575415593545
-0.86687141646324	-1.40244133386222	-1.11987462202582	-0.83804757465967
-0.859772793469553	-1.38802758682187	-1.11210706452079	-0.832661131506893
-0.852674170475867	-1.38681083001045	-1.102982380439	-0.822208200993326
-0.845575547482181	-1.37733955009064	-1.09496412053557	-0.814857344996078
-0.838476924488494	-1.36979470768528	-1.08837099768795	-0.808641026871996
-0.831378301494808	-1.35950716499053	-1.07978680937031	-0.804844682799639
-0.824279678501121	-1.35121830608516	-1.07333446024383	-0.796118824538447
-0.817181055507435	-1.34101210365588	-1.06635189438395	-0.793993303957226
-0.810082432513749	-1.33649641432595	-1.05831436123205	-0.78130127062394
-0.802983809520062	-1.32804005955977	-1.0529679993096	-0.769825148751754
-0.795885186526376	-1.32223435324827	-1.04386819979831	-0.765702326221605
-0.78878656353269	-1.31373290612398	-1.03877837345175	-0.761510670430724
-0.781687940539003	-1.30357268181921	-1.03008158704506	-0.75303756847422
-0.774589317545317	-1.30280548568569	-1.02079665288973	-0.741231761117293
-0.76749069455163	-1.29008226739017	-1.01331294178298	-0.734883593941313
-0.760392071557944	-1.28367251701848	-1.00551033627559	-0.726999968043958
-0.753293448564258	-1.27679569095322	-0.998983953289865	-0.728284778260473
-0.746194825570571	-1.27188441484004	-0.991341540216066	-0.714345875222739
-0.739096202576885	-1.25448377556515	-0.983067946117008	-0.71243181580722
-0.731997579583199	-1.25493686597105	-0.974618249794083	-0.702794721769864
-0.724898956589512	-1.24322412600509	-0.967954727631908	-0.692183559040894
-0.717800333595826	-1.23705421731877	-0.961058895536547	-0.682921350210455
-0.71070171060214	-1.22908393620433	-0.957537142283974	-0.679713292340042
-0.703603087608453	-1.22258163936204	-0.947708963733873	-0.669143442575157
-0.696504464614767	-1.21586437665234	-0.939592189870744	-0.666499821837913
-0.68940584162108	-1.20501711667945	-0.931323414448525	-0.655857800140643
-0.682307218627394	-1.19861187364936	-0.924718822877581	-0.647297124104352
-0.675208595633708	-1.19066545313526	-0.91869046310744	-0.644300387515461
-0.668109972640021	-1.18536631842624	-0.909188658761446	-0.631749865494803
-0.661011349646335	-1.18112092681132	-0.904213670118224	-0.633548415818735
-0.653912726652649	-1.17150039964232	-0.894130974992346	-0.622063726109047
-0.646814103658962	-1.15792014044475	-0.886756401371647	-0.608125914196258
-0.639715480665276	-1.15410710605128	-0.878383058011725	-0.601273293706502
-0.63261685767159	-1.14666796549759	-0.870505798086007	-0.597733450626907
-0.625518234677903	-1.14237449348109	-0.863186755916741	-0.590574581081616
-0.618419611684217	-1.13290098637603	-0.857755043342259	-0.58774499772195
-0.61132098869053	-1.12362183180745	-0.849040181998225	-0.575320194493405
-0.604222365696844	-1.11740227391535	-0.841966342289658	-0.566273018750108
-0.597123742703158	-1.1065567689983	-0.835136826122995	-0.559462343665582
-0.590025119709471	-1.0955357124311	-0.826131420856007	-0.552127317894326
-0.582926496715785	-1.0877574860522	-0.819024033581659	-0.546019043804787
-0.575827873722099	-1.08540210205336	-0.813735668175828	-0.544246278427326
-0.568729250728412	-1.07698553893642	-0.804440998764422	-0.532613826839805
-0.561630627734726	-1.06854569638736	-0.795961128026322	-0.525613030978669
-0.55453200474104	-1.06034107342729	-0.789920128826752	-0.517352120904741
-0.547433381747353	-1.05742045335807	-0.781706021019101	-0.507174619361628
-0.540334758753667	-1.05290336009692	-0.776106225620807	-0.50149715408047
-0.53323613575998	-1.04562895052648	-0.767303613311323	-0.496496149372783
-0.526137512766294	-1.03048227006579	-0.76176463785642	-0.490141645137024
-0.519038889772608	-1.02392452733635	-0.753516279856806	-0.484614725442722
-0.511940266778921	-1.01658397286905	-0.743327072140579	-0.475510927642718
-0.504841643785235	-1.01147116364515	-0.739529949784623	-0.467079541484823
-0.497743020791549	-1.00349871088399	-0.73154159014351	-0.459558105734848
-0.490644397797862	-0.99280120896909	-0.721798678329566	-0.45092080276175
-0.483545774804176	-0.98391161206372	-0.715927267169974	-0.447599122352721
-0.47644715181049	-0.974716785745093	-0.707421103965055	-0.437544523028582
-0.469348528816803	-0.967215735525561	-0.697627355745351	-0.431211789833293
-0.462249905823117	-0.961610019163419	-0.692635683080493	-0.425979416143439
-0.45515128282943	-0.955285801776315	-0.684258589422191	-0.417456709891703
-0.448052659835744	-0.942938624120347	-0.677889287781606	-0.408693000273507
-0.440954036842058	-0.933515388445855	-0.667117027306238	-0.401081328506145
-0.433855413848371	-0.935207706576474	-0.66082106256037	-0.392860872392334
-0.426756790854685	-0.923822900069164	-0.655519253295513	-0.386430487957141
-0.419658167860999	-0.914853642136934	-0.648675583697158	-0.376936152364968
-0.412559544867312	-0.911703707476271	-0.64239373168072	-0.374888697748784
-0.405460921873626	-0.905257752647277	-0.631837718144711	-0.36428433605803
-0.39836229887994	-0.897719383528795	-0.624951911790901	-0.353785390103189
-0.391263675886253	-0.892229312230529	-0.620064003522939	-0.348027103401619
-0.384165052892567	-0.877608774565862	-0.611222517122669	-0.34232826859377
-0.37706642989888	-0.871574655675329	-0.601469358708297	-0.33552354898501
-0.369967806905194	-0.860453383874631	-0.59422524836673	-0.325433198030398
-0.362869183911508	-0.859551876886976	-0.58863645203024	-0.321159252439645
-0.355770560917821	-0.849674699001904	-0.579668256447835	-0.314116828407814
-0.348671937924135	-0.844240120025515	-0.571465133775223	-0.30334624587759
-0.341573314930449	-0.834337709791775	-0.566445048803209	-0.298279874220181
-0.334474691936762	-0.825976276875844	-0.556845598741065	-0.290892811603075
-0.327376068943076	-0.81558432240152	-0.547851400497173	-0.282471885348736
-0.32027744594939	-0.812816226661846	-0.543592640076332	-0.27704428305448
-0.313178822955703	-0.804090662004243	-0.534292543723316	-0.269081093081571
-0.306080199962017	-0.794762430168043	-0.528093287652089	-0.260555034899886
-0.29898157696833	-0.788424559744834	-0.520558614988256	-0.256515392137252
-0.291882953974644	-0.78030194889745	-0.512993552657016	-0.2435625706631
-0.284784330980958	-0.781410964323853	-0.504202821367532	-0.237642642043879
-0.277685707987271	-0.758094783547432	-0.497416276676905	-0.235800194617583
-0.270587084993585	-0.759990696094502	-0.490740240232221	-0.224312640072995
-0.263488461999899	-0.745712752486706	-0.479757332590349	-0.216084894779
-0.256389839006212	-0.743126507150039	-0.475024804889058	-0.207984277802412
-0.249291216012526	-0.735120113347576	-0.466259461386876	-0.202285189156288
-0.24219259301884	-0.724220958871516	-0.460180613676003	-0.197533554336489
-0.235093970025153	-0.716959013816489	-0.45462317936442	-0.186590986100852
-0.227995347031467	-0.709827750971059	-0.443674347921664	-0.177588682573063
-0.22089672403778	-0.707065356353522	-0.437307832042342	-0.172884326479698
-0.213798101044094	-0.694140889391939	-0.429100789718729	-0.161900133841867
-0.206699478050408	-0.682702734899949	-0.421234889781883	-0.153750772710485
-0.199600855056721	-0.685026522231748	-0.416837599550201	-0.149579184704126
-0.192502232063035	-0.667339380686073	-0.406955282554819	-0.141733238572618
-0.185403609069349	-0.665559969068952	-0.39770319939986	-0.130049096434949
-0.178304986075662	-0.656475578149204	-0.393868364947788	-0.128552273290799
-0.171206363081976	-0.653458647922435	-0.385934987645399	-0.120464639542553
-0.16410774008829	-0.643108225375363	-0.377967610192384	-0.109938845609989
-0.157009117094603	-0.6369119481402	-0.371067308633035	-0.109786228090791
-0.149910494100917	-0.628995834215646	-0.363625956263502	-0.0943340330411112
-0.14281187110723	-0.620016127997422	-0.356371707445156	-0.0865235493232761
-0.135713248113544	-0.608721673321092	-0.347716250166598	-0.0849705784859343
-0.128614625119858	-0.606049128522241	-0.341509739623207	-0.0698135287910397
-0.121516002126171	-0.601542406487572	-0.332730847830854	-0.0730517863547854
-0.114417379132485	-0.588369297266197	-0.324421940995136	-0.0574429335808623
-0.107318756138799	-0.585997123252498	-0.316711606043657	-0.0539545766705661
-0.100220133145112	-0.575327426497766	-0.312579790625674	-0.0530448071664884
-0.093121510151426	-0.567422428010874	-0.305548445426821	-0.0399558797816594
-0.0860228871577395	-0.558072376084128	-0.295719715382324	-0.0316132199188677
-0.0789242641640531	-0.549909162953766	-0.289057141177521	-0.0248014542198555
-0.0718256411703668	-0.54471116792331	-0.280825335878863	-0.0250120472658703
-0.0647270181766804	-0.538826022671902	-0.274070103867359	-0.00926363159025137
-0.0576283951829941	-0.529438145521852	-0.265846698731295	-0.000282901926374685
-0.0505297721893077	-0.520819577727399	-0.256154199636605	0.00101974915200753
-0.0434311491956214	-0.514422213385009	-0.253360481350095	0.00649225690644613
-0.0363325262019349	-0.502599444526379	-0.242686867811188	0.0197703642938127
-0.0292339032082487	-0.497339451088405	-0.236730960042445	0.0284961293801358
-0.0221352802145622	-0.490316806577508	-0.228785078182304	0.0331334661122243
-0.015036657220876	-0.480863720943832	-0.220057459791003	0.0370954543898388
-0.00793803422718953	-0.475590702965139	-0.213307969683804	0.0508425689278648
-0.000839411233503062	-0.468966529581734	-0.205746673395264	0.0582447848507727
0.00625921176018318	-0.462049011174935	-0.199318124518594	0.0672921690706727
0.0133578347538696	-0.452840327689473	-0.19074364874783	0.0740650226003338
0.0204564577475559	-0.440492865955647	-0.181669836447211	0.0797329469366201
0.0275550807412424	-0.44035864119177	-0.177104978010851	0.0859018241086269
0.0346537037349286	-0.431150853926435	-0.169046907718862	0.0908578043753402
0.0417523267286151	-0.418529497613508	-0.159928101047792	0.102837716189439
0.0488509497223013	-0.412169581957845	-0.153019690100954	0.109498412049894
0.0559495727159878	-0.407542594682776	-0.145331509738833	0.114174046076335
0.063048195709674	-0.397357406150539	-0.138684119291763	0.120452822885112
0.0701468187033605	-0.39108707947858	-0.129598663606815	0.130379386481588
0.0772454416970469	-0.385981840776381	-0.123564781164322	0.137220810709091
0.0843440646907332	-0.376322004679139	-0.113452407384548	0.142248007623539
0.0914426876844197	-0.372866421780296	-0.108813968119785	0.154740427140321
0.0985413106781059	-0.363827154511793	-0.101622267075217	0.157368122351071
0.105639933671792	-0.353859633842975	-0.0937189001806711	0.169131553233454
0.112738556665479	-0.349892748068409	-0.0854000245552676	0.174551495014148
0.119837179659165	-0.339965527343485	-0.0777586960047019	0.175129917047106
0.126935802652851	-0.332370682187487	-0.0706165980494372	0.187772868293804
0.134034425646538	-0.326713940499051	-0.0634150940497501	0.195787531715251
0.141133048640224	-0.318269162571698	-0.0568063094009305	0.209616837153126
0.148231671633911	-0.306686005345605	-0.0466367311775536	0.207620693278364
0.155330294627597	-0.302207552123424	-0.0431055830285319	0.217757567753186
0.162428917621283	-0.296687186677098	-0.0318377195976794	0.230626027141448
0.16952754061497	-0.288345445803574	-0.0240160732365492	0.237359915138854
0.176626163608656	-0.277767888159745	-0.0182664695994278	0.233039949479095
0.183724786602342	-0.271333378658371	-0.0122730743289935	0.248876995422646
0.190823409596029	-0.263091940486811	-0.00485041858922376	0.254972112146668
0.197922032589715	-0.255547058269285	0.00231653349570213	0.261286818000799
0.205020655583402	-0.245409442672918	0.0109595830831383	0.272068070425564
0.212119278577088	-0.240822426740698	0.0173058216683208	0.276718712077657
0.219217901570774	-0.229255824647178	0.0268605332412333	0.288909396561924
0.22631652456446	-0.222424914811161	0.0334605351479169	0.293059085682015
0.233415147558147	-0.217442750767809	0.0416892483870717	0.301516071358519
0.240513770551833	-0.209937350590801	0.0483695774335866	0.30966068575822
0.247612393545519	-0.204091595116322	0.0579609856632959	0.314763282514567
0.254711016539206	-0.194041491432971	0.0654008996626406	0.320274973589144
0.261809639532892	-0.185800130895206	0.0719362424433207	0.329916105779119
0.268908262526579	-0.175144624568019	0.0788662150986678	0.337838616722024
0.276006885520265	-0.17194705752056	0.0876849477161166	0.34422447326995
0.283105508513951	-0.164531494444161	0.0916093009412183	0.349488907003414
0.290204131507638	-0.16318401709377	0.102038865141012	0.362104729987132
0.297302754501324	-0.148161367471894	0.110788471947758	0.3712599345896
0.304401377495011	-0.141520721085387	0.115783616593754	0.372328048497954
0.311500000488697	-0.133057190924838	0.124641013617905	0.381685038996688
0.318598623482383	-0.134322027129103	0.128856164319614	0.389939007398039
0.32569724647607	-0.11955342922675	0.138516653534803	0.397515537134113
0.332795869469756	-0.106474619314993	0.145182801955832	0.402704006825126
0.339894492463442	-0.104054379212298	0.15222968704033	0.411998230590233
0.346993115457129	-0.0961425026660694	0.160259323717916	0.415741536817427
0.354091738450815	-0.0893695744707528	0.168587536356207	0.426909401446612
0.361190361444502	-0.0793553216472256	0.174490445914966	0.431681437537246
0.368288984438188	-0.0765820504150666	0.182885269589323	0.442519315256826
0.375387607431874	-0.067000124277128	0.191175508641373	0.446069598299457
0.382486230425561	-0.0550371819056208	0.199636445079637	0.454977729367773
0.389584853419247	-0.0537062305184881	0.205080955573743	0.468919112878477
0.396683476412933	-0.0453243212819787	0.215539189572308	0.470999059690659
0.403782099406619	-0.0379271524769927	0.219013809861348	0.475414514767911
0.410880722400306	-0.0303596374075674	0.227287874497183	0.485022639685687
0.417979345393992	-0.018365100524047	0.237582537956053	0.495529062515135
0.425077968387679	-0.0148111669986287	0.241544557262199	0.494705619539867
0.432176591381365	-0.0075784214974502	0.251515441769494	0.50891755357511
0.439275214375051	0.00290459618103367	0.257455454875831	0.515051500992662
0.446373837368738	0.00965030251337138	0.265168760255615	0.522744867174523
0.453472460362424	0.0161705727055464	0.272932822903282	0.530901319329972
0.460571083356111	0.0221946425024891	0.28135756093379	0.528814126944178
0.467669706349797	0.0323577166726286	0.289539190361063	0.544393372418572
0.474768329343483	0.0377212965286223	0.295069426994776	0.553782022005631
0.48186695233717	0.0452577890472767	0.301740897286446	0.558192990825886
0.488965575330856	0.0547986982330037	0.311777954266381	0.564774387024847
0.496064198324542	0.064406195859762	0.319195701382407	0.574382413830153
0.503162821318229	0.0698367514954998	0.323101860853342	0.575153128297709
0.510261444311915	0.0755881621748157	0.334284646057341	0.591302155096741
0.517360067305602	0.0838360592636026	0.340001200984627	0.596267086616681
0.524458690299288	0.0963035084879179	0.347852121321514	0.607018428469358
0.531557313292974	0.100168100368708	0.355172439243203	0.608860981839529
0.538655936286661	0.109308790876052	0.363519478445384	0.617453369990869
0.545754559280347	0.112640078574092	0.370557454022004	0.624923061165258
0.552853182274033	0.123963075676729	0.378735977089878	0.635129086733413
0.559951805267719	0.13149781473416	0.385715243118345	0.639420733614163
0.567050428261406	0.138618034920387	0.392293326102813	0.648592357397543
0.574149051255092	0.145793281077268	0.40103826855999	0.653555588168312
0.581247674248779	0.153653247008384	0.408812380912856	0.664468998876579
0.588346297242465	0.16172873484881	0.41600783711798	0.665135001322476
0.595444920236151	0.168713044075093	0.421578710868526	0.682171409407794
0.602543543229838	0.177112393972941	0.430240710911856	0.686937342985117
0.609642166223524	0.184838547520031	0.437628243295623	0.68900109150688
0.616740789217211	0.189621154087935	0.444747625174943	0.700610106455736
0.623839412210897	0.20063507964245	0.45189557327634	0.70800693271899
0.630938035204583	0.203755593585583	0.46137416225073	0.715482711021069
0.63803665819827	0.215690581398573	0.471507217129224	0.721815092261603
0.645135281191956	0.220075068441886	0.475193273762238	0.725580371639709
0.652233904185642	0.232853921618211	0.483465297431273	0.735067828923651
0.659332527179329	0.238851003140596	0.4905917863459	0.744000133192095
0.666431150173015	0.245564997754615	0.498300543148252	0.755972462122777
0.673529773166702	0.247275338507459	0.502551915937635	0.758748782757982
0.680628396160388	0.259602443395903	0.511944339660486	0.762996857619512
0.687727019154074	0.26555206354791	0.520470450846653	0.771682429213577
0.694825642147761	0.27201653716366	0.527967052454372	0.780572906609115
0.701924265141447	0.279845394176443	0.535422547271788	0.785664198291652
0.709022888135133	0.286370971658984	0.540756903071939	0.792984244279472
0.716121511128819	0.297631895453306	0.547623439328935	0.799545886478519
0.723220134122506	0.300491526011728	0.558639795203661	0.811459497813225
0.730318757116192	0.313531464712031	0.565522239039844	0.817380632540235
0.737417380109879	0.32394239240751	0.57322951424892	0.829782276878001
0.744516003103565	0.33139871291722	0.580892990343485	0.83197969514194
0.751614626097251	0.333395018430656	0.586327639470736	0.842072848379881
0.758713249090938	0.346674828874232	0.595051305490982	0.847711853485779
0.765811872084624	0.349170412788081	0.602973874315435	0.854397275915514
0.772910495078311	0.356505951173485	0.611803076322688	0.866290316600964
0.780009118071997	0.362227464451082	0.618162291945421	0.871602031102892
0.787107741065683	0.375083058295619	0.62438095422282	0.880224003281937
0.79420636405937	0.379920164886576	0.632172763679048	0.882459661727675
0.801304987053056	0.387428547612843	0.639020330818115	0.897357032009822
0.808403610046742	0.394342505284553	0.647656550700975	0.900428591288164
0.815502233040429	0.408774299401244	0.654792788246149	0.904889710555264
0.822600856034115	0.411299681019717	0.661984568031968	0.916690215542993
0.829699479027802	0.417226062686427	0.66763097291189	0.921912379137351
0.836798102021488	0.421085015104782	0.677894159574431	0.929659774956168
0.843896725015174	0.434511983365164	0.68756577047283	0.93978205817914
0.850995348008861	0.439021975381135	0.69314654390061	0.943545608407701
0.858093971002547	0.444451704048606	0.698194371068106	0.954342712111706
0.865192593996233	0.451083796000216	0.707061152733574	0.961371271717671
0.87229121698992	0.458209672537861	0.716752644046467	0.96392813615773
0.879389839983606	0.466560366855955	0.721941269684578	0.974578529382011
0.886488462977292	0.476784419736859	0.730445528081455	0.983468937726536
0.893587085970979	0.489145459722951	0.737449809659505	0.988091598234639
0.900685708964665	0.495346190866479	0.744424349102125	0.994544473408913
0.907784331958351	0.500206451185114	0.751986203282848	1.00714310140278
0.914882954952038	0.512656475694753	0.760095697315607	1.01114867815793
0.921981577945724	0.515290465418503	0.768970314596553	1.018556195986
0.929080200939411	0.521349536684216	0.776147474977535	1.02794507695706
0.936178823933097	0.529352373566167	0.782706222764723	1.03389947743916
0.943277446926783	0.5387419373806	0.790629640606798	1.04023284028811
0.95037606992047	0.544676470852493	0.796598986575238	1.05113948269456
0.957474692914156	0.553708559272432	0.806354598816002	1.05470018766911
0.964573315907842	0.560493078372466	0.812559178472558	1.06498551055755
0.971671938901529	0.569754065422032	0.819502046356662	1.06933491640439
0.978770561895215	0.575775730715821	0.827804835581063	1.07502744771608
0.985869184888902	0.584320324498018	0.83368292066722	1.08558429560878
0.992967807882588	0.591511364848047	0.842596718876683	1.08925312892236
1.00006643087627	0.598021413902777	0.850643545719602	1.09769672150026
1.00716505386996	0.608733052550996	0.859198384426451	1.10756352417779
1.01426367686365	0.608887226331472	0.861700815042091	1.11719505704926
1.02136229985733	0.616894540411504	0.871518183401248	1.12289953490909
1.02846092285102	0.629059160356699	0.88130127358091	1.1286153503215
1.03555954584471	0.637744694373052	0.888019977575962	1.14093398413642
1.04265816883839	0.645524699910752	0.895061011485169	1.14769772683177
1.04975679183208	0.648261395596921	0.901515456710863	1.15441375233726
1.05685541482577	0.656376883666096	0.907819737464629	1.16043810681281
1.06395403781945	0.668853300952428	0.914803865562524	1.16911491329466
1.07105266081314	0.674614276093003	0.923742492294277	1.18092681553036
1.07815128380682	0.677054293229275	0.931149919674245	1.18429625186089
1.08524990680051	0.691527718104474	0.940777231229211	1.19048630070049
1.0923485297942	0.696885961278785	0.946710794460222	1.19681478056702
1.09944715278788	0.699585918939432	0.955708754274966	1.2057567676106
1.10654577578157	0.709968124967855	0.961883644014126	1.21544461074715
1.11364439877526	0.719490989856833	0.969804346717648	1.21777222354429
1.12074302176894	0.725900028321293	0.977316518930214	1.22556491610376
1.12784164476263	0.734450197169118	0.984277650030119	1.23799476039628
1.13494026775632	0.738770934762393	0.990393390463168	1.24208175550932
1.14203889075	0.753438225725419	0.999252909784044	1.25246977543588
1.14913751374369	0.757304468862151	1.00656091616386	1.26216116820655
1.15623613673737	0.759944328987261	1.01372647488635	1.26277947479317
1.16333475973106	0.773421380029276	1.01943523570322	1.27527114905098
1.17043338272475	0.778590980389105	1.02944486829487	1.27799871292696
1.17753200571843	0.783560095823982	1.03690451716836	1.28749003154613
1.18463062871212	0.789879765468436	1.04358527476403	1.29500263763897
1.19172925170581	0.803947646167085	1.05217368531779	1.30185859990247
1.19882787469949	0.806174275214714	1.05736602312355	1.30958363166983
1.20592649769318	0.816793918303871	1.06628837881323	1.31786132787707
1.21302512068687	0.822024269611229	1.07399152081869	1.32700627957764
1.22012374368055	0.829701026929308	1.08015509076488	1.33437285544505
1.22722236667424	0.838792670787941	1.0881415755739	1.33983300255487
1.23432098966792	0.850859149676804	1.09756653438599	1.35144307423345
1.24141961266161	0.854102113179508	1.10273135719739	1.35100587696412
1.2485182356553	0.87026966942146	1.11438190340457	1.36370115550149
1.25561685864898	0.866427917355496	1.12026471939633	1.37162544817158
1.26271548164267	0.875255805929268	1.12699478846245	1.3766282073426
1.26981410463636	0.87926364886549	1.13281245750162	1.38406810768436
1.27691272763004	0.887862628261478	1.1419757314621	1.39138542748501
1.28401135062373	0.89790492231958	1.1492349341046	1.4016931365563
1.29110997361742	0.905888633691898	1.15839857624121	1.40348613787336
1.2982085966111	0.913130107186193	1.16395967489118	1.41758543242849
1.30530721960479	0.917798021316333	1.169085109307	1.42350553321058
1.31240584259847	0.93185491542037	1.17943450880652	1.42550210164761
1.31950446559216	0.93565247537073	1.18679506148716	1.43651645019354
1.32660308858585	0.941194492988395	1.19295570903623	1.4447195908111
1.33370171157953	0.949950031007689	1.20122516148791	1.45189793602965
1.34080033457322	0.961494796495634	1.2092445120686	1.46188954129295
1.34789895756691	0.962890065135537	1.21552852545556	1.46503655508651
1.35499758056059	0.971225216989682	1.22268579477037	1.47651613217954
1.36209620355428	0.97809498288308	1.23077013292568	1.48391848424719
1.36919482654797	0.988932882834528	1.2396109493904	1.48953040338696
1.37629344954165	0.994600529057497	1.24607287984863	1.50211786680998
1.38339207253534	0.999901858039751	1.25342049914885	1.50601143961148
1.39049069552902	1.00847478140639	1.26206596464476	1.50856454638379
1.39758931852271	1.01490521868506	1.27045673593336	1.51616401401163
1.4046879415164	1.02354213384835	1.27669215065933	1.52588137399849
1.41178656451008	1.03250499787951	1.28338176545709	1.53796677825903
1.41888518750377	1.04082280816564	1.29143051228376	1.54270982466593
1.42598381049746	1.0488500558742	1.29956218831685	1.55099581903684
1.43308243349114	1.05489419737838	1.30591340877694	1.55516902366371
1.44018105648483	1.06416677671303	1.31430256370728	1.56294085127543
1.44727967947852	1.07190540256558	1.31939489937084	1.5718374679432
1.4543783024722	1.07701354365141	1.32860223624635	1.57612767170571
1.46147692546589	1.08727267355284	1.33426851911495	1.58698591850445
1.46857554845957	1.08810015706499	1.34189547681098	1.59497605587346
1.47567417145326	1.09680375083174	1.35267152962387	1.5990040585372
1.48277279444695	1.10434806072812	1.35961532794652	1.61329101956777
1.48987141744063	1.11400317743055	1.36739923116631	1.61777503568287
1.49697004043432	1.12559231310444	1.37539128511123	1.6217215925027
1.50406866342801	1.1285841466927	1.38063061326255	1.62988655136924
1.51116728642169	1.14041882077242	1.38919201183612	1.6374388832329
1.51826590941538	1.14797555753662	1.39597709888036	1.65163324826972
1.52536453240907	1.15144254053395	1.4026206535652	1.65312408272876
1.53246315540275	1.1597366328673	1.41330458599657	1.66113693379254
1.53956177839644	1.16805548244049	1.41711918951871	1.66893502387698
1.54666040139012	1.17549057802356	1.4257974201857	1.67857656936625
1.55375902438381	1.18072823838949	1.43171671016621	1.67985162873483
1.5608576473775	1.18560041400048	1.44059810990981	1.69241156203708
1.56795627037118	1.19729100116583	1.448442061155	1.69481526682964
1.57505489336487	1.206457633066	1.45620499596608	1.70320407397584
1.58215351635856	1.21497483477469	1.46332849901065	1.7121215688985
1.58925213935224	1.21722703690137	1.46969979496646	1.72290657795081
1.59635076234593	1.22771833089053	1.47818495016011	1.72868378247601
1.60344938533962	1.23555486597261	1.484334390234	1.73633564443533
1.6105480083333	1.2434626314515	1.4938772273916	1.74107775710863
1.61764663132699	1.24484550959633	1.49994862079031	1.74931350186547
1.62474525432067	1.25899209355716	1.50978475222137	1.7643343016096
1.63184387731436	1.26575286386241	1.51510935485976	1.76684443368331
1.63894250030805	1.26813300100529	1.52357754892439	1.77320216225177
1.64604112330173	1.27579269876261	1.53091567458102	1.77860548613392
1.65313974629542	1.28968114858045	1.53930776209803	1.78768329509426
1.66023836928911	1.29406729903158	1.54546540595867	1.79783790833729
1.66733699228279	1.30295594611136	1.552563135597	1.80282518765077
1.67443561527648	1.31407027215102	1.56038797901856	1.8112510843709
1.68153423827017	1.3184515981694	1.56500334591447	1.82147986337608
1.68863286126385	1.32407007454008	1.57690399744971	1.83071725082173
1.69573148425754	1.33220018119612	1.58318876039264	1.83353092593352
1.70283010725122	1.33865055041736	1.5906277417647	1.84168552430921
1.70992873024491	1.34651529810219	1.59812797289636	1.84844945372593
1.7170273532386	1.35263636324152	1.60552049017251	1.85525999628087
1.72412597623228	1.36390499396456	1.61237967151298	1.86182404944742
1.73122459922597	1.37043108178319	1.6203846591762	1.87075409039452
1.73832322221966	1.37939850635861	1.62668934656001	1.88401671602787
1.74542184521334	1.38457515674687	1.63611905223515	1.88898100959503
1.75252046820703	1.39090604402617	1.64412419821689	1.89665376116431
1.75961909120072	1.40417335774796	1.64946235907686	1.89961184106725
1.7667177141944	1.41119254503866	1.66129993803	1.91035115779221
1.77381633718809	1.41594038599328	1.66523515494115	1.91718530980403
1.78091496018177	1.41791500336231	1.67411714222395	1.92376749732028
1.78801358317546	1.431702060757	1.67942343950342	1.93314955257535
1.79511220616915	1.43656940632927	1.68716114761442	1.93836866168967
1.80221082916283	1.44225459038845	1.69402963051059	1.94550999366689
1.80930945215652	1.44795443694828	1.7020267438631	1.95367076970923
1.81640807515021	1.45480615551613	1.70928628101114	1.95940601329169
1.82350669814389	1.46645518514303	1.71696784692359	1.970043327045
1.83060532113758	1.47283640894166	1.72382961067745	1.98028539910751
1.83770394413127	1.47992937315241	1.73274851438038	1.98586994688032
1.84480256712495	1.48640481646397	1.73919426433268	1.98905101749209
1.85190119011864	1.49754538615086	1.74722393745736	2.00026996465866
1.85899981311232	1.50107762455895	1.75574129660826	2.00252598006743
1.86609843610601	1.5128934256136	1.76208404788085	2.01275102834571
1.8731970590997	1.52087167747783	1.76965034941427	2.02333618337954
1.88029568209338	1.52696228254785	1.77832321105429	2.03182800839088
1.88739430508707	1.5310034490723	1.78401108210469	2.03778259576664
1.89449292808076	1.53789056916549	1.79237507764965	2.04336096937113
1.90159155107444	1.54769774557086	1.79897883712971	2.05057495323632
1.90869017406813	1.55346200140063	1.80682314902465	2.05950170606177
1.91578879706182	1.56271918561369	1.81541669128038	2.06451615410494
1.9228874200555	1.57145499028009	1.82271177624902	2.07211468113029
1.92998604304919	1.57880022953351	1.82827909486072	2.08398848015846
1.93708466604287	1.58075632203656	1.83850086873026	2.08860558769527
1.94418328903656	1.59444863728604	1.84446985403716	2.09710653175001
1.95128191203025	1.59841563812989	1.85410576757545	2.10475284528949
1.95838053502393	1.61122881678718	1.8599511364476	2.1104631187158
1.96547915801762	1.61733297721203	1.86759109938971	2.11709055524718
1.97257778101131	1.61952508660382	1.87584628623399	2.12687222193409
1.97967640400499	1.62538363566086	1.88222584091794	2.13369224155887
1.98677502699868	1.63915172288451	1.88989407297099	2.14327044138652
1.99387364999237	1.64662923552526	1.89705439364478	2.14947127531895
2.00097227298605	1.65118666750858	1.90411649008851	2.15488160795953
2.00807089597974	1.65560012257304	1.91294389369481	2.1678583217652
2.01516951897342	1.66111004359878	1.92059084159716	2.17392631264962
2.02226814196711	1.67872794887863	1.92882275516614	2.18343837316641
2.0293667649608	1.68057197448571	1.93320136472169	2.19129663864738
2.03646538795448	1.68822376894298	1.94354184217436	2.19618429879944
2.04356401094817	1.69571945184868	1.9486412234408	2.2041775629557
2.05066263394186	1.70502096507184	1.95764150949595	2.21374732951982
2.05776125693554	1.70581585384148	1.96342735169115	2.21524231431677
2.06485987992923	1.71509292519178	1.9729292273008	2.22815249060128
2.07195850292292	1.73038042396884	1.97906643873906	2.22914471597742
2.0790571259166	1.73506486153602	1.98724617964793	2.24177941629669
2.08615574891029	1.74315094240703	1.99341187895464	2.24615858935436
2.09325437190397	1.74903336915291	2.00268451866764	2.25801487660017
2.10035299489766	1.75729196639103	2.01081482938202	2.26491018636812
2.10745161789135	1.76417644938731	2.01667842886202	2.27432242713275
2.11455024088503	1.77058994862595	2.02491342120955	2.28251231067517
2.12164886387872	1.78113908352637	2.03252061603302	2.28567524002235
2.12874748687241	1.78652253754982	2.04071862585172	2.28967550027285
2.13584610986609	1.79467853883442	2.04787979085298	2.30109788031667
2.14294473285978	1.80103072752899	2.05516116392933	2.30802656554686
2.15004335585347	1.80820715203884	2.06514485450984	2.31645729851655
2.15714197884715	1.8138325379854	2.07074409378713	2.3216651852954
2.16424060184084	1.82713733539862	2.07568857177293	2.33396407737489
2.17133922483452	1.83305266640039	2.08489750889151	2.3395906901132
2.17843784782821	1.83921814548274	2.09130908913605	2.344948781263
2.1855364708219	1.8452368841438	2.10034690320081	2.35311765071719
2.19263509381558	1.85205985693055	2.1063103595195	2.35883738948393
2.19973371680927	1.86272099962252	2.11352028714576	2.3669348544147
2.20683233980296	1.86955713761304	2.11987466256179	2.37877441500929
2.21393096279664	1.876314917304	2.12881019628954	2.38141880405358
2.22102958579033	1.88418730166656	2.13703397589188	2.38466441530806
2.22812820878402	1.89443514894499	2.14552041913909	2.39665554676512
2.2352268317777	1.89229135884397	2.15230374383074	2.40487409017128
2.24232545477139	1.90607517220057	2.15647217832544	2.40980208238594
2.24942407776507	1.91296586626365	2.16587910645825	2.41636225671375
2.25652270075876	1.91865341184606	2.1752621123026	2.42832614704168
2.26362132375245	1.92691789562607	2.18118151374159	2.43362280694882
2.27071994674613	1.93676301	2.18916910533801	2.44421655460717
2.27781856973982	1.93834832163413	2.19890175610591	2.45133602471972
2.28491719273351	1.94813408345564	2.20419271649072	2.45774892695307
2.29201581572719	1.95649629544523	2.21161308205934	2.46479031879722
2.29911443872088	1.96260600807514	2.21968037428887	2.47563811022805
2.30621306171457	1.97342800602968	2.22741377499338	2.48018780231859
2.31331168470825	1.97564678547098	2.23280723172806	2.48929306175164
2.32041030770194	1.9897494631319	2.24244076057433	2.49746841988609
2.32750893069562	1.99338081055517	2.24973393324589	2.50760055109424
2.33460755368931	2.00482830328058	2.25774936145157	2.51162015727604
2.341706176683	2.01218743362881	2.26535212238578	2.51842894888956
2.34880479967668	2.0149861392589	2.27094132289296	2.52443072988104
2.35590342267037	2.02641322828399	2.27960158251909	2.53907635555552
2.36300204566406	2.03266250084278	2.28731578703457	2.54599415230223
2.37010066865774	2.0342241665185	2.29528764396269	2.55284714379279
2.37719929165143	2.04846513532717	2.30174168505797	2.55310484826435
2.38429791464512	2.05296708997802	2.30879286502765	2.56254026409127
2.3913965376388	2.0638748116456	2.31606902929355	2.57153851468004
2.39849516063249	2.06820631377376	2.32336950778664	2.57552567639068
2.40559378362617	2.0769523138105	2.33148881924609	2.5872552645122
2.41269240661986	2.08569732634109	2.34115690903165	2.59552374739087
2.41979102961355	2.09505650777966	2.34659145180081	2.60350534436082
2.42688965260723	2.09871707422945	2.35473100409967	2.61515068502688
2.43398827560092	2.10303586647931	2.36254733621121	2.62106233724751
2.44108689859461	2.1141759293529	2.36870814772786	2.62482739357875
2.44818552158829	2.11830247329224	2.37465837220631	2.63632916201166
2.45528414458198	2.12610282222754	2.38445485531917	2.63981315528771
2.46238276757567	2.13250113724092	2.38933064515007	2.64448761894338
2.46948139056935	2.14435507161909	2.39907513516056	2.6491665257164
2.47658001356304	2.14724345279391	2.4079121723156	2.66111175640403
2.48367863655672	2.15784122937489	2.41452060093129	2.67335391808886
2.49077725955041	2.16397692609726	2.42048405746618	2.67695683641024
2.4978758825441	2.17038684873107	2.42854162162614	2.68669709245008
2.50497450553778	2.18265760276148	2.43596053673369	2.68777250417297
2.51207312853147	2.18845331739398	2.44543249245405	2.70196083417853
2.51917175152516	2.19651312428009	2.45225125054688	2.70514697584619
2.52627037451884	2.20435761011382	2.45953553282565	2.71880471906561
2.53336899751253	2.20933419531182	2.46681803776847	2.72394752466889
2.54046762050622	2.21727757171641	2.47532570850312	2.73158315047036
2.5475662434999	2.21896741574571	2.47994803823123	2.73716771881452
2.55466486649359	2.23206197761797	2.48688880172444	2.7481900319921
2.56176348948727	2.23885023638118	2.49693596502363	2.75263916737004
2.56886211248096	2.24673377555018	2.5016084047864	2.75849568709899
2.57596073547465	2.24931023538987	2.51192356266759	2.76467634770766
2.58305935846833	2.26255975582628	2.51949210118231	2.77940622668826
2.59015798146202	2.26846478365618	2.52825130128771	2.78387683977258
2.59725660445571	2.27530662358708	2.53422788091239	2.78673464469098
2.60435522744939	2.28500084962469	2.54175190333087	2.80006658444652
2.61145385044308	2.28685746897599	2.54956384183453	2.80837022356042
2.61855247343677	2.29456657870068	2.55624173981856	2.81297797292974
2.62565109643045	2.30458037760342	2.5637150943549	2.8265486671502
2.63274971942414	2.31337768858017	2.57084218115521	2.82492520439277
2.63984834241782	2.32063742306317	2.57766790915308	2.83844800709533
2.64694696541151	2.32769352063499	2.58474204290307	2.84530249778987
2.6540455884052	2.33512393875776	2.59311161007748	2.85176488569014
2.66114421139888	2.34280507430703	2.59999674989813	2.85989541596459
2.66824283439257	2.35108849025669	2.60775670192685	2.87326201042466
2.67534145738626	2.35891067392835	2.61624547403296	2.87552438688344
2.68244008037994	2.36753464459962	2.62335759349586	2.88362209749168
2.68953870337363	2.37151239284122	2.63134121575334	2.89203464281166
2.69663732636732	2.37932162126328	2.63942329248541	2.89621365964375
2.703735949361	2.38112028765211	2.64775406278472	2.90485651867446
2.71083457235469	2.39417822432497	2.65261488023387	2.91378111669666
2.71793319534837	2.40272607253244	2.66127684596232	2.91708778677586
2.72503181834206	2.40629025629026	2.66715574959814	2.92650930954627
2.73213044133575	2.41751622475561	2.67399921161303	2.93506390413133
2.73922906432943	2.42037374632902	2.68206423524313	2.9422337599473
2.74632768732312	2.43168511612497	2.69301242412616	2.95371120126466
2.75342631031681	2.43483519454167	2.6989278175276	2.96097304772632
2.76052493331049	2.4449164831981	2.70443701777412	2.9653835445216
2.76762355630418	2.4548859784595	2.71482067770901	2.97144724593069
2.77472217929787	2.45794995683777	2.71806904326158	2.97422029741614
2.78182080229155	2.46632378900607	2.72878523094625	2.98799992267308
2.78891942528524	2.47135139001602	2.73582706621481	2.99294552524326
2.79601804827892	2.48213260129258	2.74378003572715	3.00673424930291
2.80311667127261	2.49162230898924	2.74949456211807	3.00993166094111
2.8102152942663	2.50123449532374	2.75942865424291	3.01912239689204
2.81731391725998	2.50749886855226	2.76448546851351	3.0270811158792
2.82441254025367	2.51234074161365	2.77290739044826	3.03586993746185
2.83151116324736	2.51854825740217	2.78150867024823	3.03859350183441
2.83860978624104	2.52186260124589	2.78770047545632	3.0472340563403
2.84570840923473	2.53100937465968	2.79593155721719	3.05631636812991
2.85280703222842	2.54554135598261	2.802478608443	3.06134854329087
2.8599056552221	2.5484677610233	2.81029277571517	3.0747376800587
2.86700427821579	2.55666092637947	2.81808870711096	3.08075221183595
2.87410290120947	2.56312333812708	2.8248113415378	3.08476728012442
2.88120152420316	2.56884912588876	2.83210976494641	3.09828379548927
2.88830014719685	2.58026293266415	2.84029095003108	3.1046740209929
2.89539877019053	2.58253819805322	2.8464984211954	3.10601451570594
2.90249739318422	2.58692724020722	2.85572032036059	3.11738521749275
2.90959601617791	2.6003216470303	2.86247072473564	3.12739705480497
2.91669463917159	2.60827077098048	2.87150568031902	3.13434718951211
2.92379326216528	2.61680930666265	2.87857555652441	3.14314032718486
2.93089188515897	2.62072470062255	2.88506679549238	3.14397847378187
2.93799050815265	2.62384167818161	2.89193564206832	3.15715453128328
2.94508913114634	2.63527609849918	2.90221259049878	3.16332530692522
2.95218775414002	2.64624715823372	2.9070771188904	3.17036214689891
2.95928637713371	2.65494784697256	2.91671115088016	3.17318103046416
2.9663850001274	2.65767147803022	2.9236534414345	3.18050349954035
2.97348362312108	2.66445906862482	2.92928388144069	3.19257100535436
2.98058224611477	2.67358497064402	2.93727552458982	3.2015970429017
2.98768086910846	2.68512711517318	2.94465399131138	3.20752650002125
2.99477949210214	2.68260160819094	2.95078774998128	3.2132876093568
3.00187811509583	2.69320251251807	2.95947331574359	3.22362773625781
3.00897673808952	2.70416551232894	2.96971692732927	3.23593147767566
3.0160753610832	2.71143904968226	2.97594189921832	3.23799510234365
3.02317398407689	2.72050433537802	2.98510015743071	3.24784082497358
3.03027260707057	2.72546099474738	2.99045063077591	3.25981350960695
3.03737123006426	2.73411733228841	2.99552595308285	3.26534200150853
3.04446985305795	2.73697995444145	3.00511383599075	3.26929820895067
3.05156847605163	2.74523031061276	3.01286570613744	3.28214239571441
3.05866709904532	2.75217907874199	3.0195821594629	3.28674565291045
3.06576572203901	2.76243972903174	3.02795183752473	3.29100782176159
3.07286434503269	2.77091082503994	3.03396308736457	3.30212925150518
3.07996296802638	2.78359126966913	3.04308061708397	3.31309630014566
3.08706159102007	2.78045553238114	3.04807551203952	3.31724277088589
3.09416021401375	2.78916045034141	3.05808884701957	3.32370260386079
3.10125883700744	2.79609328165355	3.06610389972635	3.32931668897032
3.10835746000112	2.80664397971456	3.07446120158208	3.33968298175275
3.11545608299481	2.80852537994075	3.08087355587035	3.34356707781635
3.1225547059885	2.82198341738	3.08793351579237	3.35694750761593
3.12965332898218	2.82758957693597	3.09410051431614	3.35721995074889
3.13675195197587	2.83321381925626	3.10297238551886	3.36893906056896
3.14385057496956	2.84911236482584	3.10989817278184	3.37509640629566
3.15094919796324	2.85217803588959	3.11795302139817	3.38388851421245
3.15804782095693	2.85786731557164	3.12457792612908	3.39552492085553
3.16514644395062	2.86483403428669	3.13237778383321	3.40733597258746
3.1722450669443	2.87024684178292	3.13960788098972	3.40664904237919
3.17934368993799	2.87973582207351	3.14863910757282	3.41409455065523
3.18644231293167	2.88686740517599	3.15348701859109	3.42349930510875
3.19354093592536	2.89516902885661	3.16111803233433	3.42958612018255
3.20063955891905	2.90215627445124	3.16976061839864	3.44299260663039
3.20773818191273	2.90835993962884	3.17830163083742	3.44876300127594
3.21483680490642	2.92080501640987	3.18270488499406	3.45252106309485
3.22193542790011	2.92362976013626	3.19336692639799	3.46013593952503
3.22903405089379	2.9360141921853	3.19807157746909	3.47046347037437
3.23613267388748	2.93794186537253	3.20763499912368	3.47573400419205
3.24323129688117	2.94514704777468	3.21488604650535	3.48148570153231
3.25032991987485	2.95086957403403	3.22211906537639	3.48864531033445
3.25742854286854	2.96280323608341	3.23020243355614	3.49816150037819
3.26452716586223	2.96709069413707	3.23916993319151	3.50872630218188
3.27162578885591	2.97056239334531	3.24506404851335	3.51419765336924
3.2787244118496	2.97719261169111	3.25325952738918	3.5229377181128
3.28582303484328	2.9918894278413	3.26071244355409	3.53082138881871
3.29292165783697	2.99844331070255	3.26753741033599	3.53672385693208
3.30002028083066	3.00570765730384	3.27277744251129	3.54319106556023
3.30711890382434	3.01082862618767	3.28430970890569	3.54915067996115
3.31421752681803	3.02379764901002	3.29041604402978	3.56714842417994
3.32131614981172	3.0236554219082	3.29697427642497	3.56746225585612
3.3284147728054	3.03188867561691	3.30400778276308	3.56989814969203
3.33551339579909	3.0394573288123	3.31206764653763	3.58141319899305
3.34261201879277	3.04620723324883	3.32029640517835	3.5901316060308
3.34971064178646	3.06182311530069	3.32527336776437	3.59779242451409
3.35680926478015	3.05880581309236	3.33307750132514	3.60742746758039
3.36390788777383	3.07191662433442	3.34348329737754	3.61749949740722
3.37100651076752	3.07515327289013	3.34819273932684	3.61523050695662
3.37810513376121	3.08786486255916	3.35959598441859	3.62993967450701
3.38520375675489	3.08830229796689	3.36279339619278	3.63389092519198
3.39230237974858	3.0960573135238	3.37112782387701	3.64186725121283
3.39940100274227	3.1098162000859	3.38301137629456	3.6471329495172
3.40649962573595	3.11497532001173	3.38688484551564	3.65804381059333
3.41359824872964	3.11966776204449	3.39720100176881	3.67149412641816
3.42069687172332	3.12683855103844	3.40046995775932	3.67300634813976
3.42779549471701	3.13212757145298	3.40873194468354	3.68747955141236
3.4348941177107	3.14619927194934	3.41731077645179	3.69308753881141
3.44199274070438	3.15285011745102	3.42369254461179	3.70155128746767
3.44909136369807	3.15856595484324	3.43171356359468	3.70266994522333
3.45618998669176	3.16645015134815	3.43881417098116	3.71122709389463
3.46328860968544	3.17160905701167	3.44372558181071	3.72056189838297
3.47038723267913	3.18113509029009	3.4536206654515	3.72483501623911
3.47748585567282	3.18548585195211	3.46174127932921	3.73139081160469
3.4845844786665	3.19172991855225	3.46704077235671	3.74697260055303
3.49168310166019	3.1996486751797	3.47776737218976	3.7510535845821
3.49878172465387	3.20959404581617	3.48242986231777	3.75667212229505
3.50588034764756	3.21879564985336	3.49309322665606	3.76441711497437
3.51297897064125	3.22601011170902	3.49974458029725	3.76808336158675
3.52007759363493	3.23267864915421	3.50701825624051	3.77886218417227
3.52717621662862	3.24181477387947	3.51484112329555	3.78715807270742
3.53427483962231	3.24431647013547	3.52243832146279	3.79678524594073
3.54137346261599	3.25640692399546	3.5281409246388	3.80214362710204
3.54847208560968	3.25972620186812	3.53435958716309	3.81098740302619
3.55557070860337	3.26982497251773	3.54499945997975	3.82025300599034
3.56266933159705	3.27245211735185	3.55145988662467	3.82744135600108
3.56976795459074	3.28298263190252	3.55746068076758	3.83577560751674
3.57686657758443	3.29153467179159	3.56483210681862	3.83977875194357
3.58396520057811	3.29749135702794	3.57449241181596	3.8496783995532
3.5910638235718	3.30429022921947	3.58196987979556	3.86018122016275
3.59816244656548	3.31549253033809	3.5886172326264	3.86535870536714
3.60526106955917	3.32235558916539	3.59773380099655	3.87373523166118
3.61235969255286	3.32483600622631	3.60717670039357	3.8769307222446
3.61945831554654	3.33154568349225	3.60950863735367	3.88567929821962
3.62655693854023	3.34494856770954	3.61949527897598	3.89742845799117
3.63365556153392	3.34998652288813	3.6283840182107	3.90882182390361
3.6407541845276	3.35796021685008	3.63367642427711	3.91291244132894
3.64785280752129	3.36256351518218	3.64022399071995	3.91376402158543
3.65495143051497	3.37104208168663	3.65126780688677	3.92349168997219
3.66205005350866	3.37880009104929	3.65758626474852	3.93480920702859
3.66914867650235	3.38532238182865	3.66116729150493	3.93806926681619
3.67624729949603	3.38992185589151	3.6719790155785	3.951512671314
3.68334592248972	3.40100702443035	3.67943560896127	3.95682728895556
3.69044454548341	3.40214702930922	3.6864707364192	3.96494341441595
3.69754316847709	3.41539135273446	3.69497640264031	3.97322784346864
3.70464179147078	3.42203223475468	3.70124936346344	3.97929027276505
3.71174041446447	3.43005373645392	3.7091713150265	3.99128327899667
3.71883903745815	3.4359263853092	3.71700202577318	3.99732001404179
3.72593766045184	3.44062838300751	3.72534819274475	4.00450382895709
3.73303628344552	3.45192148160662	3.73170671483265	4.00815358063518
3.74013490643921	3.46080628665307	3.73904576328873	4.02177014219092
3.7472335294329	3.4653933314422	3.7452489119652	4.03086218197366
3.75433215242658	3.47715395557049	3.75410836314692	4.038346482106
3.76143077542027	3.47895581240413	3.76216328070948	4.04027020627377
3.76852939841396	3.48526970913748	3.76661371346828	4.04655463472576
3.77562802140764	3.49353585564768	3.77677028659204	4.0625843363933
3.78272664440133	3.50209337351097	3.78299111582165	4.06170588372479
3.78982526739502	3.5104093918528	3.79186488458276	4.07722370490345
3.7969238903887	3.51620736789069	3.79943766496629	4.07849406151709
3.80402251338239	3.5271681401557	3.80723229169102	4.0897277913417
3.81112113637607	3.53809865308452	3.81418369205463	4.09488451113531
3.81821975936976	3.54800401977417	3.82185962591459	4.10652331510385
3.82531838236345	3.54362044796068	3.82814228633951	4.10492129555357
3.83241700535713	3.54901709673088	3.83619182263717	4.11608295250817
3.83951562835082	3.56465034300938	3.84373358853007	4.1229621728075
3.84661425134451	3.56694652804675	3.85120133373147	4.13529848919246
3.85371287433819	3.58055989246422	3.8588822596844	4.13974885030688
3.86081149733188	3.58725574807994	3.86938227629475	4.14873936066736
3.86791012032557	3.59270436326286	3.87210203745121	4.15361705083213
3.87500874331925	3.59437745152327	3.88190511867523	4.167938929454
3.88210736631294	3.60185211787751	3.88919905488485	4.17406241049025
3.88920598930663	3.609174865904	3.89922230008124	4.18078388116504
3.89630461230031	3.62321633890587	3.90360286184883	4.18889160685727
3.903403235294	3.62868408525589	3.91013549690994	4.19650541792599
3.91050185828768	3.63671614299445	3.91907727266105	4.20205744366184
3.91760048128137	3.63760731289536	3.92528214890458	4.20806766689558
3.92469910427506	3.64833853695261	3.93180762093565	4.22007482997154
3.93179772726874	3.65453652512728	3.94084642208845	4.22498153278434
3.93889635026243	3.66156925186179	3.9490007425223	4.22954484615491
3.94599497325612	3.67132527086747	3.95659934013508	4.2395884268964
3.9530935962498	3.67456858602452	3.96429419777553	4.2458928774551
3.96019221924349	3.68553770158031	3.96933972928404	4.25678966152108
3.96729084223717	3.69291880471527	3.98084996935812	4.2618180163222
3.97438946523086	3.70095150431499	3.98474116399228	4.26988871751148
3.98148808822455	3.70563036770169	3.99506249700326	4.28310404330419
3.98858671121823	3.71568343084268	4.00037311437493	4.28953332587351
3.99568533421192	3.7225750483909	4.0075616737278	4.2921474065497
4.00278395720561	3.72633593823628	4.01624042087385	4.30258203628007
4.00988258019929	3.73766806321774	4.02301346091747	4.30849734797237
4.01698120319298	3.74334615600581	4.02900703316925	4.31775474253895
4.02407982618667	3.74869808103316	4.03809708755615	4.32808208313726
4.03117844918035	3.76256670193266	4.04499091153113	4.33024675796489
4.03827707217404	3.76540902977858	4.05429411020592	4.3368027578848
4.04537569516772	3.76976669640864	4.05908911672057	4.34644368712014
4.05247431816141	3.77857296783107	4.06734005176373	4.35586972124456
4.0595729411551	3.79265113991647	4.07506934483237	4.36103867762758
4.06667156414878	3.79208316995332	4.08442785953436	4.37237239195574
4.07377018714247	3.80523850464466	4.09034207441176	4.37755648316708
4.08086881013616	3.81196483040155	4.09687543012879	4.38183664007075
4.08796743312984	3.81495739408998	4.10608881587325	4.39875497141873
4.09506605612353	3.82626193815581	4.11312311008377	4.39927979615467
4.10216467911722	3.8282540968708	4.12029504605515	4.41392434935354
4.1092633021109	3.8384871544167	4.128652765277	4.41806803629464
4.11636192510459	3.84824411558713	4.13496968771329	4.42407280157738
4.12346054809827	3.85597574578274	4.14551954357296	4.42947758022138
4.13055917109196	3.85903710784756	4.15109470402662	4.44158315343181
4.13765779408565	3.86779496800696	4.15865308529254	4.45053505031867
4.14475641707933	3.87876467838386	4.16635154020045	4.45496156162232
4.15185504007302	3.88363088064497	4.17466285373769	4.45897385772555
4.15895366306671	3.89280832035447	4.17827495907099	4.47496331930681
4.16605228606039	3.89980994016749	4.1879690692165	4.47597008591293
4.17315090905408	3.90275170456174	4.19549807793046	4.48608475857797
4.18024953204777	3.9143663708353	4.20324286296187	4.48937050765697
4.18734815504145	3.91869128022052	4.21169264851645	4.49901095478649
4.19444677803514	3.92622821852075	4.2194253426245	4.51156598516886
4.20154540102883	3.9350551269177	4.224186102065	4.51203108940022
4.20864402402251	3.94145821010057	4.23266188729198	4.52488843848241
4.2157426470162	3.95371785349236	4.24027256571868	4.53740560897836
4.22284127000988	3.96042361502853	4.24631431965146	4.54090769079234
4.22993989300357	3.96023457751831	4.25401799766585	4.54645256889779
4.23703851599726	3.96719065453835	4.26458569749544	4.55595276955817
4.24413713899094	3.98102378783954	4.27146905794467	4.56316659508541
4.25123576198463	3.98564884058702	4.27644162257256	4.57518562296967
4.25833438497832	3.98778914611333	4.28457319822014	4.57520734685512
4.265433007972	3.99680325414115	4.29268028778077	4.58504353404212
4.27253163096569	4.00734954806918	4.30032627691312	4.58919567525761
4.27963025395938	4.02120103961069	4.30850857067624	4.60315981532279
4.28672887695306	4.01731117170889	4.3145254987769	4.6103188144611
4.29382749994675	4.03044794051183	4.3197429785779	4.6188902597025
4.30092612294043	4.03517702247427	4.3287195447036	4.62399387519662
4.30802474593412	4.04544978302099	4.33906106226391	4.62766922653255
4.31512336892781	4.0506170375191	4.34577000024862	4.64080121731868
4.32222199192149	4.05964455391582	4.35310719380002	4.64804426745304
4.32932061491518	4.06463690810057	4.36050911349922	4.66002894980309
4.33641923790887	4.06717253759043	4.36783228517918	4.66168203132809
4.34351786090255	4.0793799337617	4.37641905808034	4.67036501665539
4.35061648389624	4.08217092190337	4.38203943313703	4.67148461032835
4.35771510688993	4.09522941872083	4.38973914275448	4.68704048239297
4.36481372988361	4.10085063824776	4.39635878393268	4.69015354242206
4.3719123528773	4.10528854962102	4.40492354949051	4.70513358529234
4.37901097587098	4.11482372867417	4.41358151708899	4.70645130149888
4.38610959886467	4.12343005355577	4.4190589418852	4.71733060860654
4.39320822185836	4.1277388413152	4.42624870740339	4.72358296984273
4.40030684485204	4.14021010941211	4.43323307835751	4.73099708344596
4.40740546784573	4.14117115849701	4.44278055025973	4.73968550828447
4.41450409083942	4.15553559479779	4.44977761778581	4.74852586091509
4.4216027138331	4.1563773328418	4.45509838648626	4.75302511499622
4.42870133682679	4.16360922266772	4.46429324540082	4.7633505753753
4.43579995982047	4.1762385132025	4.47173313839448	4.77241292300945
4.44289858281416	4.17813708035588	4.48069841087695	4.77634559887002
4.44999720580785	4.18582375518385	4.48664258802198	4.78895302094413
4.45709582880153	4.19486991253651	4.48988073794061	4.78944567516519
4.46419445179522	4.2011211852124	4.50317102972986	4.7958491763783
4.47129307478891	4.20630043538099	4.50945376488731	4.80691798012723
4.47839169778259	4.21634925088382	4.51749171585121	4.81723490512977
4.48549032077628	4.22185343565875	4.52401483739935	4.82687753242844
4.49258894376996	4.23580261139857	4.52954013543486	4.82830790638365
4.49968756676365	4.23765302452371	4.53971623673023	4.84240537661431
4.50678618975734	4.24354204112735	4.54797892154408	4.84400717516158
4.51388481275102	4.24959485324794	4.55263599672802	4.85662122695068
4.52098343574471	4.26057583641797	4.56302368123684	4.8648440482982
4.5280820587384	4.27266664401635	4.57207235343858	4.86823762384302
4.53518068173208	4.27447147644491	4.57716936682278	4.87636066224184
4.54227930472577	4.28503624434194	4.5846919122885	4.88915037813738
4.54937792771946	4.28964658809521	4.59115198567022	4.89522366371593
4.55647655071314	4.29837736042639	4.59813849443253	4.89979300695492
4.56357517370683	4.30474944389997	4.60693545759997	4.91316499877241
4.57067379670052	4.31145796831305	4.61693395364188	4.92053727276059
4.5777724196942	4.32056021083261	4.62203009608455	4.9242899284978
4.58487104268789	4.32653648280472	4.62968592583422	4.93013570624528
4.59196966568157	4.33143914179807	4.63460447705384	4.93592886010081
4.59906828867526	4.34073601860541	4.642820880971	4.95114590487886
4.60616691166895	4.35090896298574	4.65312408577171	4.95560171620588
4.61326553466263	4.35594673408996	4.66102738911492	4.96540641819349
4.62036415765632	4.36604575933346	4.66793766556035	4.96535072432406
4.62746278065001	4.36841986729225	4.67573881646657	4.97629295814893
4.63456140364369	4.37685005841942	4.68403791124824	4.98694198739712
4.64166002663738	4.38434517675294	4.68791382795967	4.99518288159806
4.64875864963107	4.39100682092288	4.69765210722276	5.00249178571787
4.65585727262475	4.40001038273701	4.70463179781786	5.0034796186346
4.66295589561844	4.41047462155725	4.71110682945736	5.01631710717756
4.67005451861212	4.41413846491799	4.7205613132371	5.0223393857763
4.67715314160581	4.42013888562142	4.72778553271979	5.03282867575556
4.6842517645995	4.42870693869853	4.73432555961478	5.03477618142478
4.69135038759318	4.43047878096523	4.74403155670292	5.0493994092834
4.69844901058687	4.44213446168675	4.74910198354083	5.05363600816529
4.70554763358056	4.45041057123312	4.7581776605743	5.05974564265562
4.71264625657424	4.46145628138833	4.76618248449622	5.06781183777824
4.71974487956793	4.45966960645954	4.77068780681435	5.08198960423018
4.72684350256162	4.47408873402377	4.77940665131468	5.08861958355885
4.7339421255553	4.47834381075298	4.78539769218512	5.09528413668621
4.74104074854899	4.48366984653996	4.79666483671396	5.10047367529818
4.74813937154267	4.49234890057652	4.80099646289543	5.10891756697191
4.75523799453636	4.50022659808376	4.8085901792594	5.11551511258482
4.76233661753005	4.50791281095745	4.81625251282709	5.12394881606875
4.76943524052373	4.51384538094006	4.82532643207831	5.1336634739677
4.77653386351742	4.52549492392521	4.83465535061552	5.14301194327826
4.78363248651111	4.53218681553515	4.83755308615741	5.14691860848389
4.79073110950479	4.53562106106913	4.84455366850739	5.14959698642226
4.79782973249848	4.53903169758358	4.85070171630864	5.16181225970259
4.80492835549217	4.55046531936502	4.86003211444157	5.1750409918575
4.81202697848585	4.55940044610175	4.86945526210037	5.18103332410079
4.81912560147954	4.56790544441635	4.87726841204826	5.19349320741343
4.82622422447323	4.57263783149013	4.88293639200205	5.19386117900147
4.83332284746691	4.57608097612036	4.89084222257889	5.20536685072303
4.8404214704606	4.5907327264642	4.90000683110602	5.20852969705995
4.84752009345428	4.5965415893894	4.90535325804779	5.21682358417837
4.85461871644797	4.60180844203801	4.91285884408969	5.22381711001371
4.86171733944166	4.61220266645203	4.92232513750509	5.23170111547049
4.86881596243534	4.61752136978013	4.92913766852181	5.24181329646615
4.87591458542903	4.62438508230432	4.93815691662996	5.25077404332479
4.88301320842272	4.62967071139808	4.94206602895573	5.25454706685154
4.8901118314164	4.64400047636558	4.95297039937393	5.25968634620002
4.89721045441009	4.65044681935523	4.95825540621752	5.27444849318975
4.90430907740378	4.65108552109464	4.96615248032717	5.27994955523235
4.91140770039746	4.66376312881531	4.97403920683387	5.28360366696772
4.91850632339115	4.66842869609912	4.98185210268606	5.29658147145435
4.92560494638483	4.67428757508351	4.9889618303333	5.3025960087864
4.93270356937852	4.68251885871904	4.99623771942906	5.30640006773056
4.93980219237221	4.69157590844017	5.00570729038864	5.31772472531098
4.94690081536589	4.70193049734372	5.0102599351517	5.32455871321672
4.95399943835958	4.70213762171112	5.01950644000641	5.33255255684723
4.96109806135327	4.71016506842188	5.02561657662026	5.34144508003062
4.96819668434695	4.7174519187213	5.03365479762159	5.35196713346616
4.97529530734064	4.72996046936607	5.04280799811153	5.35441826748041
4.98239393033433	4.73595151289753	5.05159465751274	5.36319917453112
4.98949255332801	4.73852093206906	5.0556211642909	5.37431206164359
4.9965911763217	4.7506756538873	5.06387939043161	5.38471617823689
5.00368979931538	4.75684317593688	5.07030800314057	5.38331365276228
5.01078842230907	4.76073350500901	5.07885723996305	5.39489879978725
5.01788704530276	4.76897585136258	5.08532565463013	5.3987757260926
5.02498566829644	4.77587873385694	5.09653299125334	5.4121791954627
5.03208429129013	4.78166690465155	5.09960042776054	5.41709911932393
5.03918291428382	4.79466737395407	5.10840033099735	5.42842755851739
5.0462815372775	4.79418806742767	5.11794162181551	5.43033920368943
5.05338016027119	4.80686668037832	5.12500226118786	5.43683141654036
5.06047878326487	4.8134276180578	5.12816332710852	5.45005313440632
5.06757740625856	4.81773177850125	5.13939220715743	5.45784015536813
5.07467602925225	4.83062225796136	5.14442209609896	5.46217394843666
5.08177465224593	4.83138422622983	5.15710439500265	5.47256383898357
5.08887327523962	4.84050456393619	5.16167160527697	5.47476858055505
5.09597189823331	4.84877330470719	5.17003220499781	5.48986807894406
5.10307052122699	4.85888801259052	5.17542918314556	5.49154643338241
5.11016914422068	4.86104113869514	5.18554763173249	5.50019043157332
5.11726776721436	4.86649595759194	5.19216642442248	5.51117088294387
5.12436639020805	4.87744192364162	5.19702389852096	5.51786516743863
5.13146501320174	4.88882836163795	5.20430343382603	5.52045910243794
5.13856363619542	4.89185761178244	5.21298539500704	5.53504073937959
5.14566225918911	4.89829674106259	5.22066111161559	5.54946255742441
5.1527608821828	4.90464696658857	5.22949300618063	5.5542637786653
5.15985950517648	4.91020818285252	5.23721878766654	5.55999237765743
5.16695812817017	4.92479533352065	5.24499416270212	5.56363566173824
5.17405675116386	4.93173216864745	5.25145498970582	5.57903826958532
5.18115537415754	4.9363909054219	5.25882670310117	5.58185065112756
5.18825399715123	4.94357244397178	5.26594996593169	5.58929597900775
