"mitochan"	"lwrNorm"	"medNorm"	"uprNorm"
-1.90327037354145	-2.04401171157468	-1.74770248112371	-1.45736203422155
-1.89692877396533	-2.03682971158986	-1.73933128542348	-1.4391704679228
-1.89058717438921	-2.02969381461939	-1.73596338835866	-1.44096701684507
-1.88424557481309	-2.02098177208068	-1.72943345734192	-1.43834519872502
-1.87790397523697	-2.02249695925811	-1.72351189954634	-1.43028826102808
-1.87156237566085	-2.00966183593505	-1.71673154205545	-1.41877409241161
-1.86522077608473	-2.00497762575401	-1.71015101953173	-1.41329333102668
-1.85887917650861	-1.99869946800328	-1.70664890729045	-1.41147694520457
-1.85253757693249	-1.99533106991576	-1.69868421238864	-1.40678566463622
-1.84619597735637	-1.98877485048781	-1.69440861123071	-1.40263462174623
-1.83985437778025	-1.98246875837836	-1.68812265476545	-1.39944041029833
-1.83351277820413	-1.97727459924005	-1.68458794391755	-1.39184573241915
-1.82717117862801	-1.96994579894558	-1.67561859937395	-1.38134833551698
-1.8208295790519	-1.96662521449959	-1.67254474489326	-1.38164089086334
-1.81448797947578	-1.95594793489703	-1.66484521664298	-1.36983019528194
-1.80814637989966	-1.94990891518333	-1.66074030837847	-1.36575148213682
-1.80180478032354	-1.94448790067845	-1.65468996761986	-1.35567223561048
-1.79546318074742	-1.94381872811214	-1.64957814168407	-1.3551196440323
-1.7891215811713	-1.93539378222102	-1.64501723481304	-1.34793332957611
-1.78277998159518	-1.92725851127449	-1.63772964467531	-1.3472703765386
-1.77643838201906	-1.92150945020939	-1.63165970570246	-1.33735009442998
-1.77009678244294	-1.92554083642506	-1.62481191667653	-1.33002982957232
-1.76375518286682	-1.90839221262559	-1.61853778091181	-1.32903560008285
-1.7574135832907	-1.90567954287622	-1.61424122081799	-1.323949718002
-1.75107198371458	-1.89703877447617	-1.60605413150124	-1.3151403130879
-1.74473038413846	-1.89339578294226	-1.60328860396689	-1.31347727953231
-1.73838878456234	-1.88352321160859	-1.59615119271226	-1.30541654121561
-1.73204718498622	-1.8752104987278	-1.59068652883113	-1.29852054908912
-1.7257055854101	-1.87513714360353	-1.58503201801016	-1.29558310966004
-1.71936398583398	-1.8657232012397	-1.57912008232439	-1.29013289129377
-1.71302238625786	-1.86510406790138	-1.57538334691333	-1.28382391142408
-1.70668078668174	-1.85660403947843	-1.56700111848372	-1.27962887857326
-1.70033918710562	-1.84896394568254	-1.56365541319115	-1.26970088866337
-1.69399758752951	-1.84233012027718	-1.55618844931677	-1.27389661579292
-1.68765598795339	-1.83566304753706	-1.55227050609457	-1.26504109375747
-1.68131438837727	-1.83187552333683	-1.54302642812927	-1.25326065173527
-1.67497278880115	-1.8325902574239	-1.54070704958814	-1.24985599013596
-1.66863118922503	-1.82144111048914	-1.53337642729115	-1.24514011893113
-1.66228958964891	-1.81528841738249	-1.52889405053931	-1.23601027033679
-1.65594799007279	-1.81084891500083	-1.52246279757753	-1.2313875385247
-1.64960639049667	-1.80330657204142	-1.51687300409709	-1.23271184028494
-1.64326479092055	-1.80079592430387	-1.51085230910159	-1.22532156274384
-1.63692319134443	-1.79132800740164	-1.50558213039438	-1.21889875585588
-1.63058159176831	-1.785641164679	-1.49917002086918	-1.21499587355846
-1.62423999219219	-1.78329777139356	-1.49223677918708	-1.20421706069102
-1.61789839261607	-1.77608116314631	-1.48670489413763	-1.19351604437806
-1.61155679303995	-1.77166682305233	-1.48416214097934	-1.19105675774152
-1.60521519346383	-1.76314110022936	-1.47474580710261	-1.18998365059691
-1.59887359388771	-1.7596078426204	-1.47005890814845	-1.18769670511734
-1.59253199431159	-1.75426519378342	-1.46494057463004	-1.18089559864833
-1.58619039473547	-1.74811421296457	-1.45992642918581	-1.17083432829245
-1.57984879515935	-1.74164982008272	-1.45294225302266	-1.16615634306336
-1.57350719558323	-1.73702482402187	-1.44917690542252	-1.16319865971183
-1.56716559600711	-1.72785776311016	-1.44157983324027	-1.15561568433676
-1.560823996431	-1.72246516419871	-1.4370740787764	-1.15228104680747
-1.55448239685488	-1.71762958105401	-1.43090592610519	-1.14440057540569
-1.54814079727876	-1.70896191320476	-1.42389228491331	-1.139023943849
-1.54179919770264	-1.70139459408435	-1.42014557730074	-1.13221906509915
-1.53545759812652	-1.70278750730996	-1.41281544056937	-1.12782583293858
-1.5291159985504	-1.69444641416372	-1.40986521944785	-1.12430595043739
-1.52277439897428	-1.68842561197233	-1.40317585182771	-1.12074448453444
-1.51643279939816	-1.68022831275745	-1.39704660906028	-1.11271275112256
-1.51009119982204	-1.67364674449035	-1.39160223281299	-1.10328678023184
-1.50374960024592	-1.66883611242235	-1.38454572849357	-1.10461507805596
-1.4974080006698	-1.6615703220834	-1.37880918771923	-1.09693602963726
-1.49106640109368	-1.65690531166309	-1.37192562433345	-1.08722597106657
-1.48472480151756	-1.65092625343138	-1.36687404886832	-1.08313538264833
-1.47838320194144	-1.64756760135581	-1.36191628935135	-1.07675644820673
-1.47204160236532	-1.63769845781319	-1.35806882881815	-1.07709508420408
-1.4657000027892	-1.62901076063582	-1.35043902645657	-1.06802305075046
-1.45935840321308	-1.62313863534585	-1.34438700594006	-1.06140898246313
-1.45301680363696	-1.62286742370124	-1.34287905209661	-1.0589755223775
-1.44667520406084	-1.61884101092924	-1.33361861193827	-1.05320459639754
-1.44033360448472	-1.60956384326916	-1.32820422525251	-1.05017303257237
-1.43399200490861	-1.60400687995645	-1.32338041858164	-1.03693932284074
-1.42765040533249	-1.59564904832472	-1.31670887987043	-1.02908568411625
-1.42130880575637	-1.58525398840772	-1.30853185133853	-1.02332261025688
-1.41496720618025	-1.58938920630672	-1.30351372556955	-1.01933563416013
-1.40862560660413	-1.57948549045634	-1.29835369784765	-1.01444338236459
-1.40228400702801	-1.57227601786577	-1.29289757352269	-1.01246133264237
-1.39594240745189	-1.56607878911263	-1.28851623631605	-1.00291126829734
-1.38960080787577	-1.56535430411317	-1.28114907744941	-1.00186915580973
-1.38325920829965	-1.55973528656685	-1.27526662637306	-0.991295270884591
-1.37691760872353	-1.55365689307776	-1.27163622887093	-0.986717337079801
-1.37057600914741	-1.54778826691292	-1.26474948722747	-0.985550443008256
-1.36423440957129	-1.53966900438839	-1.25844551149787	-0.981757560326583
-1.35789280999517	-1.52761923202562	-1.25430142732058	-0.971884087091519
-1.35155121041905	-1.52276051509619	-1.24896410068807	-0.970002390269887
-1.34520961084293	-1.52383831952216	-1.24422846964618	-0.960266176531602
-1.33886801126681	-1.51594149551182	-1.23616653123498	-0.956718980944161
-1.33252641169069	-1.50837026435419	-1.22862082484589	-0.946908847679016
-1.32618481211457	-1.50480304308851	-1.22484520657885	-0.944118408041713
-1.31984321253845	-1.49442202392982	-1.21750032720425	-0.934528772102314
-1.31350161296233	-1.49508254052422	-1.21170636713451	-0.93222660630211
-1.30716001338621	-1.49117923767132	-1.20781198584622	-0.931251050764468
-1.3008184138101	-1.48363432506835	-1.20392604099492	-0.923313358774632
-1.29447681423398	-1.47498980270486	-1.19506578113052	-0.923966849583694
-1.28813521465786	-1.47231385155182	-1.18940978135174	-0.912975122375863
-1.28179361508174	-1.46559878944632	-1.18328823352091	-0.908821609777616
-1.27545201550562	-1.46065703949263	-1.17822489883419	-0.902484947605955
-1.2691104159295	-1.45436257516313	-1.17249633161971	-0.896495412248387
-1.26276881635338	-1.44488046453468	-1.16868443120435	-0.892397621551894
-1.25642721677726	-1.43533357309378	-1.16149436151352	-0.892076445714638
-1.25008561720114	-1.43564789929354	-1.15623115298033	-0.87757725466936
-1.24374401762502	-1.42315146123816	-1.14903091668874	-0.869053891021629
-1.2374024180489	-1.42799211098728	-1.1439713917122	-0.866685498041553
-1.23106081847278	-1.41342270247008	-1.13979428121874	-0.862624570020915
-1.22471921889666	-1.40880669980972	-1.13267116581197	-0.859596229625437
-1.21837761932054	-1.40262835469982	-1.1258751806129	-0.850349908497438
-1.21203601974442	-1.40344229325384	-1.11990518902741	-0.83951777079157
-1.2056944201683	-1.39473345205549	-1.11656719229451	-0.841562914999775
-1.19935282059218	-1.389545236597	-1.11035115744557	-0.831837789552866
-1.19301122101606	-1.37676993549326	-1.10456371982869	-0.828150184821591
-1.18666962143994	-1.37478632855067	-1.09861138929301	-0.821965878389972
-1.18032802186382	-1.36979504194136	-1.09280730795968	-0.820174188713705
-1.17398642228771	-1.36302991429812	-1.08641038515493	-0.810473753975799
-1.16764482271159	-1.35812912265404	-1.08232357759705	-0.802332884502693
-1.16130322313547	-1.348324340878	-1.07388616170608	-0.800198592197671
-1.15496162355935	-1.3441931616418	-1.07113689249571	-0.797528666314121
-1.14862002398323	-1.33736883775605	-1.063639772789	-0.793219062666295
-1.14227842440711	-1.33597426083618	-1.05951718316804	-0.779141055013651
-1.13593682483099	-1.32838878545368	-1.05100072213878	-0.778856279941796
-1.12959522525487	-1.31881611978142	-1.04734395419881	-0.772880618884476
-1.12325362567875	-1.31427282751065	-1.04087713391587	-0.769220094837248
-1.11691202610263	-1.31041807489036	-1.03581303218552	-0.764954091487683
-1.11057042652651	-1.302587325319	-1.02882777314365	-0.751422666720331
-1.10422882695039	-1.29684976524022	-1.02540189136065	-0.754767560226688
-1.09788722737427	-1.29684611823252	-1.01980142478711	-0.747401380200852
-1.09154562779815	-1.28921179304134	-1.01161003288728	-0.73872409325139
-1.08520402822203	-1.28298065834576	-1.00565451184237	-0.730784447033495
-1.07886242864591	-1.27785948202803	-1.00070984087678	-0.727462624305201
-1.07252082906979	-1.26518986561304	-0.995932078658471	-0.720739425406679
-1.06617922949367	-1.26460260488722	-0.990935353495784	-0.721002908439456
-1.05983762991755	-1.25376424289285	-0.983846430891831	-0.711074836699585
-1.05349603034143	-1.25005425090631	-0.976956060621318	-0.711215489938058
-1.04715443076531	-1.2460190369797	-0.973945535443742	-0.700699074062755
-1.0408128311892	-1.23830930556835	-0.966959880811	-0.695631790692661
-1.03447123161308	-1.2322547333076	-0.964020266783356	-0.689457892414238
-1.02812963203696	-1.22768905910068	-0.955161951459375	-0.68570153554813
-1.02178803246084	-1.22250845766535	-0.951949691979194	-0.681874877611077
-1.01544643288472	-1.2166337699694	-0.944757919773256	-0.673653200871115
-1.0091048333086	-1.21088594333108	-0.939268556328507	-0.665547894373615
-1.00276323373248	-1.20077152295678	-0.930913684271895	-0.657579512170322
-0.996421634156359	-1.19760885723806	-0.926854014406695	-0.651461973419362
-0.990080034580239	-1.19188397667245	-0.922750221382981	-0.648950488889286
-0.98373843500412	-1.18656404275792	-0.915757039848904	-0.645002929414989
-0.977396835428	-1.17707000163475	-0.909898048332759	-0.638005881267737
-0.971055235851881	-1.17347140989078	-0.902979888505515	-0.634348492154794
-0.964713636275761	-1.16823917147004	-0.897886075402482	-0.627772678815925
-0.958372036699642	-1.16647041713737	-0.892312898778474	-0.624316866161642
-0.952030437123522	-1.16061580965972	-0.887103735982604	-0.616336246522809
-0.945688837547403	-1.15660905184618	-0.881354431041233	-0.609246771827481
-0.939347237971283	-1.14779230102548	-0.872325110239449	-0.601507029337652
-0.933005638395163	-1.14013221893994	-0.869850690088587	-0.604811014198045
-0.926664038819044	-1.13414232359556	-0.864283479758359	-0.596544191032948
-0.920322439242925	-1.1255392350414	-0.858732793273714	-0.585412270109518
-0.913980839666805	-1.12273834225416	-0.852950757199686	-0.578067332413711
-0.907639240090686	-1.11109389883467	-0.847047972063467	-0.576366849645073
-0.901297640514566	-1.1093435081513	-0.840249481189728	-0.57168228886221
-0.894956040938446	-1.10797263356532	-0.836314364373701	-0.564856226472059
-0.888614441362327	-1.10024539968096	-0.828603432266584	-0.560373201573371
-0.882272841786207	-1.09246164196083	-0.823675735567832	-0.559693007948765
-0.875931242210088	-1.08300466118116	-0.817186157802838	-0.552581261909419
-0.869589642633968	-1.07888308383172	-0.811026837826648	-0.54486925957718
-0.863248043057849	-1.07872050295165	-0.80606574692432	-0.53566071057208
-0.856906443481729	-1.06907400907461	-0.801032440855886	-0.535865895226715
-0.85056484390561	-1.06084702940983	-0.794395533652731	-0.526991717253418
-0.84422324432949	-1.05975683242993	-0.791422715523342	-0.521255185383871
-0.837881644753371	-1.04905529432389	-0.783855495640609	-0.516710350028976
-0.831540045177251	-1.04384148526088	-0.777891518991095	-0.513567963350868
-0.825198445601132	-1.04234835415481	-0.7723350809668	-0.507134088850719
-0.818856846025012	-1.03084676917382	-0.768393708101178	-0.496439151341446
-0.812515246448893	-1.0289694539063	-0.76056247808797	-0.491287468882153
-0.806173646872773	-1.02422039112563	-0.755930540281335	-0.486930058059807
-0.799832047296654	-1.01676694240978	-0.749508321185268	-0.478856697850928
-0.793490447720534	-1.00783079835312	-0.744075573578882	-0.477086514816235
-0.787148848144415	-1.00653829585206	-0.739154058495715	-0.473608858917951
-0.780807248568295	-0.996275515640335	-0.732232954164417	-0.467158380295814
-0.774465648992176	-0.995024679127912	-0.725540510668806	-0.460506712768786
-0.768124049416056	-0.986185624610702	-0.720307368665705	-0.448721782018485
-0.761782449839937	-0.978807588914501	-0.713887503894991	-0.451961154637915
-0.755440850263817	-0.977571261959467	-0.7098452974654	-0.44337979163569
-0.749099250687698	-0.969260511352528	-0.70304660511552	-0.436054447374605
-0.742757651111578	-0.962935266165385	-0.699696395980605	-0.427533385773882
-0.736416051535459	-0.960692934783437	-0.693062168562926	-0.423842695075254
-0.730074451959339	-0.951616417001728	-0.684515773712113	-0.421577725323801
-0.72373285238322	-0.94440322367211	-0.680217620763597	-0.415304737558343
-0.7173912528071	-0.938901146331849	-0.675111574416557	-0.40596384563364
-0.711049653230981	-0.931701476247744	-0.669392776472884	-0.404065472697967
-0.704708053654861	-0.931519082999993	-0.664149509309984	-0.3998631703639
-0.698366454078742	-0.923340612686106	-0.657453813495133	-0.395310949699553
-0.692024854502622	-0.914927001010561	-0.652813070712637	-0.390042813088038
-0.685683254926503	-0.913403403480432	-0.646071369977259	-0.380385747959539
-0.679341655350383	-0.902024188796797	-0.641138074193885	-0.375927081442289
-0.673000055774263	-0.901664382982038	-0.635954557714596	-0.371441213276809
-0.666658456198144	-0.892042082190154	-0.628645192737135	-0.36709458191056
-0.660316856622025	-0.886976920704681	-0.621784006864906	-0.356436565106704
-0.653975257045905	-0.881826607741476	-0.618923984320972	-0.350870741841704
-0.647633657469785	-0.874661246577822	-0.612097737691403	-0.346118312479375
-0.641292057893666	-0.874263919810337	-0.607191408063693	-0.341423762567206
-0.634950458317546	-0.864929315637271	-0.598842697414343	-0.344714419628332
-0.628608858741427	-0.861682365952823	-0.595257673709082	-0.329455286521112
-0.622267259165307	-0.85347353265627	-0.589711030070411	-0.32499473203763
-0.615925659589188	-0.84742081837912	-0.584146297269525	-0.318423394597121
-0.609584060013068	-0.839476932550544	-0.57751871634411	-0.315851580038536
-0.603242460436949	-0.836307301261523	-0.572459268623161	-0.310568234517388
-0.596900860860829	-0.829603722147421	-0.568069285835945	-0.305180934184253
-0.59055926128471	-0.821629316164129	-0.558700600403778	-0.29911161363043
-0.58421766170859	-0.818983535967117	-0.555161690348183	-0.298067895202839
-0.577876062132471	-0.813269526263475	-0.549301417577562	-0.284299204281347
-0.571534462556351	-0.809636265208367	-0.543540190560672	-0.276519250442154
-0.565192862980232	-0.796151517349195	-0.535438504578673	-0.275113063217047
-0.558851263404112	-0.796273893431043	-0.532052155380991	-0.27016644286531
-0.552509663827993	-0.791632302337896	-0.526680369477529	-0.263951517205104
-0.546168064251873	-0.777032289339683	-0.520811094703473	-0.260192435406765
-0.539826464675754	-0.775730932209006	-0.51426325712729	-0.250035162197586
-0.533484865099634	-0.771161015375724	-0.509666165925877	-0.244330243765193
-0.527143265523515	-0.761401400382928	-0.502602915036714	-0.243852822594536
-0.520801665947395	-0.755740729489647	-0.497383958752602	-0.236458391697872
-0.514460066371276	-0.754840433628631	-0.491751824548612	-0.233686966930692
-0.508118466795156	-0.749988831794839	-0.485189035821924	-0.231287055903248
-0.501776867219037	-0.738878473760466	-0.480983092503812	-0.218043385480578
-0.495435267642917	-0.736520144214849	-0.473285706307412	-0.212687304277489
-0.489093668066798	-0.732506916216778	-0.467469222116318	-0.208246482091143
-0.482752068490678	-0.722776046419384	-0.463819598497961	-0.203215869309996
-0.476410468914559	-0.718881599735658	-0.457685625716372	-0.196465628682516
-0.470068869338439	-0.709871157742922	-0.454882169158374	-0.191534201870694
-0.46372726976232	-0.709400400449392	-0.447413324071242	-0.183998208011568
-0.4573856701862	-0.699581646203235	-0.440680376629111	-0.181143099834504
-0.451044070610081	-0.695550566906095	-0.432976974818753	-0.170927281445359
-0.444702471033961	-0.687633171094271	-0.426742444448138	-0.171726118800871
-0.438360871457842	-0.679463756574261	-0.422850477518989	-0.159992942563418
-0.432019271881722	-0.673674898395827	-0.415079054854675	-0.159642132206754
-0.425677672305603	-0.668916491422407	-0.413228589172972	-0.148345281864949
-0.419336072729483	-0.665030197427707	-0.406493274764769	-0.142427645618294
-0.412994473153363	-0.659782903239029	-0.401454098398663	-0.14007020395544
-0.406652873577244	-0.657689381341731	-0.39225239511726	-0.132735160691193
-0.400311274001125	-0.646686385133299	-0.389630491560559	-0.126261491756703
-0.393969674425005	-0.643741963002088	-0.382921237847458	-0.11942377736992
-0.387628074848885	-0.638267425637488	-0.376431338449679	-0.120466374152002
-0.381286475272766	-0.63310374805391	-0.371524562855529	-0.112068240484839
-0.374944875696646	-0.626394469724545	-0.365795351132059	-0.10287906567028
-0.368603276120527	-0.614859661406828	-0.359348156948393	-0.0978265162378333
-0.362261676544407	-0.616904414716958	-0.35485758266253	-0.0943175022600633
-0.355920076968288	-0.60791069570245	-0.349689886633326	-0.0865909964281615
-0.349578477392168	-0.60185287582217	-0.344527719869832	-0.0835922943313041
-0.343236877816049	-0.593874542523169	-0.338157105102265	-0.0777143608817316
-0.336895278239929	-0.593874155193256	-0.332951327183124	-0.0756123712144532
-0.33055367866381	-0.585926309958675	-0.326717401044103	-0.0685729040743123
-0.32421207908769	-0.577788110205971	-0.320615036691942	-0.0641233581028296
-0.317870479511571	-0.578316062905645	-0.312856760933483	-0.0520675833119221
-0.311528879935451	-0.570197804830544	-0.308550150997428	-0.0511983768633866
-0.305187280359332	-0.556622113386611	-0.301898886463315	-0.0442136249630691
-0.298845680783212	-0.555690906480773	-0.295537933019032	-0.0370552115590498
-0.292504081207093	-0.552201484916399	-0.293368322202824	-0.0330254137048746
-0.286162481630973	-0.545474604090059	-0.287027340099884	-0.0253003373134055
-0.279820882054854	-0.535620061524577	-0.281884868372554	-0.0205719632693901
-0.273479282478734	-0.533597444493534	-0.273592351953256	-0.0165296546181791
-0.267137682902615	-0.5246954779425	-0.268289631008897	-0.0132732726700829
-0.260796083326495	-0.516355421213538	-0.26268061201942	-0.00535325795179427
-0.254454483750376	-0.512927894296621	-0.255259859261992	0.000710826287282977
-0.248112884174256	-0.51132171094828	-0.251609282458469	0.00805241532940871
-0.241771284598137	-0.504068442521016	-0.245956589723044	0.00955806290621952
-0.235429685022017	-0.495619601821626	-0.24002324617845	0.0163033680873537
-0.229088085445898	-0.487501638392695	-0.23518788841721	0.0234374617394212
-0.222746485869778	-0.485492101943898	-0.229150379772754	0.0309566883692915
-0.216404886293659	-0.482374190388303	-0.224136806223007	0.036748685962927
-0.210063286717539	-0.472672157167162	-0.215885913984474	0.0414518852495304
-0.20372168714142	-0.473491601322237	-0.210223309938184	0.0455155071734248
-0.1973800875653	-0.464836310018715	-0.204826479353498	0.0530486403214297
-0.191038487989181	-0.452713280556731	-0.201274950469544	0.0573299328062744
-0.184696888413061	-0.449234735659618	-0.193376753630541	0.0646141753092021
-0.178355288836942	-0.443365185127984	-0.18866673858287	0.0645828128386786
-0.172013689260822	-0.440573018555182	-0.182541133520635	0.0743352609700952
-0.165672089684703	-0.431379492522921	-0.178043573400033	0.0785283287136047
-0.159330490108583	-0.426543707199717	-0.173271067394978	0.0852607364064588
-0.152988890532463	-0.422606235189446	-0.167321472994707	0.0872607216654831
-0.146647290956344	-0.415752899870812	-0.158634049832162	0.0969438838359662
-0.140305691380225	-0.408730182380014	-0.153146887120942	0.103425611776614
-0.133964091804105	-0.407057602985557	-0.148008595771627	0.104976054948169
-0.127622492227985	-0.400356790125432	-0.143107150991223	0.111249267976792
-0.121280892651866	-0.392591395036745	-0.137574757237717	0.119349671722525
-0.114939293075746	-0.384628985447472	-0.131275017170567	0.123364528382705
-0.108597693499627	-0.38264057476808	-0.124196209824315	0.132080199716922
-0.102256093923508	-0.3734680262043	-0.119485722631982	0.132742775041454
-0.095914494347388	-0.367558650789409	-0.112136865975256	0.136955466318836
-0.0895728947712684	-0.359586720608602	-0.109178044797566	0.147148770752982
-0.0832312951951488	-0.357996147886758	-0.102488056156226	0.15491894788025
-0.0768896956190295	-0.355262589415532	-0.096332116514981	0.155415650500269
-0.0705480960429099	-0.345846624651427	-0.0925910285558279	0.164784767303025
-0.0642064964667903	-0.342263630540021	-0.0855158658587336	0.171512712362326
-0.0578648968906708	-0.332031815574406	-0.0795893850622534	0.172515043328173
-0.0515232973145514	-0.327085453031353	-0.0757918198037259	0.183735594604062
-0.0451816977384318	-0.327134315693723	-0.0684399448696166	0.187242879595197
-0.0388400981623123	-0.319966046955887	-0.062721120273639	0.194208571667704
-0.0324984985861929	-0.309594063083338	-0.0555200319175244	0.198936577995816
-0.0261568990100733	-0.300890732079581	-0.0536123962242287	0.204557901251788
-0.0198152994339538	-0.305192208235403	-0.0447499262865338	0.20749633728022
-0.0134736998578342	-0.293293250817272	-0.0393243142682728	0.213452401188184
-0.00713210028171485	-0.288171057757869	-0.0327556195968045	0.218620054776536
-0.000790500705595276	-0.28082417470284	-0.0277665309731215	0.222686022654322
0.0055510988705243	-0.2761068941092	-0.0222690458812377	0.231438894160104
0.0118926984466439	-0.271287029141497	-0.0153103315769349	0.235216126515335
0.0182342980227632	-0.258301161466007	-0.0094286659306155	0.237412493213228
0.0245758975988828	-0.258726125791951	-0.00396164877512878	0.24844529752455
0.0309174971750024	-0.255386516973953	0.000522591525507874	0.257748453964885
0.0372590967511219	-0.251290446250786	0.0056121681081139	0.261524771929975
0.0436006963272413	-0.244014367871659	0.0132585755118515	0.265691258727379
0.0499422959033609	-0.233192944479913	0.0171262719522749	0.267934740699434
0.0562838954794804	-0.234559184104519	0.0227692581941573	0.278686972742703
0.0626254950555998	-0.220821522885679	0.0296934415144556	0.28030070431134
0.0689670946317194	-0.223952585326839	0.03420214186612	0.28632047561641
0.0753086942078389	-0.211858654141762	0.0391119368495686	0.291017017911848
0.0816502937839585	-0.203864177343366	0.0484868586635471	0.302922882563488
0.0879918933600778	-0.200093206822805	0.0529544080639453	0.306055266494628
0.0943334929361974	-0.194518261054505	0.0572957535534503	0.312681137754035
0.100675092512317	-0.187159804616032	0.0647532003205138	0.31756219806521
0.107016692088437	-0.182712392350007	0.0699223240230196	0.319327153670129
0.113358291664556	-0.177615500273687	0.0777228231791332	0.330785101847065
0.119699891240676	-0.171404884903308	0.0829287762236536	0.335111607688217
0.126041490816795	-0.164775713750384	0.0855367311853166	0.340181701721838
0.132383090392914	-0.159937165131301	0.0936395499239853	0.34741814108774
0.138724689969034	-0.149932196562159	0.0996567371666895	0.350717026808942
0.145066289545154	-0.14868778840206	0.104433811459366	0.353082990408757
0.151407889121273	-0.140953047155413	0.108957393970758	0.356926930993282
0.157749488697393	-0.13812190322643	0.115854953761661	0.364643131535531
0.164091088273512	-0.131160829327658	0.120250282746771	0.372583684727537
0.170432687849631	-0.123721997568301	0.126685859902663	0.378435084804134
0.176774287425751	-0.12251898272231	0.134228853541059	0.380945434115067
0.183115887001871	-0.114980313353187	0.13735663419077	0.390315784442688
0.18945748657799	-0.107298633465985	0.144047278608016	0.396589128117587
0.19579908615411	-0.100292268236226	0.148171244075134	0.403734270953031
0.202140685730229	-0.100145715364441	0.155510356187794	0.401348536782124
0.208482285306349	-0.0906325664563725	0.16153433234943	0.413647491084017
0.214823884882468	-0.0823188254764718	0.166804855395407	0.419310406909716
0.221165484458588	-0.0747423939567537	0.171853930279209	0.424177299319579
0.227507084034707	-0.0739698282888953	0.177905183284684	0.426630397899351
0.233848683610827	-0.0673161220592609	0.1838524432469	0.43523676124116
0.240190283186946	-0.0594966759450888	0.188921532985796	0.439435142808885
0.246531882763066	-0.0592936118254647	0.195982525932452	0.447936496102637
0.252873482339185	-0.0470888136198638	0.198975088835513	0.454556438499683
0.259215081915305	-0.0436819850710814	0.206626053967844	0.455335021023127
0.265556681491424	-0.03970858967576	0.214114496564738	0.461884659385958
0.271898281067544	-0.0353341535753761	0.219395277099348	0.468756563907254
0.278239880643663	-0.0237507772861954	0.226053106019107	0.474580241205449
0.284581480219783	-0.0227809917531388	0.231984885946379	0.480709178867692
0.290923079795902	-0.0137672377610582	0.235404510134334	0.485093945129505
0.297264679372022	-0.0114865828675007	0.242179913487624	0.494506943557603
0.303606278948141	-0.0058906151972602	0.247744800249653	0.499690516292553
0.309947878524261	0.000910331394494474	0.25293881170454	0.50457480517107
0.31628947810038	0.00823378542825984	0.260963193129446	0.506574055618766
0.3226310776765	0.0164874357109067	0.263627413730482	0.511945822816097
0.32897267725262	0.0189542915523771	0.270174272072648	0.518102516853867
0.335314276828739	0.0247911845924895	0.273904224518189	0.519416641793639
0.341655876404858	0.0289225862175047	0.281330733042269	0.528556079967144
0.347997475980978	0.0357822854731722	0.286692265886183	0.539152668846215
0.354339075557097	0.0403740552814279	0.291636077561962	0.54276679309341
0.360680675133217	0.0516890170368852	0.30033293773331	0.546979064246021
0.367022274709337	0.0524129324445609	0.30531710065429	0.554091406879207
0.373363874285456	0.0592109335813079	0.310027498179257	0.561603504458155
0.379705473861575	0.0648448268682379	0.316787605691211	0.569594109525755
0.386047073437695	0.0701496286246998	0.32311484979529	0.570581287533491
0.392388673013814	0.0743182561266905	0.327147737162751	0.573462274932212
0.398730272589934	0.0817483825053403	0.332996263406344	0.583191419159109
0.405071872166054	0.0911689104475756	0.336904006696753	0.590058123563205
0.411413471742173	0.0946575858709906	0.343894999017861	0.591923318350241
0.417755071318293	0.101983851448406	0.348688836986251	0.603339295352369
0.424096670894412	0.103298323064572	0.356189624002042	0.60869098833436
0.430438270470531	0.109694883764618	0.363835287053587	0.606657369439921
0.436779870046651	0.115191703503852	0.36601287949745	0.615428850014591
0.443121469622771	0.125921296585154	0.371873333204077	0.619730151349007
0.44946306919889	0.13313852972235	0.380748474115715	0.629985978612451
0.45580466877501	0.135076391956423	0.384208780562181	0.633366544240968
0.462146268351129	0.138452510150753	0.389213752334563	0.638398633239634
0.468487867927249	0.146859813768809	0.396754941868971	0.646944823435224
0.474829467503368	0.152854286384703	0.403211171753301	0.651313401101154
0.481171067079488	0.164251142210722	0.406417622409238	0.655151534128164
0.487512666655607	0.16403706584195	0.413594298512227	0.666538767844545
0.493854266231727	0.170066937950616	0.419617765102625	0.668873592095736
0.500195865807846	0.174312941329785	0.426300811981206	0.673403964585348
0.506537465383966	0.182194887883041	0.429831904917612	0.67893811100526
0.512879064960085	0.186495705280349	0.434598215385896	0.683853577461805
0.519220664536205	0.191471406543305	0.44239006345649	0.696149761449159
0.525562264112324	0.19841606749239	0.448431591861395	0.697298075194125
0.531903863688444	0.199630256585716	0.453391774695701	0.699949737293209
0.538245463264563	0.204905489121566	0.459680103274925	0.710463654951125
0.544587062840683	0.217738762991681	0.466401789940803	0.708580971357098
0.550928662416802	0.223855871797297	0.472424575790523	0.722012646173404
0.557270261992922	0.228633740113651	0.475669192607945	0.724701624383456
0.563611861569041	0.233797520530169	0.480569396815745	0.73138929584663
0.569953461145161	0.239912543014574	0.488066292270142	0.734283387352156
0.57629506072128	0.241532847944732	0.494382345827665	0.743090924456161
0.5826366602974	0.251835157348833	0.496972928710752	0.745333671340559
0.58897825987352	0.25657219204301	0.503972647544254	0.751518125887887
0.595319859449639	0.264687126871112	0.511040759780061	0.759958880923544
0.601661459025758	0.264392877354481	0.51477650538192	0.759519141060546
0.608003058601878	0.274268179924695	0.522407488462242	0.768370689337177
0.614344658177997	0.282717374515997	0.527360018200266	0.77108554216226
0.620686257754117	0.282611726725264	0.53361508110692	0.78541615188987
0.627027857330237	0.290220721483488	0.538627946447724	0.78864733424177
0.633369456906356	0.294103313852273	0.545452119260527	0.791621565600148
0.639711056482475	0.303281247427195	0.550033523754691	0.796672161953764
0.646052656058595	0.310917578651434	0.556835691441941	0.803865950540526
0.652394255634714	0.312714683636172	0.562544898390548	0.811456080104741
0.658735855210834	0.317571305333385	0.566578654645949	0.818053312089633
0.665077454786954	0.327236549109545	0.573540095120823	0.823736100350315
0.671419054363073	0.329814636410601	0.579705428912709	0.831304378066815
0.677760653939193	0.337549711182049	0.58481246463172	0.836067316541846
0.684102253515312	0.346477886922852	0.591929004587195	0.836547300938175
0.690443853091431	0.346165485994656	0.595509926945706	0.84596330337072
0.696785452667551	0.351272844938499	0.602552572233181	0.851240688410152
0.703127052243671	0.361972230879371	0.607052054790996	0.852203657926151
0.70946865181979	0.366532507274497	0.613607976116961	0.862172321109574
0.71581025139591	0.37433534802844	0.62065078160956	0.866839460937123
0.722151850972029	0.378939219755473	0.625166307938961	0.870649509340092
0.728493450548149	0.382596772914623	0.631886024213075	0.876705676233511
0.734835050124268	0.390592840333295	0.635951802268734	0.884298277246804
0.741176649700388	0.391821548907035	0.643578966409481	0.890123356148456
0.747518249276507	0.400397492222174	0.648010479619796	0.895861078389432
0.753859848852627	0.405110036744394	0.652426857912983	0.902752703342448
0.760201448428746	0.410978673179341	0.656400674691469	0.903476676005862
0.766543048004866	0.416001063699608	0.665686503956701	0.91446136763509
0.772884647580985	0.422230652550158	0.669947185104517	0.918194888968402
0.779226247157105	0.429668856701311	0.674717020426788	0.920516893016539
0.785567846733224	0.440116601950554	0.682133595067935	0.931356199418049
0.791909446309344	0.44381202079897	0.686777088721437	0.933613927552746
0.798251045885463	0.446906606767827	0.694586889193205	0.940222754234149
0.804592645461583	0.453223932444555	0.700810335216979	0.947773222681844
0.810934245037702	0.45422244261099	0.705284620860352	0.951520349405219
0.817275844613822	0.462117935626047	0.711373028199914	0.960555522243473
0.823617444189941	0.467605599737132	0.717464159940703	0.966066170292979
0.829959043766061	0.475281752849755	0.724987506854553	0.970142076597083
0.83630064334218	0.480509845993034	0.728034858539666	0.970439678356325
0.8426422429183	0.487728859767355	0.734977296022819	0.981769595320792
0.84898384249442	0.493145551887376	0.738773896219934	0.989531295300302
0.855325442070539	0.497103794199225	0.745029278796986	0.991086860111927
0.861667041646658	0.50353738223511	0.750987083140464	1.0000056455169
0.868008641222778	0.504705950655074	0.756314893871777	1.00600102756466
0.874350240798897	0.514155951709502	0.761639730122236	1.00802800621894
0.880691840375017	0.519400378499455	0.767746045858391	1.01816978046097
0.887033439951137	0.526418789176221	0.772016882234725	1.02022131471034
0.893375039527256	0.533339432955637	0.779414882922367	1.02574313394341
0.899716639103375	0.533996975199093	0.785065290539773	1.02895317172136
0.906058238679495	0.542936450971893	0.793423247336642	1.04578223031246
0.912399838255614	0.548509281321658	0.79654257614315	1.04103679482449
0.918741437831734	0.558479263410199	0.80191162312056	1.05016881284612
0.925083037407854	0.557223775327339	0.807737179765455	1.05867666755731
0.931424636983973	0.571669887422211	0.815619640196952	1.05870694114693
0.937766236560093	0.571129107097914	0.817680034226988	1.06925246512195
0.944107836136212	0.573961866269494	0.823994813901137	1.07312022598011
0.950449435712331	0.583081446534649	0.830874259897374	1.07790503940101
0.956791035288451	0.592303057318621	0.838630254556166	1.08828847777853
0.963132634864571	0.597362945907768	0.842402356929987	1.08443432249314
0.96947423444069	0.603098105190352	0.846520024335735	1.09312101626858
0.97581583401681	0.608350278485102	0.853596325525691	1.10342972004369
0.982157433592929	0.608662817482254	0.860089366035015	1.11072592629769
0.988499033169049	0.616476043964411	0.864516142325887	1.10929081752402
0.994840632745168	0.627551293020867	0.873729719889331	1.11899361302089
1.00118223232129	0.629014866270758	0.8763162027265	1.12571300814251
1.00752383189741	0.635039037151696	0.88196373125694	1.13201233271491
1.01386543147353	0.64122871969035	0.887502442461282	1.13634156971248
1.02020703104965	0.647345544186443	0.896739313090868	1.14116146685868
1.02654863062577	0.650689419861922	0.899918056896118	1.14947653863684
1.03289023020189	0.660061963324148	0.907406661158647	1.15423295914737
1.039231829778	0.663140779921884	0.911106978491499	1.15600011599599
1.04557342935412	0.67384057670052	0.9172876388976	1.16566701049058
1.05191502893024	0.674670133333436	0.922354765819819	1.17063032273992
1.05825662850636	0.676514578174433	0.928682121925169	1.17472952213816
1.06459822808248	0.688480633941467	0.933798595251965	1.18289069361251
1.0709398276586	0.693274564994835	0.938124892699486	1.18589150602184
1.07728142723472	0.700433671421248	0.946035023826626	1.19292770208762
1.08362302681084	0.703445639069613	0.951909311027089	1.19815674164211
1.08996462638696	0.710593492087496	0.957440558194704	1.19942644501499
1.09630622596308	0.716490200947446	0.963243836050884	1.21132619288818
1.1026478255392	0.72084409831547	0.968314832732059	1.2126418619994
1.10898942511532	0.726358725794975	0.974697736690718	1.21804994121403
1.11533102469144	0.731164317987442	0.979531446919322	1.22810061314158
1.12167262426756	0.734348617471788	0.985865189898459	1.23300931684743
1.12801422384368	0.741836712744078	0.991501415846911	1.23774389766105
1.1343558234198	0.749435661900877	0.99546123516679	1.24589964094122
1.14069742299592	0.754859498227841	1.00265559262856	1.2481787035111
1.14703902257204	0.760598300538101	1.0103301238615	1.2538002266031
1.15338062214816	0.765402923462445	1.01561013274532	1.26074972405573
1.15972222172428	0.773646368291695	1.01947325174433	1.26569696322138
1.1660638213004	0.776989272604994	1.02492639513115	1.2744552999053
1.17240542087651	0.777674945149498	1.03146600603717	1.28008538931485
1.17874702045263	0.789043333046847	1.03626087912263	1.28373424203207
1.18508862002875	0.794182261685393	1.04398502259746	1.292325633209
1.19143021960487	0.800844014013595	1.04899542543693	1.29804312114193
1.19777181918099	0.809060859008845	1.05596439445277	1.30271136964379
1.20411341875711	0.808629945282512	1.05858805678072	1.3076411813637
1.21045501833323	0.819361741089793	1.06741186560374	1.31653667395342
1.21679661790935	0.823435908824419	1.07164916952595	1.31905184095052
1.22313821748547	0.83182819023366	1.0805531205326	1.33063548438191
1.22947981706159	0.836386633464115	1.08592577354311	1.32751729988784
1.23582141663771	0.841489394125312	1.08861752113276	1.33928988223764
1.24216301621383	0.845223662125528	1.09228934047092	1.34291910284242
1.24850461578995	0.852901360730591	1.09978059919114	1.34636306431172
1.25484621536607	0.858921248191514	1.10674259064466	1.35259088567797
1.26118781494219	0.858865420715204	1.1113866244389	1.35989576636001
1.26752941451831	0.869623233387438	1.11605451801764	1.36533912129631
1.27387101409443	0.875233298487033	1.12278093856442	1.37015111660924
1.28021261367055	0.883168059334017	1.1282308670217	1.37809015997737
1.28655421324667	0.884109586388755	1.1343435137812	1.38228707760572
1.29289581282279	0.890233218733362	1.14218178570746	1.38830929240211
1.2992374123989	0.89511974316812	1.14510617417711	1.39305694751632
1.30557901197502	0.906023312794208	1.1513722951904	1.39891776903362
1.31192061155114	0.911817453875535	1.15778984181621	1.40434976830023
1.31826221112726	0.916423421436914	1.16399938892463	1.4101130789175
1.32460381070338	0.923781122454353	1.16878479655739	1.41275267934363
1.3309454102795	0.926572202186466	1.1755455226853	1.42432537310345
1.33728700985562	0.933227934273749	1.17961110703908	1.42615182957352
1.34362860943174	0.937400006781839	1.18769019323227	1.43808166987889
1.34997020900786	0.945587374648767	1.19359174982459	1.44128785201908
1.35631180858398	0.950027157088476	1.19633514134295	1.44640727530589
1.3626534081601	0.952525763497282	1.20294195697054	1.4516801326189
1.36899500773622	0.959010587559687	1.20803284255092	1.45597767749866
1.37533660731234	0.966931184151914	1.21472109658522	1.46537164560113
1.38167820688846	0.970477430517711	1.21961961708021	1.46767352583748
1.38801980646458	0.978558597631645	1.22685159272163	1.47395218853176
1.3943614060407	0.98678427417963	1.23140378247493	1.47979107782203
1.40070300561682	0.991594720512685	1.23825466238146	1.48627263690293
1.40704460519294	0.99887228544441	1.24322160724258	1.48626647133686
1.41338620476906	1.0018329300504	1.25064692328813	1.49542388781162
1.41972780434518	1.00793363155751	1.25618652078982	1.5049032324699
1.4260694039213	1.00805342497111	1.25914125761618	1.50836229458653
1.43241100349741	1.01461550066105	1.2687309143992	1.51517621553829
1.43875260307353	1.0210706322107	1.27111696878769	1.52248783001147
1.44509420264965	1.02998645574483	1.27912384316871	1.52574404131482
1.45143580222577	1.03726775693737	1.28542225161459	1.53255756400984
1.45777740180189	1.03752024243468	1.28812579373267	1.53611522171807
1.46411900137801	1.04784476815825	1.29357961529711	1.54351056323049
1.47046060095413	1.05280407293642	1.30036836165006	1.54775098184241
1.47680220053025	1.05888073613181	1.30672030844763	1.55242328923639
1.48314380010637	1.06641814100569	1.31233266600708	1.56453873826971
1.48948539968249	1.06920067611502	1.31783546077549	1.57100834856379
1.49582699925861	1.07443707312831	1.3220929920461	1.57049553280826
1.50216859883473	1.07981479848954	1.32961184704158	1.58005285438319
1.50851019841085	1.08756492903746	1.33463951102457	1.58369336213049
1.51485179798697	1.09255750607848	1.34090156691566	1.58660794748735
1.52119339756309	1.09534887596431	1.34457158225355	1.59668525858507
1.52753499713921	1.10371517725362	1.34988493319589	1.59690615090268
1.53387659671533	1.1059616040743	1.35774150366404	1.60740041717645
1.54021819629145	1.11449169312215	1.36443125619459	1.6158999024664
1.54655979586757	1.12097397521719	1.37017562722953	1.61733410844974
1.55290139544369	1.12541707905338	1.37616956109314	1.62585493996017
1.5592429950198	1.13226609752999	1.37871892193912	1.62760333259142
1.56558459459592	1.1389463914681	1.38791762689152	1.63629708987746
1.57192619417204	1.14514854531409	1.39364489183635	1.63985545621234
1.57826779374816	1.15101699465392	1.39986697480449	1.64556016716987
1.58460939332428	1.15825909836652	1.40359891575443	1.65093743021271
1.5909509929004	1.15566345028785	1.40693293342975	1.65811882892038
1.59729259247652	1.16353970633909	1.4151165311704	1.6648988047015
1.60363419205264	1.17251318985624	1.42150154349226	1.67318199023015
1.60997579162876	1.17971299970807	1.42789099117203	1.67860812950482
1.61631739120488	1.18238554513157	1.43294590299015	1.68180858026864
1.622658990781	1.18702342114121	1.43825539191969	1.68446473723324
1.62900059035712	1.19439283043861	1.44280780423512	1.69423067820831
1.63534218993324	1.20869228405648	1.44975385797463	1.69500127817784
1.64168378950936	1.20346544514779	1.45602118856038	1.70452720224422
1.64802538908548	1.2145506802255	1.45909411710722	1.70557284019135
1.6543669886616	1.21633245700546	1.46736427098743	1.72017069298227
1.66070858823772	1.22200442848294	1.47019246288686	1.72290094917285
1.66705018781384	1.22882742344601	1.47766880055427	1.72417116258987
1.67339178738996	1.2338184423804	1.4827928461673	1.73174209755522
1.67973338696608	1.24267100772885	1.49056378791741	1.73937503761668
1.6860749865422	1.24156940186307	1.49634493025566	1.74724793893376
1.69241658611831	1.24857290946564	1.49981058850353	1.74981650850433
1.69875818569443	1.25972032547625	1.50626835826579	1.75829658504793
1.70509978527055	1.26161082532312	1.5131758488914	1.76278099871694
1.71144138484667	1.26769162607236	1.51822913300187	1.77012188115985
1.71778298442279	1.27242403964494	1.52419768988575	1.77752801081244
1.72412458399891	1.28027804831211	1.53004925447089	1.77529187213592
1.73046618357503	1.28380289727453	1.53609645661296	1.78947081229195
1.73680778315115	1.28683501397851	1.54293468083268	1.7887311285932
1.74314938272727	1.29592908923286	1.54755068478144	1.79630495789532
1.74949098230339	1.30350809419048	1.55333628915929	1.80157549332949
1.75583258187951	1.30587969023819	1.55745766453733	1.80980279910249
1.76217418145563	1.3121000018528	1.56312587500731	1.81055074155715
1.76851578103175	1.32472762423065	1.56961656696438	1.81892633014828
1.77485738060787	1.32374903388278	1.57345349792137	1.825424243706
1.78119898018399	1.32870607740951	1.57935760437567	1.83380626325235
1.78754057976011	1.3358768951697	1.58612689151364	1.83603260068034
1.79388217933623	1.34084489060621	1.5925600702377	1.85080317422142
1.80022377891235	1.34611429701593	1.60048877642367	1.84748275233591
1.80656537848847	1.35643969148902	1.60465451355024	1.85441838041689
1.81290697806459	1.35957610842198	1.60972005878583	1.86543301741094
1.8192485776407	1.36278257626105	1.61717344999058	1.86976077470971
1.82559017721682	1.37115822172189	1.62291534420014	1.8754622944819
1.83193177679294	1.37409477527608	1.62774152974121	1.88069289907033
1.83827337636906	1.37965789371071	1.63335275582736	1.88190760414335
1.84461497594518	1.38695186296711	1.63710974881435	1.88750875518025
1.8509565755213	1.39274268472309	1.64464644781596	1.89303473928373
1.85729817509742	1.40253587386093	1.6510937605532	1.89848880755804
1.86363977467354	1.40578445855104	1.65797561107333	1.90761018252392
1.86998137424966	1.40697023111514	1.66122981990784	1.91444435165049
1.87632297382578	1.41444925812779	1.669075375921	1.91760796875366
1.8826645734019	1.41818572865197	1.67314569825227	1.92758658007355
1.88900617297802	1.42408735854966	1.67892498538723	1.93127909614486
1.89534777255414	1.43055524217514	1.68374182093416	1.94032088796685
1.90168937213026	1.44034780363536	1.68903969755066	1.93624885679216
1.90803097170638	1.44369299010538	1.69594446508924	1.94596224651283
1.9143725712825	1.44512019111479	1.70204447982046	1.95819807077683
1.92071417085862	1.45503349159855	1.7079587352669	1.95923452206765
1.92705577043474	1.45977970089548	1.71379245763079	1.96150856846143
1.93339737001086	1.47090974669009	1.71925711288375	1.96507005232559
1.93973896958698	1.47141309650195	1.72370597574343	1.9801292976342
1.9460805691631	1.4752700896299	1.73149992282155	1.97969842548676
1.95242216873921	1.48129568435086	1.73644613075584	1.99176786432118
1.95876376831533	1.48694265215662	1.74332475353328	1.99721726218061
1.96510536789145	1.49489032450938	1.74591416561886	1.99840926773043
1.97144696746757	1.4990221885883	1.75219702238983	2.00958012450614
1.97778856704369	1.5043824609326	1.75942453636658	2.01380034855132
1.98413016661981	1.51250772499709	1.76368802044151	2.01836494507226
1.99047176619593	1.51280669871684	1.77077479837387	2.01858751671673
1.99681336577205	1.52513495398729	1.77486703512586	2.03048636470745
2.00315496534817	1.53231249888858	1.7823430233781	2.03259573133325
2.00949656492429	1.5372981286021	1.78793021474287	2.03894724059754
2.01583816450041	1.54281659891774	1.79270244882471	2.04791743887589
2.02217976407653	1.54175350125061	1.7993715428097	2.04919774232193
2.02852136365265	1.54658408653736	1.80420998721507	2.05916097215221
2.03486296322877	1.55693073105201	1.81285210721217	2.06718649034735
2.04120456280489	1.56206210745496	1.8159860170153	2.06943262191266
2.04754616238101	1.5742493780684	1.82504995691006	2.07825774890414
2.05388776195713	1.57110285593635	1.82546812710365	2.08392040755461
2.06022936153325	1.58037307673405	1.83257749082233	2.08312386542384
2.06657096110937	1.58737813606603	1.83975412605167	2.08999735822739
2.07291256068549	1.59276925073472	1.84445031203833	2.09733677169759
2.0792541602616	1.59293042646806	1.85096389070876	2.10705802477975
2.08559575983772	1.6030259284036	1.85544762461307	2.11249925801989
2.09193735941384	1.61173212990884	1.86334344483805	2.11337158820676
2.09827895898996	1.61603461746333	1.8669129983269	2.12068068506434
2.10462055856608	1.62343744833556	1.87361516676579	2.12500918325951
2.1109621581422	1.62448906189755	1.87896112963662	2.13214478717646
2.11730375771832	1.63390715345861	1.88439236991474	2.14063867051376
2.12364535729444	1.63568163633982	1.89285769930074	2.14416859671603
2.12998695687056	1.64225048412209	1.89435423294712	2.15007420290184
2.13632855644668	1.64565635644101	1.90241532671439	2.15978596148949
2.1426701560228	1.65279738792656	1.90753949965078	2.15898495403989
2.14901175559892	1.66157560532325	1.91459152824923	2.1673003160678
2.15535335517504	1.66906824650009	1.91957188110921	2.17570150947378
2.16169495475116	1.67300116481453	1.92581638265995	2.18116091327712
2.16803655432728	1.67411807233353	1.92958604810889	2.18568093911193
2.1743781539034	1.67874044158835	1.93682541308743	2.1926151478777
2.18071975347952	1.69213709474502	1.94222002807121	2.19477773721891
2.18706135305564	1.6907449041199	1.94794601029834	2.20711677792215
2.19340295263176	1.69761148791173	1.9554506135073	2.21018382622127
2.19974455220788	1.70311563067415	1.95918722088204	2.21291005109499
2.20608615178399	1.7107582438682	1.96475217095818	2.21927811942179
2.21242775136011	1.71552341563965	1.9706842813205	2.22636667569598
2.21876935093623	1.71864391862893	1.97580414685249	2.23260610744346
2.22511095051235	1.72800573975954	1.98262499102662	2.23651112894283
2.23145255008847	1.73771767165858	1.98970908749058	2.24553523231409
2.23779414966459	1.73786901466562	1.99334687014827	2.24987321918308
2.24413574924071	1.74259158889957	2.00082059869436	2.25497582534064
2.25047734881683	1.74729126702702	2.00335455076688	2.26284393154548
2.25681894839295	1.75585172724289	2.01114252132034	2.26363457662923
2.26316054796907	1.76111417203352	2.01594353730055	2.26945277436377
2.26950214754519	1.7671945780838	2.02240132592019	2.28292009584768
2.27584374712131	1.76930991355181	2.02652511644034	2.28299368719627
2.28218534669743	1.77575074251783	2.03475155127398	2.29309614145111
2.28852694627355	1.7824414130475	2.03948943859995	2.2955338648428
2.29486854584967	1.79119301950043	2.04393644835566	2.30017998733205
2.30121014542579	1.79248643249315	2.05333477793777	2.31206603807852
2.30755174500191	1.8008049344081	2.05687720134423	2.31064803670549
2.31389334457803	1.80540793399825	2.06289868397166	2.31572843246257
2.32023494415415	1.81247728768577	2.06698060972784	2.32703304974866
2.32657654373027	1.81988967788545	2.07448003794755	2.33266266584616
2.33291814330639	1.8153747724734	2.08031924998704	2.34146621315873
2.3392597428825	1.82840070719001	2.0855503075774	2.34251638269395
2.34560134245862	1.83160938150532	2.09050511131686	2.35035098922533
2.35194294203474	1.83765969791812	2.09471473595883	2.35096532174166
2.35828454161086	1.84703435449023	2.10267318411236	2.35960820060124
2.36462614118698	1.84969199127433	2.10968262794497	2.36874160798854
2.3709677407631	1.85471853035155	2.11515987181613	2.37264382470815
2.37730934033922	1.85901063587446	2.12127195656781	2.37035067775839
2.38365093991534	1.86871344447216	2.12371973652229	2.38627867583618
2.38999253949146	1.87114455633754	2.13194963417501	2.3916561436658
2.39633413906758	1.87912909291389	2.13518962137103	2.39558100060505
2.4026757386437	1.88464343542443	2.14245711302276	2.40008793117602
2.40901733821982	1.88753391533967	2.14647597226721	2.40480343520029
2.41535893779594	1.89549633999448	2.15418626973629	2.41438831409282
2.42170053737206	1.90193884517407	2.16009304227134	2.42261187790413
2.42804213694818	1.90886521781855	2.16601698606964	2.42792489009957
2.4343837365243	1.91468433838068	2.17119992295906	2.43147557918348
2.44072533610042	1.92041640411737	2.17502038681285	2.43494241506112
2.44706693567654	1.92153784138395	2.1815196659693	2.44127145374768
2.45340853525266	1.92772938107053	2.18776622470415	2.44647927645465
2.45975013482878	1.93536974942499	2.19546688811749	2.45319670707351
2.4660917344049	1.94510582519383	2.19999291650151	2.45488826648281
2.47243333398101	1.94341563977192	2.20729873137829	2.46694318510669
2.47877493355713	1.95267545659644	2.21098236929158	2.47139280100713
2.48511653313325	1.9547381599382	2.21688431784603	2.47948625421969
2.49145813270937	1.96219558572817	2.22291026383646	2.479838623858
2.49779973228549	1.96765072577594	2.22852151543135	2.48943910404594
2.50414133186161	1.97435924102323	2.23606540537291	2.49452551004363
2.51048293143773	1.98383490382776	2.23980802343463	2.49585436703644
2.51682453101385	1.98831617175598	2.24738920885568	2.50592705888971
2.52316613058997	1.99034783617948	2.25249424316771	2.51170552967273
2.52950773016609	1.99608596296667	2.25791666350783	2.52451327764469
2.53584932974221	2.00074316626099	2.26104027208363	2.51999272067348
2.54219092931833	2.01420158531668	2.26880816408293	2.53388946376082
2.54853252889445	2.01180127890671	2.27454981158237	2.53797221385458
2.55487412847057	2.02145745350061	2.28068805894191	2.53561175329359
2.56121572804669	2.02343463626456	2.2875905843505	2.542590152912
2.56755732762281	2.03439627015845	2.29046606497662	2.5534279048369
2.57389892719893	2.03481079889013	2.29764016960159	2.55625082720625
2.58024052677505	2.04367722138812	2.30338967526687	2.56403538150192
2.58658212635117	2.04487139589497	2.30815918945225	2.57356284761411
2.59292372592728	2.05446418249616	2.31447819731561	2.57171809705802
2.59926532550341	2.05992486493877	2.32046666341456	2.58253460895144
2.60560692507952	2.06069164356726	2.32453289641666	2.58749691068283
2.61194852465564	2.06927135436177	2.33165762621489	2.59678730916414
2.61829012423176	2.0737066398617	2.33695418217403	2.60275676908379
2.62463172380788	2.07881564862049	2.3414381679507	2.60649162856286
2.630973323384	2.08920159351971	2.35012681352731	2.61057771741819
2.63731492296012	2.09211812430206	2.35444698208237	2.6228352972707
2.64365652253624	2.09533269102815	2.36253851194269	2.61780608917701
2.64999812211236	2.10225828276029	2.3662051802449	2.63200984484515
2.65633972168848	2.11192699567034	2.37098435485106	2.63708648453991
2.6626813212646	2.1131558929697	2.37754551047551	2.64091902210911
2.66902292084072	2.11686987973051	2.3818614976345	2.64616582145408
2.67536452041684	2.12465555544726	2.38899278720737	2.64985067217116
2.68170611999296	2.12796480026408	2.39465164342779	2.65631709727384
2.68804771956908	2.13658444925438	2.39987168771681	2.66200642520667
2.6943893191452	2.14149507850635	2.40471419631253	2.66682339141468
2.70073091872132	2.14945872051879	2.41141903595813	2.67257741447237
2.70707251829744	2.15362465465278	2.41783164107972	2.68205090008626
2.71341411787356	2.16277772097412	2.42255748792791	2.68947760526763
2.71975571744968	2.16743168596044	2.42972510078502	2.69312925038094
2.72609731702579	2.17162553805124	2.43712426220234	2.69370891690206
2.73243891660191	2.17143835099767	2.43804062157682	2.70509148720747
2.73878051617803	2.18423012160672	2.44734906510781	2.71193334616351
2.74512211575415	2.18717866839967	2.45241774373858	2.71290117903561
2.75146371533027	2.19409372634778	2.45759218017134	2.71849721664175
2.75780531490639	2.19497509249042	2.46179333552811	2.73047723798048
2.76414691448251	2.20341976924639	2.46723753702	2.73357272317857
2.77048851405863	2.21149970154907	2.47429428378111	2.7401657885315
2.77683011363475	2.21486281468405	2.48167741940432	2.74643575299149
2.78317171321087	2.21840624209292	2.48598885850666	2.75187213746171
2.78951331278699	2.22773690338027	2.49083154100268	2.75892222934106
2.79585491236311	2.23756442230293	2.49798006154246	2.75943497267438
2.80219651193923	2.24189295136367	2.50332915014678	2.76651407069477
2.80853811151535	2.24083622258919	2.50728083849842	2.77337693905788
2.81487971109147	2.25260383738619	2.51545767207654	2.78170020883226
2.82122131066759	2.25606917864188	2.52126143999711	2.78911296862238
2.82756291024371	2.26315291992589	2.52731396945122	2.79340371120744
2.83390450981983	2.26317635340041	2.53102566666292	2.79492914033016
2.84024610939595	2.27158585773234	2.5370158658077	2.80167304823984
2.84658770897207	2.27761355972495	2.54249434019239	2.80926754467913
2.85292930854819	2.28060430340137	2.54978169846109	2.81553493763059
2.8592709081243	2.29039223350655	2.55433513690802	2.82102950598681
2.86561250770042	2.29416481574836	2.56017464900623	2.82942567265613
2.87195410727654	2.30158720245063	2.56729375299593	2.83166107377001
2.87829570685266	2.30609158867964	2.57416126844465	2.8401235590832
2.88463730642878	2.31137446530883	2.57578100054739	2.84635425211622
2.8909789060049	2.31742398894172	2.58292308810927	2.85091306895637
2.89732050558102	2.3205106164371	2.58898092451522	2.85665120548271
2.90366210515714	2.32664187817571	2.59561777377772	2.86300382810126
2.91000370473326	2.33317880431953	2.60149416534936	2.86866626748234
2.91634530430938	2.34050256366022	2.60672724963062	2.87339261251339
2.9226869038855	2.34654935307767	2.61215449039283	2.88431290292324
2.92902850346162	2.35007518090694	2.61931744704792	2.88547311281398
2.93537010303774	2.34839527045758	2.62427840115683	2.89193554785605
2.94171170261386	2.36157447639787	2.62946755028518	2.89636012491633
2.94805330218998	2.36479747978502	2.63179083022333	2.90264964786836
2.9543949017661	2.37344101518514	2.64025213803023	2.91344483834601
2.96073650134222	2.37796760804105	2.64458424316484	2.91339129513219
2.96707810091834	2.38799042282274	2.65317445037866	2.9238344220971
2.97341970049446	2.38619154338129	2.65833170548949	2.92923995234036
2.97976130007058	2.39763630134618	2.66179752519362	2.93096421036711
2.9861028996467	2.40253620598266	2.66920408795811	2.9386669363194
2.99244449922281	2.40876096515027	2.67514673554866	2.94262515274666
2.99878609879893	2.41279526461973	2.68217679520295	2.94614177506939
3.00512769837505	2.41046265771883	2.6870226454223	2.9571763592525
3.01146929795117	2.41715305728722	2.69036686418333	2.96080396513272
3.01781089752729	2.42464386346868	2.69901349912411	2.96192726619376
3.02415249710341	2.43483200997235	2.70436976173105	2.97808536752718
3.03049409667953	2.43831392682487	2.70869090643985	2.976341808854
3.03683569625565	2.44802250372965	2.71671734732483	2.98659518696384
3.04317729583177	2.45238946318871	2.72184051592997	2.98936422035153
3.04951889540789	2.45770578709334	2.7268198414331	2.99846376200961
3.05586049498401	2.46395747928438	2.73471181966081	3.0023714087073
3.06220209456013	2.46476285043125	2.73676965061006	3.00405743886187
3.06854369413625	2.46962238669228	2.74487892775674	3.01254669432765
3.07488529371237	2.47494544393205	2.75084093308832	3.01681088681606
3.08122689328849	2.48408079712247	2.7557829121931	3.029095760704
3.08756849286461	2.48739392052249	2.76171942313945	3.03475347980779
3.09391009244073	2.49589198627584	2.76796437429412	3.0378526277951
3.10025169201685	2.50379526769038	2.77426513445493	3.04431125326717
3.10659329159297	2.50259382433183	2.77896353634082	3.0481200665351
3.11293489116908	2.51052111646419	2.7858302140869	3.05843609701571
3.11927649074521	2.51714189189992	2.78887764685632	3.05692974134493
3.12561809032132	2.52397862133868	2.7961578243972	3.06725644895316
3.13195968989744	2.52902391453276	2.80177745127715	3.0782300722287
3.13830128947356	2.53661913555492	2.80748153647181	3.08104872176148
3.14464288904968	2.54305999904633	2.81227091117489	3.09069373706471
3.1509844886258	2.54340811667907	2.81766632067913	3.08981877177248
3.15732608820192	2.55095218837535	2.82202642044911	3.09585096304003
3.16366768777804	2.55931601905754	2.82866233790685	3.10454587278057
3.17000928735416	2.56343714281169	2.8340468233826	3.10457965927714
3.17635088693028	2.56962014691344	2.83973912626794	3.1163596077793
3.1826924865064	2.57505769759963	2.84608570680518	3.1196432268186
3.18903408608252	2.5752334464886	2.85294290369464	3.13087018178857
3.19537568565864	2.58386702300375	2.86025921876227	3.13252360166953
3.20171728523476	2.59083500578969	2.86399788010456	3.13654134174376
3.20805888481088	2.59096452977368	2.86991607412911	3.13957457256177
3.214400484387	2.60038625573759	2.875910524215	3.14932100570451
3.22074208396312	2.60732564620228	2.88324027464274	3.15464939243398
3.22708368353924	2.61103206101911	2.8852894212	3.15965930020331
3.23342528311536	2.61837426648094	2.89132401006942	3.1662706651229
3.23976688269148	2.62159719454169	2.89774519509558	3.17582454168582
3.24610848226759	2.626665535369	2.90276607036234	3.18031141933674
3.25245008184371	2.63326557159479	2.91217994324385	3.17969529806972
3.25879168141983	2.64643032654469	2.91609492973207	3.18645768175319
3.26513328099595	2.64235977149846	2.92173484807258	3.19752236174207
3.27147488057207	2.65180375676128	2.92864366282472	3.2051213478721
3.27781648014819	2.6568291923366	2.93303755063111	3.21062666047099
3.28415807972431	2.6614842919033	2.93964716605613	3.21501465219181
3.29049967930043	2.66721611388928	2.94352917516164	3.22154494012222
3.29684127887655	2.67484482814614	2.95061386201345	3.22766459400557
3.30318287845267	2.67699764692602	2.9551739555741	3.23409161999391
3.30952447802879	2.68384426448901	2.95977941816297	3.23552123847996
3.31586607760491	2.68758560584378	2.96758857050689	3.24517767546376
3.32220767718103	2.69676542970129	2.97195106240867	3.25181634860953
3.32854927675715	2.70180237860669	2.97807286280803	3.25753494484682
3.33489087633327	2.70404086393468	2.98631511128202	3.26021846333673
3.34123247590939	2.7166205757311	2.99094327126177	3.27041215271343
3.34757407548551	2.72112357324411	2.99707968442208	3.27088856055582
3.35391567506163	2.72850936624614	3.00012317681156	3.27697570713049
3.36025727463775	2.73079323763911	3.00674648708514	3.28062740332483
3.36659887421387	2.73434604924973	3.01402031959188	3.29467954764332
3.37294047378999	2.73933925638228	3.01525438773675	3.30200820629911
3.3792820733661	2.74779128748892	3.02527396793232	3.30096936696195
3.38562367294222	2.7501345806549	3.02845737471326	3.30765246695579
3.39196527251834	2.7591005760476	3.03505746771937	3.31191233474705
3.39830687209446	2.76490615326075	3.04258104333509	3.32437136894718
3.40464847167058	2.7691247060767	3.04553314610389	3.3211652595256
3.4109900712467	2.77354247068718	3.05315490154717	3.32967307717501
3.41733167082282	2.78433420344718	3.05986260718423	3.33675056381398
3.42367327039894	2.78506602068658	3.06487093751131	3.34350235322138
3.43001486997506	2.78853572930041	3.07060294718214	3.3481715133968
3.43635646955118	2.79788953112812	3.07569219850683	3.35491577029952
3.4426980691273	2.79991850751124	3.08360420089732	3.35986231590714
3.44903966870342	2.81010694885744	3.08718414201311	3.37012783304068
3.45538126827954	2.81672318711369	3.09313907701292	3.37552493770029
3.46172286785566	2.81710337046053	3.09913515505773	3.38186348373623
3.46806446743178	2.82161891094104	3.10295142279079	3.38485336439593
3.4744060670079	2.83479758412511	3.11025606474721	3.39314952904629
3.48074766658402	2.83593500026611	3.11694598153805	3.39785072259458
3.48708926616014	2.83766054435278	3.12325231693451	3.4036668232615
3.49343086573626	2.84595223653586	3.1297329783184	3.40879591602663
3.49977246531238	2.85135848216198	3.1330222579172	3.41345094758918
3.5061140648885	2.85583155132555	3.13773726343512	3.41830414782265
3.51245566446461	2.86268115172567	3.14482469682823	3.42934539064692
3.51879726404073	2.87011341258301	3.14957562617414	3.43206168734585
3.52513886361685	2.8752604982093	3.15645358577074	3.433318991234
3.53148046319297	2.88038403463159	3.16285449387826	3.4459425361877
3.53782206276909	2.88801980236508	3.16783078503805	3.45229158648481
3.54416366234521	2.89216545439055	3.17420785076902	3.45277093104611
3.55050526192133	2.89787179446772	3.17854028292989	3.4636113204382
3.55684686149745	2.90381636434093	3.18397602909948	3.46740204122698
3.56318846107357	2.90527609263231	3.19057699771559	3.47202743901509
3.56953006064969	2.90771109047239	3.19610110735313	3.48016691319447
3.57587166022581	2.92016722084345	3.20049038744353	3.4852865550576
3.58221325980193	2.9189005391409	3.20726105161156	3.48724327205268
3.58855485937805	2.9328360466297	3.21247239347475	3.49693147027326
3.59489645895417	2.93487692283179	3.22064139642298	3.49825185441776
3.60123805853029	2.94213944924368	3.22459941792954	3.50501074930547
3.60757965810641	2.94465720266023	3.23226328533885	3.51836146417878
3.61392125768253	2.95340593703244	3.23777579333592	3.5144451275144
3.62026285725865	2.95948693580344	3.24331616173844	3.52597228942115
3.62660445683477	2.96542577470833	3.24822696857616	3.5316520595358
3.63294605641088	2.9707757904314	3.25459763652719	3.54151129104628
3.63928765598701	2.96996381304702	3.25897558548894	3.54318725763209
3.64562925556312	2.9774144806079	3.26651447476804	3.54515289907925
3.65197085513924	2.98711075057948	3.27031853715805	3.55498439713421
3.65831245471536	2.99652637942982	3.27602125806331	3.56154051910057
3.66465405429148	2.99828870762181	3.28352722954564	3.56737733812688
3.6709956538676	3.00449383411889	3.28918284453726	3.5786422717395
3.67733725344372	3.00755743111267	3.29263262136794	3.57522917713154
3.68367885301984	3.00770134821758	3.30019135558294	3.58326984698782
3.69002045259596	3.01918913894894	3.30584654635124	3.59230880845563
3.69636205217208	3.02455785616334	3.3115057265995	3.59397287381852
3.7027036517482	3.02877851007777	3.31578326800985	3.60060291970892
3.70904525132432	3.03367092062864	3.32094849487818	3.60657893538423
3.71538685090044	3.04052765222096	3.33098475126196	3.61632486054531
3.72172845047656	3.04472554543731	3.33274398401597	3.62171148270679
3.72807005005268	3.05368857754511	3.33925430778976	3.62079834753642
3.7344116496288	3.05814559215216	3.34529034910634	3.63389962712839
3.74075324920492	3.06200642233931	3.3491477528291	3.64218077094821
3.74709484878104	3.06362893528858	3.35630704946727	3.64314899303773
3.75343644835716	3.07775129198043	3.36423901623328	3.65412640139766
3.75977804793328	3.07679083457585	3.36679301973424	3.65172289063819
3.76611964750939	3.08945671123442	3.37301055745607	3.66327890439304
3.77246124708551	3.08999122333116	3.38034814508783	3.67276545126445
3.77880284666163	3.09816107074505	3.38600103237331	3.67827536223202
3.78514444623775	3.10009943109923	3.39027444821005	3.67965981296262
3.79148604581387	3.11179816080145	3.39734929807696	3.68753590388904
3.79782764538999	3.11746388057909	3.40212580800093	3.69229211677539
3.80416924496611	3.11159974758882	3.40686058593416	3.69900222320019
3.81051084454223	3.12457665773573	3.41535947104663	3.70140195957592
3.81685244411835	3.13202909457851	3.42167766999291	3.71090238196571
3.82319404369447	3.1367391733687	3.4242653311526	3.71594301861404
3.82953564327059	3.14322241972555	3.43099905243926	3.72484565573203
3.83587724284671	3.14425852555234	3.43509295505753	3.72490631442301
3.84221884242283	3.15109419171676	3.44244448914541	3.73464765241258
3.84856044199895	3.15164172415869	3.44690136945043	3.74159883219775
3.85490204157507	3.16207120710077	3.45389117261534	3.74887673588918
3.86124364115119	3.16510742354956	3.46165119618688	3.75195511687687
3.86758524072731	3.17427753547797	3.4664797065949	3.75486215298144
3.87392684030343	3.17580059785631	3.47211983655197	3.76179059069781
3.88026843987955	3.18314246596433	3.47765185916816	3.77021332685947
3.88661003945567	3.19135322310805	3.48032104022061	3.77389547508789
3.89295163903179	3.19257786397742	3.48692958843092	3.78011503951534
3.8992932386079	3.19521794553046	3.49380851627076	3.78517988763784
3.90563483818402	3.20487582893408	3.49936022863197	3.78424202483939
3.91197643776014	3.21141920782899	3.5047988725131	3.79544310485012
3.91831803733626	3.21897625493397	3.51321420873816	3.80511197883033
3.92465963691238	3.22924335633829	3.51881318962581	3.81250540265867
3.9310012364885	3.23048978436897	3.52129636994407	3.8125404324692
3.93734283606462	3.22895624683802	3.52908187842926	3.82768246698533
3.94368443564074	3.23551491247253	3.53446984861979	3.82490055180988
3.95002603521686	3.24294935565699	3.54008373057581	3.83198102581613
3.95636763479298	3.24850977737146	3.54461636875189	3.83838938142397
3.9627092343691	3.25840035825331	3.55307667561363	3.84944451960843
3.96905083394522	3.26245473567778	3.55841688750555	3.85118123313961
3.97539243352134	3.26849842026687	3.5632855570191	3.85680026718306
3.98173403309746	3.27057767401486	3.56954252639142	3.86462504882287
3.98807563267358	3.27688605746756	3.57362322877049	3.86781286319411
3.9944172322497	3.28913145800005	3.5816349335472	3.87348240834388
4.00075883182582	3.28608963608307	3.58729424013737	3.88279072180297
4.00710043140194	3.29530359472795	3.59283763279231	3.89000382015682
4.01344203097806	3.30300119138064	3.59823582499131	3.89225197419302
4.01978363055418	3.30990993045564	3.60094785223804	3.89437937615185
4.0261252301303	3.31243775052872	3.60933552083468	3.9047756716698
4.03246682970642	3.31560208292704	3.61324935323049	3.90926611596359
4.03880842928253	3.32469470296156	3.61878064873679	3.91959906123816
4.04515002885865	3.33014237483104	3.62478560057968	3.92331961549033
4.05149162843477	3.33375535741126	3.63074036803855	3.93080173355737
4.05783322801089	3.3371220819013	3.63471471927045	3.93432248930391
4.06417482758701	3.34271972579554	3.64196785023433	3.93832451209746
4.07051642716313	3.35351817841033	3.64879994426283	3.94626138134817
4.07685802673925	3.35571140793693	3.65666153527077	3.95681693747935
4.08319962631537	3.36469511682552	3.65983443926225	3.95409771632609
4.08954122589149	3.36797198839678	3.66805324240177	3.96959723610907
4.09588282546761	3.37443177073754	3.66965889678793	3.97168161103126
4.10222442504373	3.38206412427686	3.67697153228446	3.97490416803381
4.10856602461985	3.38186277457176	3.68621841625113	3.98124276808982
4.11490762419597	3.39473908251012	3.68708349547244	3.98902578261616
4.12124922377209	3.39339875924059	3.69566769839343	3.98766553247313
4.12759082334821	3.40132681057867	3.70228135166538	3.99598821766049
4.13393242292433	3.40411347036201	3.70528611979997	4.00228413150806
4.14027402250045	3.4083503352582	3.70956831272717	4.01026817118202
4.14661562207657	3.42047147908134	3.7171267008923	4.01993197172663
4.15295722165268	3.42123683230567	3.72516397617303	4.0210713163918
4.15929882122881	3.42411212101065	3.72912522608224	4.02930917293442
4.16564042080492	3.43022462511437	3.73511436474714	4.03801047122277
4.17198202038104	3.43624648945165	3.74066073579044	4.04638751725098
4.17832361995716	3.44189417662388	3.74673229474617	4.04956282629635
4.18466521953328	3.446880781093	3.74928183003115	4.04903518671024
4.1910068191094	3.45525941731547	3.75718142475433	4.06058081639426
4.19734841868552	3.45805388541585	3.76263142925703	4.0637241825663
4.20369001826164	3.46458074601305	3.76831801217536	4.06892153330286
4.21003161783776	3.46746193178985	3.77462493184392	4.07425710078181
4.21637321741388	3.48353044662654	3.78060095970543	4.08387921608241
4.22271481699	3.48873909266899	3.78779075763321	4.08739309798706
4.22905641656612	3.48750844716292	3.79155044104191	4.09027374250624
4.23539801614224	3.49552557720215	3.79684371659851	4.09551831479206
4.24173961571836	3.49916779491436	3.80171347325945	4.10243135075862
4.24808121529448	3.50741797743242	3.80992324656582	4.11153228881728
4.2544228148706	3.51174837231661	3.8149298579814	4.11915584156283
4.26076441444672	3.5124430650531	3.82097651477513	4.12000860342837
4.26710601402284	3.52609837954549	3.82788509507156	4.13003596815904
4.27344761359896	3.52903564615883	3.83136887704522	4.13030344192173
4.27978921317507	3.53972659002083	3.83754412917837	4.1404996096172
4.28613081275119	3.53981601288971	3.84455375429081	4.14137492582456
4.29247241232731	3.54689129344451	3.8490125895734	4.15290263800812
4.29881401190343	3.55132886906592	3.85421702506659	4.15974658891308
4.30515561147955	3.55867779985586	3.86035293062937	4.16551877408871
4.31149721105567	3.56231384112706	3.86703063692915	4.17169875297826
4.31783881063179	3.56315502761737	3.87156044826899	4.17382198645149
4.32418041020791	3.56788757136338	3.87649924130664	4.18256182729626
4.33052200978403	3.58058690741237	3.88322177159865	4.18362349217365
4.33686360936015	3.58627559329659	3.88857966032259	4.19360661828817
4.34320520893627	3.58662128149095	3.89459969659307	4.20102847294627
4.34954680851239	3.59498690117974	3.9020924742822	4.20551810259831
4.35588840808851	3.59802172386709	3.90688751154353	4.2144849871796
4.36223000766463	3.60629021806569	3.91165471814743	4.22010415429091
4.36857160724075	3.61691024089687	3.91820308440836	4.22346039976996
4.37491320681687	3.6174204200906	3.92217160006702	4.22786045498391
4.38125480639299	3.62312165083483	3.92805254572132	4.23698861884935
4.38759640596911	3.63178580229625	3.9380038159564	4.24389507839755
4.39393800554523	3.63026333522779	3.93981871992951	4.24043894592705
4.40027960512135	3.63932164369008	3.94722928073303	4.25332016858546
4.40662120469747	3.64614006739774	3.95418845613698	4.25843606921881
4.41296280427358	3.653031276111	3.96051945656836	4.26720130560194
4.4193044038497	3.65641144931985	3.96524211872415	4.26984489407574
4.42564600342582	3.65721264932718	3.96737744141645	4.2721937267856
4.43198760300194	3.66548350990149	3.97644975561662	4.28510068919084
