"mitochan"	"lwrNorm"	"medNorm"	"uprNorm"
-1.90327037354145	-2.35415061766275	-2.06291658283561	-1.77602647856302
-1.89675012620563	-2.34443031930329	-2.05605502044465	-1.7650755278094
-1.89022987886982	-2.34074476048115	-2.04926309523706	-1.75717643203357
-1.88370963153401	-2.33151526696596	-2.04215085949135	-1.75092291259567
-1.87718938419819	-2.32414405971803	-2.03823114799672	-1.74656687111691
-1.87066913686238	-2.31638257766462	-2.03090846280532	-1.7422199986091
-1.86414888952656	-2.31377098171286	-2.02426473697536	-1.73514124509951
-1.85762864219075	-2.30437114300888	-2.01709224076367	-1.72641965298827
-1.85110839485494	-2.3031285051263	-2.01205008083033	-1.72369858439991
-1.84458814751912	-2.29253930043359	-2.00539545364789	-1.7102351326499
-1.83806790018331	-2.29421776570915	-2.0017950825153	-1.70989191016172
-1.83154765284749	-2.28685870275844	-1.99386380595029	-1.70475845148906
-1.82502740551168	-2.28057852887423	-1.98803372693442	-1.69780572390695
-1.81850715817587	-2.27366192976534	-1.98323001629965	-1.69052674587099
-1.81198691084005	-2.26596943500159	-1.97757613445854	-1.68696203192377
-1.80546666350424	-2.2592103326285	-1.97100178279926	-1.68076702624908
-1.79894641616842	-2.25056493175302	-1.96352125269508	-1.67204956354182
-1.79242616883261	-2.24605945327324	-1.95586999545905	-1.66883261575929
-1.7859059214968	-2.24157291912818	-1.95336710956983	-1.66390378053526
-1.77938567416098	-2.2335099792627	-1.94622837366954	-1.65263593218376
-1.77286542682517	-2.22537825246291	-1.93925617065643	-1.65037279703824
-1.76634517948935	-2.22624755661793	-1.9346647265586	-1.64316773808379
-1.75982493215354	-2.21257456432515	-1.92678826936225	-1.63662804803425
-1.75330468481773	-2.20840013574699	-1.91911841861989	-1.63570206167452
-1.74678443748191	-2.20206819966057	-1.91507684774485	-1.62248940341183
-1.7402641901461	-2.19822936269264	-1.90816605033454	-1.62182849475299
-1.73374394281028	-2.18981459943122	-1.90071071507859	-1.61218243383943
-1.72722369547447	-2.18095276782643	-1.89610226237658	-1.60625753811171
-1.72070344813866	-2.18081838128399	-1.88999232034521	-1.6033941451487
-1.71418320080284	-2.17251863220739	-1.88404866142366	-1.5952717616161
-1.70766295346703	-2.16989438361752	-1.87874370215156	-1.59028711081061
-1.70114270613121	-2.15914056105161	-1.87409376234078	-1.58059684230195
-1.6946224587954	-2.15868719421293	-1.86589583905215	-1.57797908619913
-1.68810221145959	-2.14830680781321	-1.86171902125459	-1.57274640249142
-1.68158196412377	-2.14474145960216	-1.85255063735508	-1.5656614748436
-1.67506171678796	-2.13141811364608	-1.84642997922254	-1.5541716703578
-1.66854146945214	-2.13000678385422	-1.83944549151501	-1.55045337845483
-1.66202122211633	-2.12349650175441	-1.8381352024942	-1.54557418809692
-1.65550097478052	-2.12232062719222	-1.82880372800788	-1.53908948262831
-1.6489807274447	-2.10665756849379	-1.8206331257934	-1.53479367929965
-1.64246048010889	-2.10594413194202	-1.81523364713028	-1.52436053475357
-1.63594023277307	-2.10101711817514	-1.8105476913488	-1.52456815572605
-1.62941998543726	-2.09344804103762	-1.80739055186511	-1.51617046559401
-1.62289973810144	-2.09029604665887	-1.80077250885255	-1.51072166651391
-1.61637949076563	-2.08015430532633	-1.79113066932346	-1.50776320081294
-1.60985924342982	-2.07172322703771	-1.78567932932603	-1.49702898413958
-1.603338996094	-2.07027205697713	-1.78264872221041	-1.48997358448162
-1.59681874875819	-2.06524777995075	-1.77620485168437	-1.48664896580515
-1.59029850142237	-2.05679767818294	-1.76718774198497	-1.47788609180271
-1.58377825408656	-2.04614927677909	-1.76153710667685	-1.47131282761062
-1.57725800675075	-2.04428848183846	-1.75707655092589	-1.46637675866785
-1.57073775941493	-2.03817855939219	-1.75172289993724	-1.4669664285876
-1.56421751207912	-2.03376985906444	-1.74339753573719	-1.45815578113277
-1.5576972647433	-2.02529366993474	-1.73895276629978	-1.45167561002396
-1.55117701740749	-2.0204433195632	-1.73041140206617	-1.44614163188031
-1.54465677007168	-2.01278066346914	-1.7258317959811	-1.43937440781733
-1.53813652273586	-2.00320080881115	-1.72006009783958	-1.44236458190299
-1.53161627540005	-2.00897088598991	-1.71277048701925	-1.4257157760273
-1.52509602806423	-1.9966346770455	-1.70624559428132	-1.41905181629667
-1.51857578072842	-1.99292124307917	-1.70413732344775	-1.41438216443779
-1.51205553339261	-1.9784012978331	-1.69659334463462	-1.40835048440318
-1.50553528605679	-1.97667486525267	-1.68988087023114	-1.4061934299415
-1.49901503872098	-1.97199431212965	-1.68294652876469	-1.39578316738454
-1.49249479138516	-1.96147891844985	-1.67533417960261	-1.38634623428766
-1.48597454404935	-1.95373384626831	-1.67152904061626	-1.38431943819482
-1.47945429671354	-1.95541447500851	-1.66240169799925	-1.3780701859963
-1.47293404937772	-1.94821754782208	-1.65901458006607	-1.37530965500062
-1.46641380204191	-1.93596119682284	-1.64977667506629	-1.36295983048307
-1.45989355470609	-1.92906432370703	-1.64704794837634	-1.36005550286777
-1.45337330737028	-1.92987378641327	-1.64132957979846	-1.35410367107463
-1.44685306003447	-1.92461945786893	-1.63538183869781	-1.35151679101341
-1.44033281269865	-1.91315489049607	-1.62867635811638	-1.34005070433707
-1.43381256536284	-1.91238989693268	-1.62284519674645	-1.34143393356803
-1.42729231802702	-1.90602913184629	-1.61645813302816	-1.33227748468873
-1.42077207069121	-1.89811293689123	-1.60977021514449	-1.32389842460438
-1.4142518233554	-1.8896077397455	-1.60421348995713	-1.3138928378487
-1.40773157601958	-1.88622943043307	-1.59789406494126	-1.3071873437504
-1.40121132868377	-1.87936747414086	-1.59123559221514	-1.30323380873039
-1.39469108134795	-1.87088765774888	-1.58463943332263	-1.29704657384962
-1.38817083401214	-1.86984538875698	-1.57869479200564	-1.29445189152713
-1.38165058667633	-1.86076123730902	-1.57305024152215	-1.28897948436287
-1.37513033934051	-1.85550014334104	-1.56814203850173	-1.27861453368575
-1.3686100920047	-1.848680245698	-1.56083173612887	-1.27680578524499
-1.36208984466888	-1.84092955984365	-1.55516190150506	-1.27047045903138
-1.35556959733307	-1.83499213871249	-1.55005887368675	-1.26608294487169
-1.34904934999725	-1.82885196262936	-1.54477237660169	-1.2578763975992
-1.34252910266144	-1.82229959085636	-1.5376758891199	-1.24997771149199
-1.33600885532563	-1.82027141126799	-1.53090969395548	-1.24464807888353
-1.32948860798981	-1.80726012951223	-1.52462011038696	-1.24144578382402
-1.322968360654	-1.80052219629282	-1.5179059650244	-1.23838974927513
-1.31644811331818	-1.79732066203993	-1.5103591112673	-1.22515070657524
-1.30992786598237	-1.79005255890398	-1.5071946478536	-1.22631526045008
-1.30340761864656	-1.77951902828188	-1.49964717606405	-1.21987892402798
-1.29688737131074	-1.78265615506661	-1.49503037810132	-1.20834241343247
-1.29036712397493	-1.77808213007129	-1.48990928552542	-1.20476793898366
-1.28384687663911	-1.76260363712062	-1.48243943201705	-1.19466742515908
-1.2773266293033	-1.76335279211926	-1.47642132261509	-1.18742595917044
-1.27080638196749	-1.75891360990578	-1.47224787178745	-1.18721482801821
-1.26428613463167	-1.74768934377645	-1.46445227332519	-1.17926848229869
-1.25776588729586	-1.74409569278524	-1.4572581981922	-1.17153029670107
-1.25124563996004	-1.73943987539185	-1.4516293481485	-1.16618762127013
-1.24472539262423	-1.72933677897784	-1.4435389477253	-1.15869664990361
-1.23820514528842	-1.72392391383857	-1.44121195341174	-1.15338164887466
-1.2316848979526	-1.71732435463954	-1.43461477135831	-1.14929365502381
-1.22516465061679	-1.7114511518324	-1.42978202654338	-1.14248845950849
-1.21864440328097	-1.70981417546017	-1.4224678752502	-1.13470539636225
-1.21212415594516	-1.70479788730422	-1.41567737828918	-1.12962584425798
-1.20560390860935	-1.69429261008373	-1.40744459597121	-1.12641127140481
-1.19908366127353	-1.6876585387286	-1.40170450978902	-1.1198434794966
-1.19256341393772	-1.67609925577813	-1.39741573431115	-1.11519127249817
-1.1860431666019	-1.67600177424211	-1.38984615242051	-1.10428250816916
-1.17952291926609	-1.66829227327749	-1.38636856794986	-1.09779336229951
-1.17300267193028	-1.66312162542954	-1.37686943549029	-1.09205354284964
-1.16648242459446	-1.65757790286343	-1.3744086742791	-1.08831645553495
-1.15996217725865	-1.65313329434031	-1.36725558568784	-1.07950303779623
-1.15344192992283	-1.6506417992264	-1.36113452314337	-1.07504170707571
-1.14692168258702	-1.64501404944107	-1.35481522812363	-1.07169379646902
-1.14040143525121	-1.63311720464048	-1.34858342309069	-1.06627361203923
-1.13388118791539	-1.62799105734257	-1.34294145850018	-1.0594788532219
-1.12736094057958	-1.61866095178007	-1.33538431546672	-1.0499997969641
-1.12084069324376	-1.61045139961437	-1.33113590448602	-1.04588866949732
-1.11432044590795	-1.6075426237125	-1.32190385319613	-1.03935142107781
-1.10780019857214	-1.59854480142917	-1.31919709935953	-1.02916247894495
-1.10127995123632	-1.59778127226512	-1.31136191351464	-1.02229081789343
-1.09475970390051	-1.59305312137434	-1.30629924417184	-1.02293037080575
-1.08823945656469	-1.58265346557528	-1.29660079626926	-1.01660244533517
-1.08171920922888	-1.57773901495685	-1.29306763593766	-1.01154053561106
-1.07519896189307	-1.5680924402071	-1.28559884093647	-1.00166876388023
-1.06867871455725	-1.56719479449416	-1.27980081406719	-0.992895412789245
-1.06215846722144	-1.55760754413173	-1.27404132507846	-0.993830914393857
-1.05563821988562	-1.55777526351512	-1.26664027630526	-0.981078138369811
-1.04911797254981	-1.54836000690529	-1.26140571212871	-0.981799982229932
-1.04259772521399	-1.53868597293004	-1.25411426714558	-0.972864856301564
-1.03607747787818	-1.53425878892316	-1.25060891365578	-0.965634710389417
-1.02955723054237	-1.52666640266631	-1.2439264035453	-0.963418452762862
-1.02303698320655	-1.52003161840354	-1.23884011115926	-0.956365758068369
-1.01651673587074	-1.51556546547623	-1.23207686782001	-0.945084064095824
-1.00999648853492	-1.51512991681234	-1.2252398719845	-0.940013577133559
-1.00347624119911	-1.5026123082518	-1.22118173464925	-0.940962895370216
-0.996955993863296	-1.49896286956526	-1.21312297981576	-0.923348086863068
-0.990435746527482	-1.48788599594913	-1.20727132425898	-0.919138880568029
-0.983915499191668	-1.48092424905945	-1.20196445491318	-0.917972246166012
-0.977395251855854	-1.47738270658389	-1.19640714374146	-0.913958026036538
-0.97087500452004	-1.47213520636864	-1.18715256300403	-0.903889783963446
-0.964354757184226	-1.46898244106862	-1.18238649314595	-0.899670637418733
-0.957834509848412	-1.45925302316616	-1.17801634052483	-0.893023274722918
-0.951314262512598	-1.45783565960227	-1.17170471373946	-0.890683353773962
-0.944794015176784	-1.44977715337274	-1.16419850208657	-0.881265860771097
-0.93827376784097	-1.44361504828517	-1.15870717529749	-0.878156513179475
-0.931753520505156	-1.43358397202414	-1.1518057765912	-0.876125456914878
-0.925233273169342	-1.42776501561933	-1.14601330435495	-0.864828164918889
-0.918713025833528	-1.42786407349684	-1.14142555639379	-0.85576902586199
-0.912192778497714	-1.41480003625407	-1.1351763548449	-0.850434393531224
-0.9056725311619	-1.41151140096528	-1.12896819583616	-0.847197710643436
-0.899152283826086	-1.40621760771989	-1.12204158025287	-0.842529941101048
-0.892632036490272	-1.40095305177803	-1.1153985172563	-0.83052601745869
-0.886111789154458	-1.39525395176423	-1.10868991986325	-0.828277315028383
-0.879591541818644	-1.38838110254156	-1.10554984847928	-0.820702918380295
-0.87307129448283	-1.38032893332605	-1.09809371889509	-0.810840723436817
-0.866551047147015	-1.373008762367	-1.09088437085618	-0.802139346664927
-0.860030799811201	-1.37335709415554	-1.08689812022758	-0.803601310372477
-0.853510552475387	-1.36549014893652	-1.08181031024551	-0.795499217206398
-0.846990305139573	-1.35637085709831	-1.07406701144082	-0.786145092630133
-0.840470057803759	-1.34900519119948	-1.06408203899291	-0.784868403277594
-0.833949810467945	-1.34282176410228	-1.06167421128012	-0.778428925096235
-0.827429563132131	-1.34001011983608	-1.05427458744587	-0.776067111584362
-0.820909315796317	-1.32890820751178	-1.04983591839737	-0.766570221762171
-0.814389068460503	-1.32675450162782	-1.04363731141945	-0.762667968592229
-0.807868821124689	-1.31804137623407	-1.03655365479859	-0.756296141844415
-0.801348573788875	-1.31013806064192	-1.03081577563542	-0.744640586155684
-0.794828326453061	-1.30593463409258	-1.02272453828529	-0.740334217258845
-0.788308079117247	-1.29575485851165	-1.01828167727827	-0.735752531390153
-0.781787831781433	-1.29842082246913	-1.01219268075774	-0.732809884387476
-0.775267584445619	-1.29182684528579	-1.00588513109381	-0.72319806948284
-0.768747337109805	-1.28522560610204	-1.00161482064254	-0.713820821836508
-0.762227089773991	-1.27862742183425	-0.995007090506566	-0.712996968423915
-0.755706842438177	-1.2728394153085	-0.990328960177983	-0.704862769082125
-0.749186595102363	-1.26950844474232	-0.980980839512847	-0.69826549320725
-0.742666347766549	-1.25903697861361	-0.974515835368054	-0.69580159667706
-0.736146100430735	-1.24945200226727	-0.970673005119763	-0.687597683258922
-0.72962585309492	-1.2419212264126	-0.964506690678417	-0.682444981420071
-0.723105605759107	-1.24431604288944	-0.958670891435077	-0.675894422011461
-0.716585358423292	-1.23334696860982	-0.951997279738324	-0.669915336189896
-0.710065111087478	-1.22973738254632	-0.945108960595704	-0.665165678946398
-0.703544863751664	-1.22462955294321	-0.940299513802382	-0.658050639577241
-0.69702461641585	-1.21360617379964	-0.933069876149525	-0.644351014325549
-0.690504369080036	-1.21102805954796	-0.92771916832625	-0.63805169806749
-0.683984121744222	-1.20505419593645	-0.921908850718867	-0.644086035755243
-0.677463874408408	-1.20043272472156	-0.914368813095645	-0.635373117296568
-0.670943627072594	-1.19028460668595	-0.90759368675372	-0.628058561841253
-0.66442337973678	-1.18545826942614	-0.900562576102228	-0.617115669545425
-0.657903132400966	-1.17753581126012	-0.896538751211535	-0.613902983101502
-0.651382885065152	-1.17295729885669	-0.890320650706347	-0.605023124772057
-0.644862637729338	-1.16853233918699	-0.886148395480618	-0.60399176801964
-0.638342390393524	-1.16020523952854	-0.877812012462397	-0.594093744838536
-0.63182214305771	-1.15219198498267	-0.870309779926796	-0.59153374275706
-0.625301895721896	-1.1460849275787	-0.867948398880933	-0.580502133941522
-0.618781648386082	-1.14551340506489	-0.85821216293238	-0.578358666788312
-0.612261401050268	-1.14413694216126	-0.85578713596021	-0.576320823400049
-0.605741153714454	-1.13104460588309	-0.848753040299804	-0.566569854237993
-0.59922090637864	-1.11947131617982	-0.841067855097498	-0.556584094448019
-0.592700659042826	-1.11997888029993	-0.837764333959334	-0.555136716176916
-0.586180411707012	-1.10804421616274	-0.830420364080119	-0.547234532755851
-0.579660164371197	-1.10696018223648	-0.823515023349448	-0.54267377640669
-0.573139917035383	-1.10215867221528	-0.816508423509491	-0.531675146748345
-0.566619669699569	-1.09142044019136	-0.808521231337879	-0.527627758551545
-0.560099422363755	-1.08437902833086	-0.805811046567743	-0.523663743378301
-0.553579175027941	-1.08161256008421	-0.798738921028716	-0.512776635149085
-0.547058927692127	-1.07458528059706	-0.794960511684664	-0.515749914644786
-0.540538680356313	-1.06674398703762	-0.787345069787769	-0.505849660625555
-0.534018433020499	-1.06322264273745	-0.780565342319585	-0.499043120371505
-0.527498185684685	-1.05664592999594	-0.775941498130074	-0.488781879616921
-0.520977938348871	-1.04880244578936	-0.768983560188276	-0.488424971313977
-0.514457691013057	-1.04520770072915	-0.761995978551907	-0.485493099531573
-0.507937443677243	-1.03945721097538	-0.75850108280817	-0.477256731979989
-0.501417196341429	-1.03045378390732	-0.750024657760253	-0.472198950708062
-0.494896949005615	-1.02092974085728	-0.745677664010123	-0.463421538778161
-0.488376701669801	-1.02089182866106	-0.73587673440662	-0.456053241869587
-0.481856454333987	-1.0106936215139	-0.733556483835858	-0.454961844544221
-0.475336206998173	-1.00675200204016	-0.728032567350676	-0.449491569329001
-0.468815959662359	-1.00334697523488	-0.718727968707821	-0.435252737769882
-0.462295712326545	-0.988320375668611	-0.711227436850286	-0.430050515068614
-0.455775464990731	-0.988383841108045	-0.706534704586015	-0.425958453131037
-0.449255217654916	-0.980005607379616	-0.700659259899144	-0.420463875618692
-0.442734970319103	-0.979475580166171	-0.694840353605261	-0.411910046664936
-0.436214722983288	-0.965816729233414	-0.690561443692974	-0.414596835740834
-0.429694475647474	-0.964522335802786	-0.68106685392958	-0.400496130430646
-0.42317422831166	-0.958272511795752	-0.677635281429991	-0.394260225309902
-0.416653980975846	-0.951885106975615	-0.672750322855144	-0.393414325146363
-0.410133733640032	-0.944455606348269	-0.664293724153557	-0.382498382209515
-0.403613486304218	-0.937221748512419	-0.65854653948486	-0.37865671345892
-0.397093238968404	-0.936452415000555	-0.651309454306558	-0.37615132853295
-0.39057299163259	-0.927710244354219	-0.645442478356728	-0.367399390863679
-0.384052744296776	-0.918530235245443	-0.641734208805765	-0.355485849613562
-0.377532496960962	-0.915097124142715	-0.633500634233131	-0.354912312485413
-0.371012249625148	-0.90859769772086	-0.629496360128246	-0.352637350833762
-0.364492002289334	-0.901840853322325	-0.623247361226165	-0.340157849304811
-0.35797175495352	-0.895084861022843	-0.615106982228083	-0.333195034768609
-0.351451507617706	-0.891124815911982	-0.610348737185596	-0.329005941966222
-0.344931260281892	-0.88388296338714	-0.604549094065627	-0.323866290307568
-0.338411012946078	-0.877474793586904	-0.597136284539273	-0.316509608484508
-0.331890765610264	-0.870444297400259	-0.590327894862948	-0.313759336287057
-0.32537051827445	-0.86637060780345	-0.587054595769988	-0.305887563366643
-0.318850270938636	-0.857877749555981	-0.579951163218119	-0.299425078294032
-0.312330023602821	-0.85307249319972	-0.572159756313081	-0.290155769620971
-0.305809776267008	-0.84484642448676	-0.56729788168801	-0.28547460238276
-0.299289528931193	-0.839788402211731	-0.56107066953417	-0.282468890062299
-0.292769281595379	-0.839464590960577	-0.556762322218306	-0.275707112820469
-0.286249034259565	-0.829213553781226	-0.547766206967091	-0.272215619701341
-0.279728786923751	-0.825336361610563	-0.542765738408096	-0.260214421474011
-0.273208539587937	-0.822176512632414	-0.537886926138744	-0.257218561095579
-0.266688292252123	-0.807571545292183	-0.529510124776366	-0.249004094018512
-0.260168044916309	-0.802867955467236	-0.522359442672588	-0.24491593519363
-0.253647797580495	-0.796422928548208	-0.518026979572691	-0.238192414513281
-0.247127550244681	-0.795760011429332	-0.514977451089252	-0.231275736846411
-0.240607302908867	-0.788740444097096	-0.505786243185914	-0.22294727365551
-0.234087055573053	-0.780818978801471	-0.502204031084841	-0.22022994769865
-0.227566808237239	-0.771496962120807	-0.493554358365657	-0.217204643919105
-0.221046560901425	-0.768551963317812	-0.487537022803096	-0.214919614715972
-0.214526313565611	-0.765801807763832	-0.480843326586475	-0.20175717823063
-0.208006066229797	-0.752322568264681	-0.474910510128287	-0.194918353981119
-0.201485818893983	-0.752674185953698	-0.470740322749756	-0.18986661237558
-0.194965571558169	-0.746294154027956	-0.465700145307248	-0.185375045712383
-0.188445324222355	-0.73438789943936	-0.457189401846448	-0.175461284360148
-0.181925076886541	-0.732985241567927	-0.451911882902182	-0.172204886226465
-0.175404829550727	-0.72447436289975	-0.445234334366087	-0.163379998928497
-0.168884582214913	-0.723079147457401	-0.439569465173694	-0.161351144234902
-0.162364334879098	-0.71132131434041	-0.432517395645271	-0.150024385758701
-0.155844087543284	-0.70812825026264	-0.429022955540131	-0.143560454889889
-0.14932384020747	-0.702386167363259	-0.421308238111516	-0.142709081396231
-0.142803592871656	-0.693769669277803	-0.414927322285596	-0.136237540009225
-0.136283345535842	-0.687059539192812	-0.40901180816268	-0.128952445935021
-0.129763098200028	-0.682820294238118	-0.402561736455148	-0.125021429365456
-0.123242850864214	-0.680157794970691	-0.397985779787529	-0.118495501661252
-0.1167226035284	-0.670667927718441	-0.391688503363785	-0.115826294635515
-0.110202356192586	-0.663526427160164	-0.384240525254284	-0.106840068083174
-0.103682108856772	-0.66027385812474	-0.37735742524395	-0.0961810859229948
-0.097161861520958	-0.65330855218947	-0.371851397519173	-0.093655953416151
-0.090641614185144	-0.64027909087844	-0.365973265024862	-0.0839728689308807
-0.0841213668493299	-0.636182783514623	-0.361669367747544	-0.0801631954465839
-0.0776011195135158	-0.637145320485339	-0.356003424430352	-0.0761312915883205
-0.0710808721777019	-0.627353404334673	-0.343644591226291	-0.0643014284902218
-0.0645606248418877	-0.621195144457921	-0.342216153723159	-0.0599986462793003
-0.0580403775060738	-0.607814471086707	-0.336329556686912	-0.0586177135497195
-0.0515201301702597	-0.607255541640052	-0.330204830135778	-0.0527868175280017
-0.0449998828344456	-0.604709701787525	-0.323620216018548	-0.0451295882288685
-0.0384796354986316	-0.592074529015916	-0.318715325238585	-0.0383664004233582
-0.0319593881628175	-0.590020120599446	-0.309979303648145	-0.0280746142892214
-0.0254391408270034	-0.584037903967192	-0.303607498126565	-0.0279935149675841
-0.0189188934911895	-0.57844217456599	-0.299061311016559	-0.0179698895528275
-0.0123986461553753	-0.569567940398	-0.291996211707927	-0.00982346872395868
-0.00587839881956143	-0.563944207186762	-0.28809793183049	-0.00739920837684176
0.000641848516252708	-0.561831249947244	-0.280800321832087	-0.00200924621662211
0.00716209585206684	-0.554230165411651	-0.274236472619092	0.00230328651843072
0.0136823431878808	-0.549446124862471	-0.267095443915305	0.0127345964749879
0.0202025905236949	-0.544788223812226	-0.2642401997932	0.0177127937478815
0.0267228378595088	-0.540486230123765	-0.259601848658571	0.0233218772995134
0.0332430851953229	-0.526865926494679	-0.248379284553866	0.0301174712427532
0.0397633325311371	-0.528720683412653	-0.243496030519091	0.0339199544240501
0.046283579866951	-0.519768826016808	-0.237607421495376	0.0433033475093425
0.0528038272027651	-0.507611728664206	-0.231117532930493	0.0459528537257295
0.059324074538579	-0.509514815907397	-0.225438095431866	0.0553087109304289
0.0658443218743932	-0.495175844711438	-0.218654190496695	0.057749312563314
0.0723645692102073	-0.491380610527759	-0.214484742753489	0.0661790353391716
0.0788848165460212	-0.486064775479614	-0.206988786379428	0.0689515740116564
0.0854050638818353	-0.475382706228242	-0.198089132191011	0.0793643029862868
0.0919253112176492	-0.478901540660001	-0.195714994268074	0.0847111610687316
0.0984455585534634	-0.466089632560111	-0.191428351010022	0.0930729947527177
0.104965805889278	-0.464178470157702	-0.182670271471346	0.0961990700765938
0.111486053225092	-0.453531280776773	-0.176685377076111	0.103046792090653
0.118006300560905	-0.45198509871911	-0.170785317197187	0.112787242568265
0.124526547896719	-0.44132910859895	-0.167699978158689	0.117455724388841
0.131046795232534	-0.437016397036655	-0.159293408417541	0.118384615648163
0.137567042568348	-0.432862911912761	-0.151534689984608	0.128429602892196
0.144087289904162	-0.422807643605302	-0.146531462678396	0.131174243870827
0.150607537239976	-0.416862344549089	-0.137020600201749	0.132519533062471
0.15712778457579	-0.415780842786491	-0.135736314840797	0.14327972203231
0.163648031911604	-0.404854679062438	-0.12926447367589	0.151093125488337
0.170168279247418	-0.403037373809644	-0.119803449415085	0.154048176235978
0.176688526583232	-0.39422588042935	-0.114994074479311	0.167463518820388
0.183208773919046	-0.391150406605292	-0.111150865636935	0.170806695852043
0.18972902125486	-0.385255507531478	-0.106869572767044	0.173463521315446
0.196249268590674	-0.374840328951193	-0.0983376306857973	0.176524031671636
0.202769515926488	-0.372265131359062	-0.0909944331079832	0.185143905955269
0.209289763262302	-0.364987839401535	-0.0853782403954507	0.192460310619183
0.215810010598116	-0.356894099240284	-0.0779777672524881	0.195742638219691
0.22233025793393	-0.351834652121803	-0.0723044806821464	0.206734926386876
0.228850505269744	-0.349797778655997	-0.0675639444856354	0.214508664717797
0.235370752605558	-0.340385946835141	-0.0614391386047429	0.21861099077663
0.241890999941373	-0.334031476516696	-0.0542238732090106	0.221346267935431
0.248411247277187	-0.328511386866006	-0.0487348225062151	0.22802909816982
0.254931494613	-0.320779330123335	-0.0422843598923993	0.238716668329332
0.261451741948814	-0.313073891208316	-0.0353590474151994	0.237166377970051
0.267971989284629	-0.304307096091061	-0.03110707754696	0.247737033412235
0.274492236620443	-0.303984120724847	-0.0233275134394905	0.253210716031992
0.281012483956257	-0.2976149008213	-0.0197079611393863	0.261929705333473
0.287532731292071	-0.292305318688102	-0.0118481276112383	0.266159432898427
0.294052978627885	-0.28652112483377	-0.0047660468243003	0.277003016551867
0.300573225963699	-0.28203482961586	-0.0019883274303862	0.281163917481574
0.307093473299513	-0.273725367082468	0.00727414363512299	0.282272463074529
0.313613720635327	-0.270892855617426	0.0120690574543022	0.286254522513173
0.320133967971141	-0.261974572044864	0.0197846108521323	0.296746378733008
0.326654215306955	-0.253134768528217	0.0254963446578478	0.305887906823128
0.333174462642769	-0.252254493268604	0.0281021292772218	0.308916459880687
0.339694709978583	-0.239831918810258	0.0381344374123004	0.311573646735573
0.346214957314397	-0.240379653710043	0.0429089648309245	0.321552414561759
0.352735204650211	-0.227012306623796	0.0502779026088316	0.330175303451674
0.359255451986025	-0.224125516047571	0.0539893436381203	0.331463407661035
0.365775699321839	-0.219017019413797	0.0601293701629677	0.343782482822268
0.372295946657653	-0.207351757495392	0.0681345984694815	0.345839202910482
0.378816193993468	-0.205651202679386	0.0722856945215507	0.349943488166913
0.385336441329281	-0.205882172638284	0.0775172939861549	0.359062470534052
0.391856688665095	-0.195547681137245	0.0854931296371363	0.362416055787732
0.39837693600091	-0.183802928575718	0.0897410056211205	0.368309886779432
0.404897183336724	-0.184431163148762	0.0971179742375517	0.372397739695601
0.411417430672538	-0.176781877661937	0.105018124084939	0.383545366911261
0.417937678008351	-0.17005724308639	0.111031249300483	0.388002974820747
0.424457925344166	-0.165150437249318	0.117043378707491	0.39980808912099
0.43097817267998	-0.155514859645603	0.122963072238478	0.394776770142032
0.437498420015794	-0.148663559542566	0.127656039349361	0.407287102008688
0.444018667351608	-0.140649621974775	0.134678287754564	0.412150212239515
0.450538914687422	-0.140261040622925	0.140297130293275	0.419905588009643
0.457059162023236	-0.137230885311191	0.148105416517613	0.423902396447614
0.46357940935905	-0.130736049278924	0.153115531499762	0.430115647858865
0.470099656694864	-0.124560421061589	0.156666674715739	0.435605618365497
0.476619904030678	-0.112824262999037	0.164026227194137	0.443802443770438
0.483140151366492	-0.108166185382615	0.170772048365652	0.448718496085704
0.489660398702306	-0.101930859797101	0.177535784874614	0.454446359019255
0.49618064603812	-0.09920684056391	0.182580565578793	0.46199463955302
0.502700893373934	-0.0856506435785789	0.189490994603722	0.46407315714939
0.509221140709748	-0.0781951322819287	0.194667884698568	0.472281976845885
0.515741388045563	-0.0791169951456182	0.200123099163893	0.47016981997843
0.522261635381376	-0.0718726958075365	0.207714328732506	0.484958804316797
0.52878188271719	-0.0643918209270686	0.214796366719532	0.492956033087018
0.535302130053005	-0.0628666533056909	0.21903217855755	0.494496452071253
0.541822377388819	-0.0524331652497869	0.226504923345153	0.501953933995628
0.548342624724633	-0.0445698525834404	0.231936074962969	0.510122769127625
0.554862872060446	-0.0422064753161037	0.238691644007555	0.517957650011571
0.561383119396261	-0.0325187494097268	0.244727735336473	0.518940876172091
0.567903366732075	-0.0267790845324652	0.251002448757577	0.528146925181328
0.574423614067889	-0.0228460928204785	0.255342207596226	0.530620575373829
0.580943861403703	-0.014154144509828	0.261643470103891	0.540338029239851
0.587464108739517	-0.00775918111501234	0.271284157225901	0.541966034535886
0.593984356075331	-0.00192380368762566	0.275141434671079	0.549726008093765
0.600504603411145	-0.00221785123073751	0.280800101260366	0.561583659714906
0.607024850746959	0.00953784667021105	0.288959963599415	0.56332187692386
0.613545098082773	0.0165064941902534	0.292193397175389	0.569680994815856
0.620065345418587	0.0225406292261723	0.299896037776557	0.578806164431253
0.626585592754401	0.0298091185257857	0.306619694215467	0.589786199176174
0.633105840090215	0.036168336835173	0.309394243438971	0.585723490672029
0.639626087426029	0.0372934283182312	0.315376146664371	0.597472442881104
0.646146334761843	0.0458227494897405	0.325219209889561	0.596264447122781
0.652666582097657	0.0523791296191694	0.329729160139213	0.604900230095482
0.659186829433471	0.0539158913808928	0.336801764046847	0.613919239501512
0.665707076769285	0.0669284473431652	0.341736217861531	0.618364983956312
0.6722273241051	0.0725553014742099	0.347890704294727	0.624402895303353
0.678747571440914	0.0755792145704773	0.354330113477573	0.63416639002294
0.685267818776727	0.0831398728605386	0.359058444002335	0.635113929176702
0.691788066112542	0.0919115356194009	0.366028216798906	0.642787770466505
0.698308313448356	0.0982388519043648	0.372049781837066	0.645936899713313
0.70482856078417	0.0951806176793086	0.375778116855722	0.652765852383675
0.711348808119984	0.108477310096869	0.38464392709611	0.661549714974936
0.717869055455798	0.116358812003869	0.390607625925895	0.670867552667531
0.724389302791612	0.119979176269171	0.394393737824979	0.670289762966787
0.730909550127426	0.126515378013638	0.401571686591321	0.679929878681579
0.73742979746324	0.131059416654723	0.407665927222037	0.690754494452245
0.743950044799054	0.13884593903944	0.412696700738018	0.685582759312518
0.750470292134868	0.1454600355646	0.42068792974531	0.699315850205109
0.756990539470682	0.15241624251151	0.429909160030377	0.704856131283924
0.763510786806496	0.157261502312892	0.432049432923141	0.708140626522144
0.77003103414231	0.157878815068318	0.441084563909729	0.714844213944712
0.776551281478124	0.164401873769061	0.445647052020114	0.722502655953157
0.783071528813938	0.176762966900234	0.450908628997058	0.727172772461053
0.789591776149752	0.18112349753416	0.457381759794336	0.73250584124502
0.796112023485566	0.185918771331307	0.464647282537762	0.747188157413491
0.80263227082138	0.197201573781669	0.469587902627708	0.748245195680311
0.809152518157195	0.201137571875893	0.476557664664441	0.758489220087989
0.815672765493009	0.201314503668463	0.480484422636029	0.755089383346929
0.822193012828822	0.211353831383605	0.488042138682381	0.76237367175243
0.828713260164637	0.22207865400687	0.494660546182366	0.771315025302305
0.835233507500451	0.225340873595727	0.498571668543299	0.776800256293557
0.841753754836265	0.230857030856863	0.506661492020922	0.784044135523022
0.848274002172079	0.233381877743789	0.511561426088863	0.793168426248462
0.854794249507893	0.23890809530732	0.5155518731594	0.790678961544314
0.861314496843707	0.249358543211542	0.526009283918382	0.80349840024421
0.867834744179521	0.252198388225014	0.529973409571171	0.807857748085796
0.874354991515335	0.259635546180618	0.537786035300874	0.818657440107213
0.880875238851149	0.267554767717905	0.542603845022952	0.815286412444623
0.887395486186963	0.273160188713959	0.551222223447778	0.827567174959575
0.893915733522777	0.28076797055452	0.555564783493805	0.831317028302352
0.900435980858591	0.280097178234874	0.560355717559519	0.838327673254631
0.906956228194405	0.290353035317124	0.56900132589953	0.844961663925066
0.913476475530219	0.292880767079504	0.573378587427327	0.853595080631333
0.919996722866033	0.299362553388895	0.578173479012516	0.861102722987581
0.926516970201847	0.30869140765256	0.586369752121473	0.864718003369208
0.933037217537661	0.312892549782193	0.590218047730199	0.867786139547474
0.939557464873475	0.319617599824923	0.598755120569488	0.875249552299136
0.94607771220929	0.323769320976669	0.603495129994385	0.881391632870834
0.952597959545103	0.330000824484612	0.610327855447972	0.88887462794075
0.959118206880917	0.341108825482803	0.615702967050908	0.893198782698965
0.965638454216732	0.347252782615531	0.621277521820463	0.900160674576188
0.972158701552546	0.350733210303864	0.62609017573017	0.901466341932816
0.97867894888836	0.35962948659801	0.634111354682401	0.916918064632585
0.985199196224174	0.36608434320776	0.638126244758932	0.922386474698716
0.991719443559988	0.366218062065614	0.645570226905021	0.921485576123139
0.998239690895802	0.376667554167024	0.655353417864617	0.930624873151543
1.00475993823162	0.380823795286714	0.658739275015689	0.93801719339329
1.01128018556743	0.388942199260873	0.664873223766782	0.944219324033347
1.01780043290324	0.390454963165204	0.670955810285889	0.953926055652813
1.02432068023906	0.402674588726102	0.677319556656213	0.955965755836795
1.03084092757487	0.406459413020378	0.684331618793744	0.959517359398855
1.03736117491069	0.410097158319883	0.689105077062173	0.964601376083671
1.0438814222465	0.416710467338087	0.696906645552805	0.974681056105437
1.05040166958231	0.427940912081831	0.70136718058092	0.982817602135414
1.05692191691813	0.428897263387136	0.706692744183608	0.982757080680519
1.06344216425394	0.436146004785808	0.714798701975059	0.996358985073795
1.06996241158976	0.440813301855492	0.718771418296945	0.993642788853593
1.07648265892557	0.44839941386739	0.726403301669668	1.00219876349809
1.08300290626138	0.459688228057113	0.732509000760137	1.00746390909652
1.0895231535972	0.462312327570305	0.73653865929527	1.01270660514525
1.09604340093301	0.468980537166418	0.744715913362697	1.01942506346044
1.10256364826883	0.470953990759792	0.748721005164662	1.03236448380124
1.10908389560464	0.477209225432575	0.755576852584865	1.03453006691544
1.11560414294045	0.483163273679151	0.762495525121269	1.04013564335591
1.12212439027627	0.48683865354354	0.766338256617874	1.04586126312369
1.12864463761208	0.499500626432345	0.775966471606008	1.05138828454385
1.1351648849479	0.502400830991051	0.779738171930277	1.0583723928455
1.14168513228371	0.512523534852249	0.786896496287247	1.06756485140252
1.14820537961953	0.516340628933425	0.791815807989058	1.07318793027806
1.15472562695534	0.523807698286405	0.799363065867824	1.0730334636334
1.16124587429115	0.531571887016001	0.805241692926553	1.07799663348176
1.16776612162697	0.537320930509638	0.807446688039989	1.0881601619077
1.17428636896278	0.541087422468813	0.817014432441285	1.0943426462837
1.1808066162986	0.548059534913699	0.821566520479266	1.1025819250038
1.18732686363441	0.552843321562361	0.829678164997964	1.10466989485377
1.19384711097022	0.559429006939125	0.83353617606964	1.10973060720167
1.20036735830604	0.56621891467613	0.84365648629814	1.12140712688233
1.20688760564185	0.569859668073055	0.845427709132495	1.12181889970719
1.21340785297767	0.575646119316115	0.85378681097146	1.13005407523232
1.21992810031348	0.582752748062336	0.859645463789519	1.13416686536237
1.22644834764929	0.587519704606909	0.866179466901405	1.1427013328886
1.23296859498511	0.596568064392566	0.870147442803414	1.14859466191103
1.23948884232092	0.600426827573362	0.875981418109568	1.15466441799499
1.24600908965674	0.603213121457208	0.88271252261352	1.16428382932412
1.25252933699255	0.615091028629557	0.892197333644105	1.16998522100239
1.25904958432836	0.616900932046992	0.89685773857457	1.17620579361161
1.26556983166418	0.62570206092269	0.90122727717272	1.17689762585637
1.27209007899999	0.631888651036469	0.907285282761261	1.18365984838563
1.27861032633581	0.634528055348764	0.912589626536051	1.18769863019694
1.28513057367162	0.645134454318327	0.921663378799101	1.19766703409345
1.29165082100743	0.652110544565726	0.927103196864844	1.20448419888632
1.29817106834325	0.653333093481186	0.932646573036683	1.21107821461218
1.30469131567906	0.66101449158963	0.937170270269464	1.21701355240963
1.31121156301488	0.666195787905589	0.943950251185126	1.22271874849354
1.31773181035069	0.677308974037261	0.95185689068262	1.22395042719993
1.3242520576865	0.68048679697694	0.957850544664097	1.23370911269212
1.33077230502232	0.689615924559909	0.965028354020909	1.24021943309819
1.33729255235813	0.687612642131383	0.969133913593337	1.25188450869048
1.34381279969395	0.698630845961586	0.9767340856596	1.25395917900714
1.35033304702976	0.700316471543049	0.981409179458003	1.26143027989674
1.35685329436557	0.712456713857743	0.987630258280099	1.26438809705651
1.36337354170139	0.717008675747977	0.991845809811611	1.27062771822485
1.3698937890372	0.71948364315816	0.997824070237666	1.27968625559114
1.37641403637302	0.729034990626405	1.00637278742909	1.28357656398914
1.38293428370883	0.728761070715468	1.01218537626848	1.28781624299286
1.38945453104464	0.738042552685633	1.01964077897847	1.29187557049417
1.39597477838046	0.747148978637218	1.02520942828617	1.29793215508049
1.40249502571627	0.754744521251186	1.03147942123106	1.30910103977462
1.40901527305209	0.762011319401767	1.03706540828733	1.31355079503015
1.4155355203879	0.766085052494071	1.0456126371538	1.32225528375196
1.42205576772371	0.771109176158634	1.05015658427877	1.32578075511948
1.42857601505953	0.779589784816808	1.05638681149478	1.32750390406664
1.43509626239534	0.780307299570042	1.06175224365933	1.33502387947674
1.44161650973116	0.789958415595128	1.06382022366941	1.34516884611981
1.44813675706697	0.793157581713361	1.07153014475882	1.34970968190596
1.45465700440278	0.801221130504034	1.07884364713638	1.35528366633681
1.4611772517386	0.810322305832218	1.08650600247652	1.35884305078489
1.46769749907441	0.817078973476737	1.09004367472489	1.36628820033261
1.47421774641023	0.816782620503054	1.0976453426821	1.37294014899342
1.48073799374604	0.827391442670278	1.10140061079365	1.38176940279441
1.48725824108186	0.833731752939545	1.11325302688991	1.39014241068479
1.49377848841767	0.838239871583835	1.11556876489467	1.39425942166282
1.50029873575348	0.843076796842872	1.12151550625873	1.40338413686584
1.5068189830893	0.848974721948495	1.1288944711039	1.40057979789441
1.51333923042511	0.860138102139365	1.13280329088307	1.41384381093741
1.51985947776093	0.863551219208676	1.13953687062543	1.41519481419717
1.52637972509674	0.863356836123943	1.14515190779058	1.42566761750559
1.53289997243255	0.881276852419026	1.15249209855247	1.42998642903597
1.53942021976837	0.878016728398771	1.15713004769204	1.432075118811
1.54594046710418	0.887991160628146	1.16646233217544	1.44462543682043
1.55246071444	0.891393135957055	1.17108062596418	1.44662116967523
1.55898096177581	0.894758238726273	1.17850581742394	1.45207793347092
1.56550120911162	0.907395385216255	1.18374863604603	1.46103290198172
1.57202145644744	0.916280397528033	1.18749315942439	1.46861774391717
1.57854170378325	0.919043609959721	1.19666220332502	1.47422908668623
1.58506195111907	0.926381378177055	1.20152395841622	1.47477012523455
1.59158219845488	0.92680587105222	1.20752951714473	1.48814244863278
1.59810244579069	0.936325885076593	1.2126343707458	1.48981954954303
1.60462269312651	0.944701989436879	1.22122967708351	1.49476373543489
1.61114294046232	0.949118365846171	1.22510430905981	1.50152912758356
1.61766318779814	0.956898935229582	1.23332915041052	1.50882380475232
1.62418343513395	0.960237464478603	1.23845941559001	1.51254144977903
1.63070368246976	0.968102934565192	1.24541919375639	1.5221734446718
1.63722392980558	0.969775884613095	1.24929798906998	1.52459517608097
1.64374417714139	0.976302371027881	1.25584894973512	1.53401467705281
1.65026442447721	0.984788603658737	1.26234271337843	1.53658488781429
1.65678467181302	0.988295119300794	1.26685907615147	1.54224404639693
1.66330491914883	0.998857505075165	1.27355053212673	1.54994626793328
1.66982516648465	1.00398030004974	1.28005261071016	1.55893623994662
1.67634541382046	1.007087683583	1.28614566839284	1.55913929592713
1.68286566115628	1.01301349869116	1.29368929317307	1.5713817416973
1.68938590849209	1.02169516592006	1.29881598506204	1.57583787806345
1.6959061558279	1.03015618796696	1.30630446431817	1.58818676005141
1.70242640316372	1.03488379997999	1.31111214085143	1.58803750714142
1.70894665049953	1.04271031369252	1.31836904918827	1.59467329162417
1.71546689783535	1.04882877136423	1.32472663031572	1.59783923230218
1.72198714517116	1.05487965683648	1.33087869949019	1.60433573159536
1.72850739250697	1.05831668595549	1.33765945943079	1.61383784020803
1.73502763984279	1.05949941565187	1.34123031620207	1.62044625015055
1.7415478871786	1.06628424159911	1.34851311675958	1.62485114604723
1.74806813451442	1.07217454095052	1.35383345192371	1.6308716059828
1.75458838185023	1.07784432664071	1.35848368499772	1.63528376052655
1.76110862918605	1.09169398008301	1.36688403588726	1.64457302393916
1.76762887652186	1.09608247933327	1.37368308937138	1.65162824783438
1.77414912385767	1.10092877733982	1.3768573908248	1.6552122198203
1.78066937119349	1.10537803243862	1.38448102487825	1.66343600915005
1.7871896185293	1.11096050767662	1.38986775108843	1.66814095441374
1.79370986586512	1.12213783858243	1.39627159728316	1.67469454394327
1.80023011320093	1.13184741400736	1.40063026698703	1.67845558756654
1.80675036053674	1.13029276287154	1.40835679203076	1.68307563597547
1.81327060787256	1.13582970286653	1.41377174054464	1.69266699483444
1.81979085520837	1.1440828952995	1.42150310355754	1.69530702144735
1.82631110254419	1.14662526470629	1.42758478188929	1.70722868053586
1.83283134988	1.15230306244341	1.43260336707903	1.71334229416995
1.83935159721581	1.16358643955387	1.43968930474107	1.71361303936601
1.84587184455163	1.16853392494669	1.44667699900131	1.72627956938243
1.85239209188744	1.17050545623038	1.45221054930641	1.72752546125384
1.85891233922326	1.17714066463833	1.45851279823772	1.73411820538339
1.86543258655907	1.1864689934779	1.46315943075245	1.74047850817609
1.87195283389488	1.19111503767248	1.46924917849071	1.74685634684717
1.8784730812307	1.19556864462299	1.47507751898663	1.75454462878219
1.88499332856651	1.2071869642959	1.48095592362358	1.75955809452766
1.89151357590233	1.21107373875943	1.48545841365438	1.76672223856527
1.89803382323814	1.21629309620208	1.49583692793888	1.77426919154024
1.90455407057395	1.22006271504418	1.49947071223753	1.77751821383844
1.91107431790977	1.23021442509747	1.50708594066742	1.78235683610485
1.91759456524558	1.23779299515402	1.51264804614428	1.78971422419351
1.9241148125814	1.24482332554539	1.51879899031058	1.79128181228818
1.93063505991721	1.24938787106062	1.52511642776773	1.8019936438934
1.93715530725302	1.2532569754432	1.53153272033508	1.80785308033005
1.94367555458884	1.26218264096027	1.53582852264892	1.8135040889377
1.95019580192465	1.26389703590651	1.54420381077116	1.82611467851526
1.95671604926047	1.27235895477077	1.54804343935973	1.8289008323477
1.96323629659628	1.27911966223193	1.55626769185229	1.82964496996466
1.96975654393209	1.28102943091733	1.56007827257467	1.8384387001861
1.97627679126791	1.28879999205826	1.5674574126656	1.84298826443596
1.98279703860372	1.29665574649469	1.57278378006172	1.85122079813592
1.98931728593954	1.29885947346052	1.58053549568487	1.85792630747489
1.99583753327535	1.30811467506837	1.58495287282788	1.86653910710775
2.00235778061116	1.31853397150007	1.59231683459873	1.86692943773548
2.00887802794698	1.31918888696284	1.59827972226046	1.87656691252792
2.01539827528279	1.32650553705731	1.60534643257383	1.88724173332594
2.02191852261861	1.33185757390545	1.61084996518665	1.89044385029476
2.02843876995442	1.33996518367746	1.6157998752708	1.89124567915415
2.03495901729024	1.3467703499848	1.62144188094682	1.89401860493326
2.04147926462605	1.35004975611456	1.62998142442786	1.90644434105295
2.04799951196186	1.35642744189166	1.63554982974482	1.90850050642388
2.05451975929768	1.36240206330041	1.6390567449413	1.9155714720263
2.06104000663349	1.3658774544465	1.64729916706433	1.92635906054422
2.06756025396931	1.37688794017749	1.65146999655955	1.92547956245044
2.07408050130512	1.37910299254671	1.65698541673315	1.93843879670237
2.08060074864093	1.37995673367349	1.6642148263508	1.94790438537994
2.08712099597675	1.3947137145158	1.67091420724745	1.94456141621437
2.09364124331256	1.39803496057107	1.67723532583443	1.95756727876349
2.10016149064838	1.40749769866755	1.68439534969343	1.96462181323288
2.10668173798419	1.41383110074358	1.69045403035958	1.96314888175379
2.11320198532	1.42114382062526	1.69692133548859	1.9787287425086
2.11972223265582	1.42144695851676	1.70005635865544	1.98175602010907
2.12624247999163	1.42312326538683	1.70712122171698	1.98905618681172
2.13276272732745	1.4320592375664	1.71354431956165	1.99137910004961
2.13928297466326	1.44273604285684	1.72080517277019	1.9968478558486
2.14580322199907	1.44787027395164	1.72722476438528	2.00606596965261
2.15232346933489	1.45437107419652	1.73027712314576	2.0085490592483
2.1588437166707	1.45975651322952	1.73859172853143	2.01482949379484
2.16536396400652	1.4668988325204	1.74416345966806	2.0248018798919
2.17188421134233	1.46972637963189	1.74925688133926	2.02538860598193
2.17840445867814	1.47664455571311	1.75581971560632	2.03337576755056
2.18492470601396	1.48515103368263	1.76282885445358	2.04200871196563
2.19144495334977	1.48897982669675	1.76847891724989	2.04922571647295
2.19796520068559	1.4958994267164	1.77208571063469	2.05626587038677
2.2044854480214	1.50409414060507	1.78183560084772	2.05671514530436
2.21100569535721	1.50145415729001	1.7881369128982	2.06584553228498
2.21752594269303	1.51659665847065	1.7938248464315	2.07000522484217
2.22404619002884	1.52047783664998	1.80146702317257	2.07957302396597
2.23056643736466	1.52604935805987	1.80488163924914	2.08420989145278
2.23708668470047	1.53325426803545	1.81341856849676	2.0904708387687
2.24360693203628	1.54315036803511	1.81711896327	2.09816457742986
2.2501271793721	1.55130150217147	1.82321250852993	2.1030037201834
2.25664742670791	1.55326478879429	1.83016224651917	2.10935011642003
2.26316767404373	1.55717487340367	1.83451225163358	2.10960449974261
2.26968792137954	1.56369663382739	1.84405593098904	2.12216907739831
2.27620816871535	1.56602849629239	1.84777590426731	2.12615723374806
2.28272841605117	1.57585698539445	1.85391272053618	2.13377694517632
2.28924866338698	1.58085142840018	1.86110176469185	2.13818004686472
2.2957689107228	1.59018014514093	1.86633433368894	2.14709736423478
2.30228915805861	1.5944187306399	1.87154049898393	2.1494922881841
2.30880940539443	1.60321218891271	1.88033549052469	2.16346728464075
2.31532965273024	1.60769595331317	1.88437407993322	2.16425872438185
2.32184990006605	1.61426987294395	1.89086622107091	2.16730089504498
2.32837014740187	1.62095538029235	1.89778621273186	2.17285311756277
2.33489039473768	1.62574541488691	1.89975612782667	2.18177939700548
2.3414106420735	1.63200469580401	1.90854396988929	2.19100469039516
2.34793088940931	1.63750940710202	1.91594278780361	2.19026545747006
2.35445113674512	1.64026692579051	1.91874987094331	2.20141586472646
2.36097138408094	1.64808862162968	1.92798629340836	2.20330189294916
2.36749163141675	1.65761357034172	1.93394510802553	2.21473148711137
2.37401187875257	1.65525031776443	1.93833104856684	2.2217629461296
2.38053212608838	1.66876273080016	1.94578523072756	2.22330288911764
2.38705237342419	1.67575192405653	1.95279502766962	2.23644309839845
2.39357262076001	1.67779979227548	1.95877983953588	2.2375226533387
2.40009286809582	1.68869291406365	1.96306982392613	2.24291337742815
2.40661311543164	1.69215111213544	1.97045696335401	2.25265561115688
2.41313336276745	1.69794566445091	1.97529028397822	2.25328180329423
2.41965361010326	1.70840270173879	1.98270530154157	2.26108029947578
2.42617385743908	1.70644185084991	1.99054209931083	2.26407763463932
2.43269410477489	1.71359898254747	1.99411094360474	2.26746868405877
2.43921435211071	1.72012301714024	2.0002367084485	2.28003948616054
2.44573459944652	1.72426644126173	2.00727579319053	2.28567510889154
2.45225484678233	1.72915700802523	2.00930874965847	2.28406322087987
2.45877509411815	1.74210984581044	2.01759009770043	2.30163839866221
2.46529534145396	1.74566495027604	2.02329055645911	2.30156226397631
2.47181558878978	1.75820015859425	2.02905048173148	2.31206163355172
2.47833583612559	1.75665538851137	2.03658872573434	2.31648943522892
2.4848560834614	1.77243250301362	2.04189238915833	2.32192070599404
2.49137633079722	1.76795753142388	2.04921743214614	2.32807178622431
2.49789657813303	1.77694259626544	2.05309698004278	2.34031435079215
2.50441682546885	1.78129767236026	2.06173217038909	2.34193746574234
2.51093707280466	1.78584577693117	2.06641452165681	2.34862389653401
2.51745732014047	1.797082791164	2.07401957657316	2.35705042037005
2.52397756747629	1.80259654087429	2.08087716839965	2.36062311925289
2.5304978148121	1.80940438639901	2.08645912393683	2.36846398324358
2.53701806214792	1.81274198949479	2.09180665048457	2.37115385113949
2.54353830948373	1.81219461155499	2.09729304131596	2.37972161048752
2.55005855681954	1.82231574533728	2.10528661670837	2.38397216592238
2.55657880415536	1.83193951707618	2.10967863145756	2.38968877580278
2.56309905149117	1.83665527543075	2.11538839874548	2.39547911966559
2.56961929882699	1.84269182131227	2.12232466318771	2.4008806404235
2.5761395461628	1.84941363849848	2.12889662014774	2.40615396226771
2.58265979349862	1.85359284569798	2.13586094333845	2.41047930298221
2.58918004083443	1.86045480997324	2.13981867146969	2.42057516803828
2.59570028817024	1.87065881982672	2.14890899225183	2.42340265314454
2.60222053550606	1.87299826805427	2.15325058520313	2.43117342704161
2.60874078284187	1.88117915115064	2.15818928951165	2.43873706218611
2.61526103017769	1.88762724494819	2.16514867118527	2.44830012975061
2.6217812775135	1.89044860892889	2.1691910033399	2.45393117152305
2.62830152484931	1.89941202835228	2.17655920912262	2.45689375098637
2.63482177218513	1.90112959918866	2.1828759980587	2.46651021779783
2.64134201952094	1.9151979865486	2.18930310438584	2.46907523899952
2.64786226685676	1.91690632871638	2.19582994306817	2.47670037686934
2.65438251419257	1.92488418618026	2.20054867207711	2.48451106074744
2.66090276152838	1.92443223767647	2.20654880902918	2.49026229969829
2.6674230088642	1.93227013184597	2.21515869960743	2.4922490573989
2.67394325620001	1.94489817661769	2.2204420444927	2.49944961379007
2.68046350353583	1.94524512401367	2.22541132520747	2.50655931227355
2.68698375087164	1.95252461404616	2.23280690468579	2.50684299025774
2.69350399820745	1.95648038940397	2.23851180846412	2.51942848337877
2.70002424554327	1.963334289944	2.24541243763616	2.52634016898974
2.70654449287908	1.97113603145014	2.25272986386589	2.52952650923437
2.7130647402149	1.97417703410079	2.25386944443418	2.53771172742675
2.71958498755071	1.98242773228753	2.26115977147661	2.53642280013686
2.72610523488652	1.98965182624232	2.27125032206183	2.55284348788863
2.73262548222234	1.99593077859216	2.27720835589567	2.55659555811631
2.73914572955815	1.99500327037414	2.28008206199246	2.55974146578382
2.74566597689397	2.00421520781097	2.28704750427072	2.56380142222519
2.75218622422978	2.01591281255539	2.29377444184163	2.57354204873886
2.75870647156559	2.01915077203235	2.30138030347517	2.58279766548846
2.76522671890141	2.02612591084556	2.30397738691837	2.58627415205045
2.77174696623722	2.02767925973597	2.31154552773709	2.59263187783754
2.77826721357304	2.02784449008946	2.31765303200223	2.594178313292
2.78478746090885	2.04160883259468	2.32183086909775	2.60443842028406
2.79130770824466	2.05004672806102	2.32987355323273	2.60979192186816
2.79782795558048	2.05238032822422	2.33498460841438	2.62152641166482
2.80434820291629	2.06290288705197	2.34321245559657	2.62422384401138
2.81086845025211	2.0692704618562	2.34743731032359	2.62828439536574
2.81738869758792	2.07415780574325	2.35281878490215	2.63992958433982
2.82390894492373	2.07985888818825	2.36235025454178	2.64314608228979
2.83042919225955	2.08967039802632	2.36643943581651	2.64514327403873
2.83694943959536	2.09148241943736	2.37434902761363	2.65199981883229
2.84346968693118	2.09912290732685	2.37846354585792	2.66054482575164
2.84998993426699	2.10318341755687	2.38555451524744	2.66548292859245
2.85651018160281	2.10567807820377	2.39149580828253	2.67065772203303
2.86303042893862	2.11836700744704	2.3975043343732	2.67906775102611
2.86955067627443	2.1190285797021	2.40110971985754	2.68412030575308
2.87607092361025	2.13021551079629	2.40905050635634	2.69022220161226
2.88259117094606	2.13201163046546	2.41643771295535	2.69928299486847
2.88911141828188	2.13986104974076	2.42323704946267	2.70432317933952
2.89563166561769	2.14865186641863	2.42746817486819	2.70908971779138
2.9021519129535	2.15306384278094	2.43225646496306	2.71437777037857
2.90867216028932	2.16161050356293	2.43920545324995	2.72331270215568
2.91519240762513	2.17072084126456	2.44679360159837	2.72769187790913
2.92171265496095	2.17080806523354	2.45179825193919	2.73131235780727
2.92823290229676	2.17970869929813	2.45938315860568	2.74031976993811
2.93475314963257	2.18225011275375	2.46300259628291	2.7503492944082
2.94127339696839	2.18944379122681	2.47187987123031	2.75365709600943
2.9477936443042	2.19534005973105	2.47586260109507	2.75551432562188
2.95431389164002	2.20223561604599	2.4810698133296	2.76715164875289
2.96083413897583	2.2099091552728	2.48882241041464	2.77029237502409
2.96735438631164	2.21465481117428	2.49392962716122	2.77277359702386
2.97387463364746	2.21758665311204	2.49873938374303	2.78168445437097
2.98039488098327	2.22684666791522	2.50716541963008	2.79157235433139
2.98691512831909	2.23153877973091	2.51381694841439	2.79744009860975
2.9934353756549	2.24175318434569	2.52112517277228	2.79793355758997
2.99995562299071	2.23800619968795	2.52314545262112	2.80371167977729
3.00647587032653	2.252818868011	2.53109003841479	2.80797482930955
3.01299611766234	2.26037113393346	2.53687693136826	2.81665409346775
3.01951636499816	2.26240032921352	2.54499053645605	2.82513441843419
3.02603661233397	2.26779798883194	2.54933899527445	2.82674524726907
3.03255685966978	2.27520796995713	2.55654677700682	2.83740891054829
3.0390771070056	2.27800870367132	2.56047430609061	2.84539783725271
3.04559735434141	2.28223688094569	2.56700798808162	2.84470357060909
3.05211760167723	2.29485701058872	2.57381348961076	2.85151607139001
3.05863784901304	2.29580465963922	2.57825633682521	2.85852239310212
3.06515809634885	2.30115664976007	2.58543677119009	2.86648895331384
3.07167834368467	2.3103391679117	2.59153925160963	2.87320465967739
3.07819859102048	2.31150211282365	2.59930434119759	2.87646984913018
3.0847188383563	2.3204822536666	2.60400627366542	2.88381374981655
3.09123908569211	2.32739677860731	2.60951537323481	2.88889631517507
3.09775933302792	2.3408068877933	2.61763037622122	2.897423267948
3.10427958036374	2.33925704744599	2.62151184125023	2.91013530709947
3.11079982769955	2.34496106378918	2.62820497764446	2.90909758082594
3.11732007503537	2.35149466732167	2.63783740219987	2.92097625954214
3.12384032237118	2.36257766551497	2.64195203326513	2.9224768804031
3.130360569707	2.36300954014724	2.64723463879943	2.92570680841129
3.13688081704281	2.3738536972257	2.6534675130383	2.93871503614022
3.14340106437862	2.376561866516	2.65963680359693	2.93745946342281
3.14992131171444	2.38163613492585	2.66553085209349	2.94301788115812
3.15644155905025	2.38909844121877	2.67183777364737	2.95344641366449
3.16296180638607	2.39687167143946	2.67890371043547	2.96320581740773
3.16948205372188	2.4004031955646	2.68394437641688	2.96643438364852
3.17600230105769	2.41086188685961	2.69108556200265	2.9714727636457
3.18252254839351	2.41045937115881	2.69378600577946	2.97714729902663
3.18904279572932	2.42466108313915	2.70030538676122	2.98701977401771
3.19556304306514	2.42222709437701	2.70882066301497	2.9918408735638
3.20208329040095	2.43492993224003	2.71529610802084	2.99720827683215
3.20860353773676	2.43197570682116	2.7205569091766	3.00601876400914
3.21512378507258	2.44671410956774	2.72853773873174	3.00946756425141
3.22164403240839	2.45123340494057	2.7330734194989	3.01440376546943
3.22816427974421	2.45528647895601	2.73839226329002	3.02111622076594
3.23468452708002	2.46202958183283	2.74319052942188	3.02764376981457
3.24120477441583	2.46684288427749	2.748701657422	3.0382112338965
3.24772502175165	2.47380311225107	2.75599805231229	3.03700439020748
3.25424526908746	2.4860529772002	2.76156029159063	3.04458744158156
3.26076551642328	2.4845703491723	2.76869521667293	3.05482525934329
3.26728576375909	2.49122591751851	2.77416760158957	3.05573815591753
3.2738060110949	2.5001336835061	2.78285740480583	3.06564174797353
3.28032625843072	2.50894105431512	2.79002888051545	3.07233948386368
3.28684650576653	2.50680613822513	2.79439593360566	3.07281442250348
3.29336675310235	2.51930324961823	2.79993450024739	3.07988046975516
3.29988700043816	2.51805631506301	2.80647318257665	3.08611801702835
3.30640724777397	2.53211336276728	2.81142348726863	3.09619685928313
3.31292749510979	2.53462703876944	2.81702310111064	3.10159213623783
3.3194477424456	2.53884741950438	2.82422271919469	3.10698127591771
3.32596798978142	2.54964211029535	2.83012526371931	3.1160705674957
3.33248823711723	2.5575279148934	2.83745035935178	3.12446341939909
3.33900848445304	2.55973980511498	2.84302379833786	3.12876065256779
3.34552873178886	2.56212321643476	2.84865158508979	3.1286875911238
3.35204897912467	2.56945498653855	2.85309688394008	3.14022589216391
3.35856922646049	2.58281641086078	2.85814982005254	3.14073718410987
3.3650894737963	2.58598826583452	2.86750691328304	3.14921220778404
3.37160972113211	2.58730428544648	2.86954454774429	3.15348548390586
3.37812996846793	2.59362443337028	2.87691330833797	3.15827823200119
3.38465021580374	2.60295407650168	2.88625508917612	3.1647377681209
3.39117046313956	2.60369071938734	2.89393704825834	3.17291168784249
3.39769071047537	2.61277949011008	2.89609199081864	3.17907891719352
3.40421095781119	2.62059040835999	2.90267365060866	3.18347287019649
3.410731205147	2.62494135990337	2.90902829333477	3.18879042435608
3.41725145248281	2.63220486611881	2.91520513952138	3.20109103016863
3.42377169981863	2.63988622153575	2.91934679079498	3.20581366802769
3.43029194715444	2.64765453670007	2.92890248354029	3.20788545044142
3.43681219449026	2.65170170915849	2.93602024968846	3.21946031554416
3.44333244182607	2.65613499780761	2.93843613010787	3.22054749434874
3.44985268916188	2.6581732872048	2.94554736360172	3.22787713218528
3.4563729364977	2.66661870658407	2.951066056163	3.23399997186543
3.46289318383351	2.67522321829746	2.95726680072454	3.24667040233827
3.46941343116933	2.6806993899251	2.96413938938826	3.24729262280026
3.47593367850514	2.68460797229941	2.96993675657165	3.25395051981846
3.48245392584095	2.6902097887854	2.9761257398633	3.25753670771735
3.48897417317677	2.70506706371937	2.98322208491916	3.26460917052378
3.49549442051258	2.69989768293423	2.99067135317643	3.27410434001134
3.5020146678484	2.70886023413208	2.99415058580229	3.27623399843181
3.50853491518421	2.71604503407135	2.99963845283578	3.28412681582723
3.51505516252002	2.72238199723224	3.00603306648024	3.28844953578801
3.52157540985584	2.72559732889348	3.01136773514761	3.29882532211279
3.52809565719165	2.7355796887094	3.01889165635731	3.30680265449416
3.53461590452747	2.74297147675517	3.02473430790696	3.31290763616493
3.54113615186328	2.74952453668649	3.03192061872282	3.31294187306321
3.54765639919909	2.75152547020727	3.03754409554551	3.31647878846196
3.55417664653491	2.75909889528277	3.04353231266869	3.3271653446741
3.56069689387072	2.76516646053935	3.04962268718912	3.33569706885232
3.56721714120654	2.76882926725308	3.05455984111458	3.33984583569382
3.57373738854235	2.77620030440678	3.06082646164802	3.34276861402564
3.58025763587816	2.78056463406836	3.06766720650359	3.35370257630386
3.58677788321398	2.78636800444001	3.07217074517492	3.35623543404906
3.59329813054979	2.79935000561154	3.08011773719237	3.3660379524978
3.59981837788561	2.8006122598045	3.08595009971788	3.3740204947685
3.60633862522142	2.81109237609788	3.09172630076255	3.36825136518231
3.61285887255723	2.81437427557412	3.09866582165515	3.38478236637735
3.61937911989305	2.82194396162992	3.10484557958283	3.39536654761929
3.62589936722886	2.82854785939487	3.10977802443514	3.39687825998957
3.63241961456468	2.82964426421208	3.11668678187321	3.40089464736983
3.63893986190049	2.83603341427563	3.1215095483992	3.40974078384115
3.6454601092363	2.84184020963123	3.12921057748831	3.41189955834416
3.65198035657212	2.84781274125271	3.13519064084618	3.41849508510453
3.65850060390793	2.85493616667312	3.14004975319389	3.42094282855284
3.66502085124375	2.86522256272682	3.14724614024617	3.43523715705313
3.67154109857956	2.86861953964088	3.15421394132997	3.43807437227501
3.67806134591537	2.87337567935943	3.15902908453109	3.44011164998643
3.68458159325119	2.88027460711138	3.16413416098156	3.44895687132408
3.691101840587	2.88560373408974	3.17008181563211	3.45627546401472
3.69762208792282	2.89142788142827	3.17888484513573	3.46066662979278
3.70414233525863	2.89633982984096	3.18408888900407	3.4721178302094
3.71066258259445	2.90599813133564	3.18784186933363	3.47298385237567
3.71718282993026	2.90793182904571	3.19667993148976	3.48442405138169
3.72370307726607	2.92009622816437	3.20366869000411	3.48412870145823
3.73022332460189	2.91980401510727	3.20835699422647	3.49343577843173
3.7367435719377	2.92584167478404	3.21413317700039	3.50021892116347
3.74326381927352	2.93900006800913	3.22105339643511	3.50098541999113
3.74978406660933	2.94018577555575	3.2267449591367	3.512341034349
3.75630431394514	2.94585654786019	3.23156000269123	3.51492406326464
3.76282456128096	2.94931004224091	3.23642495669773	3.52243779349559
3.76934480861677	2.95881070966453	3.24230300253622	3.53271810155848
3.77586505595259	2.96292172796723	3.25188743724605	3.53667418850569
3.7823853032884	2.97381270571728	3.25799030884971	3.54672149040283
3.78890555062421	2.97758046131529	3.2636818908623	3.54918548375827
3.79542579796003	2.98544320871189	3.26788838390121	3.55231950884747
3.80194604529584	2.99167405896154	3.2752159314525	3.55415169131728
3.80846629263166	2.99615647047219	3.2815811718042	3.56902413852614
3.81498653996747	2.99944037551818	3.28658695310965	3.57372079073892
3.82150678730328	3.00713902998188	3.29286013379239	3.58250474613128
3.8280270346391	3.00894557858347	3.29784187338279	3.58967180695741
3.83454728197491	3.01649863710968	3.30640610679509	3.58975956256295
3.84106752931073	3.02799696603092	3.31119665452199	3.59841361496648
3.84758777664654	3.03117601666449	3.31687715023573	3.60602587426865
3.85410802398235	3.03692645418789	3.32290569385487	3.61211933659604
3.86062827131817	3.04637319804455	3.33121281638269	3.61667184643283
3.86714851865398	3.05139941827962	3.33727768101094	3.62318846890866
3.8736687659898	3.05907583298879	3.34462712579093	3.63125727802885
3.88018901332561	3.06514943633063	3.34789633753382	3.63572209692832
3.88670926066142	3.06551854861087	3.35382472976146	3.63553129695108
3.89322950799724	3.07334842435739	3.36032381621453	3.64540421832391
3.89974975533305	3.08036711298786	3.36569987169853	3.65186357144621
3.90627000266887	3.08104747878424	3.37369922429546	3.66340720789613
3.91279025000468	3.09138425952612	3.38058536028165	3.66596732323892
3.91931049734049	3.09147994632023	3.38414930217362	3.67437079011847
3.92583074467631	3.10350471311715	3.38991727284093	3.68262282121124
3.93235099201212	3.11183746497067	3.40033757342991	3.68341950122229
3.93887123934794	3.11584303884706	3.40228398769315	3.69552678060781
3.94539148668375	3.12238794954226	3.40847299726302	3.69369647466374
3.95191173401956	3.13188178663884	3.41573271859456	3.70261090678201
3.95843198135538	3.1334716385364	3.41868457163309	3.709622666814
3.96495222869119	3.14332363779094	3.42766596754287	3.7171011295331
3.97147247602701	3.1465958409952	3.43561250258155	3.71944403201437
3.97799272336282	3.15129208766722	3.43932555254699	3.72953119693908
3.98451297069864	3.15822167560382	3.44647150485227	3.73314540494656
3.99103321803445	3.16605731649775	3.45036770363372	3.73962090172773
3.99755346537026	3.16440076934717	3.4570023389075	3.74731699555671
4.00407371270608	3.17635904418624	3.46477213694317	3.74985394247199
4.01059396004189	3.18241090334205	3.46892984271378	3.75496066619554
4.01711420737771	3.19199885062629	3.47732232539215	3.75991259978972
4.02363445471352	3.19429176739017	3.48380209767712	3.76652333265811
4.03015470204933	3.20039685602619	3.48914365010926	3.77909546028867
4.03667494938515	3.20915136185283	3.49491398519384	3.78223173257727
4.04319519672096	3.21309330731523	3.50144022648069	3.79085638997552
4.04971544405678	3.22029961883056	3.51005404837035	3.79831708959849
4.05623569139259	3.22517004528335	3.51102564976534	3.80099357523739
4.0627559387284	3.23211421556396	3.51800266989059	3.80665425045886
4.06927618606422	3.23965735998981	3.52347975342899	3.81242355223219
4.07579643340003	3.2439974300563	3.52944553442591	3.81643888929749
4.08231668073585	3.24424813977685	3.53756154679863	3.82360913796023
4.08883692807166	3.25656448319776	3.5463061973651	3.83207914089627
4.09535717540747	3.26600028428939	3.55009045706254	3.8384585047231
4.10187742274329	3.26424273051275	3.55475443407968	3.84252929521374
4.1083976700791	3.27132409460729	3.56059190891752	3.84718369899047
4.11491791741492	3.27998573992224	3.56590461816383	3.85466159142462
4.12143816475073	3.28345739277793	3.57333293631504	3.86569038294114
4.12795841208654	3.28716658573212	3.5807226327519	3.86560096628825
4.13447865942236	3.29611996560888	3.58786485763122	3.87492580588988
4.14099890675817	3.30432459854635	3.59188006072169	3.88136603999358
4.14751915409399	3.30534377399191	3.60044489101573	3.8860286608268
4.1540394014298	3.31680119664722	3.60524591335383	3.89149476752129
4.16055964876561	3.32718137211014	3.60770986362589	3.8963464569469
4.16707989610143	3.33105028818669	3.61583478178102	3.90661121676375
4.17360014343724	3.33211788540024	3.62211305850259	3.90815047641489
4.18012039077306	3.33959534578642	3.6292846252061	3.91442757798302
4.18664063810887	3.34409916383921	3.63465890977034	3.92693848637982
4.19316088544469	3.3493238194113	3.6418921961489	3.92621175291932
4.1996811327805	3.36181560466632	3.6463940761506	3.93273453146532
4.20620138011631	3.36307535139333	3.65586317914498	3.94170256736531
4.21272162745213	3.36890058806054	3.66001799507869	3.95131239249105
4.21924187478794	3.37575021960989	3.66583072099918	3.95441616257482
4.22576212212375	3.38126917755373	3.67070031706877	3.95795365672677
4.23228236945957	3.38858904842548	3.67967376479784	3.97153595647917
4.23880261679538	3.39343629866383	3.68342763854897	3.9772346599002
4.2453228641312	3.40082493389589	3.68940805734168	3.97196587417256
4.25184311146701	3.4079807290183	3.69516788025086	3.98335674939999
4.25836335880282	3.4119721181729	3.70057322280962	3.99278112843442
4.26488360613864	3.41336722607171	3.70942445811484	4.00037112018337
4.27140385347445	3.42580023391458	3.714920969678	4.00287546019188
4.27792410081027	3.43228912339667	3.72005946897411	4.01117812159852
4.28444434814608	3.43972494646878	3.72687753439335	4.01289442830815
4.2909645954819	3.44087033162968	3.73146317125014	4.02116713725638
4.29748484281771	3.4520267670561	3.74047202295004	4.03480104232739
4.30400509015352	3.45518873105908	3.74491569296849	4.03736702366446
4.31052533748934	3.46027704447524	3.7521782599051	4.03841905739116
4.31704558482515	3.47045600643877	3.75734640441003	4.04431511468763
4.32356583216097	3.47426992440216	3.76363735185608	4.05136654342994
4.33008607949678	3.48126062853184	3.76958869604104	4.0558118131776
4.33660632683259	3.48505522283564	3.77357337747081	4.06527613867273
4.34312657416841	3.49197658541525	3.7788059909151	4.0726123562878
4.34964682150422	3.49838306742214	3.78700690503117	4.08078628722687
4.35616706884004	3.5030799626376	3.79454120657594	4.08741553447231
4.36268731617585	3.50511996991896	3.79900762523922	4.08834115626467
4.36920756351166	3.51752040776974	3.80567283462149	4.09755468013622
4.37572781084748	3.52410552993798	3.81423921046688	4.09848396796259
4.38224805818329	3.52994629146659	3.81761329725727	4.10901438678987
4.38876830551911	3.53327740333471	3.82516109231098	4.12109811267398
4.39528855285492	3.54008826503955	3.83048936330113	4.12122636160115
4.40180880019073	3.5464031494481	3.83474074865119	4.12811601256305
4.40832904752655	3.55640236609125	3.84444376777083	4.13057892928929
4.41484929486236	3.5581567798586	3.84707916050957	4.1410810773356
4.42136954219818	3.56336658792954	3.8560846804644	4.14286013143773
4.42788978953399	3.57087373612292	3.86026607004235	4.15216782488856
4.4344100368698	3.57689904307315	3.86670847277913	4.15834148500816
4.44093028420562	3.58043626216011	3.87370062386997	4.15878691409726
4.44745053154143	3.58797327143885	3.87986390177614	4.172581512202
4.45397077887725	3.59310822465064	3.88304310564926	4.17552674805952
4.46049102621306	3.59583444289558	3.8909277020728	4.18101849597202
4.46701127354888	3.60958119870263	3.89697933662956	4.19109596715961
4.47353152088469	3.61121749740232	3.90307711444464	4.19308220834456
4.4800517682205	3.61650187645913	3.90762570350927	4.19954885712802
4.48657201555632	3.62344106929586	3.91537101233425	4.20634421134717
4.49309226289213	3.62632399976943	3.91932340246143	4.2080260030012
4.49961251022794	3.63911073425828	3.92989931218291	4.22032972535377
4.50613275756376	3.64084710022797	3.93420613509267	4.22585780302163
4.51265300489957	3.6482803989611	3.94097848314749	4.23349463451869
4.51917325223539	3.6521774175383	3.94800617713727	4.23439656296983
4.5256934995712	3.65496197539684	3.95231529732115	4.24826350203422
4.53221374690701	3.66597977758811	3.95851317860806	4.25291014086125
4.53873399424283	3.67298696315436	3.96553118576861	4.25925065249753
4.54525424157864	3.68216319090398	3.9699741494998	4.26436613723502
4.55177448891446	3.68533231577811	3.97563470423234	4.27177488309323
4.55829473625027	3.68880739754478	3.98384098661308	4.2735680382764
4.56481498358609	3.70134541778432	3.98952910879178	4.28017194653151
4.5713352309219	3.702819051224	3.99431054472252	4.28589802503821
4.57785547825771	3.70769261043202	3.99912153636341	4.29229052811944
4.58437572559353	3.71203168740465	4.00784499066737	4.30110181180701
4.59089597292934	3.72512455229012	4.0134111460004	4.30273043633115
4.59741622026516	3.72607167783505	4.0170792199634	4.31110089776092
4.60393646760097	3.72940996594659	4.02618951793369	4.31684293099616
4.61045671493678	3.73708979403979	4.02974634424862	4.330818009149
