"mitochan"	"lwrNorm"	"medNorm"	"uprNorm"
-1.90327037354145	-3.83138206735685	-2.72221596650754	-1.5877889031084
-1.89617175054776	-3.81298806642912	-2.71350416056265	-1.58816393978245
-1.88907312755408	-3.81406155409006	-2.70121184575986	-1.57910920481059
-1.88197450456039	-3.78164519084634	-2.69415397530646	-1.56437065756541
-1.8748758815667	-3.77570106471789	-2.6824802785613	-1.57135058377614
-1.86777725857302	-3.7652882056985	-2.67687337665654	-1.55969169692027
-1.86067863557933	-3.75035079663516	-2.66597617817699	-1.55889922313278
-1.85358001258564	-3.74600394843709	-2.65530069955014	-1.55226101744277
-1.84648138959196	-3.72720597937076	-2.64807399476914	-1.54017867727785
-1.83938276659827	-3.72481640293041	-2.63823076314221	-1.51552422005532
-1.83228414360459	-3.70872823935835	-2.6253198414914	-1.52087855159952
-1.8251855206109	-3.70664450848193	-2.61641489750357	-1.51667087701642
-1.81808689761721	-3.67904305333245	-2.60864711574134	-1.51636219954558
-1.81098827462353	-3.66888971847219	-2.60025841121622	-1.50222893385148
-1.80388965162984	-3.66969648071885	-2.59084435446981	-1.50406116308181
-1.79679102863615	-3.64600632643137	-2.58310356755388	-1.49008350708827
-1.78969240564247	-3.64039325128341	-2.56941517152179	-1.48721823138889
-1.78259378264878	-3.6114250590652	-2.55959554866332	-1.46990215292443
-1.77549515965509	-3.60879996477355	-2.54686308535655	-1.47258586393749
-1.76839653666141	-3.60020744179459	-2.53937282633055	-1.46601121245832
-1.76129791366772	-3.58982820220158	-2.53195332090203	-1.45425141069757
-1.75419929067404	-3.56904132009763	-2.51902900946501	-1.44521915124304
-1.74710066768035	-3.55792431550577	-2.51373282595899	-1.44291657244057
-1.74000204468666	-3.55275573463498	-2.50018788185804	-1.43648135829571
-1.73290342169298	-3.53458868308314	-2.49143159250117	-1.43218350529248
-1.72580479869929	-3.52415577073449	-2.48866037704696	-1.42714578165624
-1.7187061757056	-3.50447476733556	-2.47313957388585	-1.42298198038941
-1.71160755271192	-3.48935803194458	-2.46540793734542	-1.41560555269965
-1.70450892971823	-3.48589607418792	-2.45591642957364	-1.39917799493758
-1.69741030672454	-3.47042809021047	-2.44623284423066	-1.40111694130408
-1.69031168373086	-3.45700728322625	-2.4356342070688	-1.40017488746078
-1.68321306073717	-3.44490789738126	-2.42704306272274	-1.37795349967797
-1.67611443774349	-3.44287178176423	-2.41713492396051	-1.37055041668251
-1.6690158147498	-3.42746042497919	-2.4058115625039	-1.36697551413287
-1.66191719175611	-3.40818084715854	-2.39970343924751	-1.36421971260074
-1.65481856876243	-3.40070349052677	-2.38791340487362	-1.35931738822193
-1.64771994576874	-3.38251892731422	-2.37895551762876	-1.35884542436304
-1.64062132277505	-3.38036386150335	-2.37083060367372	-1.34141204151142
-1.63352269978137	-3.35969788980679	-2.36056444769804	-1.33675038525223
-1.62642407678768	-3.35828822313924	-2.34957552737862	-1.32871824439539
-1.61932545379399	-3.34061241051529	-2.33993692891674	-1.32688141693032
-1.61222683080031	-3.32019569077662	-2.33599682895671	-1.32160611690782
-1.60512820780662	-3.31598853579866	-2.32500000555896	-1.31860904439795
-1.59802958481294	-3.30723112602349	-2.30919788855754	-1.30079792802913
-1.59093096181925	-3.28989644189613	-2.3045754224005	-1.29514276397198
-1.58383233882556	-3.27480533421441	-2.29307814409466	-1.2996844193232
-1.57673371583188	-3.27052405017962	-2.2802976119507	-1.28114406536215
-1.56963509283819	-3.24813726741729	-2.27493513427618	-1.26933987174652
-1.5625364698445	-3.22921209145944	-2.26366066089882	-1.27555222494546
-1.55543784685082	-3.2295067502265	-2.25462177447753	-1.26468151170845
-1.54833922385713	-3.20799121245263	-2.24679952005908	-1.25619132455276
-1.54124060086344	-3.20621518610204	-2.23134298362254	-1.24924499883345
-1.53414197786976	-3.18615277580019	-2.2252479215461	-1.24590018302259
-1.52704335487607	-3.1800908216778	-2.21680053088952	-1.2414434479768
-1.51994473188239	-3.16128486082207	-2.20522664210836	-1.22436636614711
-1.5128461088887	-3.16125274557197	-2.19737300898567	-1.21996371391696
-1.50574748589501	-3.14105250243214	-2.18595245177633	-1.21398995268313
-1.49864886290133	-3.13270462108731	-2.17803018611839	-1.19710074519932
-1.49155023990764	-3.11874983048738	-2.17121551990209	-1.1942470192112
-1.48445161691395	-3.104372967697	-2.16130433533228	-1.1993770951889
-1.47735299392027	-3.09649706616377	-2.14837516292946	-1.18587175319022
-1.47025437092658	-3.07494855264769	-2.14251482376128	-1.19303969207177
-1.46315574793289	-3.06373060242009	-2.13195188966042	-1.182594257507
-1.45605712493921	-3.0570422750861	-2.12210882171658	-1.17339309710397
-1.44895850194552	-3.04720534965201	-2.11375415565476	-1.15941761165089
-1.44185987895184	-3.03780206297559	-2.09903481838093	-1.15091161124512
-1.43476125595815	-3.02929396003341	-2.09442758678984	-1.14897858509576
-1.42766263296446	-3.01240793821017	-2.08477611465678	-1.14127463466534
-1.42056400997078	-2.99323333964597	-2.06827648271656	-1.1416446312871
-1.41346538697709	-2.980168611865	-2.06547261248011	-1.12917833178123
-1.4063667639834	-2.97499982504235	-2.05034483243637	-1.12040535092642
-1.39926814098972	-2.96483487614219	-2.04772866518741	-1.10829916877168
-1.39216951799603	-2.93711621903971	-2.03312156953969	-1.10959159582283
-1.38507089500234	-2.93657616859506	-2.02396525493001	-1.09876964215532
-1.37797227200866	-2.92622987525387	-2.01706021097948	-1.08918330318717
-1.37087364901497	-2.91893389736659	-2.00927814477334	-1.08978606534448
-1.36377502602129	-2.89002806723195	-1.99655808006272	-1.08447799797746
-1.3566764030276	-2.88661148510102	-1.9894289800305	-1.08223212547705
-1.34957778003391	-2.8741922028772	-1.97985316963094	-1.06520776295355
-1.34247915704023	-2.8653610783706	-1.96615418343032	-1.06237728097437
-1.33538053404654	-2.84699350685797	-1.95683981958619	-1.0473517895639
-1.32828191105285	-2.83547724508381	-1.9492882632407	-1.0432394374992
-1.32118328805917	-2.82512692584964	-1.94093283285185	-1.03770051514652
-1.31408466506548	-2.81311982441709	-1.93124769792133	-1.03352970796758
-1.30698604207179	-2.80009780647395	-1.92163484160184	-1.01297929457331
-1.29988741907811	-2.78792476641245	-1.90980963621616	-1.01854397225911
-1.29278879608442	-2.77077625397133	-1.90234450571526	-1.01063402357295
-1.28569017309074	-2.76280455948673	-1.88916387263008	-1.00289186520873
-1.27859155009705	-2.75700235921487	-1.88717249921846	-1.00961161102572
-1.27149292710336	-2.74754046371226	-1.87427208299093	-0.982703651403062
-1.26439430410968	-2.72471171174838	-1.86027123392322	-0.983855320755218
-1.25729568111599	-2.71491374836565	-1.85382591287777	-0.980492323673833
-1.2501970581223	-2.70857249829039	-1.84955891712935	-0.961070131717617
-1.24309843512862	-2.69732182054755	-1.83902281396157	-0.960754422769936
-1.23599981213493	-2.68801417868127	-1.82533050515596	-0.955830292707817
-1.22890118914124	-2.67448550246458	-1.8154964152981	-0.931712315722111
-1.22180256614756	-2.65478384558258	-1.80388432509402	-0.941691822795866
-1.21470394315387	-2.65439519870928	-1.79673297861033	-0.931488071939604
-1.20760532016019	-2.63521309147252	-1.78399605207941	-0.918986246418731
-1.2005066971665	-2.62377801582901	-1.77601156549542	-0.912566120914911
-1.19340807417281	-2.61929420819125	-1.76827025975389	-0.917543062497088
-1.18630945117913	-2.59899718613656	-1.7570939046565	-0.908827799663127
-1.17921082818544	-2.59195196818956	-1.74779046969751	-0.897752158630907
-1.17211220519175	-2.57454640229293	-1.73927458098956	-0.890277138991494
-1.16501358219807	-2.56439856800218	-1.73031787648766	-0.879345405391161
-1.15791495920438	-2.55692512611249	-1.72063408688571	-0.878788711465345
-1.15081633621069	-2.53705746320198	-1.70879856375996	-0.872009345515839
-1.14371771321701	-2.53140460720226	-1.69705035586568	-0.854293255658947
-1.13661909022332	-2.51242896812444	-1.69136025832544	-0.849942976001567
-1.12952046722964	-2.50064672493437	-1.68160613886182	-0.84630866314621
-1.12242184423595	-2.49000927596464	-1.66926553864007	-0.836836730676812
-1.11532322124226	-2.47657778926542	-1.66276860840614	-0.832151771602446
-1.10822459824858	-2.46983539272535	-1.65162201946911	-0.822403136890869
-1.10112597525489	-2.45251454088244	-1.64059911528744	-0.819340954088933
-1.0940273522612	-2.43484745361886	-1.63565670909678	-0.814427321370531
-1.08692872926752	-2.43667895701748	-1.62029390272522	-0.79869285835615
-1.07983010627383	-2.4274781086365	-1.61370023424583	-0.801460408206722
-1.07273148328014	-2.4019945510615	-1.60526747856607	-0.791478437335519
-1.06563286028646	-2.39559131464943	-1.59474995467908	-0.786200656883675
-1.05853423729277	-2.39120176460301	-1.58757785601604	-0.785453810646073
-1.05143561429909	-2.36873780750143	-1.57491114605047	-0.773356490389871
-1.0443369913054	-2.35215909940121	-1.56639494806353	-0.757475224174175
-1.03723836831171	-2.35027242937153	-1.55690112124599	-0.750335404806146
-1.03013974531803	-2.34435909126451	-1.5502169660489	-0.741042258360186
-1.02304112232434	-2.32964623779625	-1.53899204403754	-0.74213801572192
-1.01594249933065	-2.31540706702377	-1.5285654780927	-0.73895911565569
-1.00884387633697	-2.29739394938678	-1.51801190490243	-0.723979901437018
-1.00174525334328	-2.30211660590571	-1.51117010108084	-0.718904444271929
-0.994646630349594	-2.27933463193583	-1.50115008431933	-0.712640842231767
-0.987548007355908	-2.27033218478327	-1.49335983838522	-0.709694643760136
-0.980449384362222	-2.25748144235887	-1.48215622995979	-0.697196907651922
-0.973350761368535	-2.24053373581601	-1.47250066986954	-0.690282873923641
-0.966252138374849	-2.23683604302667	-1.46034424465067	-0.687029691643722
-0.959153515381162	-2.21888671140872	-1.45628353705149	-0.664763815383808
-0.952054892387476	-2.21724485152057	-1.44125991183488	-0.672164474072846
-0.94495626939379	-2.2017949545997	-1.43333026251018	-0.659698165704871
-0.937857646400103	-2.18940057523432	-1.42518585291954	-0.649165236912388
-0.930759023406417	-2.17414846576201	-1.4110248766993	-0.647936603727619
-0.923660400412731	-2.15666084922802	-1.40473615146688	-0.639000773828205
-0.916561777419044	-2.15098298328027	-1.39052467451136	-0.626711874840083
-0.909463154425358	-2.13752083441395	-1.38686793131761	-0.619222882500845
-0.902364531431672	-2.12805509239718	-1.37525727079096	-0.612076892846466
-0.895265908437985	-2.12196362466342	-1.36890599277203	-0.614376124120015
-0.888167285444299	-2.10755231305748	-1.35549756571683	-0.599887558708561
-0.881068662450612	-2.09579693456084	-1.34517911848243	-0.58676621360729
-0.873970039456926	-2.07731934984833	-1.3401928461284	-0.586867867879094
-0.86687141646324	-2.0723761962274	-1.32563485183183	-0.577797701823089
-0.859772793469553	-2.05717539207562	-1.32084643628025	-0.574355726233756
-0.852674170475867	-2.04913338159911	-1.31028858173116	-0.564463805106226
-0.845575547482181	-2.03986209105023	-1.3005491814457	-0.560364872270366
-0.838476924488494	-2.02567434221371	-1.28733536580441	-0.544154501464831
-0.831378301494808	-2.01053501998346	-1.28052625709394	-0.545252278249658
-0.824279678501121	-2.00636459948678	-1.27484191440986	-0.538472634268864
-0.817181055507435	-1.99771778291135	-1.26288635829112	-0.520971194059915
-0.810082432513749	-1.97827407288767	-1.25238043059381	-0.517055731330954
-0.802983809520062	-1.96979542545611	-1.24089223853148	-0.512814883028456
-0.795885186526376	-1.95521830817866	-1.233635611589	-0.504233062404492
-0.78878656353269	-1.94932016104293	-1.22253938464112	-0.494329340826531
-0.781687940539003	-1.93415377253564	-1.21101792362984	-0.484723741231164
-0.774589317545317	-1.92177605148597	-1.20490714356704	-0.476219689801662
-0.76749069455163	-1.91086107042633	-1.19783347860929	-0.475055599552849
-0.760392071557944	-1.90340539140753	-1.18524173957413	-0.463518412615399
-0.753293448564258	-1.88853087341824	-1.17434852140523	-0.453183239495284
-0.746194825570571	-1.8831994317449	-1.16614191658616	-0.444251971077743
-0.739096202576885	-1.86980774733414	-1.15692092271486	-0.441796177692899
-0.731997579583199	-1.85757428784199	-1.14437181378504	-0.432297425988158
-0.724898956589512	-1.84543534196185	-1.13984360137576	-0.428219756748039
-0.717800333595826	-1.83622073087804	-1.12626361068684	-0.423100164747435
-0.71070171060214	-1.8127942384034	-1.11568834700266	-0.418364705542847
-0.703603087608453	-1.81404092110505	-1.10959376995935	-0.402792200637594
-0.696504464614767	-1.7989284618483	-1.09791690781395	-0.384748838976319
-0.68940584162108	-1.78636413034039	-1.08784571399811	-0.381339191939316
-0.682307218627394	-1.7703606236073	-1.07961711457738	-0.383313011994515
-0.675208595633708	-1.75766948119409	-1.06868970939945	-0.370977780889578
-0.668109972640021	-1.74550893947377	-1.06018599485964	-0.364001467261777
-0.661011349646335	-1.7406889288812	-1.04962594764604	-0.361032621502732
-0.653912726652649	-1.7311218109298	-1.04040931762779	-0.351433461556895
-0.646814103658962	-1.71799517496143	-1.03267765544747	-0.34349269287853
-0.639715480665276	-1.70538360533445	-1.02040088280009	-0.327607005393706
-0.63261685767159	-1.6979538423981	-1.01217084973197	-0.324236254383111
-0.625518234677903	-1.69225555228059	-1.0007418228886	-0.319335193381207
-0.618419611684217	-1.66866442984052	-0.993008312247588	-0.307693904030108
-0.61132098869053	-1.65948632920895	-0.982709982298687	-0.302674912005642
-0.604222365696844	-1.65176211970611	-0.97377619719478	-0.287797660313542
-0.597123742703158	-1.63990182477682	-0.964346759896823	-0.285754945341227
-0.590025119709471	-1.62929312419154	-0.95211891199687	-0.281037799643026
-0.582926496715785	-1.61032341965499	-0.94733851961687	-0.268837061236565
-0.575827873722099	-1.60290819193898	-0.936273913641217	-0.261445941030416
-0.568729250728412	-1.60302982552762	-0.927060009217758	-0.247495086029231
-0.561630627734726	-1.5773986511753	-0.91134366551252	-0.246158246613322
-0.55453200474104	-1.5727973424874	-0.90855604742192	-0.232586739577275
-0.547433381747353	-1.56023094953984	-0.895055002502255	-0.228831449249848
-0.540334758753667	-1.55144394220286	-0.885656068672823	-0.221695025720978
-0.53323613575998	-1.53347376542163	-0.879813060324282	-0.214500090781891
-0.526137512766294	-1.54497332987659	-0.86701156757628	-0.204772740365977
-0.519038889772608	-1.52386212551282	-0.857289908970513	-0.195627504321966
-0.511940266778921	-1.5077837213192	-0.851162262352369	-0.190700140691021
-0.504841643785235	-1.49077130945924	-0.840683356351074	-0.186983007418125
-0.497743020791549	-1.49356056479223	-0.832680527903046	-0.171399916449102
-0.490644397797862	-1.47510903079444	-0.821023139637586	-0.17810132595548
-0.483545774804176	-1.4753408283752	-0.809549818373461	-0.154818409410214
-0.47644715181049	-1.45192374889779	-0.798733402233269	-0.145809809695962
-0.469348528816803	-1.44277330114984	-0.79033117417107	-0.148436731952759
-0.462249905823117	-1.43091800215213	-0.783264319789914	-0.139398981714206
-0.45515128282943	-1.42184598032842	-0.771546387448969	-0.123603064643627
-0.448052659835744	-1.41281030312252	-0.761580623676653	-0.112651181227561
-0.440954036842058	-1.40671735395659	-0.755638097046117	-0.102533210381252
-0.433855413848371	-1.37737956157758	-0.742936699495737	-0.0966162015944998
-0.426756790854685	-1.37746233766036	-0.736188411182847	-0.085314828496295
-0.419658167860999	-1.3702353233603	-0.722015494385627	-0.0709371442956183
-0.412559544867312	-1.35673226376596	-0.713900152000316	-0.0692974699939241
-0.405460921873626	-1.34528268314062	-0.703963419685003	-0.0678657176485568
-0.39836229887994	-1.3385965217648	-0.695226344939295	-0.0578849196269933
-0.391263675886253	-1.32137492502258	-0.686781616863459	-0.0478911192875481
-0.384165052892567	-1.32097134362604	-0.676364741720462	-0.0356636422962406
-0.37706642989888	-1.31322594529293	-0.66561961459631	-0.0349785023901789
-0.369967806905194	-1.29533505024735	-0.658788964228154	-0.017403941081477
-0.362869183911508	-1.28410254921318	-0.646913850063239	-0.0193410709183926
-0.355770560917821	-1.27173407496898	-0.640231115504383	-0.001783439734765
-0.348671937924135	-1.26653905964694	-0.629723524209198	0.00710360793795241
-0.341573314930449	-1.25547308550277	-0.617232572440535	0.0123244448731159
-0.334474691936762	-1.24515679226523	-0.609054922023229	0.0327508407165614
-0.327376068943076	-1.23453830891394	-0.601151019769673	0.0361044751925603
-0.32027744594939	-1.22359689404682	-0.592912926087729	0.0404176372455728
-0.313178822955703	-1.20520215766799	-0.580357963980575	0.0382575065421012
-0.306080199962017	-1.20543098473969	-0.571004930610055	0.0658752425649983
-0.29898157696833	-1.18460219202028	-0.564827725099166	0.0671764495573099
-0.291882953974644	-1.17960116129241	-0.554537615572939	0.0746287000880881
-0.284784330980958	-1.17096109567899	-0.538926265719706	0.0792254409236093
-0.277685707987271	-1.16330453818694	-0.531551660369335	0.0938432687148721
-0.270587084993585	-1.15211843135518	-0.523941794573562	0.106457715349061
-0.263488461999899	-1.13191132034408	-0.518859041394981	0.106975098399462
-0.256389839006212	-1.12223087627502	-0.504376861537193	0.115865561056211
-0.249291216012526	-1.12123059234719	-0.49150729917688	0.126870675284062
-0.24219259301884	-1.11195225318754	-0.485777969666522	0.138479328259835
-0.235093970025153	-1.09767991930366	-0.475413716310971	0.141461814824521
-0.227995347031467	-1.08484391936144	-0.464475855214757	0.153587255008382
-0.22089672403778	-1.07984171642221	-0.455364969552868	0.157109678709814
-0.213798101044094	-1.07657114175087	-0.448843715798331	0.172111129439911
-0.206699478050408	-1.05858028921995	-0.436753395601902	0.174760279101174
-0.199600855056721	-1.05262473767356	-0.42701849731756	0.183583874061029
-0.192502232063035	-1.04074691131251	-0.415893891118444	0.200806502369735
-0.185403609069349	-1.02615637230875	-0.408947488621553	0.206841541267418
-0.178304986075662	-1.02209809363115	-0.39532243904926	0.212142621098599
-0.171206363081976	-1.01451118853651	-0.388151648182501	0.229111962123285
-0.16410774008829	-0.99216434922362	-0.378893105325718	0.236473395817743
-0.157009117094603	-0.981358031221278	-0.37061739386301	0.240735359194452
-0.149910494100917	-0.976197200283225	-0.359076993856176	0.249166447257246
-0.14281187110723	-0.9733196337854	-0.349920539370414	0.271299664290628
-0.135713248113544	-0.959020523929225	-0.340536693222651	0.270397628025709
-0.128614625119858	-0.956368498738031	-0.332016306894894	0.283588906772944
-0.121516002126171	-0.94114929120494	-0.324346318380178	0.292470088839125
-0.114417379132485	-0.922325556423678	-0.314822532586801	0.301668890234976
-0.107318756138799	-0.913827129079544	-0.30268034064661	0.306427078143602
-0.100220133145112	-0.909332007332063	-0.296104318021565	0.322309530649829
-0.093121510151426	-0.901752778879176	-0.282457974874542	0.328860737977523
-0.0860228871577395	-0.892619869116738	-0.27338558098002	0.331095323675682
-0.0789242641640531	-0.875293631123293	-0.266626554634798	0.350519760638645
-0.0718256411703668	-0.871916062067007	-0.255242348096607	0.358083686250914
-0.0647270181766804	-0.863930871468649	-0.246440754540498	0.36408106975766
-0.0576283951829941	-0.852106981568131	-0.236228365784744	0.363367614355328
-0.0505297721893077	-0.847082840399402	-0.22863960944018	0.378693351988076
-0.0434311491956214	-0.832494212650936	-0.218659140564369	0.392775129063954
-0.0363325262019349	-0.824193303369213	-0.210136125905345	0.401085598600772
-0.0292339032082487	-0.807481199993325	-0.196806342335583	0.413360398373295
-0.0221352802145622	-0.804084916678061	-0.188842952813741	0.423085090657797
-0.015036657220876	-0.799103249666806	-0.179339284881809	0.432007755246076
-0.00793803422718953	-0.789219212660133	-0.169141037031152	0.437793825302856
-0.000839411233503062	-0.77478830204867	-0.157812428862904	0.445751493081734
0.00625921176018318	-0.766430015410551	-0.151566079643419	0.451737829225224
0.0133578347538696	-0.749401042901946	-0.140472153763272	0.465697588534851
0.0204564577475559	-0.743401910833704	-0.132665730944143	0.483555037606922
0.0275550807412424	-0.734176563566221	-0.120955151819867	0.487971166152161
0.0346537037349286	-0.729560947677679	-0.110858740382366	0.497827248340868
0.0417523267286151	-0.715624746835735	-0.0998048001426477	0.498555583850319
0.0488509497223013	-0.706063416831643	-0.0941455820376058	0.521509820694594
0.0559495727159878	-0.696752186487537	-0.0851970292900915	0.527954231816784
0.063048195709674	-0.687800154246321	-0.0731955719786507	0.533934349323724
0.0701468187033605	-0.68054082700937	-0.0673952977062303	0.534242317424583
0.0772454416970469	-0.670302441223275	-0.0522243860312525	0.559839094086604
0.0843440646907332	-0.657898140267957	-0.04523188312049	0.566393327350313
0.0914426876844197	-0.650376646032453	-0.0401634325679261	0.576185441734798
0.0985413106781059	-0.644510954071762	-0.0254326700758178	0.587906235206581
0.105639933671792	-0.628851638855565	-0.0159023262457978	0.592426923915523
0.112738556665479	-0.61914806837927	-0.00426788608238711	0.611349362358605
0.119837179659165	-0.619111187028111	0.000395477117980846	0.62333540508286
0.126935802652851	-0.600591417276758	0.0109963672347739	0.619321822403413
0.134034425646538	-0.595602859087841	0.0226842778911976	0.636132349957652
0.141133048640224	-0.586634517897184	0.03010691778498	0.647544471290613
0.148231671633911	-0.568984852408438	0.0376739349289398	0.654054320442493
0.155330294627597	-0.568830023916139	0.050355019495352	0.660582915959127
0.162428917621283	-0.564325657320258	0.0636957392604179	0.675963801264458
0.16952754061497	-0.549342208174477	0.0660370370131919	0.685805536707386
0.176626163608656	-0.535321667333217	0.0781955656008927	0.690294773173678
0.183724786602342	-0.541524586294892	0.0873779816769478	0.711018482399794
0.190823409596029	-0.536657408784722	0.0973488274305375	0.708216732578874
0.197922032589715	-0.507569554369801	0.107390580822409	0.71729595955958
0.205020655583402	-0.502899071748345	0.117617105809338	0.732029453717998
0.212119278577088	-0.501176881330543	0.127303605440743	0.740586457905379
0.219217901570774	-0.48885996812278	0.136011508613484	0.758330102611933
0.22631652456446	-0.481380218132161	0.145985628151234	0.761172013435104
0.233415147558147	-0.477493087236577	0.154831623340483	0.772287665411684
0.240513770551833	-0.471159443679718	0.166500958167786	0.782275887424331
0.247612393545519	-0.448981794357753	0.177010601440801	0.793799713326711
0.254711016539206	-0.442246686802315	0.181705507864477	0.807816376533303
0.261809639532892	-0.43563903597232	0.192287947679826	0.812011794087555
0.268908262526579	-0.4281034089686	0.201783997644308	0.824506418249099
0.276006885520265	-0.419046904749307	0.209249878390211	0.836613013543489
0.283105508513951	-0.402878249866033	0.222486044757029	0.844517232914403
0.290204131507638	-0.398676123181151	0.231659789961438	0.851157664565587
0.297302754501324	-0.397956402212849	0.24300200188094	0.875760086471708
0.304401377495011	-0.391948509596372	0.252332966373123	0.869495242556786
0.311500000488697	-0.376184386317038	0.259151134536442	0.887051419856528
0.318598623482383	-0.368512673813684	0.270623222629745	0.895589869944727
0.32569724647607	-0.353190510999427	0.281124920506677	0.904652686191163
0.332795869469756	-0.353150569971589	0.288759359505804	0.913642246087651
0.339894492463442	-0.341170208673733	0.298608072453894	0.931443880597131
0.346993115457129	-0.336864632988392	0.30998304039525	0.931483161398382
0.354091738450815	-0.320916871288293	0.317121830299669	0.949503021319587
0.361190361444502	-0.325106448908804	0.326399558218633	0.97275774884452
0.368288984438188	-0.306050565461328	0.337945073592319	0.972768221016092
0.375387607431874	-0.291165253672616	0.3466451956663	0.977000493452375
0.382486230425561	-0.292563622690814	0.355595389416757	0.994644759960893
0.389584853419247	-0.283625328951675	0.365228560415487	1.00690689278798
0.396683476412933	-0.273516273458344	0.372876575962262	1.01195939321912
0.403782099406619	-0.265734577216108	0.384573377029923	1.03187297314151
0.410880722400306	-0.262528756675181	0.39347594825854	1.03467799108456
0.417979345393992	-0.248245396252682	0.400055051048506	1.04117184355741
0.425077968387679	-0.239155823811256	0.410765869865299	1.0600023727391
0.432176591381365	-0.230118042035646	0.424743295630222	1.07001836740347
0.439275214375051	-0.214239245222249	0.430852786842324	1.07379962049776
0.446373837368738	-0.21085117995361	0.439557949492275	1.0850904588127
0.453472460362424	-0.213533190712561	0.45289060837405	1.10242832795033
0.460571083356111	-0.192395352269077	0.459509549286023	1.10736290641794
0.467669706349797	-0.185175946149978	0.468823445783194	1.11812483075825
0.474768329343483	-0.184978126369975	0.478583889612322	1.12733007398285
0.48186695233717	-0.17609701702918	0.488499838528368	1.14083200623846
0.488965575330856	-0.162534454709828	0.497590532749247	1.15557763636414
0.496064198324542	-0.154013787139148	0.509287499728533	1.16635671124388
0.503162821318229	-0.145162503357866	0.516514248126626	1.17751204171026
0.510261444311915	-0.144856888983299	0.527445572114387	1.1918557372919
0.517360067305602	-0.138593827146798	0.535431256309575	1.19485134153776
0.524458690299288	-0.132339444058904	0.546471487100376	1.21047031788095
0.531557313292974	-0.112198984702013	0.555257587240814	1.22264522307481
0.538655936286661	-0.114077837934378	0.563203520057489	1.23535698976712
0.545754559280347	-0.0951933485279858	0.57646747609284	1.24443172905963
0.552853182274033	-0.0955935497000046	0.583455935546134	1.24758536607686
0.559951805267719	-0.0783654262961069	0.59297334478267	1.2590901127785
0.567050428261406	-0.0724644748528157	0.600929418630209	1.27123278325695
0.574149051255092	-0.0644075742202637	0.611470076403969	1.28400302361939
0.581247674248779	-0.0656287174289239	0.62317447594528	1.29861256284492
0.588346297242465	-0.0507773223476594	0.634017483427565	1.30277115481975
0.595444920236151	-0.0473066039185308	0.64169412108832	1.31685033608637
0.602543543229838	-0.0336118610357432	0.653571111582394	1.32987870837411
0.609642166223524	-0.0302809743212828	0.662448332234073	1.3375256321744
0.616740789217211	-0.0314019982982643	0.671859338222886	1.34384242413824
0.623839412210897	-0.0156491969084755	0.68149956612721	1.36427421335918
0.630938035204583	-0.00595718883286811	0.687165983098488	1.38265604823482
0.63803665819827	0.00753744211217807	0.697065519851785	1.37875144688326
0.645135281191956	0.00891476025974608	0.707956085638723	1.39480623699334
0.652233904185642	0.0185558818854609	0.720128203845209	1.40432461558549
0.659332527179329	0.0286799472187711	0.729527949280703	1.41658800800163
0.666431150173015	0.0404679021707174	0.736043075601333	1.42839512613734
0.673529773166702	0.046214124715023	0.747229510031834	1.43463597207048
0.680628396160388	0.0468046912005194	0.75366780210398	1.45049809000193
0.687727019154074	0.0646794382707113	0.765866222726079	1.46422235772212
0.694825642147761	0.0641309289695266	0.774892126089248	1.46395752815528
0.701924265141447	0.0756629265604607	0.782303395678294	1.48508595599413
0.709022888135133	0.0813622938276859	0.793054478338358	1.49667208319551
0.716121511128819	0.0820184510455631	0.804490470968523	1.51077286887166
0.723220134122506	0.101490536936466	0.814027964768103	1.52484297575722
0.730318757116192	0.0969894242950985	0.82662630094451	1.52357219131644
0.737417380109879	0.114536211624237	0.831098699946345	1.54569232456746
0.744516003103565	0.120095864582488	0.841439156953524	1.54699095165746
0.751614626097251	0.112252454681022	0.85156174156867	1.56681510986172
0.758713249090938	0.140857045345898	0.863744514613272	1.57276623158204
0.765811872084624	0.1393131719011	0.868992304928071	1.59028874105114
0.772910495078311	0.148556926584877	0.881202192184252	1.60523121465816
0.780009118071997	0.160892514984787	0.889165745664822	1.61078380983244
0.787107741065683	0.16730124417447	0.900773344966651	1.62725935295441
0.79420636405937	0.186330677572481	0.907784697165476	1.63828297699299
0.801304987053056	0.189195194894959	0.918710844737862	1.64684675663669
0.808403610046742	0.193552660463762	0.925877835070969	1.65865028596961
0.815502233040429	0.197402364151338	0.937050864030123	1.66967073727581
0.822600856034115	0.205077040262478	0.948007283530393	1.67498151177762
0.829699479027802	0.203634821451375	0.958401462012293	1.70153605387326
0.836798102021488	0.222873468105443	0.965760999304941	1.70650924003835
0.843896725015174	0.228067470449665	0.976871104114849	1.71417329432145
0.850995348008861	0.230108276181827	0.983613557396175	1.72349510212793
0.858093971002547	0.246757821351757	0.997249983564423	1.74307599735789
0.865192593996233	0.250178101305121	1.0053840867665	1.74656200549594
0.87229121698992	0.260609802806786	1.01545510292184	1.75473102346373
0.879389839983606	0.263141097400274	1.02437113491333	1.77020407138219
0.886488462977292	0.275802573650742	1.02943300914389	1.78261699195285
0.893587085970979	0.27112313455859	1.03836894110348	1.79340062310499
0.900685708964665	0.286399187473229	1.05092179438932	1.80658969779166
0.907784331958351	0.289910587460882	1.05610292543391	1.82030539903592
0.914882954952038	0.301715256777298	1.06849705939818	1.83387648893497
0.921981577945724	0.306531785328364	1.07925685197047	1.84134060732648
0.929080200939411	0.321042028516318	1.08948025633546	1.84943987613367
0.936178823933097	0.322365182198369	1.10130122802058	1.85842623792941
0.943277446926783	0.337516949770956	1.10949687630315	1.8685557681157
0.95037606992047	0.338503374577671	1.11717182751079	1.89591384720516
0.957474692914156	0.351289328672103	1.12796481707877	1.91309951267798
0.964573315907842	0.360251043593156	1.13666699056536	1.90804738403799
0.971671938901529	0.363399017438091	1.14813429373111	1.9228066126032
0.978770561895215	0.37019546703907	1.15627669433743	1.93717899756043
0.985869184888902	0.377986117391041	1.16508619602344	1.94954169585514
0.992967807882588	0.377613985012299	1.17355121545026	1.94979734545148
1.00006643087627	0.391700395646506	1.18224963993844	1.97633458462298
1.00716505386996	0.395559991058034	1.19333027647157	1.97941836657336
1.01426367686365	0.399977146453278	1.20105578456757	1.99052693191192
1.02136229985733	0.41390711022268	1.21323714920515	2.01268150540214
1.02846092285102	0.417393125380806	1.22313603271489	2.01827737791257
1.03555954584471	0.433248785526912	1.23179042801886	2.0309890236946
1.04265816883839	0.439867872551541	1.24374220430171	2.04155398062074
1.04975679183208	0.444853621109749	1.25021550260286	2.05111022170476
1.05685541482577	0.443644664258392	1.25916614103132	2.06343847343945
1.06395403781945	0.451082858625297	1.27111992462775	2.08264524900104
1.07105266081314	0.46363345792279	1.27942719135039	2.09318235287609
1.07815128380682	0.472651166542176	1.28836477584122	2.09870778523746
1.08524990680051	0.481290849944071	1.29774949085335	2.11382395007295
1.0923485297942	0.487448119425924	1.3062326443128	2.12741785342737
1.09944715278788	0.493994175010629	1.32114977807176	2.14604346642897
1.10654577578157	0.501282657008798	1.32518355481193	2.14106301804951
1.11364439877526	0.50107173521	1.33428933800789	2.14655021136162
1.12074302176894	0.512580986226786	1.34745060588004	2.18148280010628
1.12784164476263	0.5216031829432	1.3533621099871	2.18432404125333
1.13494026775632	0.520935091249775	1.36439988226666	2.19586017744001
1.14203889075	0.529189899983643	1.37442723660687	2.21256735027194
1.14913751374369	0.535990203377554	1.38445377378016	2.22099440735158
1.15623613673737	0.541656232136634	1.39470595670646	2.22387145201136
1.16333475973106	0.549114349647086	1.40382968194378	2.24859432890678
1.17043338272475	0.55781970315529	1.41215937253217	2.25450235312113
1.17753200571843	0.566731398766072	1.42497576208603	2.26722853502521
1.18463062871212	0.573948011430878	1.4358742880652	2.27827775539907
1.19172925170581	0.585569830184591	1.43964694495899	2.29590925953779
1.19882787469949	0.588745090238665	1.45226275146913	2.30156448904349
1.20592649769318	0.605730311589515	1.46407084350426	2.30933600887213
1.21302512068687	0.610625508937954	1.47059054335727	2.32728404500351
1.22012374368055	0.620987840809955	1.48155118279069	2.34056617355053
1.22722236667424	0.619482582697489	1.48833785501243	2.34376688628214
1.23432098966792	0.629503188864309	1.49957107846821	2.37036963556485
1.24141961266161	0.632454782231607	1.51326571524138	2.38171586717012
1.2485182356553	0.649573044810997	1.52039536562881	2.39495992150544
1.25561685864898	0.653896797806556	1.52825307869255	2.40295953202556
1.26271548164267	0.647077450059697	1.54180019915676	2.41175536800233
1.26981410463636	0.664018678149676	1.54723707668266	2.42857254754952
1.27691272763004	0.666079715268804	1.55884362387453	2.44212736789234
1.28401135062373	0.676411597157023	1.57043929150742	2.44415964907854
1.29110997361742	0.689291917868572	1.57558759465335	2.45736584218487
1.2982085966111	0.677650562414165	1.58925020992537	2.47922916513649
1.30530721960479	0.688971990226984	1.59602816363638	2.47873513906441
1.31240584259847	0.703410538181584	1.60553041247552	2.49514314723051
1.31950446559216	0.704456271368957	1.61278282444063	2.51202122493537
1.32660308858585	0.721474274946196	1.62458163810978	2.52325939262927
1.33370171157953	0.71148699652898	1.63478092796394	2.5394186968861
1.34080033457322	0.722814191661729	1.64241983696004	2.54145971970502
1.34789895756691	0.735997881626597	1.64888667944126	2.56192260229395
1.35499758056059	0.74662081897623	1.66177247824826	2.56378265233125
1.36209620355428	0.751797853683623	1.67395742227553	2.58734858381512
1.36919482654797	0.769227330741354	1.68156529743627	2.59550633831581
1.37629344954165	0.763953421717863	1.68784856505171	2.60866138280681
1.38339207253534	0.772311982289396	1.70146073463029	2.61515804935039
1.39049069552902	0.788364589626252	1.71030236596293	2.63024562760604
1.39758931852271	0.79490888930957	1.71774250820708	2.64078810735833
1.4046879415164	0.798524243915456	1.72674983228043	2.65316649274232
1.41178656451008	0.804898895396658	1.73620814765565	2.66838334705708
1.41888518750377	0.809852306993875	1.749968102481	2.68640344060833
1.42598381049746	0.802996529721422	1.75743008324123	2.68974310288073
1.43308243349114	0.825887312391642	1.7661823691212	2.70633233231122
1.44018105648483	0.821652984931198	1.7750876428532	2.71803812849864
1.44727967947852	0.826969114641178	1.78450660608031	2.73066148698316
1.4543783024722	0.844978470864848	1.7963450589305	2.73620786035881
1.46147692546589	0.860080716531986	1.80831034766774	2.75752360356739
1.46857554845957	0.853772178504275	1.81617383056328	2.76554479435832
1.47567417145326	0.858860271725992	1.82138380593841	2.76884696355037
1.48277279444695	0.875160352439213	1.83737257300228	2.79953115197613
1.48987141744063	0.873736709002607	1.84512599515571	2.79824680588516
1.49697004043432	0.898856636714292	1.85127155563449	2.81504300230658
1.50406866342801	0.890966483105442	1.86356001089966	2.83157473978318
1.51116728642169	0.891944066740434	1.87598552877674	2.83891577469248
1.51826590941538	0.905929329662999	1.8807382698544	2.84591398474993
1.52536453240907	0.902370896441931	1.88976294886843	2.86636934610873
1.53246315540275	0.9141730283202	1.90131809527788	2.87941100741638
1.53956177839644	0.920343742138607	1.90798875261777	2.8838801460921
1.54666040139012	0.927527734656639	1.92142233675147	2.89287388940965
1.55375902438381	0.931726669333849	1.9299576589274	2.91360356962962
1.5608576473775	0.948536965754601	1.93864265127774	2.92753451751416
1.56795627037118	0.95888019515511	1.94789630256786	2.93512844274745
1.57505489336487	0.960007295234378	1.95553349859881	2.95522044814827
1.58215351635856	0.963253674638532	1.96481237462357	2.96012960912657
1.58925213935224	0.973591891847305	1.98032916740596	2.96619655649288
1.59635076234593	0.975937040218112	1.98630170855058	2.98556121213039
1.60344938533962	0.992823546060947	1.99680951358656	2.99032151903774
1.6105480083333	0.994173130838592	2.00421791560863	3.00430989579872
1.61764663132699	1.00073002795249	2.01593437865272	3.01415278937642
1.62474525432067	1.00185363440382	2.02387973455885	3.02595608727165
1.63184387731436	1.02550899419179	2.03220354402	3.05648144723105
1.63894250030805	1.01235983281966	2.04575201653855	3.06060870687754
1.64604112330173	1.03128750539412	2.0549605121633	3.07315324391968
1.65313974629542	1.03166611809852	2.06153431434771	3.09159946018968
1.66023836928911	1.03415935189199	2.07169301128044	3.09454618176409
1.66733699228279	1.05414774113202	2.07946113394866	3.11058695897186
1.67443561527648	1.04218884966983	2.09164149737985	3.12920797734979
1.68153423827017	1.06268832576578	2.09948896123379	3.13704317430264
1.68863286126385	1.06037512144163	2.1118675173092	3.13962475069751
1.69573148425754	1.06195631521816	2.12070855508464	3.15699691806123
1.70283010725122	1.08038405905359	2.13081828855844	3.17149954457012
1.70992873024491	1.08204853522065	2.1415877887245	3.17628227632411
1.7170273532386	1.09319000757218	2.14902020966624	3.20730316328229
1.72412597623228	1.09795978949832	2.15867265441195	3.20885909012295
1.73122459922597	1.10778667639082	2.17090650802363	3.21946697924071
1.73832322221966	1.12075103352893	2.17900463049981	3.24219325655737
1.74542184521334	1.12624639810476	2.18700134871515	3.24237450661243
1.75252046820703	1.12864378743957	2.19749252472394	3.2651789320235
1.75961909120072	1.13266298687559	2.20339912034883	3.27737997984104
1.7667177141944	1.14019326408161	2.2121759953475	3.27967424987948
1.77381633718809	1.14641161097097	2.22723100214909	3.29201313871145
1.78091496018177	1.14192045976648	2.23585482626395	3.30658884662504
1.78801358317546	1.1633869058868	2.24662854025253	3.31498128942806
1.79511220616915	1.16441748790816	2.24958963670728	3.33194584578581
1.80221082916283	1.16200699970473	2.26067587144683	3.34319384096932
1.80930945215652	1.19294277436135	2.27583637756123	3.35082946003554
1.81640807515021	1.19198024131161	2.28463787779849	3.36733428633454
1.82350669814389	1.19238130644191	2.29664782127681	3.38994081538084
1.83060532113758	1.19716251052365	2.29931597872196	3.40048896715094
1.83770394413127	1.21829629657694	2.31195299446929	3.40743249824687
1.84480256712495	1.21923175654724	2.31688593761721	3.42091751919815
1.85190119011864	1.22047625427975	2.33174286676042	3.43315668086708
1.85899981311232	1.22405814419314	2.34044251034992	3.44864244607705
1.86609843610601	1.23043583256592	2.34797075816475	3.45780103431253
1.8731970590997	1.23820315267626	2.35965433857196	3.47013609886328
1.88029568209338	1.23519457837614	2.37199485319052	3.49102463432939
1.88739430508707	1.25870301360232	2.37635790710615	3.48951284883263
1.89449292808076	1.25703715437846	2.38938052136631	3.51133309864691
1.90159155107444	1.24989691780754	2.39810746064551	3.5212370606397
1.90869017406813	1.27123668452523	2.40650163658464	3.52294893120879
1.91578879706182	1.27211422927545	2.41515933666601	3.54097502365798
1.9228874200555	1.29044366621953	2.42549938143424	3.5493953289639
1.92998604304919	1.28942141501673	2.43212856067072	3.56780459678999
1.93708466604287	1.30533539326939	2.44588724961258	3.57979390830988
1.94418328903656	1.30767265737736	2.45223614353569	3.57660175677638
1.95128191203025	1.30395389411466	2.45971698555295	3.6157244339804
1.95838053502393	1.32807384412807	2.47363150999671	3.62436413378047
1.96547915801762	1.31913163910495	2.47982013499692	3.64331786337567
1.97257778101131	1.33152753354244	2.49186117307054	3.6488450137759
1.97967640400499	1.33717906007688	2.50288059489496	3.65055375622842
1.98677502699868	1.33852360283994	2.51287360841793	3.66824228735868
1.99387364999237	1.34191438576804	2.52019996522428	3.66849119608773
2.00097227298605	1.35876927929746	2.52677224900752	3.6926866368022
2.00807089597974	1.37659069000772	2.54028881017257	3.69419070756535
2.01516951897342	1.3627575254422	2.55034875740669	3.7237448008739
2.02226814196711	1.38211158090231	2.56270321324893	3.72641893786725
2.0293667649608	1.38727290246976	2.56829656578045	3.73962707018485
2.03646538795448	1.39215779340417	2.5757258720755	3.75042896081714
2.04356401094817	1.39935561017569	2.5851545646823	3.77176683100736
2.05066263394186	1.39610182761972	2.59932778349649	3.78444989031613
2.05776125693554	1.41362523836773	2.60563145890675	3.79097300367576
2.06485987992923	1.41697168179939	2.61221875622455	3.81165470171643
2.07195850292292	1.42408618238742	2.62446359075342	3.82944735743567
2.0790571259166	1.43823928701811	2.63709259373123	3.83447694035508
2.08615574891029	1.43088420402661	2.64424175008734	3.85378225065024
2.09325437190397	1.44081184632386	2.65681932087608	3.85450128674019
2.10035299489766	1.45111433433196	2.66537555608307	3.87287727687404
2.10745161789135	1.46250000451929	2.6732276965645	3.87611700827199
2.11455024088503	1.45818896104147	2.6813433580484	3.91257363511344
2.12164886387872	1.47402476214375	2.69271435062463	3.8934990723073
2.12874748687241	1.46674658346334	2.70582664251043	3.91308184640124
2.13584610986609	1.47818895560747	2.71104429320751	3.94013001491802
2.14294473285978	1.47727571184538	2.71838987994592	3.93526851454513
2.15004335585347	1.49604588110405	2.72711997000699	3.96325248219824
2.15714197884715	1.49144631522276	2.73764529697509	3.95943434973482
2.16424060184084	1.49841206501863	2.75123132992511	3.98557843102165
2.17133922483452	1.51488052843877	2.75855849654463	3.99783713245901
2.17843784782821	1.52074016796659	2.77060565276817	3.99585147018227
2.1855364708219	1.52642765248599	2.77704787457383	4.01530249428144
2.19263509381558	1.52800482602265	2.78804203531886	4.02438965754101
2.19973371680927	1.54254450518428	2.80076049305553	4.05028887207404
2.20683233980296	1.54094988472951	2.81063520787508	4.06235445156159
2.21393096279664	1.56134990472216	2.8167731315432	4.05428381805608
2.22102958579033	1.55943926247869	2.82496471526932	4.07754546159953
2.22812820878402	1.55705139897694	2.8363849792636	4.09741757942012
2.2352268317777	1.58508950018612	2.84436960997481	4.10390957541967
2.24232545477139	1.58602897191239	2.85137288977481	4.13117467404987
2.24942407776507	1.5865473659752	2.86427628184927	4.13483811455753
2.25652270075876	1.58283056136367	2.87243159388177	4.15434866776088
2.26362132375245	1.59399252174957	2.88453881583583	4.14911226089208
2.27071994674613	1.60914700659886	2.89730924342594	4.16830355033798
2.27781856973982	1.61976538565786	2.90266397706948	4.18146901792347
2.28491719273351	1.61206609731294	2.91056642669511	4.1875925360321
2.29201581572719	1.62649668122984	2.92354706036804	4.21276313151087
2.29911443872088	1.62645644890115	2.93016250059386	4.21791283383073
2.30621306171457	1.63292823563346	2.93946228761605	4.23367726520792
2.31331168470825	1.64133932299457	2.9520079774628	4.25359813566721
2.32041030770194	1.66105318029363	2.95778076154288	4.25840049507869
2.32750893069562	1.65255713825981	2.968433992235	4.27450537269338
2.33460755368931	1.65274470511478	2.97656439343832	4.28040679298953
2.341706176683	1.66172363220394	2.98693782669168	4.3053612925836
2.34880479967668	1.67877255284474	2.99798343021837	4.30752746869496
2.35590342267037	1.67698579508653	3.00335486318876	4.32106703242224
2.36300204566406	1.68029866867067	3.01741814331381	4.34139490658723
2.37010066865774	1.70134265617349	3.02740248262013	4.34442184692766
2.37719929165143	1.70490144700403	3.03273199314818	4.35192799986
2.38429791464512	1.70298548642322	3.04433760238776	4.36548791128691
2.3913965376388	1.71752671993856	3.05945973135803	4.3940300547286
2.39849516063249	1.72127592320548	3.06148595934347	4.4014393152486
2.40559378362617	1.72968959487054	3.07551699602301	4.40268289188322
2.41269240661986	1.73608933131014	3.08149014230432	4.43008431804195
2.41979102961355	1.73654979726126	3.09140073290419	4.44234006852792
2.42688965260723	1.74240242045828	3.10527291284349	4.44469833117947
2.43398827560092	1.76353201569666	3.11582158726423	4.45948107562417
2.44108689859461	1.7538815038029	3.11897026776552	4.47197493593199
2.44818552158829	1.78144636591078	3.12802323612703	4.48099808994696
2.45528414458198	1.77453846232301	3.13881038214034	4.49404528791791
2.46238276757567	1.779683910246	3.15172177871449	4.49815871873288
2.46948139056935	1.78694269825811	3.15979811898069	4.52633383646332
2.47658001356304	1.78061155382651	3.16738404434779	4.53992886662909
2.48367863655672	1.80485603392026	3.17571900687493	4.54989678510386
2.49077725955041	1.81248128220898	3.18966906461072	4.56973566140229
2.4978758825441	1.81266367378329	3.19465577343745	4.5811665530708
2.50497450553778	1.81709924756802	3.20731416177692	4.58412957498518
2.51207312853147	1.81471309389538	3.21438907933934	4.60799698548682
2.51917175152516	1.83004488902566	3.2280249595576	4.61252927181913
2.52627037451884	1.8303204778275	3.23373276782315	4.62718615466834
2.53336899751253	1.85009235102774	3.24834126065425	4.63534480909481
2.54046762050622	1.84253925319345	3.25547217000379	4.64823551881485
2.5475662434999	1.84845765903781	3.26465371277746	4.67286879257239
2.55466486649359	1.86441896466972	3.27532839212187	4.68452264966368
2.56176348948727	1.85295933707365	3.28873939847375	4.68319758516397
2.56886211248096	1.87528814050647	3.29166985345491	4.703126063828
2.57596073547465	1.86647793188589	3.30390397858708	4.72130745396762
2.58305935846833	1.87519239494884	3.31195209306833	4.73558608104192
2.59015798146202	1.88625100164431	3.32634533319793	4.74376242118412
2.59725660445571	1.89740753030497	3.32594656729413	4.75855095835081
2.60435522744939	1.91025722145599	3.33926845774902	4.76277420446864
2.61145385044308	1.91631658035154	3.35284404999286	4.77871040080887
2.61855247343677	1.90301386969414	3.35824272757779	4.78819327557547
2.62565109643045	1.92633389531404	3.36362115978245	4.80267600971935
2.63274971942414	1.93562792219141	3.37860349717066	4.79903823835851
2.63984834241782	1.93569684724352	3.39052810847258	4.83153176871195
2.64694696541151	1.94702427230839	3.40096478994361	4.83608878304307
2.6540455884052	1.94469250241875	3.40345093679521	4.85498462478422
2.66114421139888	1.96134392960097	3.4165450793473	4.85941283738369
2.66824283439257	1.96587477012953	3.42850586329205	4.88934154329397
2.67534145738626	1.96759735517649	3.43391273678011	4.89404010676625
2.68244008037994	1.97422196051579	3.44337997261222	4.91252649706226
2.68953870337363	1.97196055654	3.45350308803142	4.91464989838603
2.69663732636732	1.99033969640181	3.46522858794135	4.9315022542882
2.703735949361	1.99046349097137	3.47604413231906	4.94099233489084
2.71083457235469	2.00147871877149	3.47975571729379	4.95988769646736
2.71793319534837	1.99583742847311	3.4933762834619	4.97526194880297
2.72503181834206	2.0269244331033	3.5054364414801	4.98424317127343
2.73213044133575	2.02686892723099	3.51740030631943	4.98887059867184
2.73922906432943	2.02338701874287	3.52109082928514	5.00181446947411
2.74632768732312	2.03095984844965	3.53332229832255	5.03356381438091
2.75342631031681	2.03740306762727	3.54058410314301	5.03842653960705
2.76052493331049	2.03986142175785	3.54903776424437	5.05067792508744
2.76762355630418	2.04855766086095	3.56395387611423	5.04987436260326
2.77472217929787	2.05253524612773	3.56890708749747	5.05250115535093
2.78182080229155	2.06369356441312	3.57766862175628	5.07769549871279
2.78891942528524	2.06855706327843	3.59132103750526	5.10023425197929
2.79601804827892	2.0791616467686	3.59830868257372	5.09555527081484
2.80311667127261	2.09248328205228	3.60757656564416	5.12145611265879
2.8102152942663	2.0939990701276	3.62035959020819	5.14953281308367
2.81731391725998	2.10189132768567	3.62438451082436	5.14183734740841
2.82441254025367	2.0988879384271	3.63855172985769	5.16190539011353
2.83151116324736	2.10531451164562	3.64627939084739	5.17590946458825
2.83860978624104	2.1200682724273	3.65172791147411	5.18171760699534
2.84570840923473	2.1116539430723	3.66342048733129	5.19926328695716
2.85280703222842	2.118444093989	3.67511300072251	5.19907451692168
2.8599056552221	2.13912932201842	3.68364155126712	5.22265319621785
2.86700427821579	2.14308981183708	3.69253075869772	5.23667279254032
2.87410290120947	2.13595407655132	3.70476122882067	5.25327833613889
2.88120152420316	2.17157446896055	3.71021278175537	5.26897555637076
2.88830014719685	2.16206248961589	3.72189067387928	5.27058003126846
2.89539877019053	2.17990264556233	3.73687688417778	5.27025808392471
2.90249739318422	2.16870701016285	3.73761177476153	5.30279169405609
2.90959601617791	2.18208670750096	3.75182393709984	5.31154363721515
2.91669463917159	2.18703225116359	3.75694081816618	5.32059502689448
2.92379326216528	2.1962817355028	3.76637038617863	5.33081007204399
2.93089188515897	2.20380926001655	3.77736958744952	5.36771317296789
2.93799050815265	2.19664538495049	3.79000511257996	5.36005830075605
2.94508913114634	2.20066189263391	3.79389507683482	5.37397343349213
2.95218775414002	2.22387167188428	3.80794445154161	5.38314887731998
2.95928637713371	2.23505906090966	3.82014984753634	5.40392382321563
2.9663850001274	2.22450275041464	3.82918446367859	5.41589401103497
2.97348362312108	2.22389343473196	3.83438349679966	5.40709273732639
2.98058224611477	2.24051763029114	3.84593177192276	5.44421008629671
2.98768086910846	2.25541640078707	3.85857561321943	5.4588985579724
2.99477949210214	2.25108514109768	3.8631458079792	5.464276102308
3.00187811509583	2.25756062433708	3.87821183420259	5.46719588749034
3.00897673808952	2.26534790878172	3.88267509093596	5.48780688897586
3.0160753610832	2.26282826429758	3.89559372186758	5.50104774444172
3.02317398407689	2.2809008980934	3.8994878652427	5.50801974603317
3.03027260707057	2.29561850669669	3.91091798273116	5.52169514032546
3.03737123006426	2.28348665978958	3.92703495262653	5.5419678845366
3.04446985305795	2.29159678416019	3.92662203219851	5.55708539672038
3.05156847605163	2.29516621259514	3.94937345435767	5.5610632379548
3.05866709904532	2.30120806222937	3.95006188982762	5.58704671124318
3.06576572203901	2.31754796911322	3.96080717695309	5.58733051305898
3.07286434503269	2.3286852210466	3.97039681975207	5.60223397649168
3.07996296802638	2.31940899531972	3.97701231038772	5.61323363811435
3.08706159102007	2.328694075875	3.98740012432566	5.63818563489814
3.09416021401375	2.33131943920639	3.99863252509755	5.63395610341147
3.10125883700744	2.35351209274735	4.006290334212	5.66006439344803
3.10835746000112	2.35919579736825	4.01565767772487	5.67412305831438
3.11545608299481	2.36132772077906	4.02876566699774	5.66841514693136
3.1225547059885	2.36506080035668	4.03674890614864	5.70457855771906
3.12965332898218	2.38027816746143	4.04386289750649	5.71171111423905
3.13675195197587	2.36601913957304	4.05562932670569	5.71731870091888
3.14385057496956	2.38105752058144	4.06650822767866	5.7345331304458
3.15094919796324	2.39713343583598	4.07127882662232	5.74958741373097
3.15804782095693	2.40939362106989	4.08456773207171	5.77048721944777
3.16514644395062	2.40051055013486	4.08690964327326	5.77389310838007
3.1722450669443	2.4140035254373	4.1072266349534	5.79557889812954
3.17934368993799	2.42316511530203	4.11397771074829	5.80772533595802
3.18644231293167	2.42631478981939	4.12050746731535	5.80361178674236
3.19354093592536	2.44211467061066	4.13546745792267	5.82546987390264
3.20063955891905	2.43950627835265	4.13908785002952	5.84193574807223
3.20773818191273	2.44117108160498	4.15219872087033	5.8490564679216
3.21483680490642	2.45126474468905	4.15933154495183	5.84720560238396
3.22193542790011	2.4637915442562	4.17275610542363	5.88124317916292
3.22903405089379	2.46586112931672	4.18074307847669	5.87903355160714
3.23613267388748	2.45230129483484	4.19054786189153	5.89634826474302
3.24323129688117	2.48867250254948	4.19165760830964	5.90212598266196
3.25032991987485	2.47903605577756	4.20441471738	5.92001337975706
3.25742854286854	2.48427186201645	4.22015041964654	5.94413838195769
3.26452716586223	2.49969261168279	4.22924645682072	5.95683250395373
3.27162578885591	2.50894183505342	4.23112704718213	5.95400079174116
3.2787244118496	2.4996258931403	4.24770322725281	5.97960871813642
3.28582303484328	2.5087306048851	4.2544730623293	5.99984552569882
3.29292165783697	2.5375380335213	4.26531977384745	6.00322097538791
3.30002028083066	2.53515149800656	4.27652667779113	6.01347501897487
3.30711890382434	2.53070333716886	4.28256876338978	6.02009904062144
3.31421752681803	2.53663875831968	4.29693939368349	6.03157409516963
3.32131614981172	2.5341064097939	4.30417476228099	6.05942515712981
3.3284147728054	2.55047030284899	4.3124254339684	6.08043121605691
3.33551339579909	2.5545096471266	4.32577777926661	6.07420574175436
3.34261201879277	2.56657068313227	4.33551049912628	6.08643241599227
3.34971064178646	2.57002944978282	4.34060267092552	6.1083161466536
3.35680926478015	2.57785634979014	4.3512850626907	6.11401272891407
3.36390788777383	2.57296609278472	4.36417455483098	6.13322978679462
3.37100651076752	2.60830836562064	4.37051505391918	6.13671154266278
3.37810513376121	2.59827659287989	4.38067449007001	6.1589243866116
3.38520375675489	2.60589506046733	4.38671428636863	6.16578218249105
3.39230237974858	2.61813015968034	4.39934486169481	6.17721646138519
3.39940100274227	2.60187716294649	4.40997745857159	6.19496015799734
3.40649962573595	2.61963253664799	4.42124881838525	6.20353058209544
3.41359824872964	2.6343003619217	4.43272796392256	6.21697518875325
3.42069687172332	2.62675355035893	4.44060761965374	6.22700605605639
3.42779549471701	2.64258263196487	4.44916598774938	6.25276880457957
3.4348941177107	2.65149137332211	4.45999113651498	6.2490345229421
3.44199274070438	2.65805624709014	4.46558116798327	6.27768574732875
3.44909136369807	2.65050826921304	4.46843949831157	6.28263771440039
3.45618998669176	2.66974718664842	4.48272049874201	6.29775053656507
3.46328860968544	2.66728943017781	4.49715087253784	6.29818129392971
3.47038723267913	2.66922185383675	4.50122860031663	6.32122332687876
3.47748585567282	2.68562139153318	4.51146302842581	6.34176329005869
3.4845844786665	2.68971701888805	4.52154378515343	6.35355534210825
3.49168310166019	2.68927952160397	4.53182707967166	6.36862416678891
3.49878172465387	2.70679359589171	4.53948304090888	6.37602735944705
3.50588034764756	2.70423155269739	4.55674061982402	6.38813833158676
3.51297897064125	2.71853921609543	4.56261715491536	6.39145642373381
3.52007759363493	2.72670452558975	4.56902291850101	6.41666925213829
3.52717621662862	2.72287556354224	4.58269320200666	6.4137859517148
3.53427483962231	2.73245700037341	4.59425250250352	6.4372202249067
3.54137346261599	2.74222434847656	4.60086713445377	6.45772229218694
3.54847208560968	2.74525310926634	4.60859716601655	6.46775167571344
3.55557070860337	2.74978521270912	4.61868524291552	6.4877733232584
3.56266933159705	2.75598966161515	4.62673964037693	6.49194412720677
3.56976795459074	2.76334703636933	4.63603988660699	6.50332236030687
3.57686657758443	2.76475795660591	4.64941690427679	6.50819547413681
3.58396520057811	2.77143026040507	4.6593767022342	6.52174116854051
3.5910638235718	2.78054493293801	4.66380440229266	6.55280119641401
3.59816244656548	2.78006134829269	4.67160902805202	6.54554126856015
3.60526106955917	2.78903864256173	4.6790111416737	6.57548119913496
3.61235969255286	2.81092501427448	4.69520266544197	6.57137174339392
3.61945831554654	2.79230523605519	4.70643035613928	6.58987477006134
3.62655693854023	2.81518315516619	4.71444685366613	6.60155865446179
3.63365556153392	2.81076347711551	4.7251754838886	6.61630752733149
3.6407541845276	2.83609564190937	4.73181819609941	6.6228739911034
3.64785280752129	2.8281520802632	4.74375415754366	6.63535333554871
3.65495143051497	2.83257953050352	4.75062578742481	6.66117536668369
3.66205005350866	2.8494917541168	4.75834881327475	6.66589510931158
3.66914867650235	2.84705780191027	4.7699652022159	6.67766254985293
3.67624729949603	2.84471463815561	4.77949827124273	6.69100809632832
3.68334592248972	2.85613388724796	4.78995720021983	6.70677932716147
3.69044454548341	2.87826109316248	4.7981088670022	6.72614420932423
3.69754316847709	2.85996761286905	4.81141296014114	6.72843459652908
3.70464179147078	2.86578850782697	4.81965223758477	6.74122536870235
3.71174041446447	2.88380289201203	4.83029101204525	6.73503912732252
3.71883903745815	2.89558069402218	4.83756266709616	6.76422014712241
3.72593766045184	2.88750035349117	4.84191023417796	6.77499643409135
3.73303628344552	2.89297878827646	4.85556206480926	6.79811183969458
3.74013490643921	2.91366804180547	4.87022687889314	6.80077917623032
3.7472335294329	2.91346230334983	4.87183583613204	6.81982427465269
3.75433215242658	2.92326366548687	4.88981589130942	6.84088220330969
3.76143077542027	2.92377265330853	4.89878552464811	6.86291572030022
3.76852939841396	2.93860676546395	4.90821060493874	6.85583719265391
3.77562802140764	2.94774426535288	4.91124979817123	6.86356980515522
3.78272664440133	2.93103056721253	4.92148373637131	6.88097985809541
3.78982526739502	2.96403665102353	4.93522496345501	6.90375518263294
3.7969238903887	2.97091493015029	4.94365298791404	6.89977588090987
3.80402251338239	2.9621522432217	4.94974832413062	6.93175915244798
3.81112113637607	2.96272808831137	4.96107683750522	6.92888806959693
3.81821975936976	2.99178554127498	4.97272285000238	6.95571879636255
3.82531838236345	2.97730013309273	4.98320869653727	6.95725193712062
3.83241700535713	2.98448871743266	4.98915682861081	6.98287599460046
3.83951562835082	2.99375336816555	5.0003095359807	6.98746279724473
3.84661425134451	3.00918568438378	5.0091028225301	7.00487648626338
3.85371287433819	3.01032210811528	5.02072718930154	7.00976763199228
3.86081149733188	3.01057496188206	5.02623214867104	7.02355601537622
3.86791012032557	3.01521062800217	5.0397879797811	7.03387616358235
3.87500874331925	3.00839817604132	5.04690328424995	7.04564658725106
3.88210736631294	3.02779344616724	5.05246699496409	7.07362269851802
3.88920598930663	3.04072671246069	5.06180713583685	7.07335513520707
3.89630461230031	3.03941503288459	5.07806963339057	7.08608287586772
3.903403235294	3.05178863285666	5.08975865344648	7.09003928282465
3.91050185828768	3.06079439345097	5.09926370347292	7.12196958919087
3.91760048128137	3.07630442728525	5.10483559011766	7.11026403461859
3.92469910427506	3.07150058908899	5.11572014627754	7.1428484544204
3.93179772726874	3.0815976266998	5.11818709685563	7.17170953023066
3.93889635026243	3.09241798672933	5.13064124722653	7.16841577799114
3.94599497325612	3.09783678785862	5.14625907243037	7.18317168295003
3.9530935962498	3.10398665463163	5.15006032401548	7.19954927810479
3.96019221924349	3.0976605948434	5.16650649976826	7.20875042744468
3.96729084223717	3.11318850395169	5.1719184360565	7.21490767465896
3.97438946523086	3.12070223030552	5.18821920399124	7.23006771447943
3.98148808822455	3.12766315039971	5.19262194147007	7.23741507101346
3.98858671121823	3.13380120474032	5.19977763939679	7.25518509489017
3.99568533421192	3.1435157445583	5.20871869129966	7.26329874454535
4.00278395720561	3.13346238205537	5.2179649567017	7.2845850840214
4.00988258019929	3.14765941908936	5.23542270870287	7.29919136500563
4.01698120319298	3.14937494425725	5.24165495794584	7.29540004029028
4.02407982618667	3.16683144518697	5.24830353293391	7.31932476962348
4.03117844918035	3.14780625528681	5.25997842854522	7.33399264835576
4.03827707217404	3.18886946915225	5.26762069965434	7.34515337737814
4.04537569516772	3.17572943985961	5.27529799926895	7.3474149187999
4.05247431816141	3.18094157296612	5.28501498025295	7.3684554719535
4.0595729411551	3.18250630432958	5.29703651867622	7.38305096544905
4.06667156414878	3.19057743788868	5.30491157802613	7.3966698113948
4.07377018714247	3.20469615744089	5.31741150867228	7.40785395112871
4.08086881013616	3.20864821989967	5.31967709869741	7.42642686521127
4.08796743312984	3.21685135052253	5.32552450075327	7.43094725568924
4.09506605612353	3.22523803792295	5.34470616627147	7.45169857341443
4.10216467911722	3.21798109240219	5.35300267513561	7.44074335625246
4.1092633021109	3.22930181988832	5.36623809629061	7.47008861148697
4.11636192510459	3.24124534211678	5.36813362468926	7.47369990968089
4.12346054809827	3.23290652281122	5.38168143641338	7.49557913614859
4.13055917109196	3.24883098228198	5.38966695734182	7.51976746144521
4.13765779408565	3.25405144943214	5.41081055099433	7.52801742608975
4.14475641707933	3.2524043620807	5.40953561198233	7.5452575265381
4.15185504007302	3.27120014312827	5.41823286664417	7.54700760950899
4.15895366306671	3.27973374153032	5.42924563442896	7.57387254079846
4.16605228606039	3.27886454012496	5.4360261278512	7.58132441923785
4.17315090905408	3.28358995756322	5.44273702980831	7.59826239686585
4.18024953204777	3.29173990247292	5.45751378870876	7.60288567420704
4.18734815504145	3.30180542286797	5.46779241371967	7.62897683190836
4.19444677803514	3.31537489344426	5.47679149984742	7.62321212956046
4.20154540102883	3.30683224997089	5.48983743133508	7.62969515166703
4.20864402402251	3.31333212516092	5.49579704370895	7.65063692163541
4.2157426470162	3.32678578278952	5.50794646269333	7.66213396853348
4.22284127000988	3.33302734948855	5.51334500401088	7.67666354701053
4.22993989300357	3.33443429002622	5.52506572550876	7.68783148451518
4.23703851599726	3.34000436297751	5.53203348517837	7.70693251911301
4.24413713899094	3.34466613390912	5.54617166352381	7.71891448693504
4.25123576198463	3.3626139288307	5.55379780506394	7.72344913798668
4.25833438497832	3.37275731517479	5.56769185103973	7.74746167478119
4.265433007972	3.36287605945415	5.57506833543842	7.74434678054577
4.27253163096569	3.38599313624308	5.58669743901694	7.77453467327113
4.27963025395938	3.38644631491216	5.59261941312573	7.78569876140949
4.28672887695306	3.40054024697086	5.59715581131193	7.78086442599028
4.29382749994675	3.38526956040567	5.61027363954325	7.81606231830227
4.30092612294043	3.39871382796012	5.6268748607665	7.823117158594
4.30802474593412	3.40917051600851	5.63162969750778	7.82995278257799
4.31512336892781	3.4266161001097	5.63938657971309	7.86707809279515
4.32222199192149	3.43077837197178	5.64910990385124	7.86625297810774
4.32932061491518	3.42346351002577	5.65317061795228	7.86258749202509
4.33641923790887	3.43514230544179	5.67163140049414	7.87968453651836
4.34351786090255	3.44157209222774	5.68024224150855	7.892121709029
4.35061648389624	3.43946282947902	5.68382436557381	7.91749793610135
4.35771510688993	3.44935335959986	5.69576707570706	7.910220519661
4.36481372988361	3.45903880690689	5.7101826489365	7.9320915001222
4.3719123528773	3.46014095343762	5.72062069079766	7.96109549538149
4.37901097587098	3.46519305864195	5.72883104667651	7.96731624211944
4.38610959886467	3.48414123961815	5.73424596224086	7.97907476598366
4.39320822185836	3.45820313252521	5.74894677886016	7.97894163064669
4.40030684485204	3.4888262722106	5.75196331379622	8.01503480339883
4.40740546784573	3.50235880090618	5.76734283637376	8.0178802572873
4.41450409083942	3.50285550250949	5.77314402720403	8.02936582916591
4.4216027138331	3.50686641308833	5.78579538016047	8.04503377491635
4.42870133682679	3.51002307705398	5.78945120065603	8.0472682323742
4.43579995982047	3.51490235888029	5.79868881641367	8.08521399984473
4.44289858281416	3.50844876929395	5.81672448036504	8.0794049500834
4.44999720580785	3.53622276348102	5.82030912839569	8.08103642934399
4.45709582880153	3.53182805343925	5.82858477330146	8.11841343339623
4.46419445179522	3.54105227960185	5.84144058105898	8.1294025681425
4.47129307478891	3.54212970529575	5.84269572321729	8.12564920843785
4.47839169778259	3.54796993895232	5.86285859925107	8.13446170294124
4.48549032077628	3.57479675289446	5.8670273114369	8.17143657414099
4.49258894376996	3.5613863154029	5.87526244500051	8.16209140009327
4.49968756676365	3.57026521308348	5.88699652410057	8.18903690784463
4.50678618975734	3.59383876114937	5.90053079508316	8.17449001947187
4.51388481275102	3.5894173746539	5.90096890100896	8.19423355854384
4.52098343574471	3.58666297198962	5.91897509416912	8.22776982515239
4.5280820587384	3.59153403810197	5.92345846002438	8.22812905543235
4.53518068173208	3.60161463983487	5.9365098297236	8.23659659603527
4.54227930472577	3.61510656941759	5.94322985922423	8.25688791934883
4.54937792771946	3.60347958750641	5.95597203913519	8.26972938590855
4.55647655071314	3.61814277812927	5.96914741928699	8.29008292429484
4.56357517370683	3.62587290522272	5.9734172941034	8.29529873715851
4.57067379670052	3.62273632437161	5.98397877608755	8.308783312909
4.5777724196942	3.62894583793224	5.9901553820934	8.32133296406987
4.58487104268789	3.64700031435865	6.00266737608203	8.32250832245939
4.59196966568157	3.65131424912302	6.01009126899925	8.34470487206827
4.59906828867526	3.67747604405753	6.01720305266262	8.36382147955323
4.60616691166895	3.65950913379069	6.03511611934032	8.38223017422349
4.61326553466263	3.66966881357768	6.04075412317039	8.37712786374556
4.62036415765632	3.67301592405151	6.05218495558637	8.39219447725745
4.62746278065001	3.68449868976247	6.06002604495099	8.41101940386098
4.63456140364369	3.67670791783781	6.06467524293976	8.43421184652082
4.64166002663738	3.70088423694632	6.08467345433765	8.44387229380351
4.64875864963107	3.69494201912552	6.08875461011357	8.44136432411407
4.65585727262475	3.70317701199263	6.09531207439798	8.45993660099455
4.66295589561844	3.70804421624744	6.10855685545179	8.46600485157719
4.67005451861212	3.7242983108806	6.11657621136228	8.4895310453954
4.67715314160581	3.7224073293952	6.12711270149403	8.5060130793501
4.6842517645995	3.73216775915734	6.1391672125997	8.50923089393746
4.69135038759318	3.73027119033864	6.15162438846462	8.51333780850684
4.69844901058687	3.73443673942062	6.15121357634323	8.54910345530173
4.70554763358056	3.77049816622116	6.16723808350687	8.54385553926436
4.71264625657424	3.75309738202523	6.17452869593513	8.54997579907653
4.71974487956793	3.77006834079945	6.18237914633851	8.57015757572103
4.72684350256162	3.78153663264052	6.19676397566819	8.59340368341012
4.7339421255553	3.76127557245146	6.20061118451525	8.60895651404688
4.74104074854899	3.77330363788116	6.21697978890629	8.62032121459872
4.74813937154267	3.79378635928212	6.22365017033901	8.63977894329497
4.75523799453636	3.78833130252607	6.23308478346669	8.6455325810773
4.76233661753005	3.78988265015262	6.24136590926366	8.66735286163208
4.76943524052373	3.80522760235521	6.25027607176162	8.67796734628204
4.77653386351742	3.79910472428454	6.25693171017233	8.68733851904661
4.78363248651111	3.80583665430451	6.26575743592542	8.67859153230505
4.79073110950479	3.82521931605649	6.27388204176769	8.69512260265151
4.79782973249848	3.82380027419853	6.29229970538206	8.71985553413661
4.80492835549217	3.85276440736304	6.29864729193177	8.73012721684653
4.81202697848585	3.84820089650647	6.30911925417007	8.7425610048938
4.81912560147954	3.85143345673224	6.31473488730511	8.76330845707963
4.82622422447323	3.84916645843208	6.32519715707342	8.77980211827071
4.83332284746691	3.85078012240257	6.33285996409356	8.7814586619097
4.8404214704606	3.86734647401938	6.35108479352581	8.79331399437184
4.84752009345428	3.88001789843393	6.35716156590642	8.81963776792089
4.85461871644797	3.8735478086643	6.3645009106761	8.83100869540335
4.86171733944166	3.86863984578768	6.37460603115608	8.84373559180264
4.86881596243534	3.88993219765042	6.38539467108084	8.85085732819692
4.87591458542903	3.90314900790815	6.3976523215884	8.86651969529379
4.88301320842272	3.91806355932339	6.40155608257296	8.88711747585178
4.8901118314164	3.90744022933973	6.41076299706865	8.90114959768861
4.89721045441009	3.89272499433977	6.41757204763495	8.91526086851544
4.90430907740378	3.92664886639489	6.43187226408059	8.91592045365089
4.91140770039746	3.92801130877532	6.44199570156775	8.9219694051846
4.91850632339115	3.93306377719345	6.44980108043734	8.92734071299324
4.92560494638483	3.93356519108422	6.46152386394121	8.95896723221896
4.93270356937852	3.98382676719373	6.47349272705135	8.97298113749811
4.93980219237221	3.95511591050257	6.47794959124309	8.9831761297686
4.94690081536589	3.94963180225421	6.49223417239692	8.97100654271454
4.95399943835958	3.97599880398573	6.49686793737724	9.00318720410598
4.96109806135327	3.97065636964879	6.50894429585415	9.00680748835584
4.96819668434695	3.98383561652851	6.52043609078542	9.04575366772548
4.97529530734064	3.9826182696278	6.52585076195684	9.03701276542728
4.98239393033433	3.98310253422752	6.54103462736154	9.04517974490225
4.98949255332801	3.99969939869935	6.54725385944172	9.07343564430488
4.9965911763217	3.99679855813753	6.55934240006816	9.09697188731608
5.00368979931538	4.00244202166438	6.56267969657243	9.09399991398218
5.01078842230907	4.01780967582431	6.57266319992243	9.10941333630294
5.01788704530276	4.02397608208241	6.58544039386462	9.12025707718831
5.02498566829644	4.02177535530262	6.5870081983699	9.1161650562292
5.03208429129013	4.03134999997374	6.60255806744408	9.14036503963064
5.03918291428382	4.03654756671551	6.6096662350681	9.16780424218143
5.0462815372775	4.03727907922991	6.6265760456108	9.16389406833173
5.05338016027119	4.04373197912282	6.63174714869668	9.18218113135058
5.06047878326487	4.05565974012558	6.64530803492842	9.20286581828676
5.06757740625856	4.06674936658492	6.6576215151863	9.19843819864735
5.07467602925225	4.06585162236452	6.65813264676872	9.22984338894771
5.08177465224593	4.06899486386263	6.66986258951754	9.24654956625059
5.08887327523962	4.08996286670301	6.67683757906774	9.25026187221572
5.09597189823331	4.10425703773649	6.69364846393296	9.28673702535065
5.10307052122699	4.07814484347378	6.70282737780677	9.26679510129877
5.11016914422068	4.10558494596437	6.71757854273518	9.29088427342458
5.11726776721436	4.10007849040101	6.71534002318433	9.31459598860064
5.12436639020805	4.10727975109443	6.72342002670129	9.31183630346597
5.13146501320174	4.12044021638926	6.73817361078526	9.32864279345103
5.13856363619542	4.13479374927153	6.74573761089328	9.34427249986034
5.14566225918911	4.13313463159557	6.7603006001242	9.36264451611213
5.1527608821828	4.13695219092814	6.76291470767254	9.37484520834977
5.15985950517648	4.13610072736765	6.77133778135942	9.37622368115666
5.16695812817017	4.14734357711818	6.78703519028291	9.38392381021536
5.17405675116386	4.14360748953492	6.79750165089683	9.40735140147959
5.18115537415754	4.14682209696092	6.8012876257521	9.41525545455019
5.18825399715123	4.15733029734071	6.82028910792933	9.42474141701242
