"mitochan"	"lwrNorm"	"medNorm"	"uprNorm"
-1.90327037354145	-1.56725604296288	-1.31071368793009	-1.05303143542278
-1.8966507915407	-1.55832549041127	-1.30523505966304	-1.05078809472199
-1.89003120953995	-1.56230059512229	-1.30155942679069	-1.04756345168968
-1.88341162753921	-1.54780285955884	-1.29645562924732	-1.04279315471186
-1.87679204553846	-1.54615792646265	-1.29152409962343	-1.04088911292156
-1.87017246353771	-1.54553276731904	-1.28729649475208	-1.03686912002463
-1.86355288153697	-1.53921128105966	-1.2847955608446	-1.02869693805025
-1.85693329953622	-1.53409720610461	-1.27995152464649	-1.02490639828107
-1.85031371753547	-1.52649979365409	-1.27630793709176	-1.02160063338038
-1.84369413553472	-1.52422679261394	-1.27244277432231	-1.01741173399746
-1.83707455353398	-1.51602837022694	-1.2678589968822	-1.01679802533209
-1.83045497153323	-1.51586435818517	-1.2633153668636	-1.01097634481698
-1.82383538953248	-1.51419531399768	-1.2589988081368	-1.00315382048879
-1.81721580753174	-1.50777121950868	-1.25489813682772	-0.999051588854327
-1.81059622553099	-1.50066066943615	-1.24736463596829	-0.998313314214133
-1.80397664353024	-1.50047211920564	-1.24697287668565	-0.993805489501443
-1.7973570615295	-1.49677059949376	-1.24268495030868	-0.992000426114432
-1.79073747952875	-1.49426934027872	-1.24055352534343	-0.983032955097221
-1.784117897528	-1.48554614331005	-1.23506591812459	-0.984962465612129
-1.77749831552725	-1.48405077970462	-1.23074271778206	-0.976019053134249
-1.77087873352651	-1.48202007626932	-1.22707906783284	-0.973079939530834
-1.76425915152576	-1.4748559787671	-1.22131677760305	-0.966887184784459
-1.75763956952501	-1.46777166244867	-1.21736838376149	-0.960524214415958
-1.75101998752427	-1.46795181027734	-1.21266413173622	-0.966302364035601
-1.74440040552352	-1.4622533260494	-1.20918702921709	-0.955634925279073
-1.73778082352277	-1.46068249047082	-1.20647484711081	-0.95406430688157
-1.73116124152202	-1.45733252720787	-1.20016335387736	-0.946288681471025
-1.72454165952128	-1.44815187407698	-1.19714334837518	-0.951624324549766
-1.71792207752053	-1.44669853353615	-1.19369164963379	-0.943835998388926
-1.71130249551978	-1.44173237557304	-1.19035656180089	-0.936589933600617
-1.70468291351904	-1.43672114803143	-1.18540760036811	-0.929833556690111
-1.69806333151829	-1.43212967573863	-1.17983710260511	-0.92875551424077
-1.69144374951754	-1.43191857026549	-1.17785437076431	-0.922576576299081
-1.68482416751679	-1.4290444420023	-1.17185237232499	-0.924174499069943
-1.67820458551605	-1.41593528364972	-1.16728243937787	-0.914515690336509
-1.6715850035153	-1.41375848164605	-1.16415858345395	-0.909449764311643
-1.66496542151455	-1.41163606928477	-1.15957437347694	-0.907759333419211
-1.65834583951381	-1.40658040062549	-1.15535667788575	-0.904049394397333
-1.65172625751306	-1.40657866652387	-1.15182340172639	-0.900048978110822
-1.64510667551231	-1.39768967942478	-1.14864403255428	-0.891987772555031
-1.63848709351156	-1.39553940821511	-1.14550941635505	-0.887115561063812
-1.63186751151082	-1.38705210654775	-1.13810613575706	-0.885171319556809
-1.62524792951007	-1.38715450950142	-1.13709816819348	-0.884219729297707
-1.61862834750932	-1.38338791819496	-1.12936558889491	-0.87847227330564
-1.61200876550858	-1.37728617079315	-1.12728284555776	-0.872385585652104
-1.60538918350783	-1.37583607276074	-1.12164240091164	-0.866372425877904
-1.59876960150708	-1.36829702983265	-1.11821273688849	-0.864459681815719
-1.59215001950634	-1.36786124215707	-1.11372268029924	-0.862247061122328
-1.58553043750559	-1.35849426136983	-1.10962085928178	-0.862435527465037
-1.57891085550484	-1.35782150560479	-1.10590533581768	-0.853184635449598
-1.57229127350409	-1.35434407430211	-1.10248268015224	-0.848849681666706
-1.56567169150335	-1.3450219426947	-1.09694238917009	-0.843494861258808
-1.5590521095026	-1.34441433434526	-1.09312111967299	-0.84553026808046
-1.55243252750185	-1.34070063003353	-1.08929842498374	-0.835186540367788
-1.54581294550111	-1.32959826291698	-1.08325971611275	-0.831419293750124
-1.53919336350036	-1.33336709124341	-1.08261888652841	-0.82962714419636
-1.53257378149961	-1.32856737079282	-1.07872764642538	-0.829171078367814
-1.52595419949886	-1.32289937502509	-1.07143769864984	-0.823481643636423
-1.51933461749812	-1.32202989231953	-1.06800121030739	-0.814794249240114
-1.51271503549737	-1.31390595743811	-1.06195829931637	-0.812015412523354
-1.50609545349662	-1.30908179945035	-1.05988033360339	-0.816311693124593
-1.49947587149588	-1.30865716529337	-1.0554231530644	-0.801915157287968
-1.49285628949513	-1.30579381558695	-1.04969066350823	-0.801254744244654
-1.48623670749438	-1.30014665771174	-1.04706189735372	-0.796331229394684
-1.47961712549363	-1.29227698419281	-1.04310660233026	-0.787289324681812
-1.47299754349289	-1.29008841910229	-1.0389008435483	-0.788674705824389
-1.46637796149214	-1.28974164752501	-1.03554256178172	-0.783527379957595
-1.45975837949139	-1.28126938701291	-1.03076045179603	-0.778753372555149
-1.45313879749065	-1.28085902428539	-1.02688380053675	-0.776462948336253
-1.4465192154899	-1.27214535592519	-1.02293401078832	-0.771359312419468
-1.43989963348915	-1.26690315437311	-1.01789863447009	-0.765523553353518
-1.4332800514884	-1.26454271307517	-1.01283280481512	-0.762808798409006
-1.42666046948766	-1.25939613911515	-1.00984146967286	-0.764562510795107
-1.42004088748691	-1.25852644638301	-1.00670441372693	-0.753205192959775
-1.41342130548616	-1.25138169834344	-1.00057443162098	-0.750201724961549
-1.40680172348542	-1.25015775865659	-0.995379033790629	-0.745220887115557
-1.40018214148467	-1.24081244805707	-0.994847003399942	-0.745545035079236
-1.39356255948392	-1.23825480432933	-0.990518252785433	-0.74225306528411
-1.38694297748317	-1.23826694006631	-0.986229220538893	-0.733581499704029
-1.38032339548243	-1.22915334698562	-0.979421647330503	-0.728833857848163
-1.37370381348168	-1.22395666525704	-0.975390670880677	-0.727483376629151
-1.36708423148093	-1.22502476982448	-0.970750278242368	-0.717647761616828
-1.36046464948019	-1.21777936366039	-0.966633587627117	-0.718504913709513
-1.35384506747944	-1.21145272465912	-0.963074748517264	-0.71160184766271
-1.34722548547869	-1.21176310090502	-0.958106916950641	-0.707018534721892
-1.34060590347795	-1.20970683049694	-0.955762999958031	-0.703672602890887
-1.3339863214772	-1.19930292022986	-0.951524817519409	-0.699016932519506
-1.32736673947645	-1.19789866603418	-0.945323599488638	-0.697348071931902
-1.3207471574757	-1.18931382037978	-0.940723508898151	-0.691954909245017
-1.31412757547496	-1.1941040141701	-0.938312184779194	-0.687864051943771
-1.30750799347421	-1.18426188360874	-0.933478612999063	-0.682436367051861
-1.30088841147346	-1.17812363572089	-0.929600913026845	-0.678560294065207
-1.29426882947272	-1.17935502968767	-0.926456623741971	-0.674167852589438
-1.28764924747197	-1.17229027577866	-0.921907121207225	-0.673558832046971
-1.28102966547122	-1.16724946135927	-0.917728615821681	-0.665941098343448
-1.27441008347047	-1.16536303008276	-0.912975644866599	-0.666346781066266
-1.26779050146973	-1.15678760068998	-0.909794801645999	-0.654465489466358
-1.26117091946898	-1.15669783904198	-0.907071339478637	-0.658169818930825
-1.25455133746823	-1.15232201762313	-0.901670019200696	-0.652733042610931
-1.24793175546749	-1.14580265378875	-0.896959901925231	-0.647771253011979
-1.24131217346674	-1.13795554864193	-0.893213750756099	-0.644077574317217
-1.23469259146599	-1.13780646838462	-0.889078340049031	-0.63656918546174
-1.22807300946524	-1.13510981455751	-0.885365493656193	-0.632378149369476
-1.2214534274645	-1.1302558447971	-0.881402032642599	-0.630114908569367
-1.21483384546375	-1.12906186976049	-0.876655411229291	-0.626426212970104
-1.208214263463	-1.11850176592933	-0.871115588103499	-0.625284076948929
-1.20159468146226	-1.11381934511533	-0.869085454994459	-0.615138023660591
-1.19497509946151	-1.11397266911966	-0.862945645304503	-0.620130749688206
-1.18835551746076	-1.10839469267436	-0.860175715045037	-0.615014792742202
-1.18173593546001	-1.10282452351619	-0.854595033156144	-0.604296820623906
-1.17511635345927	-1.0992759545377	-0.851710769772999	-0.602245057836526
-1.16849677145852	-1.09855042591734	-0.843270011276953	-0.599734394785671
-1.16187718945777	-1.09216908892796	-0.842906929021443	-0.597256581255854
-1.15525760745703	-1.08844468956237	-0.837905761257057	-0.58875299662111
-1.14863802545628	-1.08574745443842	-0.833717997152098	-0.58841789941679
-1.14201844345553	-1.08396320994021	-0.82968504537503	-0.583632191297489
-1.13539886145479	-1.07809735218847	-0.825582450586436	-0.576773623943948
-1.12877927945404	-1.07109140947015	-0.820590257306544	-0.569332013627231
-1.12215969745329	-1.06420191917708	-0.817739385651205	-0.569060720947655
-1.11554011545254	-1.06370979752054	-0.813602685965585	-0.566336660128317
-1.1089205334518	-1.06120904994561	-0.809490357734092	-0.554897302416312
-1.10230095145105	-1.05202775838867	-0.805799541043245	-0.558369182334422
-1.0956813694503	-1.04898933939986	-0.801121932779013	-0.552858649913925
-1.08906178744956	-1.04566732770257	-0.797975505287045	-0.548553437103758
-1.08244220544881	-1.04171191030832	-0.793721147127986	-0.544622925442485
-1.07582262344806	-1.03723434983225	-0.789943876570858	-0.538203212291088
-1.06920304144731	-1.03000113194184	-0.784291970754746	-0.535698799301729
-1.06258345944657	-1.02927807048912	-0.778493841421819	-0.532073324735357
-1.05596387744582	-1.02779224868962	-0.777646635405937	-0.529790792930403
-1.04934429544507	-1.02082356686448	-0.769893592791007	-0.525920250734307
-1.04272471344433	-1.01721174596094	-0.767457643003243	-0.518352367177198
-1.03610513144358	-1.01242758292022	-0.763774876611788	-0.516177557648847
-1.02948554944283	-1.00169784368679	-0.757967586212366	-0.506543254685973
-1.02286596744208	-1.00417717108587	-0.755916063495383	-0.50507260205582
-1.01624638544134	-0.998643896733912	-0.750025901346144	-0.507038573361714
-1.00962680344059	-0.994911507422932	-0.747659667577953	-0.495315840131936
-1.00300722143984	-0.991923500229977	-0.742698507143034	-0.49439008019203
-0.996387639439096	-0.983430139389462	-0.737294962405928	-0.492449746329914
-0.989768057438349	-0.98439680924802	-0.736315947084605	-0.48744425477428
-0.983148475437602	-0.978054194752263	-0.731129745933228	-0.48276623164458
-0.976528893436855	-0.977611194973725	-0.725871444173013	-0.474640698213448
-0.969909311436108	-0.971850452775805	-0.72104314765421	-0.475702461057289
-0.96328972943536	-0.965797659948315	-0.718697861915275	-0.472325474605753
-0.956670147434613	-0.959664245320318	-0.71393776239647	-0.463489587153186
-0.950050565433866	-0.961876996419489	-0.709070701286165	-0.462966288064411
-0.943430983433119	-0.955023732748213	-0.705727978333773	-0.459595824775729
-0.936811401432372	-0.951229338584466	-0.700924293642625	-0.456915390180688
-0.930191819431625	-0.943641205447808	-0.697089589214166	-0.450945118210359
-0.923572237430878	-0.943993213973689	-0.693863348628519	-0.443135884882985
-0.916952655430131	-0.937766300303153	-0.689753533191964	-0.443029056975356
-0.910333073429384	-0.935720101202347	-0.683962337124022	-0.437687168665486
-0.903713491428637	-0.929113777774216	-0.681324535510959	-0.437098631061761
-0.897093909427889	-0.922771114690375	-0.676995738291134	-0.429258529111945
-0.890474327427142	-0.922228555186201	-0.671775541418756	-0.426105119010393
-0.883854745426395	-0.917310583825331	-0.668787179772319	-0.418677562807781
-0.877235163425648	-0.911525066291721	-0.663068923691492	-0.421901684329674
-0.870615581424901	-0.908742058934348	-0.658141231415431	-0.409669083377824
-0.863995999424154	-0.903830057527767	-0.653971123527616	-0.407906789861512
-0.857376417423407	-0.897141851203834	-0.650548571986928	-0.40363610354536
-0.85075683542266	-0.894129424068569	-0.646993953926943	-0.398127404688203
-0.844137253421913	-0.889916858683384	-0.64466933295252	-0.395042932468634
-0.837517671421166	-0.887188527770112	-0.637690033562368	-0.394935962895536
-0.830898089420418	-0.882430437975805	-0.633771806500231	-0.386400210566399
-0.824278507419671	-0.876725726033708	-0.630636209134498	-0.382195932143916
-0.817658925418924	-0.874637771179192	-0.626261571676227	-0.378725539703047
-0.811039343418177	-0.869379253022856	-0.622999096990134	-0.372342308722869
-0.80441976141743	-0.862746626225152	-0.619467841997358	-0.37280891326478
-0.797800179416683	-0.85779824046536	-0.614363190245244	-0.366924324583826
-0.791180597415936	-0.853470171471477	-0.612001556592755	-0.364573444355805
-0.784561015415189	-0.856685032360847	-0.605422563713432	-0.356406737801109
-0.777941433414442	-0.847881860228697	-0.600764802344598	-0.353940076006317
-0.771321851413695	-0.841696202887228	-0.598370233026535	-0.350464953004817
-0.764702269412947	-0.845069466539927	-0.592144764979223	-0.342313013432187
-0.7580826874122	-0.836114319937707	-0.589582200341117	-0.338872972380796
-0.751463105411453	-0.830154981179674	-0.585802522035185	-0.337341612758838
-0.744843523410706	-0.827235396526954	-0.580304389210227	-0.331688092283238
-0.738223941409959	-0.821491136206338	-0.577319681016642	-0.326219302754144
-0.731604359409212	-0.820135263265994	-0.571769520469297	-0.327273110357078
-0.724984777408465	-0.814585628405916	-0.568124051560968	-0.321308611947091
-0.718365195407718	-0.807253018789302	-0.564261485159071	-0.315599584866996
-0.711745613406971	-0.804390792187901	-0.560013854908437	-0.309466671953984
-0.705126031406224	-0.802472105457383	-0.556611587521173	-0.309788203856322
-0.698506449405476	-0.797545328476882	-0.550279689799763	-0.303799905019251
-0.691886867404729	-0.793238564815041	-0.548416924500952	-0.302464532827217
-0.685267285403982	-0.786880626259657	-0.542409417702249	-0.293595449405644
-0.678647703403235	-0.784276355722953	-0.538501181152092	-0.288656502882439
-0.672028121402488	-0.780717747124464	-0.531227402305464	-0.281387894564797
-0.665408539401741	-0.779518908846506	-0.53043511599804	-0.282335331006005
-0.658788957400994	-0.772667763931971	-0.525286148731942	-0.276177214934885
-0.652169375400247	-0.767019052909854	-0.525629847205962	-0.278268429166045
-0.6455497933995	-0.760122022403248	-0.516391370792986	-0.268206093084916
-0.638930211398753	-0.758883656241916	-0.511383086993601	-0.266747070835889
-0.632310629398005	-0.751222220654405	-0.506043822838434	-0.268682107197473
-0.625691047397258	-0.752063237109704	-0.50294915492219	-0.260742715970019
-0.619071465396511	-0.748347566755664	-0.502588204842127	-0.253070271900477
-0.612451883395764	-0.741716473990136	-0.496755253204684	-0.251470302175727
-0.605832301395017	-0.739797522309934	-0.493237882857787	-0.246637302352182
-0.59921271939427	-0.735683174986758	-0.488767472675607	-0.241483815339261
-0.592593137393523	-0.727522504883129	-0.482519507601839	-0.235563272972941
-0.585973555392776	-0.723860790849997	-0.479743775034765	-0.237112823310439
-0.579353973392029	-0.721017734277731	-0.475459552515954	-0.233859585526708
-0.572734391391281	-0.721082043302244	-0.472995852216497	-0.229237471049034
-0.566114809390534	-0.714284069205846	-0.467482993902097	-0.221396821360466
-0.559495227389787	-0.710096208010102	-0.463949410588813	-0.22088678348854
-0.55287564538904	-0.70573789807414	-0.457560316101735	-0.21100956006958
-0.546256063388293	-0.700818986189049	-0.454278635643929	-0.208491344388702
-0.539636481387546	-0.696509881945854	-0.451532259709745	-0.205596484523565
-0.533016899386799	-0.693953757242243	-0.446838501246436	-0.202405764121194
-0.526397317386052	-0.688648806367828	-0.445037688931207	-0.194513367918724
-0.519777735385305	-0.685052206295543	-0.437887538154454	-0.195220271903836
-0.513158153384558	-0.682831045110751	-0.434305542397681	-0.188813041990427
-0.50653857138381	-0.677977960502888	-0.431345651818283	-0.189346572833294
-0.499918989383063	-0.672326945601769	-0.42672277445353	-0.182731217925047
-0.493299407382316	-0.66968871956213	-0.421901731275901	-0.176886404440891
-0.486679825381569	-0.661646980490779	-0.41758358380552	-0.170604830925349
-0.480060243380822	-0.659612854414637	-0.414996783402207	-0.167081609208229
-0.473440661380075	-0.651669534218758	-0.409048020305253	-0.164108345402359
-0.466821079379328	-0.653950973382046	-0.406225667396158	-0.162941814932182
-0.460201497378581	-0.649192987354708	-0.402109953675173	-0.156151421002234
-0.453581915377834	-0.64011245486308	-0.398884685630486	-0.151554541423941
-0.446962333377086	-0.638732284968064	-0.393093878112319	-0.149567239853326
-0.440342751376339	-0.636227801924978	-0.388153985222619	-0.140200036892217
-0.433723169375592	-0.629995590142002	-0.383731563747763	-0.140709552645664
-0.427103587374845	-0.626892820025656	-0.380053016759085	-0.138614598612952
-0.420484005374098	-0.622129118278849	-0.375886818917533	-0.131909429131027
-0.413864423373351	-0.619102059282588	-0.371892767647902	-0.126644875659005
-0.407244841372604	-0.617006326982095	-0.366440481857314	-0.122118589732007
-0.400625259371857	-0.605209928288409	-0.36407470232382	-0.114495651108837
-0.39400567737111	-0.606281064948789	-0.359650428120553	-0.114618578846344
-0.387386095370363	-0.598518293394428	-0.356839884021289	-0.112850714404431
-0.380766513369615	-0.601005010573897	-0.353040604566933	-0.106671209190062
-0.374146931368868	-0.587640941876786	-0.347780114631962	-0.101160356915157
-0.367527349368121	-0.593940409628929	-0.34197925021696	-0.100462930725669
-0.360907767367374	-0.579251335627076	-0.33941084706177	-0.09537406756967
-0.354288185366627	-0.579001816480782	-0.332452420669503	-0.0871421342230584
-0.34766860336588	-0.575039916080153	-0.330636094880864	-0.0848588137196927
-0.341049021365133	-0.569532780760425	-0.325053784302693	-0.0839941475165429
-0.334429439364386	-0.568359148868847	-0.321835512560837	-0.0769222125850822
-0.327809857363639	-0.563788966107149	-0.318020829996111	-0.070031904984561
-0.321190275362892	-0.55418602076203	-0.313663387154593	-0.0726469368795254
-0.314570693362144	-0.553459877248232	-0.308011763147774	-0.0622618298570743
-0.307951111361397	-0.548907170334066	-0.305378273951963	-0.0614531039466514
-0.30133152936065	-0.545889815334403	-0.301357315032093	-0.055079338342991
-0.294711947359903	-0.544993340437612	-0.295871151899483	-0.0520284744748848
-0.288092365359156	-0.53869330153534	-0.293600690366391	-0.0462132185086171
-0.281472783358409	-0.533399995257114	-0.289452136853587	-0.0396596256753253
-0.274853201357662	-0.528122902592394	-0.283673784000159	-0.0429550086970827
-0.268233619356915	-0.52436274970343	-0.28105503977012	-0.0310375606492258
-0.261614037356168	-0.518453714446483	-0.27496649466432	-0.0249093839925103
-0.254994455355421	-0.517859132693322	-0.272220723325822	-0.0263191377484915
-0.248374873354674	-0.509996791166711	-0.267128196373523	-0.0184041615720142
-0.241755291353926	-0.508342332345891	-0.26132950929095	-0.0176975434426974
-0.235135709353179	-0.504021877980162	-0.260852366818894	-0.014987428409713
-0.228516127352432	-0.498614940559949	-0.256163672830999	-0.00922026761092071
-0.221896545351685	-0.494911266352306	-0.250702973069314	-0.00483232131120005
-0.215276963350938	-0.495130080545656	-0.24742255087932	-0.000629589668508309
-0.208657381350191	-0.490364497052818	-0.24342715530298	0.00393401618347043
-0.202037799349444	-0.48418798877498	-0.239241318367012	0.00774178918077676
-0.195418217348697	-0.473141234894454	-0.234247116706052	0.00847877670215056
-0.18879863534795	-0.479321805999505	-0.230014729755905	0.0137066145644631
-0.182179053347203	-0.470670461608225	-0.225656751684192	0.0184455182104687
-0.175559471346455	-0.467714387488019	-0.222530405143859	0.0214468017536545
-0.168939889345708	-0.461366379741561	-0.217494494732998	0.0300689678963476
-0.162320307344961	-0.459711906476108	-0.213775308708778	0.0315613922426686
-0.155700725344214	-0.456000764827344	-0.208994313874484	0.0385366609652875
-0.149081143343467	-0.449744966599982	-0.204848743708114	0.0392740519655385
-0.14246156134272	-0.445665028400639	-0.2021090485342	0.040700818148963
-0.135841979341973	-0.439380940283754	-0.19588249514505	0.0463410815082953
-0.129222397341226	-0.43488476319845	-0.188971880114762	0.0541183188537036
-0.122602815340479	-0.43236316104838	-0.187526593445904	0.0542578406935156
-0.115983233339731	-0.428433365640069	-0.182261882030658	0.0569712330813746
-0.109363651338984	-0.427264170138915	-0.177590507345809	0.0683327279798924
-0.102744069338237	-0.417682960792115	-0.174818047159147	0.0676023590084818
-0.09612448733749	-0.417322128602581	-0.171986898934305	0.0708116482313055
-0.0895049053367429	-0.411757801701709	-0.16790275580742	0.0768266172153223
-0.0828853233359959	-0.405982433200794	-0.162808645202733	0.082451466560735
-0.0762657413352488	-0.404613510536595	-0.158911320544169	0.083087465913449
-0.0696461593345017	-0.399519385711232	-0.156780898288612	0.0875713293793445
-0.0630265773337546	-0.396836029033977	-0.152141841693378	0.0910497602689856
-0.0564069953330075	-0.388717205665537	-0.146790546947008	0.094707976435857
-0.0497874133322604	-0.387222541166008	-0.143936209824214	0.102590119634433
-0.0431678313315134	-0.381730629477604	-0.139401403379221	0.105393143310451
-0.0365482493307663	-0.376605550138759	-0.13446889624043	0.114820935227064
-0.0299286673300192	-0.375409959164725	-0.129472328679891	0.11611585380189
-0.0233090853292719	-0.368680117083777	-0.125509070364482	0.122003250641377
-0.0166895033285248	-0.366901117149516	-0.12131864601078	0.121547566329627
-0.0100699213277777	-0.360445992468745	-0.119698783215453	0.127499976091281
-0.00345033932703065	-0.357127833543232	-0.112944965308128	0.127907390556801
0.00316924267371643	-0.355081324489827	-0.109754013456818	0.135369606220922
0.00978882467446351	-0.347947330755193	-0.106104079844811	0.140466076430198
0.0164084066752106	-0.343417706748712	-0.101170818518166	0.144491117547914
0.0230279886759577	-0.345422178311872	-0.097905193738797	0.142925181461438
0.0296475706767048	-0.334391384535949	-0.0923891693587195	0.153322397110464
0.0362671526774518	-0.328730337447602	-0.0865342667591464	0.157269610426387
0.0428867346781989	-0.328391816158723	-0.0847064044755173	0.159155340936722
0.0495063166789462	-0.320671526716573	-0.0811511190634049	0.165492282838731
0.0561258986796933	-0.317644968045656	-0.0737641066926852	0.170436820389311
0.0627454806804404	-0.316537626720744	-0.072080682217923	0.169473496353358
0.0693650626811875	-0.31048294744806	-0.0681562584467158	0.181086504698373
0.0759846446819346	-0.305908532736818	-0.0644430573967753	0.177285125924611
0.0826042266826816	-0.302156491926614	-0.0573925688031632	0.187401531380559
0.0892238086834287	-0.301516452595992	-0.0560314132741001	0.183860024488374
0.0958433906841758	-0.294600934448718	-0.0500185287417511	0.190176728372439
0.102462972684923	-0.291567942765874	-0.0473985725548653	0.194134403891955
0.10908255468567	-0.286274277119249	-0.0434799201090171	0.206049998865545
0.115702136686417	-0.279594694782914	-0.0363219445261113	0.207306774604369
0.122321718687164	-0.278094614016312	-0.03355772270616	0.213714290661166
0.128941300687911	-0.281561651965857	-0.0312696905126274	0.205823293251533
0.135560882688659	-0.268051136710987	-0.0253035519146123	0.217256220916854
0.142180464689405	-0.265652286019765	-0.0210011039436942	0.220146122021118
0.148800046690153	-0.263907406897722	-0.0166686358348191	0.226879939207694
0.1554196286909	-0.263898781340703	-0.0142432953062351	0.230974549673038
0.162039210691647	-0.253415195580544	-0.00744580708416005	0.236713327883735
0.168658792692394	-0.249539413220133	-0.00609507439520042	0.241912404538986
0.175278374693141	-0.240273545801197	-0.00161945230984702	0.246015096787543
0.181897956693888	-0.242542599332045	0.00271183148276487	0.24746745543837
0.188517538694635	-0.23754860526379	0.00549715577965758	0.251510109243886
0.195137120695382	-0.231250970825347	0.010433385739396	0.257270545956471
0.201756702696129	-0.226562472264274	0.0152851137201018	0.257153254053473
0.208376284696877	-0.225217414849255	0.0194178136970773	0.260598264750922
0.214995866697623	-0.219297746160884	0.0249396676227611	0.265914073653847
0.221615448698371	-0.217699833972937	0.0275379632444585	0.274210348577586
0.228235030699118	-0.206880218178314	0.0348103453979814	0.273025847968847
0.234854612699865	-0.207058887034525	0.0390048745155685	0.280871108387594
0.241474194700612	-0.202300024035024	0.0406142720259431	0.287142176369098
0.248093776701359	-0.199204441689351	0.0433462638709307	0.287398122887475
0.254713358702106	-0.192655672565488	0.0517547113143205	0.296000732665096
0.261332940702853	-0.187372594103195	0.0526394526591723	0.296958085298079
0.267952522703601	-0.183667853106241	0.0570590547125518	0.297194469430887
0.274572104704347	-0.185395739124542	0.0610287440062105	0.302983145959278
0.281191686705095	-0.177697696594544	0.0646817179225009	0.310216656537831
0.287811268705842	-0.176464611462625	0.0682165093210678	0.310123774433133
0.294430850706589	-0.168641186968937	0.0726493730430939	0.317644093096479
0.301050432707336	-0.166280594846216	0.0783908702083281	0.324318576396042
0.307670014708083	-0.164464043964412	0.0822699122822947	0.324886329149352
0.31428959670883	-0.157967910688695	0.0868741470577498	0.332312569002488
0.320909178709577	-0.154207520112843	0.0905622570680699	0.333205155236649
0.327528760710325	-0.148654906539849	0.0955128759435168	0.335802916020924
0.334148342711071	-0.137459925358633	0.0983945848946019	0.343896731554295
0.340767924711819	-0.139702228698851	0.10244317844388	0.345817080942787
0.347387506712566	-0.133579321764843	0.109450456014685	0.350603964531445
0.354007088713313	-0.129414951834955	0.111013213031514	0.358701254442825
0.36062667071406	-0.128078556750917	0.115712392346954	0.358385162106303
0.367246252714807	-0.124039047042744	0.120020235576373	0.366713238391379
0.373865834715554	-0.116971577646506	0.124941977357171	0.366204686112842
0.380485416716301	-0.118665481679922	0.1275301565078	0.373195780656158
0.387104998717049	-0.109558344972553	0.13236515197142	0.373589419310061
0.393724580717795	-0.105257716742585	0.135939907329308	0.379509599565867
0.400344162718543	-0.100166884952358	0.141092931858166	0.383776993751186
0.40696374471929	-0.0970574688622513	0.145196938492375	0.383575784408768
0.413583326720037	-0.0922196582422282	0.150780122779963	0.390661174634881
0.420202908720784	-0.0909529724262063	0.152421092991018	0.395571091195987
0.426822490721531	-0.084627452898203	0.157258914154692	0.400564799921008
0.433442072722278	-0.0811069912812187	0.161233906161757	0.407156824010893
0.440061654723025	-0.0810033189605234	0.166040552836544	0.412286290637866
0.446681236723772	-0.0758869654720708	0.169052287621329	0.411567206271777
0.453300818724519	-0.069765897028251	0.174138329981555	0.416186872737268
0.459920400725267	-0.0667218983690179	0.180735680609279	0.420076341348866
0.466539982726013	-0.0585116859564104	0.182567407112411	0.424523903925982
0.473159564726761	-0.0534604593925753	0.186642570815804	0.432265503242816
0.479779146727508	-0.0508654420304188	0.191058510258069	0.429455717735171
0.486398728728255	-0.0476604393180702	0.194776487632757	0.440006132704436
0.493018310729002	-0.0430740529928043	0.198883987626746	0.441781966283798
0.499637892729749	-0.0366015821479252	0.203975506214609	0.442994789907894
0.506257474730496	-0.0318307754457448	0.207214028017885	0.455045644215148
0.512877056731243	-0.0327050837520551	0.211494993325892	0.451859782356347
0.51949663873199	-0.0231468866395675	0.216451922651248	0.461252334510269
0.526116220732737	-0.0225010131240773	0.221347863596282	0.46208042494153
0.532735802733485	-0.0203759308215137	0.222520929950741	0.465641014807713
0.539355384734232	-0.0139597269815125	0.227671168230522	0.469473849981672
0.545974966734979	-0.0145886589583021	0.232484494128867	0.473010666469093
0.552594548735726	-0.00487217143524715	0.23736199514245	0.479004611227733
0.559214130736473	-0.00162661842815287	0.239502052776042	0.485578002371523
0.56583371273722	0.00149267636403646	0.245156749937547	0.491669466306328
0.572453294737967	0.00331535780340278	0.250339447947182	0.494005089192543
0.579072876738714	0.0122796184614154	0.25301105289794	0.49260150617642
0.585692458739461	0.00876150451691789	0.258299424054686	0.502658069098534
0.592312040740208	0.020544554599361	0.263049785987831	0.503121398536879
0.598931622740956	0.0238140801460903	0.267216249721524	0.507662079800124
0.605551204741703	0.026127061802165	0.270349856344907	0.512977467371197
0.61217078674245	0.034011214804755	0.273747338876484	0.518478693957674
0.618790368743197	0.0351642615604531	0.278852725507133	0.520732407350843
0.625409950743944	0.0392719252199196	0.282129516472034	0.525849948560887
0.632029532744691	0.0423723196805066	0.287625612192026	0.53073301326853
0.638649114745438	0.0495407040904047	0.290689622960016	0.533286403928978
0.645268696746185	0.0543425588675327	0.295490479493133	0.539704475469894
0.651888278746932	0.0574726980601865	0.300747548857625	0.539716014786152
0.65850786074768	0.0593888347350026	0.30491111443955	0.54758403418421
0.665127442748426	0.0683957759456015	0.30636444749602	0.549465720202046
0.671747024749174	0.0647585158841887	0.311098912126531	0.550256619991527
0.678366606749921	0.0711742171479459	0.315570227191974	0.559581754253026
0.684986188750668	0.0764360881160255	0.321386721536748	0.560316028842265
0.691605770751415	0.0812924101078762	0.324799395147524	0.564825197571622
0.698225352752162	0.0843845535428512	0.327075249910227	0.571479936800647
0.704844934752909	0.0876874701423316	0.332195963259787	0.574103861243425
0.711464516753656	0.0947646349662474	0.339408805777808	0.580321212878768
0.718084098754403	0.0954089876032889	0.340879871748578	0.584680221508087
0.72470368075515	0.101204994327272	0.346629076123778	0.588921270262401
0.731323262755898	0.106045210407134	0.349495402863665	0.594253895022862
0.737942844756645	0.108720137900171	0.353788061111683	0.599719013998469
0.744562426757392	0.115969703672189	0.357809780823578	0.601047059824993
0.751182008758139	0.118680816492189	0.36161407072735	0.601318135437924
0.757801590758886	0.124166119019394	0.364799369629875	0.60835592079223
0.764421172759633	0.129374017812543	0.36979512551059	0.614340914404952
0.77104075476038	0.130396972603276	0.372416620718582	0.614721820698614
0.777660336761127	0.139058165461104	0.37750247282469	0.618311513261934
0.784279918761874	0.143086988080533	0.38271131758467	0.623057827095227
0.790899500762622	0.143925846273995	0.384372661261565	0.625287552693765
0.797519082763368	0.149371433833701	0.3907815728795	0.63457968912436
0.804138664764116	0.151198808011426	0.393552867515992	0.639059195349314
0.810758246764863	0.156660322242211	0.400421676468154	0.64577360692602
0.81737782876561	0.162581067386106	0.404793596736917	0.649556474968402
0.823997410766357	0.165836055012315	0.407854800632417	0.648935123971108
0.830616992767104	0.168732213659693	0.412525098743461	0.655092124100344
0.837236574767851	0.173261001846892	0.415947041677416	0.656113748891077
0.843856156768598	0.177912045461808	0.420943981607064	0.66599911178016
0.850475738769346	0.181576951645317	0.42591273503905	0.668201851890676
0.857095320770092	0.18700215048932	0.428621174755526	0.673551394642866
0.86371490277084	0.193350807524372	0.433517931214898	0.675736339778699
0.870334484771587	0.192558967794895	0.435114037776345	0.677060763298903
0.876954066772334	0.201090716165351	0.442049706512442	0.683162566702024
0.883573648773081	0.201608998928618	0.446694761216897	0.684190281452995
0.890193230773828	0.204996407926617	0.451075907227601	0.693158691454185
0.896812812774575	0.21051985903918	0.452338513494859	0.690777070343484
0.903432394775322	0.212600556980443	0.457030509304927	0.698918571860994
0.91005197677607	0.218674769215442	0.460191705403305	0.703814925622292
0.916671558776816	0.223635936851897	0.466289509533136	0.713093894156021
0.923291140777564	0.224564286501978	0.469665941090588	0.712173343743698
0.929910722778311	0.225927393625483	0.474629661319832	0.71596297109144
0.936530304779058	0.240157081681834	0.479187148015061	0.723090564880431
0.943149886779805	0.244878508223919	0.484116443744513	0.723306764314641
0.949769468780552	0.246682060897167	0.487647873759366	0.732913546969921
0.956389050781299	0.249021450885118	0.489895505130902	0.728842125138211
0.963008632782046	0.252834973455525	0.495668461441799	0.735207222330378
0.969628214782793	0.255337659162568	0.497876505985879	0.74781249085138
0.97624779678354	0.259093360362644	0.505702045393401	0.747154641848648
0.982867378784288	0.266535658687576	0.506889924665179	0.746549671852006
0.989486960785035	0.272849320981408	0.513600239671399	0.755229135309859
0.996106542785782	0.273809142066443	0.516650058527011	0.761414812904641
1.00272612478653	0.281296995555317	0.521881638392067	0.761356320297492
1.00934570678728	0.282719012953706	0.523277396301309	0.765825109079642
1.01596528878802	0.290490913355209	0.5281938475244	0.773753084903231
1.02258487078877	0.293049621821964	0.531855885405274	0.775684046048302
1.02920445278952	0.293388776142991	0.535544457972228	0.779416183413842
1.03582403479026	0.299513678913992	0.543178883159488	0.783271854286366
1.04244361679101	0.301444300008489	0.54513752793558	0.787563957256508
1.04906319879176	0.30476587577669	0.549809719116612	0.793940302342104
1.05568278079251	0.311943483279409	0.55374870535625	0.795022513287454
1.06230236279325	0.315722247231756	0.556276065757522	0.801943206659369
1.068921944794	0.32236725261466	0.560818126637772	0.807914882729421
1.07554152679475	0.323233369862555	0.566263407095753	0.811572646631233
1.08216110879549	0.326275981058242	0.571215519003757	0.813193136630294
1.08878069079624	0.335225207700666	0.573558056354622	0.813847328889244
1.09540027279699	0.333763117713999	0.578371555915313	0.81818135717021
1.10201985479774	0.343363429560867	0.582523437952853	0.826057029290526
1.10863943679848	0.343205622055601	0.585261773052101	0.831808661445618
1.11525901879923	0.346113650318445	0.59208219864117	0.83308644836479
1.12187860079998	0.353758635840664	0.593646553227889	0.838322200333158
1.12849818280072	0.359582273041046	0.59855849661078	0.840475910012795
1.13511776480147	0.360347263589873	0.603294314861469	0.846096562402048
1.14173734680222	0.368408991651903	0.607544426011382	0.848125296643573
1.14835692880296	0.365190935352909	0.610405351162124	0.853473610156727
1.15497651080371	0.373794790079629	0.616618026169199	0.860426322880193
1.16159609280446	0.373643295822826	0.618325218964526	0.864940478029022
1.16821567480521	0.380534227202875	0.623936835513996	0.86832076406232
1.17483525680595	0.388882809462199	0.628281963961664	0.873223530631296
1.1814548388067	0.387514934124737	0.632242510539572	0.876612455819226
1.18807442080745	0.39159361196515	0.63564700581344	0.881795885341172
1.19469400280819	0.396431403224382	0.640785130897788	0.881780685437076
1.20131358480894	0.403036263706785	0.645697670290073	0.886456320537982
1.20793316680969	0.405958475669982	0.650387413519883	0.890845450003778
1.21455274881044	0.412112712143486	0.654942319660476	0.897970118040019
1.22117233081118	0.412574901876479	0.656306776196155	0.89806514027147
1.22779191281193	0.422298705134303	0.662879784451368	0.90226113221544
1.23441149481268	0.422972440650891	0.666425475861399	0.907861316220901
1.24103107681342	0.425760914368455	0.670798101911335	0.911152952135328
1.24765065881417	0.42812317553524	0.673596585855898	0.919767870294102
1.25427024081492	0.435393442564389	0.677678405128978	0.917836225298996
1.26088982281567	0.441452886255632	0.683395155377328	0.923268880682853
1.26750940481641	0.446209627674476	0.686577604331078	0.928771244583071
1.27412898681716	0.447370851998383	0.689461776844011	0.934112928964143
1.28074856881791	0.453288275364865	0.696892843514045	0.944075659025237
1.28736815081865	0.456050622253872	0.700481879554954	0.94440434263315
1.2939877328194	0.459450911626395	0.700900852426236	0.944419704634488
1.30060731482015	0.462640084634041	0.70624689339741	0.950115406385806
1.3072268968209	0.465598067781281	0.710198919131121	0.957967053976113
1.31384647882164	0.47330557173972	0.716620057401909	0.960687292450702
1.32046606082239	0.473137013392253	0.715603143527703	0.963727022743249
1.32708564282314	0.476857912778598	0.724071874053554	0.970303852153371
1.33370522482388	0.484656503413177	0.729358711358566	0.967289851926497
1.34032480682463	0.489411381759535	0.729872078714679	0.975496204848333
1.34694438882538	0.495247134860956	0.735562836314304	0.979792763242978
1.35356397082613	0.498804192957494	0.741689628815579	0.985763833659391
1.36018355282687	0.50385909197631	0.746217806924621	0.992727403364908
1.36680313482762	0.506678325801987	0.750184082470429	0.991796529982256
1.37342271682837	0.512487001045858	0.753799648948867	0.997218113400599
1.38004229882911	0.514956284794814	0.757120312395529	1.00049710109985
1.38666188082986	0.52215159386387	0.760638877070846	1.00225195821955
1.39328146283061	0.522648561048815	0.765924468884103	1.00930233421865
1.39990104483135	0.527160509869158	0.770171379377768	1.00931715502752
1.4065206268321	0.532751474633591	0.772282044839553	1.01482650525406
1.41314020883285	0.534345122377116	0.780942802136574	1.02593870784737
1.4197597908336	0.542588105229816	0.78381199966698	1.02462252385907
1.42637937283434	0.542468122202972	0.785650920532861	1.03267421488626
1.43299895483509	0.549082277837804	0.792524317726421	1.03794298655362
1.43961853683584	0.550645192757696	0.796414212634222	1.03898044152103
1.44623811883658	0.556013986166813	0.798759175194419	1.04180554843474
1.45285770083733	0.559400296633234	0.804170929320543	1.05182270740373
1.45947728283808	0.566407349797064	0.809024237522964	1.05118474516983
1.46609686483883	0.570114948800993	0.810473027040463	1.0536906133295
1.47271644683957	0.573926246153506	0.816493905577782	1.05836062189693
1.47933602884032	0.576958666445496	0.820070070904557	1.06208634263138
1.48595561084107	0.583549805289764	0.825923467223074	1.06918445666277
1.49257519284181	0.581514905263232	0.828548985601998	1.07154043345561
1.49919477484256	0.587546649649565	0.834332904414762	1.0792199595716
1.50581435684331	0.589511073058856	0.836731457284265	1.07827474224496
1.51243393884406	0.600041636876578	0.841212897690737	1.08782999955033
1.5190535208448	0.601257214221304	0.843438420779811	1.08621400673981
1.52567310284555	0.605433938192682	0.849542038747002	1.09321024655039
1.5322926848463	0.610097009593748	0.853141460709604	1.09652696221632
1.53891226684704	0.61740770350403	0.855996257438736	1.10060050372717
1.54553184884779	0.615952237644991	0.861784420219049	1.10631256481661
1.55215143084854	0.619822958400757	0.866106095063286	1.10870380307262
1.55877101284929	0.626847396184498	0.868785898485084	1.11170006576564
1.56539059485003	0.629143996866638	0.874747991245867	1.11083124094764
1.57201017685078	0.635108925373323	0.878169057170466	1.12049859467239
1.57862975885153	0.638000715643265	0.881976150976047	1.12368447404493
1.58524934085227	0.644165664689717	0.885990110947238	1.12893282337939
1.59186892285302	0.646448517645545	0.890032229580906	1.13429228188621
1.59848850485377	0.652574299076067	0.894629126681392	1.13870097837232
1.60510808685452	0.656211574972999	0.900165262753483	1.14303408597754
1.61172766885526	0.661548932369196	0.905241296730182	1.14668112828763
1.61834725085601	0.664554829937091	0.90851189728	1.14736168030512
1.62496683285676	0.671468713092173	0.912694141509674	1.15654116584796
1.6315864148575	0.671274020682607	0.915842366275162	1.16036557060599
1.63820599685825	0.676687848969396	0.919675821030006	1.16335761582199
1.644825578859	0.683758315963484	0.923712052726796	1.16413548858301
1.65144516085974	0.687369230219833	0.929072284391899	1.17317171725636
1.65806474286049	0.686510312481157	0.931640466726414	1.17361796894028
1.66468432486124	0.695084792927825	0.935766793544078	1.17505549406861
1.67130390686199	0.696706629039129	0.940767682412948	1.18270308067521
1.67792348886273	0.700887404081692	0.944962970743807	1.18830593525207
1.68454307086348	0.706805612574728	0.949752155390107	1.19430234866163
1.69116265286423	0.709798105645348	0.954373931203359	1.19677590711321
1.69778223486497	0.714348324733183	0.957457845266265	1.19686726010893
1.70440181686572	0.718449415896871	0.96203287967246	1.20201351591419
1.71102139886647	0.720724614018084	0.966695276638101	1.2074751563369
1.71764098086722	0.72802317749486	0.971705988380848	1.21160469092579
1.72426056286796	0.729199292629871	0.973000524672853	1.21785648866915
1.73088014486871	0.730884001406295	0.979179099102085	1.22338790206101
1.73749972686946	0.739190383653708	0.982188661652365	1.22898086131108
1.7441193088702	0.745980976726856	0.987728286019551	1.23523515539965
1.75073889087095	0.750765328785737	0.991187290331064	1.23761799117954
1.7573584728717	0.752000872019466	0.993505750170498	1.24030780916174
1.76397805487245	0.751263766276415	0.998877374416078	1.24300025321566
1.77059763687319	0.756513090749635	1.00405511370899	1.24329548473165
1.77721721887394	0.767315611047919	1.00790081244176	1.25278874174703
1.78383680087469	0.766015692800615	1.01159755255995	1.26256492679421
1.79045638287543	0.773294866066896	1.01543858948711	1.25997831711023
1.79707596487618	0.776790258648945	1.02061548541969	1.26641879463662
1.80369554687693	0.779953481231157	1.02546261182928	1.26648788724468
1.81031512887768	0.783709844305234	1.02813103735101	1.27333651078795
1.81693471087842	0.783518566993908	1.03284562976376	1.2743231195874
1.82355429287917	0.792452095040809	1.03730020952421	1.27681945031922
1.83017387487992	0.794433550360269	1.04014373081455	1.28661593940123
1.83679345688066	0.802432677768957	1.04493955204039	1.2874673439322
1.84341303888141	0.806377290090731	1.04828136587256	1.28974808273178
1.85003262088216	0.80768224228579	1.05193175586709	1.29269228681953
1.85665220288291	0.815186102848937	1.05824413669126	1.30212774408576
1.86327178488365	0.816176641075815	1.06131372567522	1.3070683248441
1.8698913668844	0.826308076429642	1.06771980294387	1.30669511586646
1.87651094888515	0.823357047868669	1.07091112407692	1.31856412806392
1.88313053088589	0.832942055110814	1.07498119385144	1.31830975526868
1.88975011288664	0.830428192202271	1.07716435538048	1.32148456366259
1.89636969488739	0.835786468002568	1.08264125640633	1.32749594949945
1.90298927688813	0.838074717133541	1.08718560296721	1.33041628781238
1.90960885888888	0.847557264239239	1.09122265272251	1.33684033788213
1.91622844088963	0.84977570952407	1.09547359883822	1.34055097996132
1.92284802289038	0.857633315113536	1.10147493873659	1.34087832674574
1.92946760489112	0.85908017368314	1.1027055808618	1.34262098331457
1.93608718689187	0.86501529030489	1.10865649661574	1.35316905255892
1.94270676889262	0.864553626969473	1.11277748175709	1.35588038096986
1.94932635089336	0.872766283261573	1.11556763524987	1.36191432092982
1.95594593289411	0.878613626369128	1.12005579586389	1.35980763389322
1.96256551489486	0.881584447445995	1.12382857454428	1.37149975722503
1.96918509689561	0.884460286872223	1.12872810139331	1.36813828316102
1.97580467889635	0.888064010592826	1.13133865693571	1.37286348584555
1.9824242608971	0.892614204096461	1.1359266772158	1.37706527277909
1.98904384289785	0.89638568211432	1.13942034331229	1.38673955422462
1.99566342489859	0.89908329335793	1.14481400027836	1.38899954995234
2.00228300689934	0.901482378033454	1.14931192125249	1.39387107588887
2.00890258890009	0.909387343224622	1.15358115547364	1.3960135555819
2.01552217090084	0.915176920943497	1.15680195538134	1.39914081423794
2.02214175290158	0.917994100380708	1.16254656447073	1.40660662771524
2.02876133490233	0.9190200888022	1.1650980709925	1.4083236769786
2.03538091690308	0.925429254188075	1.17001135012823	1.41264510449444
2.04200049890382	0.925516648968601	1.17393973643581	1.41837883999103
2.04862008090457	0.932732102682573	1.17871475509757	1.4241882682965
2.05523966290532	0.938935916920729	1.18178804103949	1.42945613596795
2.06185924490606	0.943140702278608	1.18488419836042	1.42968227533292
2.06847882690681	0.945944251357492	1.19222157895418	1.43208685594685
2.07509840890756	0.94974470791485	1.19599044240052	1.44158934532495
2.08171799090831	0.953323524875051	1.19941922519872	1.44109904873761
2.08833757290905	0.957866978169939	1.20397202854613	1.44946973253614
2.0949571549098	0.965572436799438	1.20924497526002	1.44859412289631
2.10157673691055	0.961463999635528	1.21449365761645	1.46089989247197
2.10819631891129	0.968664128754151	1.21618754077957	1.46070495254546
2.11481590091204	0.975150803117873	1.22081214882253	1.46381499461787
2.12143548291279	0.978455102145605	1.22471418486504	1.47223103736794
2.12805506491354	0.983000958658334	1.22908261862098	1.47274460990476
2.13467464691428	0.989718382666618	1.23095902305392	1.47844874148374
2.14129422891503	0.992590688810606	1.23515223070656	1.48349775798641
2.14791381091578	0.998773419736828	1.24155607108997	1.48171946907865
2.15453339291652	0.999003748178062	1.2453511147097	1.48620193494627
2.16115297491727	1.00533219271127	1.2495213017125	1.49551489662185
2.16777255691802	1.01364148647531	1.25328968883429	1.49604561483124
2.17439213891877	1.01330713362296	1.25553098679389	1.50676338103297
2.18101172091951	1.01652988471901	1.26338164160005	1.51089080027392
2.18763130292026	1.02015921991068	1.26707074305799	1.51607956595583
2.19425088492101	1.02834029412561	1.26999589915957	1.51372674902266
2.20087046692175	1.0286105998771	1.27519783850515	1.51802039966302
2.2074900489225	1.03577260810642	1.27912474197557	1.52219037738396
2.21410963092325	1.04033325669029	1.28431099426143	1.52567393061739
2.220729212924	1.04502809070521	1.2844454485993	1.52862362556721
2.22734879492474	1.04868468006383	1.29127413381538	1.53709855768027
2.23396837692549	1.05432821608515	1.29629123413836	1.53894996279863
2.24058795892624	1.05738249043251	1.29798612843323	1.54277332568304
2.24720754092698	1.05893236685439	1.30396708937208	1.54976093242134
2.25382712292773	1.06349184563204	1.30665847726359	1.55039069637514
2.26044670492848	1.06287188620179	1.31348378637164	1.56056200647054
2.26706628692923	1.07068935547026	1.31677725260902	1.56403458296545
2.27368586892997	1.07525694416319	1.32155450536773	1.5652535952738
2.28030545093072	1.08098030978745	1.32516405114018	1.56786710412467
2.28692503293147	1.08815819809549	1.33058713700828	1.57728561342112
2.29354461493221	1.0910373449724	1.33216590824031	1.57746380376292
2.30016419693296	1.0933879265131	1.33577063804596	1.58262281021553
2.30678377893371	1.09744415681539	1.34135154363477	1.58450980911243
2.31340336093446	1.10105039208208	1.34598903886208	1.59443414238884
2.3200229429352	1.10591146186807	1.35013460724481	1.59439882316858
2.32664252493595	1.10903407039448	1.35447559532015	1.59678044703248
2.3332621069367	1.11054348495823	1.35681602622157	1.60140828310917
2.33988168893744	1.11693921854618	1.36495874897396	1.60772197036678
2.34650127093819	1.12385148267733	1.36548887738962	1.61107774215693
2.35312085293894	1.12308208556197	1.37090369639126	1.61353027064703
2.35974043493968	1.12651341425012	1.37381217024112	1.61582356371697
2.36636001694043	1.1329062872232	1.37873178815862	1.62300634711605
2.37297959894118	1.13665062281602	1.38236050542899	1.62877296752895
2.37959918094193	1.14262357977222	1.38770377250094	1.63411310195259
2.38621876294267	1.14589437324078	1.39094874977772	1.63792002701328
2.39283834494342	1.15008513129605	1.39441548080241	1.63915619457376
2.39945792694417	1.15142820702459	1.3999310307051	1.64170720046907
2.40607750894491	1.16087783975331	1.40440446358823	1.6483056761695
2.41269709094566	1.16086259130843	1.40717808747423	1.64998807069798
2.41931667294641	1.16061740597498	1.41241930325233	1.65752766862631
2.42593625494716	1.17080371273015	1.41448212652089	1.66305589920256
2.4325558369479	1.18010951426509	1.42243284478328	1.66419832046577
2.43917541894865	1.17863085835339	1.42717476262228	1.67262867426099
2.4457950009494	1.18452523846748	1.42962810154805	1.68006376321968
2.45241458295014	1.18621872035199	1.43380150532214	1.68005449914541
2.45903416495089	1.19126180124009	1.43872718355908	1.68219863266004
2.46565374695164	1.19465695524034	1.44156977054475	1.68359629842084
2.47227332895239	1.20310694039801	1.44651748522589	1.69098343605293
2.47889291095313	1.20181426608704	1.4485500223301	1.69478606970454
2.48551249295388	1.2065781810656	1.45423327962837	1.70242867511855
2.49213207495463	1.21008459316683	1.45739367809713	1.70346886758041
2.49875165695537	1.21741621633162	1.45972799330724	1.7033958944548
2.50537123895612	1.22279266867433	1.46780778813884	1.71283104634154
2.51199082095687	1.22826227870474	1.47088942254257	1.72031763790645
2.51861040295762	1.22617755990033	1.47479969122349	1.71849183625502
2.52522998495836	1.23290752506749	1.47857062569399	1.72699858619281
2.53184956695911	1.2353844460979	1.4843874285963	1.72031500503278
2.53846914895986	1.23619549650164	1.48850563584055	1.73204723289178
2.5450887309606	1.24647831269789	1.49133473284405	1.73695722745193
2.55170831296135	1.25685444089323	1.49664999709516	1.74137330909797
2.5583278949621	1.25430105087192	1.50035733730118	1.74519651671481
2.56494747696284	1.25586394285904	1.50617983064427	1.74617843696898
2.57156705896359	1.26335830759672	1.50843545266664	1.75845613152461
2.57818664096434	1.2656288397354	1.51122834324539	1.76060803631604
2.58480622296509	1.26816165974289	1.51555299133482	1.7615850008163
2.59142580496583	1.27609560706039	1.52295312629148	1.76823844164782
2.59804538696658	1.27887530632559	1.52640521933943	1.76949397164289
2.60466496896733	1.28210613923509	1.52991646143418	1.77426726342871
2.61128455096807	1.28501019662987	1.53396225454053	1.78159310035973
2.61790413296882	1.28889634548144	1.5367567104031	1.78832116962595
2.62452371496957	1.29424321172154	1.54095065501557	1.7909591188834
2.63114329697032	1.3002230185925	1.54637707113481	1.79225227866159
2.63776287897106	1.30473006949507	1.54778155555532	1.79673681851472
2.64438246097181	1.30965848822996	1.55369498506805	1.79980812036485
2.65100204297256	1.3124059373496	1.55888500451443	1.8068115532303
2.6576216249733	1.31637463446057	1.56021267846564	1.80909501197531
2.66424120697405	1.32689846046046	1.56524634102364	1.8143551873462
2.6708607889748	1.32164342386215	1.56895870597208	1.82120790408499
2.67748037097555	1.32754662944977	1.57604676555516	1.82683521398063
2.68409995297629	1.33318497888933	1.58123186151468	1.82349371000312
2.69071953497704	1.3372054488973	1.58350882471187	1.83033653375676
2.69733911697779	1.34062630605947	1.58843377665809	1.83316041163086
2.70395869897853	1.34350183539606	1.59043411827089	1.83774058513458
2.71057828097928	1.34507840066772	1.59635162834974	1.84234467743404
2.71719786298003	1.35369711965923	1.59859410081773	1.84631255246778
2.72381744498077	1.35270453313417	1.6046970553476	1.85295011372837
2.73043702698152	1.36710913517271	1.60765455302214	1.85437840311363
2.73705660898227	1.3637254622555	1.6130494474504	1.85902779469171
2.74367619098302	1.37335957453206	1.61636531140242	1.86624632745281
2.75029577298376	1.3723349599301	1.6200879797204	1.87240268394174
2.75691535498451	1.37713088268499	1.62515015864318	1.87180078353462
2.76353493698526	1.3822908376447	1.62895227597001	1.87461946239124
2.770154518986	1.3893023738647	1.63203904028231	1.87912008761956
2.77677410098675	1.39067596417309	1.63507241295477	1.8808597196585
2.7833936829875	1.3929951850403	1.64070817622591	1.89184561356867
2.79001326498825	1.39969200419355	1.6449830979587	1.89337880221847
2.79663284698899	1.40359129944162	1.64942554899221	1.89276264052445
2.80325242898974	1.40671458037617	1.65316242477352	1.90490429813537
2.80987201099049	1.40806429030531	1.65854451835098	1.90312113780379
2.81649159299123	1.41677857076059	1.66248978448187	1.90685140080705
2.82311117499198	1.41777415052528	1.66729814505418	1.91411561748158
2.82973075699273	1.42424773684153	1.66939935209863	1.91937389864819
2.83635033899348	1.42804201591808	1.67283141197824	1.92299427611327
2.84296992099422	1.4294718087868	1.67856920960778	1.92442540420671
2.84958950299497	1.43220438433537	1.68195251000028	1.93254548612606
2.85620908499572	1.44269058888146	1.68639377102229	1.93525435077659
2.86282866699646	1.44030237221871	1.69285071980662	1.9411158971503
2.86944824899721	1.44429296605316	1.69476075772436	1.94029374775096
2.87606783099796	1.4498299039463	1.70013342314954	1.94876464929215
2.88268741299871	1.45487222686916	1.70386276273878	1.95164468950205
2.88930699499945	1.46164316688596	1.70743716921306	1.95770728089357
2.8959265770002	1.46588188986787	1.71349511093341	1.95970734179202
2.90254615900095	1.47008531245503	1.71722237591846	1.96417133659245
2.90916574100169	1.47022971467176	1.72121895621729	1.97040943192184
2.91578532300244	1.48192850158194	1.72619048009283	1.97459541968349
2.92240490500319	1.48256853877432	1.72824203754696	1.97948240745085
2.92902448700394	1.48715796011382	1.73237864200641	1.98172593248526
2.93564406900468	1.48495411904611	1.73658763998567	1.98213008477515
2.94226365100543	1.49255710174956	1.74094118012806	1.98590015616375
2.94888323300618	1.49760538903628	1.74651101900267	1.99854188209164
2.95550281500692	1.50080713584028	1.74892112462718	1.99795158044303
2.96212239700767	1.50688848321144	1.75332655670423	2.00276985878807
2.96874197900842	1.51100329168552	1.75663742506011	2.01006001999805
2.97536156100917	1.51474394277369	1.76277952225154	2.00824800146219
2.98198114300991	1.51836095493939	1.76697200919796	2.01191681172972
2.98860072501066	1.51933341112737	1.77127069848448	2.02072128198387
2.99522030701141	1.53051810898761	1.77458361831635	2.02135335253757
3.00183988901215	1.52481407031372	1.77814606623946	2.02390825934284
3.0084594710129	1.53592017513499	1.78383626137039	2.03191405611575
3.01507905301365	1.53958485284848	1.78734924416803	2.03471626188774
3.0216986350144	1.54145596960291	1.7919100181281	2.0368527679846
3.02831821701514	1.54682519406714	1.79648350988607	2.04605733630389
3.03493779901589	1.552873452525	1.79934091873645	2.04950866558589
3.04155738101664	1.55255659415396	1.80208351678958	2.0505962812588
3.04817696301738	1.56189205089681	1.80901893675673	2.05981469706746
3.05479654501813	1.56540825000298	1.81230011260824	2.06049800893902
3.06141612701888	1.56998134989972	1.81422203259583	2.06218489673052
3.06803570901962	1.56908525016456	1.82090533706424	2.06986395159317
3.07465529102037	1.5727638971213	1.82509824548471	2.07130905633895
3.08127487302112	1.57923938727577	1.82917995586224	2.07754529288486
3.08789445502187	1.58643558146665	1.8341483465061	2.08731826666925
3.09451403702261	1.58443420066623	1.83719640640775	2.08545707933033
3.10113361902336	1.59386006341315	1.84133580910645	2.08947487640883
3.10775320102411	1.5955235990241	1.84519796465204	2.09111422272328
3.11437278302485	1.60144411513076	1.85079842585156	2.09749999914556
3.1209923650256	1.60291816094803	1.85312178366383	2.10598044473669
3.12761194702635	1.60852016307662	1.85722189850212	2.10611264876173
3.1342315290271	1.60839176590456	1.86198452297473	2.11190120514855
3.14085111102784	1.62127702767519	1.86555444641249	2.11368399919617
3.14747069302859	1.61852709315897	1.87060245677468	2.1211264975911
3.15409027502934	1.62896020531563	1.87513659491598	2.12408924829951
3.16070985703008	1.63456326217618	1.87867353056009	2.12916991780638
3.16732943903083	1.63594794894726	1.88247101973756	2.13304339945092
3.17394902103158	1.63703001149915	1.88550385845069	2.13833522804037
3.18056860303233	1.64302586809129	1.89275605005544	2.13894444723362
3.18718818503307	1.6438777226425	1.89412986575496	2.14548967622358
3.19380776703382	1.65042341185322	1.90148887144349	2.14841038384226
3.20042734903457	1.65290344591453	1.90495565744407	2.15582534006516
3.20704693103531	1.65412860907514	1.90686057734759	2.15626851892317
3.21366651303606	1.65972726369534	1.91147171322651	2.16105520897175
3.22028609503681	1.66706087311734	1.91752165815835	2.16519166407934
3.22690567703755	1.67003787972905	1.91903486010966	2.171031996614
3.2335252590383	1.67280023851176	1.92417245357903	2.17668654232636
3.24014484103905	1.68213239485511	1.92937895188554	2.17574455704171
3.2467644230398	1.68450917217494	1.93306016476346	2.18424334664592
3.25338400504054	1.68565876692782	1.93678935081165	2.18716999704836
3.26000358704129	1.69042883759998	1.94145862294187	2.19450872566185
3.26662316904204	1.69560292949111	1.94574424948495	2.19473973876512
3.27324275104278	1.70090529974854	1.95099077096329	2.20170807383414
3.27986233304353	1.70523419088078	1.95337255244272	2.20051872270926
3.28648191504428	1.7065534815568	1.95863057361032	2.20651470445709
3.29310149704503	1.71400477359849	1.96309501586647	2.21213969160006
3.29972107904577	1.71479387584961	1.96610663105883	2.22015221618389
3.30634066104652	1.72081923856774	1.97111917208181	2.2212390343508
3.31296024304727	1.72334689967759	1.97524609925632	2.22628418471252
3.31957982504801	1.72223673339661	1.97521109294501	2.22456224805028
3.32619940704876	1.73028487510194	1.98216643762958	2.23307766707188
3.33281898904951	1.73791673855619	1.98647919333241	2.23373983553475
3.33943857105026	1.73559474579503	1.99164125396739	2.2427134248042
3.346058153051	1.74121466866191	1.99683365765977	2.24647985828467
3.35267773505175	1.75583102502258	2.00177609304709	2.24731801314532
3.3592973170525	1.7498622340022	2.00254765203034	2.2536052503153
3.36591689905324	1.75519196106121	2.00675534435414	2.2618540302618
3.37253648105399	1.76346998899493	2.01309297152554	2.27044226530888
3.37915606305474	1.76075791730412	2.01652727949345	2.26795788197343
3.38577564505549	1.77143709247204	2.0197278911002	2.2692810930524
3.39239522705623	1.77063990084452	2.02502940079407	2.2768650509727
3.39901480905698	1.77896699459549	2.03023052328573	2.27771490366776
3.40563439105773	1.78026449694748	2.03318878365909	2.28048424192912
3.41225397305847	1.78930871213589	2.03603459957963	2.29147402777163
3.41887355505922	1.7899630667401	2.04009245487165	2.29696473531688
3.42549313705997	1.79325871347682	2.04244701042653	2.29566321234033
3.43211271906072	1.79915119008668	2.05009636401045	2.30043438455027
3.43873230106146	1.80483566930012	2.05425285919507	2.30421687521422
3.44535188306221	1.80657971527314	2.05818399715696	2.31152929276964
3.45197146506296	1.81060791901083	2.06210084746914	2.31251236136636
3.4585910470637	1.81694849558263	2.06545508590749	2.31675032387044
3.46521062906445	1.81813428435051	2.07050721129973	2.32248195035413
3.4718302110652	1.8269887886915	2.07462647977613	2.32862277010599
3.47844979306595	1.82775719239488	2.0790513436449	2.32944987658799
3.48506937506669	1.83089695507307	2.08282332318199	2.33628176070243
3.49168895706744	1.83725172925392	2.08666907321849	2.34010611335723
3.49830853906819	1.84094598326944	2.09124415327823	2.33831704070126
3.50492812106893	1.84800163102697	2.09377787628861	2.34867374738105
3.51154770306968	1.85000474835477	2.09913212043006	2.3510833343177
3.51816728507043	1.84935269393023	2.10168265595542	2.35264856809347
3.52478686707117	1.85927908767471	2.10816667776322	2.35835332518891
3.53140644907192	1.86493794974586	2.11324945313365	2.36524334443622
3.53802603107267	1.86481424161105	2.11491897785489	2.36567825666434
3.54464561307342	1.86747665100672	2.11982829901527	2.37115520785219
3.55126519507416	1.87720551898432	2.12522554794427	2.37509265289266
3.55788477707491	1.87929279740874	2.12873474708792	2.38211709932806
3.56450435907566	1.87968514823848	2.13250648978684	2.3843877424258
3.5711239410764	1.88166308172193	2.13776137282136	2.3876505793971
3.57774352307715	1.88921888647918	2.14173966440065	2.39340614435862
3.5843631050779	1.89123783305152	2.14578150941774	2.39632750817489
3.59098268707865	1.8949783280185	2.14858103670694	2.39788082789313
3.59760226907939	1.9004777461083	2.15243305164174	2.40438883411767
3.60422185108014	1.90591241992999	2.1594369842843	2.40539813093015
3.61084143308089	1.9097554038708	2.16331966936875	2.41698697287674
3.61746101508163	1.90838634585363	2.16439514486209	2.4202190123099
3.62408059708238	1.91825209275834	2.16863335125786	2.42197297434611
3.63070017908313	1.92028476946325	2.17470747396428	2.43020726751582
3.63731976108388	1.92889283933705	2.17766193779602	2.43177067808092
3.64393934308462	1.93128052808483	2.18444424249682	2.43518020375131
3.65055892508537	1.9351654338579	2.1886466883908	2.43750531822263
3.65717850708612	1.93793540505296	2.19242951871501	2.44742960173379
3.66379808908686	1.94410646708051	2.19609323668684	2.44594823020058
3.67041767108761	1.94791266493218	2.2004616891489	2.45354129564864
3.67703725308836	1.95329789361095	2.20339692771039	2.45464423123832
3.68365683508911	1.95059268528122	2.20786729356534	2.46368556370605
3.69027641708985	1.96086321458558	2.2134267078024	2.46532953772138
3.6968959990906	1.96108251820805	2.21348706117183	2.46656119173507
3.70351558109135	1.97229702346107	2.21880921328198	2.47108514908407
3.71013516309209	1.96847134971077	2.22462119901275	2.47493878908335
3.71675474509284	1.97186872448998	2.22908683783503	2.4840869017886
3.72337432709359	1.98001641358217	2.23290630556179	2.48527297319067
3.72999390909433	1.97876819557946	2.23801303007871	2.49155467882191
3.73661349109508	1.98725572708614	2.24153956187632	2.49042658766466
3.74323307309583	1.9883167157863	2.24558805446734	2.50186033101284
3.74985265509658	1.99581673337752	2.25083829500473	2.50071529539879
3.75647223709732	1.99600735729083	2.25207561990891	2.50920572620868
3.76309181909807	2.0086946423803	2.25867630403967	2.51519555931547
3.76971140109882	2.00936946110566	2.26226647716735	2.51666721854858
3.77633098309956	2.01346322990566	2.26741097048088	2.51774974244268
3.78295056510031	2.01609284099726	2.27238955643324	2.52162183605182
3.78957014710106	2.02004734827889	2.27331573462542	2.52746547809161
3.79618972910181	2.02086638357312	2.28014681641985	2.5327769742617
3.80280931110255	2.03141259140889	2.28240523985844	2.53730337501498
3.8094288931033	2.03436258543922	2.28708469319268	2.53743042106887
3.81604847510405	2.03737815904486	2.28996771177484	2.54690051434603
3.82266805710479	2.04327202646479	2.29538421378308	2.54749693477896
3.82928763910554	2.04449193533485	2.30006323492543	2.55240311810451
3.83590722110629	2.05179642437268	2.30425416021969	2.55766032297905
3.84252680310703	2.05206367791537	2.30872796730925	2.55955941864052
3.84914638510778	2.06107386182308	2.31250648821712	2.56577795770471
3.85576596710853	2.06391372727345	2.31635315990316	2.56849821226777
3.86238554910928	2.06608224928157	2.32203109189539	2.57686507979592
3.86900513111002	2.07196719670321	2.32447396730762	2.57938718198361
3.87562471311077	2.07611881956825	2.32788744755953	2.58104474585175
3.88224429511152	2.07832746561301	2.33247349142652	2.5887355757403
3.88886387711226	2.07884724367957	2.33641010767797	2.59460080038761
3.89548345911301	2.08739447691847	2.34250021869862	2.59703695647761
3.90210304111376	2.08841633427966	2.34593725504279	2.6015807386197
3.90872262311451	2.09322622465351	2.34869089860584	2.60578458129959
3.91534220511525	2.10214910453503	2.35537133323162	2.60627104530913
3.921961787116	2.10383582179448	2.35784344022656	2.6137070852335
3.92858136911675	2.10657845622534	2.36208736332702	2.6178108317642
3.93520095111749	2.11097131107016	2.3686828093003	2.62143953701367
3.94182053311824	2.1126473940298	2.37322451972578	2.6231711628407
3.94844011511899	2.1232763773235	2.37442418010008	2.62908358882008
3.95505969711974	2.12224803920067	2.37949757637214	2.6337789397371
3.96167927912048	2.12577419881975	2.3819786528655	2.64082731345304
3.96829886112123	2.13390454349168	2.3859629374322	2.64338901600758
3.97491844312198	2.14066037904653	2.39047764122385	2.64347467646485
3.98153802512272	2.13845798448519	2.3952684063818	2.65126582032704
3.98815760712347	2.14704472349162	2.40067720700036	2.65524503271225
3.99477718912422	2.14983817320951	2.40443034799832	2.65617881371536
4.00139677112497	2.15250816068397	2.40635660500785	2.6616757173351
4.00801635312571	2.15683915737786	2.41500288880053	2.67296211590395
4.01463593512646	2.16071532071233	2.41495200249509	2.67470649093754
4.02125551712721	2.16848235949	2.42033057043304	2.67636591440502
4.02787509912795	2.16839513878516	2.42567179293435	2.67975911078432
4.0344946811287	2.17276559073369	2.42956624826052	2.68485270915107
4.04111426312945	2.17965973423295	2.43425244698278	2.68268712259998
4.0477338451302	2.17978085170469	2.43710411587421	2.69297196753372
4.05435342713094	2.1825762917912	2.44110731607615	2.69887016295287
4.06097300913169	2.1890271878214	2.44488182610107	2.70039487797281
4.06759259113244	2.19103607585615	2.44756292921243	2.70197986123465
4.07421217313318	2.19991543873257	2.45343964635168	2.7119816790433
4.08083175513393	2.20430324834725	2.45869776927428	2.71527815883623
4.08745133713468	2.20406410119014	2.46061285284871	2.72014164951942
4.09407091913543	2.20690805455037	2.46671026599625	2.72045783595761
4.10069050113617	2.21195898179332	2.4703057101215	2.72969545590511
4.10731008313692	2.21750925195382	2.47430228385171	2.7306402443139
4.11392966513767	2.22078817898988	2.47904822825098	2.73457438437686
4.12054924713841	2.23024129145274	2.48293039981202	2.74156754582225
4.12716882913916	2.23009613462449	2.48709889625889	2.74307658935662
4.13378841113991	2.23160572534637	2.48917411785937	2.74603508407685
4.14040799314066	2.24056583804211	2.49374476601019	2.74981251327224
4.1470275751414	2.24631573461121	2.50023561550011	2.75613190812906
4.15364715714215	2.2484576869689	2.50400491027833	2.76149469055034
4.1602667391429	2.2505264726072	2.50791132095405	2.7650066716227
4.16688632114364	2.25711648949869	2.51228531163775	2.76957701952427
4.17350590314439	2.26047354098445	2.51650450828034	2.77671200045901
4.18012548514514	2.26437222190089	2.52185476658704	2.77686509536721
4.18674506714589	2.27150505838595	2.52428186911303	2.77881752401162
4.19336464914663	2.27194512411515	2.52761959498526	2.7873920230245
4.19998423114738	2.27513656788663	2.53346485901143	2.79460292137075
4.20660381314813	2.28402492301154	2.53822811761346	2.79957306376844
4.21322339514887	2.28287669273419	2.54229191083593	2.80019954862753
4.21984297714962	2.28920659729197	2.54495115772661	2.80187091678118
4.22646255915037	2.28773974999187	2.54783580230656	2.80674380431653
4.23308214115112	2.30126940447849	2.55441094257637	2.80488808331952
4.23970172315186	2.29973844603209	2.55802208873248	2.81936997113834
4.24632130515261	2.30510343380329	2.56086420592075	2.81818466389916
4.25294088715336	2.31493767952477	2.56637725148097	2.82416708606247
4.2595604691541	2.307726513627	2.56992987738689	2.82124157152249
4.26618005115485	2.31777054876123	2.57539546690651	2.83005631344612
4.2727996331556	2.31927572916714	2.57725380028566	2.83631582864332
4.27941921515634	2.32734148765485	2.58159324234464	2.84053310890515
4.28603879715709	2.33039424711292	2.58857174922073	2.84628647815696
4.29265837915784	2.33475697014874	2.59240405436132	2.84998544977697
4.29927796115859	2.33669458996019	2.59485606854723	2.85246918202904
4.30589754315933	2.34380893604987	2.60003523320401	2.85918955563364
4.31251712516008	2.34380472381346	2.604033630493	2.86233990770125
4.31913670716083	2.35025475842524	2.60881237708759	2.86822176130075
4.32575628916157	2.3546743749573	2.61215523392896	2.86733698972788
4.33237587116232	2.35826832339285	2.61814172253953	2.87677536942169
4.33899545316307	2.36247856931681	2.62172884984979	2.88044845739812
4.34561503516382	2.366361634345	2.62590591090753	2.88521771238235
4.35223461716456	2.37327591268418	2.62883364177331	2.887439195281
4.35885419916531	2.37367823790159	2.63373823134451	2.88770842124569
4.36547378116606	2.37898086415	2.63769694375547	2.89529866525103
4.3720933631668	2.38245456293313	2.64097732460141	2.89691846076988
4.37871294516755	2.38332851219184	2.6476575375088	2.90174485864292
4.3853325271683	2.3909798213913	2.64944385009637	2.91163170706233
4.39195210916905	2.39684295765247	2.65309490268692	2.91591131421275
4.39857169116979	2.40216647514956	2.65759534274305	2.91813762120598
4.40519127317054	2.40203084098474	2.66342266278237	2.91738769405539
4.41181085517129	2.40918926636285	2.66655678816808	2.92184927649174
4.41843043717203	2.41297181596864	2.67235858470004	2.93171862324072
4.42505001917278	2.41384880237222	2.67566079979486	2.93110942152786
4.43166960117353	2.41713655699052	2.67956232517255	2.94028589502538
4.43828918317428	2.42469017645214	2.68298296752778	2.94746423295777
4.44490876517502	2.42391223297827	2.6888979517929	2.94555777815552
4.45152834717577	2.4352309330854	2.69140566243783	2.95320639080981
4.45814792917652	2.43539383342063	2.69524307475346	2.95188046365748
4.46476751117726	2.4368848428631	2.69976808339354	2.95853315923933
4.47138709317801	2.44438308252405	2.70601277876094	2.96685221690383
4.47800667517876	2.4508776259104	2.70969953548849	2.97129918014741
4.4846262571795	2.45685422537056	2.71193147240504	2.9683367296091
4.49124583918025	2.45432533135936	2.71713936564197	2.97627934333846
4.497865421181	2.46052215405375	2.72192704526053	2.98449473467819
4.50448500318175	2.46989385741282	2.72684901251163	2.98887912734904
4.51110458518249	2.47129082205197	2.72870178825234	2.99230249295649
4.51772416718324	2.47046345267268	2.73374031237672	2.98994991821114
4.52434374918399	2.47779158765466	2.738639390258	2.99559589878481
4.53096333118473	2.47851403923119	2.74198084890681	2.99969170794682
4.53758291318548	2.48733601426378	2.74652491250653	3.00351056800145
4.54420249518623	2.48742445598423	2.74974065728209	3.01319672131092
4.55082207718698	2.49476452430594	2.75334476297845	3.01501133764758
4.55744165918772	2.4969263016203	2.75585859966228	3.02053743186886
4.56406124118847	2.50098322750734	2.76176281948335	3.02286955451287
4.57068082318922	2.50761740611291	2.76537512866417	3.02728529481696
4.57730040518996	2.50513603275349	2.76874088228822	3.03107408350473
4.58391998719071	2.51180940874425	2.77469262558597	3.03513031892015
4.59053956919146	2.51699559467965	2.78241598204978	3.04279452616089
4.5971591511922	2.52772591430007	2.78439103042273	3.04124717855057
4.60377873319295	2.52778259874329	2.7887756728562	3.05173353974069
4.6103983151937	2.52782294473826	2.79216756181316	3.05138494574813
4.61701789719445	2.53556513437627	2.79763032505254	3.05793115365005
4.62363747919519	2.53709588218143	2.80087493367703	3.05832467292739
4.63025706119594	2.54256523185202	2.80233193783147	3.06515890864251
4.63687664319669	2.54590919864369	2.80718001646006	3.06838105373885
4.64349622519743	2.54970437786297	2.81158120064732	3.07510395732479
4.65011580719818	2.5574580195411	2.81569389398998	3.07946334312065
4.65673538919893	2.55976644469123	2.8214504479377	3.08362760627325
4.66335497119968	2.56566448928952	2.824549908154	3.08575359271997
4.66997455320042	2.57077326931105	2.83001268919537	3.08799235357828
4.67659413520117	2.56956067385908	2.83438030089379	3.093842978832
4.68321371720192	2.57690657577441	2.83645025679193	3.09706446307938
4.68983329920266	2.5828063038723	2.84312166066877	3.10425119866882
4.69645288120341	2.58623746899697	2.84539413208268	3.10888447097859
4.70307246320416	2.59238199997222	2.85083303208794	3.11494339188819
4.70969204520491	2.59169272767439	2.85453224494818	3.12187693107083
