"mitochan"	"lwrNorm"	"medNorm"	"uprNorm"
-1.90327037354145	-3.84391427485965	-2.73116702945168	-1.59820408470432
-1.89685869040176	-3.83891161891613	-2.72359668433243	-1.59446883106594
-1.89044700726207	-3.8214735880098	-2.71351419714315	-1.58382512940561
-1.88403532412239	-3.80505891227452	-2.70265322176112	-1.57736998980104
-1.8776236409827	-3.79564049841211	-2.69308601446094	-1.57773867014846
-1.87121195784301	-3.79503705228937	-2.6854613886827	-1.57613278444668
-1.86480027470333	-3.7793760892509	-2.67890385217947	-1.56081659887848
-1.85838859156364	-3.77524667421374	-2.67201631169537	-1.55389961507498
-1.85197690842395	-3.76476775426345	-2.66088419809403	-1.55780719262237
-1.84556522528426	-3.73400425686806	-2.6520941892356	-1.54495230203326
-1.83915354214458	-3.74388585362524	-2.64431109230715	-1.54452298795635
-1.83274185900489	-3.72760950399984	-2.63530866979731	-1.53582764183467
-1.8263301758652	-3.70917469831505	-2.62849068453214	-1.52277500989911
-1.81991849272552	-3.69710223560675	-2.61805127621953	-1.53122140080942
-1.81350680958583	-3.69791063055583	-2.61026637787887	-1.52237036436875
-1.80709512644614	-3.67146147748346	-2.60255157199297	-1.50771550682501
-1.80068344330645	-3.67136762077779	-2.59392041390971	-1.50753056900457
-1.79427176016677	-3.65488399240806	-2.57776808703139	-1.50735217430899
-1.78786007702708	-3.6377424518347	-2.57516670164625	-1.48535707824787
-1.78144839388739	-3.63102407587522	-2.56607450213825	-1.4947007001391
-1.7750367107477	-3.62724402177463	-2.55832686959664	-1.49244606541606
-1.76862502760802	-3.60784310577602	-2.54809794691961	-1.47158309661314
-1.76221334446833	-3.58377237457815	-2.54399918826081	-1.47389152132213
-1.75580166132864	-3.59287952784287	-2.53312285722562	-1.47170325570237
-1.74938997818896	-3.57861984212243	-2.52500329781528	-1.46282251209112
-1.74297829504927	-3.56987583227016	-2.51731485997972	-1.45551245646541
-1.73656661190958	-3.5519624729178	-2.50679818582557	-1.44181555726267
-1.73015492876989	-3.55107397592857	-2.49654838875904	-1.43448432049015
-1.72374324563021	-3.53730786595209	-2.48788699417251	-1.42512580403219
-1.71733156249052	-3.52669938315857	-2.47660133514758	-1.42292030611711
-1.71091987935083	-3.51776313946382	-2.46809166132608	-1.41683363769293
-1.70450819621115	-3.50232485529591	-2.45926312043143	-1.41329399207339
-1.69809651307146	-3.49061624009814	-2.45098494661144	-1.42411759657326
-1.69168482993177	-3.4782297469437	-2.44963788660506	-1.40748416955833
-1.68527314679208	-3.46242932615476	-2.43946111299474	-1.39171292841953
-1.6788614636524	-3.46110763480667	-2.43001580663923	-1.39172210921609
-1.67244978051271	-3.43634931266909	-2.41679637515392	-1.37907410494549
-1.66603809737302	-3.44254686231142	-2.41132939262946	-1.38560495453522
-1.65962641423334	-3.42229015045849	-2.40012579841196	-1.37152423065181
-1.65321473109365	-3.40549041197774	-2.39438669524771	-1.37681637090945
-1.64680304795396	-3.40534757913722	-2.38698826237438	-1.35978636955174
-1.64039136481427	-3.38093073926906	-2.37353118224808	-1.35847680413131
-1.63397968167459	-3.37791421862641	-2.37121611902223	-1.34930440930219
-1.6275679985349	-3.37004765215379	-2.35523252483237	-1.33243877861525
-1.62115631539521	-3.34665062136638	-2.35080305610725	-1.34234606560201
-1.61474463225553	-3.33849911223439	-2.33852006868668	-1.33629014608088
-1.60833294911584	-3.33755135772759	-2.33121486953701	-1.32234436271947
-1.60192126597615	-3.32251055312267	-2.32103249551187	-1.31692952870754
-1.59550958283646	-3.32711364307466	-2.31541091224882	-1.31199015702051
-1.58909789969678	-3.29125890917308	-2.30586300069338	-1.3048992957936
-1.58268621655709	-3.28549918888478	-2.2945956690865	-1.29215927825161
-1.5762745334174	-3.28484395420972	-2.29096300513572	-1.28765682288292
-1.56986285027771	-3.26267482724182	-2.27615546885279	-1.28494364011204
-1.56345116713803	-3.26017168918673	-2.27147432750103	-1.28389603300652
-1.55703948399834	-3.2425102275884	-2.26579018592069	-1.27722626310975
-1.55062780085865	-3.23839331185493	-2.25214926188871	-1.27037620084208
-1.54421611771897	-3.2199447746309	-2.24544585100577	-1.25154066274765
-1.53780443457928	-3.20908045745413	-2.23698465875946	-1.25480541948034
-1.53139275143959	-3.20678527235929	-2.22889727033198	-1.24275130020132
-1.5249810682999	-3.18680930938618	-2.21920069469696	-1.24905629851789
-1.51856938516022	-3.17542646266947	-2.20982640427246	-1.23604450033754
-1.51215770202053	-3.16230623891495	-2.20261033795686	-1.23368876343891
-1.50574601888084	-3.15877578655893	-2.19620268345	-1.21705725329624
-1.49933433574116	-3.14378257378265	-2.18145938623659	-1.21376186407838
-1.49292265260147	-3.129358978878	-2.17887934957217	-1.20858451858021
-1.48651096946178	-3.1177553544293	-2.16941036188222	-1.19975873303408
-1.48009928632209	-3.10501375832292	-2.15832182226074	-1.18880157077414
-1.47368760318241	-3.10372439312264	-2.15010847898814	-1.20208781337243
-1.46727592004272	-3.09078427681157	-2.13876407587848	-1.17559883808571
-1.46086423690303	-3.08431610680881	-2.13109591112576	-1.18168995415734
-1.45445255376335	-3.06134766090075	-2.12224306089113	-1.1719438540565
-1.44804087062366	-3.05374689399614	-2.11199407067355	-1.17301217897129
-1.44162918748397	-3.05028900738107	-2.10691481667134	-1.15765346794653
-1.43521750434428	-3.04299708029263	-2.10154520338027	-1.15025155985749
-1.4288058212046	-3.01362098836048	-2.09267616218467	-1.14740381322924
-1.42239413806491	-3.01082236091293	-2.07926163304604	-1.13589096934881
-1.41598245492522	-2.99548314389424	-2.07619617304595	-1.14605972886835
-1.40957077178554	-2.99228613140336	-2.06474769057396	-1.13149059816475
-1.40315908864585	-2.97271690653083	-2.0552286097765	-1.12235077008069
-1.39674740550616	-2.96866114134145	-2.04501843409316	-1.12300209411987
-1.39033572236647	-2.95788176749898	-2.0386980832839	-1.10135362516737
-1.38392403922679	-2.94785632794819	-2.02911738086505	-1.1061027237278
-1.3775123560871	-2.93709806574863	-2.01890918183498	-1.10220962082825
-1.37110067294741	-2.92504707386645	-2.01588548066483	-1.09831808901672
-1.36468898980772	-2.91190307583713	-2.00195822621978	-1.08767412447141
-1.35827730666804	-2.89920783475563	-1.99364276736798	-1.08560487942557
-1.35186562352835	-2.88992799331466	-1.98664595109832	-1.08242486391954
-1.34545394038866	-2.87989146039581	-1.98004512752844	-1.0691490619227
-1.33904225724898	-2.86204732207515	-1.97003256482017	-1.0549128038742
-1.33263057410929	-2.85378876577777	-1.95943197704765	-1.05893953093067
-1.3262188909696	-2.84316881615079	-1.94977759724613	-1.05356998125025
-1.31980720782991	-2.83331948543338	-1.94140846551473	-1.0404520525846
-1.31339552469023	-2.82426471717125	-1.93458034346127	-1.03729067823596
-1.30698384155054	-2.80152820304423	-1.92433622102286	-1.02690257514383
-1.30057215841085	-2.81607802910186	-1.91439215450498	-1.02046004964488
-1.29416047527117	-2.78780873174732	-1.9046008191933	-1.01396794203942
-1.28774879213148	-2.78335622428314	-1.89954911814699	-1.01999855249857
-1.28133710899179	-2.77031458733752	-1.88900750919824	-1.00754981445618
-1.2749254258521	-2.75642848827377	-1.88138974056495	-0.989704515504813
-1.26851374271242	-2.74837567989344	-1.87452760996202	-0.984170271301181
-1.26210205957273	-2.73530762269276	-1.86498909591689	-0.98339602754557
-1.25569037643304	-2.72054617266429	-1.85525654124661	-0.979914936321716
-1.24927869329336	-2.7226905155993	-1.84649343559538	-0.961692287692379
-1.24286701015367	-2.70750011128669	-1.83963519956593	-0.972590902134618
-1.23645532701398	-2.68797351985811	-1.82711655099051	-0.961272048696223
-1.23004364387429	-2.6853523037052	-1.82607075910774	-0.951360248079154
-1.22363196073461	-2.68486626771467	-1.81419578038718	-0.953721938063958
-1.21722027759492	-2.66076105450461	-1.80196907882288	-0.934276095795578
-1.21080859445523	-2.64321704988868	-1.79384131008677	-0.922319958089589
-1.20439691131554	-2.63421552295829	-1.78725719001335	-0.923959647229263
-1.19798522817586	-2.61456219938568	-1.77661361883051	-0.917871085318088
-1.19157354503617	-2.61363744251778	-1.77139077734726	-0.912406443933674
-1.18516186189648	-2.60959438322304	-1.76125161537083	-0.900887994795615
-1.1787501787568	-2.59330517098184	-1.753209095544	-0.907337896387981
-1.17233849561711	-2.58228604629307	-1.74219987781907	-0.895949040891779
-1.16592681247742	-2.57967955649364	-1.73043954371257	-0.889496599952774
-1.15951512933773	-2.56093445393922	-1.72425844018449	-0.883058218446778
-1.15310344619805	-2.55468221215034	-1.71836628781973	-0.869985317893121
-1.14669176305836	-2.54047600143955	-1.70951028523667	-0.861788065000768
-1.14028007991867	-2.52822704379475	-1.69775595767521	-0.858491115015771
-1.13386839677899	-2.52068005397824	-1.68939940559865	-0.849812417823689
-1.1274567136393	-2.51626011316152	-1.68458163553137	-0.842676640446837
-1.12104503049961	-2.49068508923606	-1.67551083589981	-0.851330606747809
-1.11463334735992	-2.47889575670372	-1.66556914431681	-0.836969696774832
-1.10822166422024	-2.47986407490918	-1.6558439105198	-0.827904676303143
-1.10180998108055	-2.46886520577568	-1.65053553105832	-0.819547954133636
-1.09539829794086	-2.45962960149721	-1.64034215349534	-0.808705958979041
-1.08898661480118	-2.45292946112615	-1.62999317126398	-0.81223259051003
-1.08257493166149	-2.43684968271942	-1.61943591950222	-0.810079901362201
-1.0761632485218	-2.42798881787588	-1.61220495818138	-0.798615602548963
-1.06975156538211	-2.42145282746612	-1.60351999194738	-0.781043537755005
-1.06333988224243	-2.4104025534631	-1.59670949138086	-0.779130533020181
-1.05692819910274	-2.39856569199665	-1.58894004971197	-0.77409922724414
-1.05051651596305	-2.38216790619298	-1.57686631858823	-0.76464193953257
-1.04410483282336	-2.36724832924755	-1.57112296252654	-0.770244533658663
-1.03769314968368	-2.36038512603363	-1.56033365973183	-0.759255400377063
-1.03128146654399	-2.34463121793836	-1.55210944650134	-0.748109786464426
-1.0248697834043	-2.33440409985801	-1.5416320480182	-0.741453075666772
-1.01845810026462	-2.32622592057131	-1.53703449281321	-0.731301392407568
-1.01204641712493	-2.3218970002884	-1.52658838651327	-0.726971869693533
-1.00563473398524	-2.31259534443602	-1.51924797938279	-0.72385066522234
-0.999223050845555	-2.30058531284047	-1.51046656995809	-0.712456736950145
-0.992811367705867	-2.28659923919021	-1.50135981684998	-0.707084825807759
-0.98639968456618	-2.27972599067923	-1.48798607100426	-0.699292639972816
-0.979988001426493	-2.271048387133	-1.48417410203722	-0.68826359527436
-0.973576318286806	-2.26274200968264	-1.47712556367178	-0.684407267359544
-0.967164635147119	-2.24693770932418	-1.46572654042321	-0.669321425793704
-0.960752952007431	-2.23716861659183	-1.45590035613153	-0.678720470032441
-0.954341268867744	-2.22009335756268	-1.4483836487811	-0.66053069629928
-0.947929585728057	-2.22546692576007	-1.44137307077634	-0.659366162595784
-0.94151790258837	-2.19496554062437	-1.43388009271327	-0.645976844917892
-0.935106219448683	-2.19269934052422	-1.42146552838013	-0.644406337484068
-0.928694536308995	-2.18332209074718	-1.41542089422001	-0.628132879334043
-0.922282853169308	-2.1684641981606	-1.40668634286559	-0.631638863138819
-0.915871170029621	-2.15966431167395	-1.39671177437512	-0.628664025206276
-0.909459486889934	-2.15625846359984	-1.38585926253072	-0.614398140700753
-0.903047803750247	-2.12796456914156	-1.3802191551646	-0.609578291729466
-0.89663612061056	-2.12478803652109	-1.36771004526267	-0.608324228886655
-0.890224437470872	-2.12548293979024	-1.36422914144072	-0.597785032558387
-0.883812754331185	-2.10566020519025	-1.35222778876629	-0.582694973815337
-0.877401071191498	-2.10034065185645	-1.34446766306639	-0.588805283921954
-0.870989388051811	-2.09177470066239	-1.33773730866437	-0.577665136327285
-0.864577704912123	-2.07838769941576	-1.33125557229236	-0.573452034918807
-0.858166021772436	-2.06140501615368	-1.32241180346451	-0.571290675207808
-0.851754338632749	-2.06240035474732	-1.31190182795845	-0.556421821449021
-0.845342655493062	-2.04028844522617	-1.30314039126991	-0.554797180303227
-0.838930972353375	-2.03539789946898	-1.29462522601187	-0.547961449986682
-0.832519289213687	-2.01895338028148	-1.28410915948554	-0.541364380089058
-0.826107606074	-2.01715805442185	-1.27525713256573	-0.522928131839796
-0.819695922934313	-2.0112690053664	-1.26480279999623	-0.522782428803028
-0.813284239794626	-1.98891237212767	-1.26195308290485	-0.503413176788078
-0.806872556654939	-1.99132114387281	-1.24957031951631	-0.509980494205969
-0.800460873515252	-1.97155194219218	-1.24333020003241	-0.506188607441998
-0.794049190375564	-1.96650082867916	-1.23214977157	-0.503738232086034
-0.787637507235877	-1.95714361329622	-1.22609138557625	-0.483234484090924
-0.78122582409619	-1.9491103453166	-1.21684662883387	-0.47992868090512
-0.774814140956503	-1.93366837813479	-1.2106263635246	-0.469132918948532
-0.768402457816816	-1.92184835005617	-1.19775014455749	-0.466018076523288
-0.761990774677128	-1.91484576398397	-1.18911663003521	-0.463118893084886
-0.755579091537441	-1.9006969050141	-1.18049193080903	-0.453267470489998
-0.749167408397754	-1.90469800195819	-1.17269456489954	-0.447649556897525
-0.742755725258067	-1.8857908440398	-1.16278722127513	-0.433866610484976
-0.73634404211838	-1.87440961197729	-1.15652679592436	-0.426218824109872
-0.729932358978692	-1.85677702506423	-1.1468838871464	-0.426286937133313
-0.723520675839005	-1.84792993622839	-1.13983696741434	-0.416474094953924
-0.717108992699318	-1.83348712046075	-1.1304668565964	-0.407450821390119
-0.710697309559631	-1.82755877234225	-1.12062751580724	-0.400188499713897
-0.704285626419944	-1.81528881096878	-1.11325072616136	-0.393272608444522
-0.697873943280257	-1.80380606741237	-1.10288570148793	-0.390884466125038
-0.691462260140569	-1.79357083701218	-1.09406206779964	-0.380395509535276
-0.685050577000882	-1.78871675309556	-1.08971645266124	-0.376600572197997
-0.678638893861195	-1.77854311609424	-1.07900034819567	-0.368968056834028
-0.672227210721508	-1.77113367981607	-1.06651178183434	-0.366042515826437
-0.66581552758182	-1.75823894911579	-1.06448244524262	-0.350660312048425
-0.659403844442133	-1.74393078504716	-1.0501080889597	-0.354033358769355
-0.652992161302446	-1.73556421821927	-1.0430855217854	-0.332136519437216
-0.646580478162759	-1.72613529956575	-1.03280285562566	-0.336049265338579
-0.640168795023072	-1.71597532909348	-1.02491949286062	-0.322935404717207
-0.633757111883384	-1.70742375661826	-1.01647155915703	-0.317561985213495
-0.627345428743697	-1.69270408921745	-1.00825466416183	-0.311474674296571
-0.62093374560401	-1.68527529379783	-0.999872612045526	-0.299272310132672
-0.614522062464323	-1.67191377652528	-0.991236796876944	-0.295715241411166
-0.608110379324636	-1.66726642045186	-0.982360243140249	-0.290636038642378
-0.601698696184949	-1.64842257355186	-0.974279227972097	-0.287530484011601
-0.595287013045261	-1.64025302452369	-0.965250203638759	-0.268005855970915
-0.588875329905574	-1.6296555048915	-0.956893159436995	-0.265548892111087
-0.582463646765887	-1.62780714670196	-0.949154380715984	-0.261740362908703
-0.5760519636262	-1.62011728870876	-0.937113251796538	-0.24569831791733
-0.569640280486513	-1.60451227656127	-0.929126632906582	-0.24594997456187
-0.563228597346825	-1.59429608852909	-0.924806493835077	-0.237223168443854
-0.556816914207138	-1.58647196585667	-0.913446617116782	-0.225073336587337
-0.550405231067451	-1.57385742540391	-0.900630628805327	-0.220065976219264
-0.543993547927764	-1.56698394472707	-0.893035846385945	-0.216654352719734
-0.537581864788077	-1.55454912287231	-0.885295182427156	-0.208944039770354
-0.531170181648389	-1.54401383494591	-0.874693623668099	-0.194607113149331
-0.524758498508702	-1.53089047062637	-0.870731629380398	-0.187222102225568
-0.518346815369015	-1.52650091281344	-0.861154470816462	-0.181226598243771
-0.511935132229328	-1.52413392175038	-0.854547916862207	-0.177429879053367
-0.505523449089641	-1.50294365675699	-0.839983138821243	-0.162779725720515
-0.499111765949954	-1.49247292760458	-0.835096509638572	-0.165389911763634
-0.492700082810266	-1.48880733105742	-0.827185970128296	-0.155959376497167
-0.486288399670579	-1.47455033628184	-0.819081048800013	-0.152449954482437
-0.479876716530892	-1.46504375818401	-0.809489237245282	-0.149663341223982
-0.473465033391205	-1.45471861780795	-0.800659551522096	-0.129201808069263
-0.467053350251518	-1.44616250291156	-0.792482169041505	-0.124948779220778
-0.46064166711183	-1.44232075986909	-0.785866905288105	-0.12087488902438
-0.454229983972143	-1.42814595931184	-0.777581256415177	-0.10665820057292
-0.447818300832456	-1.4181629801394	-0.762193619722784	-0.103864494804034
-0.441406617692769	-1.40977749122492	-0.756627417365624	-0.0988080504520927
-0.434994934553081	-1.39819627251745	-0.749741072087317	-0.0893195827524726
-0.428583251413394	-1.38339965165168	-0.739103269464694	-0.0769525200741721
-0.422171568273707	-1.38519256198093	-0.731414429624972	-0.0762886701376932
-0.41575988513402	-1.36877850697927	-0.723595481575901	-0.0642455676616334
-0.409348201994333	-1.36094735887382	-0.713445987465702	-0.0602937101036934
-0.402936518854646	-1.34223870821757	-0.704776555041841	-0.0508744261235005
-0.396524835714958	-1.33765945682008	-0.697606201301547	-0.0370236774301458
-0.390113152575271	-1.32217189215032	-0.689946321699941	-0.0444859968905268
-0.383701469435584	-1.31964068458632	-0.680991620543766	-0.0250925274210475
-0.377289786295897	-1.31232628733441	-0.672919492843252	-0.0183001858934346
-0.37087810315621	-1.31038586559	-0.664283563876999	-0.0137690884164806
-0.364466420016522	-1.28809431920249	-0.650824439654923	-0.00280548755763061
-0.358054736876835	-1.28267246152343	-0.645225183276308	0.0138197775780109
-0.351643053737148	-1.26096135618979	-0.634586237637086	0.0178922733429043
-0.345231370597461	-1.27473756368155	-0.629950544275141	0.0293975027366022
-0.338819687457774	-1.26299808257389	-0.620002957488209	0.0385527225202275
-0.332408004318086	-1.23673282719278	-0.609033162984148	0.0300967064717495
-0.325996321178399	-1.23409442072871	-0.600955183887496	0.046296693187478
-0.319584638038712	-1.23113906900364	-0.592040644100392	0.0560896196340894
-0.313172954899025	-1.21444463355852	-0.586387222583563	0.0514523002960794
-0.306761271759338	-1.20640386430728	-0.576591022082513	0.0736091502648331
-0.300349588619651	-1.19507781165604	-0.5663578866071	0.0726749668328623
-0.293937905479963	-1.1842766803475	-0.558613708750512	0.0839241502363336
-0.287526222340276	-1.17905193379097	-0.551987651370955	0.0969431636083121
-0.281114539200589	-1.1689367888245	-0.541989648061057	0.101708928642105
-0.274702856060902	-1.16141795730623	-0.531428119410619	0.104428276122405
-0.268291172921215	-1.14738971521077	-0.523986792011004	0.117381448701395
-0.261879489781527	-1.13056531880438	-0.513410306053912	0.116332586030353
-0.25546780664184	-1.12968190688295	-0.508097117472902	0.131763748752269
-0.249056123502153	-1.11453232929781	-0.498838214563563	0.142246194061563
-0.242644440362466	-1.11715858064936	-0.488445730540814	0.147021933658655
-0.236232757222778	-1.09935138384477	-0.483529102413098	0.157882895947903
-0.229821074083091	-1.09496370896498	-0.472980924966142	0.165008389917137
-0.223409390943404	-1.0852808030197	-0.465515673874921	0.170937143469397
-0.216997707803717	-1.08489222991219	-0.453597690691067	0.177609697730049
-0.21058602466403	-1.06858187044022	-0.446666930860398	0.192392060973446
-0.204174341524343	-1.05036042180045	-0.434201087705757	0.195145453225057
-0.197762658384655	-1.05122046963177	-0.42900053097856	0.199868817023663
-0.191350975244968	-1.03873749452507	-0.420774376344071	0.211172771398205
-0.184939292105281	-1.02888812931887	-0.412161223774007	0.214088999136849
-0.178527608965594	-1.02094332875512	-0.404973913485293	0.232384268187867
-0.172115925825907	-1.01091910767128	-0.393627719479579	0.236273725468237
-0.165704242686219	-0.999850807310022	-0.385549488632243	0.24182972586687
-0.159292559546532	-0.99876281133423	-0.37437277791576	0.257978964685174
-0.152880876406845	-0.986454603991962	-0.363937955039849	0.26983635061471
-0.146469193267158	-0.968286428742145	-0.359671237793734	0.258084859325874
-0.140057510127471	-0.964576608473635	-0.352322799110189	0.27791338571941
-0.133645826987783	-0.959613035969794	-0.342665835485781	0.283565347985785
-0.127234143848096	-0.950034784601364	-0.333045525834316	0.294344197920465
-0.120822460708409	-0.932003177036565	-0.324426366328445	0.304443670371208
-0.114410777568722	-0.934143806594088	-0.316883878770949	0.312862276323679
-0.107999094429035	-0.920596899318961	-0.307864328815461	0.322733040812398
-0.101587411289348	-0.914036181661464	-0.300789794472971	0.322656234117946
-0.0951757281496604	-0.908863998022663	-0.293447546195884	0.332555795747195
-0.0887640450099731	-0.894779316834065	-0.283853666138799	0.337136967683207
-0.0823523618702859	-0.886037203784909	-0.27446102904458	0.349875003297024
-0.0759406787305987	-0.874704082140923	-0.26592832123434	0.366964795873634
-0.0695289955909115	-0.866360683395293	-0.2561791104832	0.363683502361928
-0.0631173124512243	-0.850868195348702	-0.248697544321606	0.372406156995833
-0.0567056293115371	-0.853239392779375	-0.240880334553383	0.376580638723972
-0.0502939461718499	-0.837271857160265	-0.228088571104862	0.390569734233534
-0.0438822630321627	-0.830166973817918	-0.219953350898289	0.400578110351089
-0.0374705798924755	-0.833187584984765	-0.212383048321146	0.408715615450708
-0.0310588967527883	-0.816622251340885	-0.205459255395996	0.415076436863536
-0.0246472136131011	-0.80814884409079	-0.19520153981921	0.425639557597456
-0.0182355304734139	-0.78999375143063	-0.189740445491408	0.436252503855849
-0.0118238473337267	-0.786229048449061	-0.178714984930554	0.445661037132926
-0.00541216419403945	-0.770490813219607	-0.16917162586161	0.459639864796525
0.000999518945647537	-0.773530050496756	-0.159779363532383	0.463462232086023
0.00741120208533474	-0.765381096866925	-0.152072834977476	0.465830919458959
0.013822885225022	-0.755168166296195	-0.144587876081336	0.480479055467736
0.0202345683647092	-0.744182413655457	-0.13438091865205	0.48808617472074
0.0266462515043964	-0.742244884548386	-0.12757375485365	0.496600627695312
0.0330579346440836	-0.725037270020455	-0.11980500026666	0.510998104876111
0.0394696177837708	-0.725013750634205	-0.109870371059211	0.5099440013439
0.045881300923458	-0.713257983031221	-0.10100740996304	0.526435362161243
0.0522929840631452	-0.700026639771501	-0.0911027097489601	0.533747387798356
0.0587046672028324	-0.687965533844351	-0.0818676080161815	0.541014369023886
0.0651163503425196	-0.685915198119675	-0.0733817155786747	0.551852899811544
0.0715280334822068	-0.678050460262599	-0.0647719900070969	0.555880251491389
0.077939716621894	-0.668676618753618	-0.0597341309481092	0.56078735872793
0.0843513997615812	-0.663103110814169	-0.0458036869476037	0.576107432062958
0.0907630829012684	-0.653708900042838	-0.041421086569401	0.578305862972305
0.0971747660409554	-0.648807708749748	-0.0317492832113399	0.588464997454776
0.103586449180643	-0.640200229996512	-0.0215446592211415	0.607735500695993
0.10999813232033	-0.626293567465989	-0.0128223841788742	0.604094586628003
0.116409815460017	-0.611944938754137	-0.00599679385727294	0.622519759179813
0.122821498599704	-0.606678887259509	0.00400011768583612	0.620026420979083
0.129233181739392	-0.607086239440952	0.0118560935949433	0.631798786571288
0.135644864879079	-0.586617601865452	0.0228970855401406	0.638782268934897
0.142056548018766	-0.589766446703306	0.0284269643851183	0.658763989187165
0.148468231158453	-0.577257301408982	0.0372157487093419	0.667543507673908
0.15487991429814	-0.569783993630875	0.0441992289080367	0.676473887707161
0.161291597437828	-0.555540749072809	0.0568119302060244	0.688191026533039
0.167703280577514	-0.55356735327191	0.0624117559502467	0.697802122307329
0.174114963717202	-0.546842359327589	0.0731797056638785	0.698990443983913
0.180526646856889	-0.537031079480704	0.0795705494812847	0.717568598757124
0.186938329996576	-0.530269567490606	0.0918581477404138	0.717112415551965
0.193350013136263	-0.514579397302344	0.099158771290745	0.719401507823246
0.199761696275951	-0.511049221155469	0.106098499167165	0.742962871546795
0.206173379415638	-0.504525110542001	0.116960867214103	0.752060817535197
0.212585062555325	-0.495777422500458	0.125676488529503	0.762328076647314
0.218996745695012	-0.482960289891032	0.132102304305163	0.764409273839247
0.2254084288347	-0.471700783297156	0.141012555858813	0.769293448192365
0.231820111974387	-0.47024524619988	0.149498544174524	0.778740329424415
0.238231795114074	-0.459009909013437	0.155542478067214	0.796347275463025
0.244643478253761	-0.452248367932661	0.16634105747565	0.791467496530681
0.251055161393448	-0.449279130568758	0.17762666650476	0.799066485279422
0.257466844533135	-0.441450851779631	0.185126920313965	0.811986111040677
0.263878527672822	-0.433043241860525	0.194866548905988	0.83329910204402
0.27029021081251	-0.421920423973672	0.202379343895694	0.839092313507594
0.276701893952197	-0.419423813476337	0.209100776064146	0.844946712661383
0.283113577091884	-0.412454168979184	0.219860383610939	0.845410789753178
0.289525260231571	-0.394591790611293	0.227854577204678	0.860034330672977
0.295936943371259	-0.391439962579147	0.239322301385134	0.87315069762544
0.302348626510946	-0.378747511842194	0.244063084876083	0.889131565205439
0.308760309650633	-0.372946371758926	0.253674236569048	0.895603727596121
0.31517199279032	-0.369263064767026	0.262660102619579	0.90260720616934
0.321583675930007	-0.362471982858112	0.269664613502722	0.910316248758366
0.327995359069694	-0.354057023114919	0.278956509057789	0.919379723031767
0.334407042209382	-0.345742684788222	0.291072010017723	0.928835544765975
0.340818725349069	-0.329593527729095	0.297276971336695	0.937133817975314
0.347230408488756	-0.327145710216653	0.303183248401759	0.95122068308136
0.353642091628443	-0.309474291712274	0.31179963857073	0.944766842926784
0.36005377476813	-0.308436739406062	0.321962522710283	0.976672280194897
0.366465457907818	-0.304339415290698	0.330993640568544	0.976046344230204
0.372877141047505	-0.29167251420537	0.339875045437016	0.989734508657137
0.379288824187192	-0.289897558403039	0.349431334516777	0.99744962429277
0.385700507326879	-0.272183997551173	0.355769785798486	1.00740455042064
0.392112190466567	-0.272909254607263	0.366851439911375	1.01868459556826
0.398523873606254	-0.266164233195008	0.37717056074776	1.02102900690057
0.404935556745941	-0.260428501768735	0.384492985511748	1.033255923917
0.411347239885628	-0.254007390827143	0.392216086398281	1.03578664129478
0.417758923025315	-0.238132260396719	0.398924069752526	1.05131910181479
0.424170606165002	-0.224751009016964	0.408303231116968	1.06281285252767
0.43058228930469	-0.224082949580846	0.413735624891338	1.0743836632468
0.436993972444377	-0.22534558919668	0.428488920687513	1.0807431270582
0.443405655584064	-0.207789950178573	0.434890240056945	1.09034849270604
0.449817338723751	-0.205335113284297	0.443579703745865	1.10464554756085
0.456229021863438	-0.195467905287401	0.454639992939486	1.11858613919532
0.462640705003126	-0.189009050764188	0.458863848368907	1.11687362209521
0.469052388142813	-0.186787180493918	0.466901739902541	1.12662881399106
0.4754640712825	-0.166482570593419	0.477168293362447	1.14327864845768
0.481875754422187	-0.167375208302406	0.488977802909706	1.14900193012789
0.488287437561874	-0.152032076584171	0.49749742603676	1.1675697001303
0.494699120701561	-0.152381689913366	0.502751445087467	1.17136381690601
0.501110803841249	-0.13914300852068	0.509600985086884	1.17941650100491
0.507522486980936	-0.128688638016488	0.52114142876023	1.18801961943763
0.513934170120623	-0.126261127381122	0.530233599320665	1.19999610774115
0.52034585326031	-0.112882330936511	0.539807317732134	1.20242053788733
0.526757536399998	-0.111321574587757	0.548111965084767	1.2168275462982
0.533169219539685	-0.103703200928079	0.555408306904306	1.23277331495473
0.539580902679372	-0.0947365024052565	0.562929204012612	1.22882786299979
0.545992585819059	-0.0982370142180353	0.573551279225033	1.24394391406071
0.552404268958747	-0.0821485233282076	0.583793081042203	1.25686081160774
0.558815952098433	-0.0729127385397787	0.589876318324004	1.26566274238853
0.56522763523812	-0.0731404822938283	0.599413607571491	1.27407591978114
0.571639318377808	-0.059323914230229	0.608578899312485	1.29222523191169
0.578051001517495	-0.0543969997044979	0.61680750152307	1.29999019621992
0.584462684657182	-0.0475337425713743	0.625889554476444	1.30669314319166
0.590874367796869	-0.0403913699587051	0.635105170489124	1.32538347753972
0.597286050936557	-0.0308078440045933	0.641321553350428	1.328506511576
0.603697734076244	-0.0281824682665185	0.654741178163635	1.33754417602313
0.610109417215931	-0.015305001947148	0.658421928419278	1.348710565906
0.616521100355618	-0.0113032579615983	0.667651563076658	1.35587805210534
0.622932783495306	-0.00780981446949962	0.674716429958762	1.37007863474769
0.629344466634993	0.00487882074570991	0.68711309044194	1.37607412054851
0.63575614977468	0.00117749544736583	0.693032689649944	1.38511812613637
0.642167832914367	0.0256181647352332	0.699617419578881	1.40617359875252
0.648579516054054	0.0290185160936689	0.71323375248018	1.40085125043888
0.654991199193741	0.0331542445125873	0.720205659065042	1.41692863596542
0.661402882333429	0.0360518810839069	0.7303665651081	1.42252042966342
0.667814565473116	0.0489107044902397	0.740390310817903	1.44245768041433
0.674226248612803	0.056413495660218	0.743331708825612	1.44583746426986
0.68063793175249	0.0524264270995408	0.755823639458227	1.45584764710878
0.687049614892177	0.067095525243935	0.764507832289047	1.4692503667429
0.693461298031865	0.0758146078750067	0.772950533187013	1.48448237234527
0.699872981171552	0.0819865898148746	0.780273072602292	1.4946225391871
0.706284664311239	0.0879752280347667	0.790118570680931	1.50185768736978
0.712696347450926	0.0988495998879014	0.799742920188431	1.50834857329887
0.719108030590613	0.100788757857871	0.805457726255773	1.52333637384169
0.7255197137303	0.108416861904396	0.815790375658346	1.53017769374352
0.731931396869988	0.122674353073206	0.820844283905918	1.53724679318308
0.738343080009675	0.123764863119364	0.834176672614833	1.54686044484242
0.744754763149362	0.136584015422073	0.842503106032342	1.55769965484314
0.751166446289049	0.141563259997764	0.851641647578437	1.57748148152435
0.757578129428737	0.146720067028063	0.856450013086277	1.58036598129444
0.763989812568424	0.155285852420062	0.866593824011618	1.59091479372166
0.770401495708111	0.15190396305524	0.875340166905585	1.5952292254977
0.776813178847798	0.167652260222954	0.883816211680777	1.61226585680337
0.783224861987485	0.171198860829956	0.89595397984703	1.63446994165836
0.789636545127173	0.18428468501894	0.902687496900633	1.63094098034504
0.79604822826686	0.183390264960316	0.912121002944311	1.64338437676405
0.802459911406547	0.194003597376193	0.921640578416939	1.65092404594914
0.808871594546234	0.204886453710119	0.927903361545913	1.66261201207384
0.815283277685921	0.206131314247639	0.936295849120952	1.67360890956636
0.821694960825608	0.208522238966039	0.946510505188679	1.68119130175836
0.828106643965296	0.222800399934815	0.953767873520792	1.68916967077164
0.834518327104983	0.229968563553166	0.963997571017551	1.70236158292635
0.84093001024467	0.239575312958282	0.972522532314101	1.71611855877217
0.847341693384357	0.243607991920801	0.979247657063977	1.72208690694788
0.853753376524045	0.24521984566063	0.988332196535512	1.73351836187296
0.860165059663732	0.258161869951373	0.994448499128975	1.74604648204726
0.866576742803419	0.256757695340427	1.00732722405685	1.75277799781121
0.872988425943106	0.269400163397311	1.0183605578049	1.76269600232655
0.879400109082793	0.275291147073202	1.02448344084836	1.77081173051822
0.88581179222248	0.278917178530781	1.03482469799911	1.79322882507411
0.892223475362167	0.28855558152738	1.04366521839581	1.80421558578662
0.898635158501855	0.291846838659782	1.04871480133299	1.81473937597891
0.905046841641542	0.302842351501455	1.05943436754368	1.81802687132423
0.911458524781229	0.30778836287394	1.06507510425666	1.82739428369431
0.917870207920916	0.319569939798278	1.07511867169725	1.83671448185625
0.924281891060604	0.31833880651363	1.08261741964435	1.85191152184077
0.930693574200291	0.33801999349808	1.09171498274525	1.85963371816418
0.937105257339978	0.340198968309102	1.09958163779468	1.86660717162191
0.943516940479665	0.339653962577081	1.11017778568561	1.88179936852204
0.949928623619352	0.354929085617374	1.11929940053352	1.89782557406298
0.956340306759039	0.36222745603587	1.12915118065757	1.90296308671864
0.962751989898727	0.354325568025828	1.13492113396539	1.90870905465687
0.969163673038414	0.367880024814008	1.14640627843112	1.91649182114016
0.975575356178101	0.383250543398912	1.14983546522178	1.93347000259602
0.981987039317788	0.382489067519919	1.16105437321163	1.94394469088107
0.988398722457475	0.391531157892433	1.17055814122113	1.94753451156308
0.994810405597163	0.404940821895353	1.17836615728112	1.97107197150124
1.00122208873685	0.400269338462357	1.186856303029	1.96786912312883
1.00763377187654	0.409924911163143	1.19821443193779	1.98757185248342
1.01404545501622	0.413358830643466	1.20473404334059	1.99339758547909
1.02045713815591	0.419397405688488	1.21017257936084	2.00791071092164
1.0268688212956	0.428903773538615	1.22558075641131	2.02257591432483
1.03328050443529	0.436596202721007	1.23001084244027	2.01429911515871
1.03969218757497	0.439620668643285	1.23805337906678	2.03579595699124
1.04610387071466	0.448471849907451	1.24881865510802	2.05726753240985
1.05251555385435	0.454529355979948	1.2552981801241	2.06659881551528
1.05892723699403	0.461862407354576	1.25992022191779	2.05836704943273
1.06533892013372	0.467972969016095	1.27397906208759	2.07610844902168
1.07175060327341	0.483062594969172	1.2848344231659	2.09873095706678
1.0781622864131	0.488921284835777	1.29166537898956	2.11008200800702
1.08457396955278	0.487195634739113	1.29773393939038	2.11759464313205
1.09098565269247	0.502269583718312	1.30743981035538	2.12270884364566
1.09739733583216	0.506319221876804	1.31825066297227	2.12859196627182
1.10380901897185	0.512217008403591	1.32390373863617	2.14020038559473
1.11022070211153	0.515688765468721	1.33577096714163	2.15900584731904
1.11663238525122	0.522131986021382	1.34616287831798	2.1642917639338
1.12304406839091	0.523722447260518	1.35503053944249	2.18123220447507
1.12945575153059	0.530513927971433	1.35855122367793	2.18335493039125
1.13586743467028	0.54212083884159	1.36875893974658	2.20467570894223
1.14227911780997	0.541895769969533	1.37745575099616	2.20562046826254
1.14869080094966	0.55832560368136	1.38420548628898	2.22540478691938
1.15510248408934	0.572228685854811	1.39821728360225	2.2270947260716
1.16151416722903	0.568297567627269	1.40463141743177	2.23580128213132
1.16792585036872	0.580709025565235	1.41140376613753	2.25729056310065
1.1743375335084	0.58073947710916	1.42057887726122	2.26477611660491
1.18074921664809	0.58374079179457	1.43106943706756	2.28171695032516
1.18716089978778	0.601520156896098	1.43939944047183	2.28217270410898
1.19357258292747	0.598325399654688	1.44554819599442	2.30411156680125
1.19998426606715	0.610112801560964	1.45805959493038	2.30117904848716
1.20639594920684	0.607424143231372	1.46504125227864	2.31989907711423
1.21280763234653	0.625931704034566	1.47357299764821	2.33328786181559
1.21921931548621	0.637459753278894	1.4814387054124	2.34116579901297
1.2256309986259	0.635557598192253	1.48819126886325	2.34803585650079
1.23204268176559	0.637667294726228	1.49766231737871	2.36527118631987
1.23845436490528	0.635579062028886	1.51083274715309	2.37079979193109
1.24486604804496	0.654264853980829	1.51408957852274	2.37815786307564
1.25127773118465	0.65595780010459	1.52839498919108	2.38899479842527
1.25768941432434	0.661130249141534	1.53441990290461	2.39676645157664
1.26410109746402	0.672596742096359	1.54441408831012	2.41425472724451
1.27051278060371	0.681369137473473	1.55216333167831	2.43644604278281
1.2769244637434	0.686157300205193	1.55977698316792	2.43595073752319
1.28333614688309	0.697741466043298	1.56715107931343	2.44721811269817
1.28974783002277	0.690619298966457	1.57512397157624	2.45321725634166
1.29615951316246	0.69464809820701	1.58626137592912	2.46976656165866
1.30257119630215	0.701259256109371	1.59430268937065	2.48561596489789
1.30898287944184	0.715786088982753	1.60211531452532	2.49837155174206
1.31539456258152	0.727412010174545	1.61195065406639	2.50370047317507
1.32180624572121	0.740309125025963	1.62130556679562	2.50934205697893
1.3282179288609	0.740452546220187	1.63088465679693	2.5202700282407
1.33462961200058	0.744367568737618	1.63950104387168	2.53971437886226
1.34104129514027	0.743257465148355	1.64589846184935	2.5422217302563
1.34745297827996	0.756301458344693	1.65689098353915	2.56102978627025
1.35386466141965	0.754781169270403	1.66434504860944	2.57013909849512
1.36027634455933	0.763419315801731	1.67106258295934	2.59128032914112
1.36668802769902	0.773118183547636	1.68088703768721	2.59671537864504
1.37309971083871	0.772846920204461	1.68418447732649	2.60056897602593
1.37951139397839	0.781315172187332	1.69665893641484	2.60686490504501
1.38592307711808	0.797044126032559	1.70499299480115	2.62488268428505
1.39233476025777	0.80069316281166	1.71603130511267	2.63109669249765
1.39874644339746	0.805915045917278	1.72561874861884	2.64764963690602
1.40515812653714	0.81182733507672	1.73384962110247	2.65953536526519
1.41156980967683	0.825083599159997	1.74237418745124	2.67010450781423
1.41798149281652	0.821149159726939	1.75175587072501	2.67472634422058
1.4243931759562	0.82070784177463	1.75995648305239	2.69417454853333
1.43080485909589	0.832189129157173	1.76577885300628	2.69448232614714
1.43721654223558	0.844318466094234	1.77821468911419	2.70972606708108
1.44362822537527	0.842512457776298	1.78597870780541	2.72583985614887
1.45003990851495	0.857495818091229	1.79218944302062	2.74155732383059
1.45645159165464	0.857818522185314	1.80085803279138	2.7435348344171
1.46286327479433	0.869921121562976	1.80907640240402	2.75989762857346
1.46927495793402	0.872890950416472	1.82008515571477	2.76318874597724
1.4756866410737	0.881029738944371	1.82542425512051	2.78686653197181
1.48209832421339	0.877958423360519	1.83159368207866	2.78807874843172
1.48851000735308	0.878454476793748	1.84323286325939	2.79885629818301
1.49492169049276	0.903944082227365	1.85584039584917	2.81318690994963
1.50133337363245	0.903244291741721	1.86243211989081	2.82274730488814
1.50774505677214	0.902574240944868	1.87192234186837	2.83891801046889
1.51415673991183	0.917983094683598	1.88281345747519	2.84450124254665
1.52056842305151	0.909466492049387	1.88831854960357	2.85748600043486
1.5269801061912	0.924173761382828	1.89739473110292	2.87939794104123
1.53339178933089	0.934284754250685	1.90391726827946	2.88164317740555
1.53980347247057	0.939861191130012	1.91631086707898	2.88784193464561
1.54621515561026	0.940398161236397	1.92547888270566	2.89593863623612
1.55262683874995	0.947206833566426	1.92720790199722	2.92060170729363
1.55903852188964	0.965689693675022	1.94318052544603	2.91838650788289
1.56545020502932	0.967746812087892	1.94889145378529	2.93169506354097
1.57186188816901	0.970129401782257	1.95437749209221	2.94597091233275
1.5782735713087	0.983720787313964	1.9686399874008	2.95520412296157
1.58468525444838	0.978211703411919	1.97284489658332	2.96987511565166
1.59109693758807	0.997786585480734	1.98098523876338	2.98046851619262
1.59750862072776	0.992394638716205	1.99417216576133	2.99201436535566
1.60392030386745	0.995725104846549	2.00122443638244	3.00314645147273
1.61033198700713	1.00254243830236	2.0070970071205	3.00919310180605
1.61674367014682	1.0185833867023	2.01855267991085	3.02301285211841
1.62315535328651	1.01861990121637	2.02703835118464	3.04029513913663
1.62956703642619	1.02201306863479	2.03551501631927	3.05070327586887
1.63597871956588	1.03715933190496	2.04802257811772	3.05474442339641
1.64239040270557	1.04838486539787	2.05377656603329	3.06627967940571
1.64880208584526	1.04524797629552	2.06004383975766	3.07884469499725
1.65521376898494	1.04282766450538	2.06703492043549	3.09558509354069
1.66162545212463	1.05832108794899	2.07589436702049	3.10979687551556
1.66803713526432	1.06972054256575	2.08658854757393	3.11423291968822
1.67444881840401	1.06752693982619	2.09275496277087	3.12996992146795
1.68086050154369	1.07683609782879	2.10708188016387	3.13455611005192
1.68727218468338	1.08077467307975	2.1132036186206	3.14883703446571
1.69368386782307	1.09614711052393	2.12397993621816	3.15626735229918
1.70009555096275	1.10362011556067	2.12748168511752	3.16930630574812
1.70650723410244	1.10787994248242	2.13976102507284	3.1820731591093
1.71291891724213	1.10634400132426	2.14964211506257	3.19486407421535
1.71933060038182	1.11322502069512	2.15664492996058	3.2083612841867
1.7257422835215	1.11979610428563	2.16584606937322	3.21315388261463
1.73215396666119	1.12782225684106	2.1751136097267	3.21770182901034
1.73856564980088	1.12971985895857	2.1896133815045	3.23583646249866
1.74497733294056	1.13848173778509	2.19047784508939	3.2372365189084
1.75138901608025	1.13432029042242	2.20336071770923	3.24419206257798
1.75780069921994	1.15307743067395	2.2095723960827	3.26858895049606
1.76421238235963	1.15135116075661	2.21961722835695	3.28726658884676
1.77062406549931	1.15867834408527	2.22275037284462	3.28439810327813
1.777035748639	1.16107450400179	2.22990058388532	3.30781789084166
1.78344743177869	1.17926472548748	2.24508376795982	3.307128906578
1.78985911491837	1.18317553341389	2.25125643476285	3.32125490630092
1.79627079805806	1.19825765209999	2.26224114555162	3.33432480137821
1.80268248119775	1.19667636639022	2.260864731612	3.34360695444582
1.80909416433744	1.19672311680526	2.27446925273	3.36895966509112
1.81550584747712	1.21306719113761	2.28727247644519	3.37149902420113
1.82191753061681	1.21547295459702	2.29326679202701	3.38100467230747
1.8283292137565	1.20175312454595	2.30365986406048	3.38956229632761
1.83474089689618	1.21953506290083	2.30761234428973	3.40641905219042
1.84115258003587	1.22726374438434	2.32415253779539	3.41585263040562
1.84756426317556	1.23806365030991	2.33043983212365	3.43079385653592
1.85397594631525	1.23501101936923	2.34172903758428	3.43868847788651
1.86038762945493	1.25525247175365	2.35053118884342	3.45585138634514
1.86679931259462	1.26103425908732	2.35723628097576	3.46056686432672
1.87321099573431	1.25182663635126	2.36309931039373	3.46437467006347
1.879622678874	1.26807346268107	2.37150168063633	3.47379205858902
1.88603436201368	1.27624302134459	2.38387997889476	3.49291260814925
1.89244604515337	1.28467344106077	2.38629296749235	3.50418923830045
1.89885772829306	1.28619910474559	2.40266269173931	3.51587561500984
1.90526941143274	1.29150135754781	2.40601487838037	3.51084786678098
1.91168109457243	1.28730036513306	2.41486081519634	3.53443617686119
1.91809277771212	1.30874503326268	2.42569016867284	3.54641708553104
1.92450446085181	1.31236485251688	2.4308411498969	3.56360449584784
1.93091614399149	1.32033175702019	2.44136987929421	3.56933693385789
1.93732782713118	1.32298618618883	2.4523115784669	3.57076645767944
1.94373951027087	1.3213237055673	2.45969588106627	3.58862685145467
1.95015119341055	1.32789705697757	2.46998726447509	3.60140992377114
1.95656287655024	1.34610091634984	2.47644112025437	3.62318841375974
1.96297455968993	1.33964937620476	2.48939595745066	3.62096661481711
1.96938624282962	1.34475745776099	2.49514164088605	3.64123141586234
1.9757979259693	1.35177032362836	2.50255571646215	3.65486119828273
1.98220960910899	1.35962183117521	2.51510818292113	3.65647422641665
1.98862129224868	1.36816046255559	2.52193096553608	3.6636856726604
1.99503297538836	1.37219910098127	2.52937888968301	3.68989894545077
2.00144465852805	1.38302347077141	2.54010804958386	3.69050485920575
2.00785634166774	1.39036394961825	2.54822198384591	3.70744472151786
2.01426802480743	1.39215175563109	2.55750216334893	3.71201211519966
2.02067970794711	1.39984622168632	2.56313072084547	3.72447260635769
2.0270913910868	1.40855545163767	2.57481670877267	3.75214968739539
2.03350307422649	1.40289447263288	2.57833131939533	3.7452344351612
2.03991475736618	1.41795414192183	2.58308982243048	3.76432740824931
2.04632644050586	1.41713940323928	2.59897896145076	3.76953066123124
2.05273812364555	1.42372431709372	2.60721719650216	3.78386017452292
2.05914980678524	1.43152111760233	2.61431079331916	3.79463951912525
2.06556148992492	1.44146471863533	2.62549184887622	3.81300999639686
2.07197317306461	1.45015476780274	2.63431062100058	3.81190277317727
2.0783848562043	1.44892967893442	2.63953785672673	3.82584543723743
2.08479653934399	1.46466491786331	2.65235289966966	3.83865130622904
2.09120822248367	1.46706614242276	2.65722519532242	3.86442090065988
2.09761990562336	1.47221484853249	2.67006945440734	3.86730476639143
2.10403158876305	1.46419415067348	2.67722136527069	3.87777023648472
2.11044327190273	1.47789833810401	2.68625866839619	3.89728335926963
2.11685495504242	1.50231034332369	2.69295287761553	3.90829641022674
2.12326663818211	1.49464416041356	2.70501696628537	3.92093271913066
2.1296783213218	1.49797793130216	2.71003649285011	3.930761211864
2.13609000446148	1.51410485389917	2.72051701481276	3.9413164253545
2.14250168760117	1.50417457413221	2.7283018940038	3.94011079092439
2.14891337074086	1.5099410132863	2.73618535738218	3.95435975067664
2.15532505388054	1.52858556167267	2.7423618472075	3.97154849896989
2.16173673702023	1.53475422593392	2.75846241030902	3.98474032065247
2.16814842015992	1.53585124968671	2.76201259469524	3.98549175894814
2.17456010329961	1.54213308284958	2.77290797273381	4.01326177383548
2.18097178643929	1.54614791241951	2.77932184925129	4.0163828833276
2.18738346957898	1.54924187304927	2.7865710225136	4.02593800582055
2.19379515271867	1.55946536392581	2.79470383365927	4.03592459858811
2.20020683585836	1.55918736434641	2.80603398628009	4.0543974739161
2.20661851899804	1.56708450773145	2.81602898014696	4.04769925870927
2.21303020213773	1.58057247250921	2.82741653724071	4.0772847587033
2.21944188527742	1.57496970141762	2.83262694033401	4.07111838074201
2.2258535684171	1.58238515278343	2.84132685907105	4.08669764964705
2.23226525155679	1.59276126951353	2.84617747489029	4.10663381688844
2.23867693469648	1.58933236351795	2.85852376911281	4.10596796708926
2.24508861783617	1.60312224671749	2.8691300335036	4.13277250479887
2.25150030097585	1.62614267297331	2.87999227234096	4.12550324003932
2.25791198411554	1.62503225423617	2.88843114712799	4.14405794979847
2.26432366725523	1.61236720418656	2.89607525868738	4.15676561017324
2.27073535039491	1.62597376786788	2.90253854339235	4.15744665059496
2.2771470335346	1.61993627037212	2.91179257523743	4.18199980352303
2.28355871667429	1.64255236925601	2.91588186838433	4.19948113491245
2.28997039981398	1.63469326324753	2.92657548845757	4.20529706340795
2.29638208295366	1.64956932640834	2.9384753865165	4.20493105833831
2.30279376609335	1.66287955544935	2.94497584073861	4.23136223828131
2.30920544923304	1.6595747767627	2.95454187317837	4.2313083040227
2.31561713237272	1.66829405408219	2.96527293627346	4.24508274678942
2.32202881551241	1.67726812542111	2.97171585291758	4.25588428835516
2.3284404986521	1.67970295404734	2.98011919668692	4.26679888010574
2.33485218179179	1.68853995978457	2.98886821861945	4.27023466974315
2.34126386493147	1.68764527529873	2.99660480702234	4.29223629581974
2.34767554807116	1.7060834265918	3.00547500977019	4.31349100128458
2.35408723121085	1.70709107586991	3.01206518736882	4.30952023314701
2.36049891435054	1.7088216238671	3.02031510045349	4.33244601072125
2.36691059749022	1.72418539088922	3.03038862008694	4.34860612219015
2.37332228062991	1.72617143102031	3.03936760617827	4.35393802632672
2.3797339637696	1.73302885959415	3.05020365013732	4.35186980180268
2.38614564690928	1.72708888374832	3.05615478932992	4.3713641856552
2.39255733004897	1.74489146660696	3.07134891937155	4.38540131470198
2.39896901318866	1.74663151911323	3.07469088649269	4.39490634921713
2.40538069632835	1.76167675783055	3.08111155743537	4.40847998011234
2.41179237946803	1.76324388051482	3.08863940573586	4.4248232569602
2.41820406260772	1.75900603415173	3.10151540360745	4.4249252829305
2.42461574574741	1.78143708306688	3.10799933239482	4.42892678244184
2.43102742888709	1.77296031387304	3.11612023935748	4.44570570640901
2.43743911202678	1.7819904895416	3.12809285090191	4.46512487176364
2.44385079516647	1.78267599530951	3.13762369698509	4.47632112901747
2.45026247830616	1.79723438413419	3.1437950588474	4.48105428406717
2.45667416144584	1.79722309094242	3.15495334290244	4.51008605604675
2.46308584458553	1.81248903371374	3.16153150270765	4.52614497481305
2.46949752772522	1.79421895481928	3.16945899748605	4.5221126040431
2.4759092108649	1.81798074607669	3.18415039710515	4.52874261531032
2.48232089400459	1.8314944621109	3.18870469211005	4.53982380758497
2.48873257714428	1.84041010700249	3.19897411654159	4.56025384299573
2.49514426028397	1.82979543005885	3.19827117714293	4.55752187081187
2.50155594342365	1.83641165532564	3.21509393235922	4.58491522428137
2.50796762656334	1.84797863925186	3.22279024974832	4.59048166115191
2.51437930970303	1.85573587274785	3.22543458910187	4.59547882015851
2.52079099284272	1.85978625640383	3.24230852029163	4.60966658561402
2.5272026759824	1.86580523244625	3.2520109686797	4.61942627662965
2.53361435912209	1.86758287809967	3.25230290728692	4.63662788184375
2.54002604226178	1.8700858684826	3.26843394370998	4.65358398739412
2.54643772540146	1.88781256086974	3.27359189055244	4.66635627437756
2.55284940854115	1.88473380195151	3.28510576000933	4.67564806749858
2.55926109168084	1.8861188541482	3.29498299275333	4.68771397590838
2.56567277482052	1.90905399345428	3.30209606290419	4.69755471493891
2.57208445796021	1.90638379765955	3.30738370937147	4.71023899587271
2.5784961410999	1.90803053577841	3.31542076670569	4.70953563861237
2.58490782423959	1.91318475298199	3.33099506688547	4.73151543658493
2.59131950737927	1.91994409263641	3.33670518620297	4.73709842779145
2.59773119051896	1.92419518559102	3.34021302984412	4.75185185868561
2.60414287365865	1.9309951258961	3.35362669334111	4.7622370055406
2.61055455679834	1.94660068250538	3.35784844735686	4.77273916860229
2.61696623993802	1.94175664157234	3.36640292677168	4.78636623994773
2.62337792307771	1.95055218602252	3.3763255489976	4.78663642818465
2.6297896062174	1.96101960064258	3.38770840932662	4.80997540012172
2.63620128935708	1.96824729295796	3.3949029204215	4.80982568485708
2.64261297249677	1.96394358736187	3.4073860211146	4.81919906147286
2.64902465563646	1.97760334431817	3.41447902972243	4.85060769640582
2.65543633877615	1.98599241518652	3.42254115071117	4.85026566578031
2.66184802191583	1.99452584261979	3.42807425402374	4.86505885714764
2.66825970505552	1.99449010866567	3.43728948556845	4.87739209825409
2.67467138819521	1.99445074077612	3.44910337561963	4.90156184823474
2.68108307133489	1.99957281225548	3.4535460206273	4.90210727604148
2.68749475447458	2.00593280543361	3.46224966166192	4.89495845349095
2.69390643761427	2.00980549467327	3.47760994701602	4.93493971844464
2.70031812075396	2.01896218776378	3.48671017738229	4.93232782414556
2.70672980389364	2.03442268127128	3.49254479818148	4.95524474063914
2.71314148703333	2.03095892632956	3.49805563469838	4.95471543178594
2.71955317017302	2.03661957525925	3.50757626553228	4.97061298069381
2.7259648533127	2.0390397692473	3.51764427887703	4.97559209361028
2.73237653645239	2.05316731340469	3.52687729808032	4.98625627456062
2.73878821959208	2.0704527363238	3.53666578999479	4.99532396095518
2.74519990273177	2.0792028994515	3.54108021710486	5.02047268813538
2.75161158587145	2.06379143238575	3.55189748521491	5.01570377019424
2.75802326901114	2.06399958746675	3.56022383660415	5.03186954242839
2.76443495215083	2.07241863565121	3.56613780850569	5.04640961057615
2.77084663529052	2.09280889890265	3.57091095276379	5.05598042442232
2.7772583184302	2.09443965450273	3.58616827919414	5.07795203361269
2.78367000156989	2.09509429156889	3.59318797542717	5.08626346673042
2.79008168470958	2.09492497508504	3.60208515314173	5.09342141256579
2.79649336784926	2.1123546283458	3.60937943562071	5.09944667362447
2.80290505098895	2.11486629025671	3.62155346462733	5.11003287735419
2.80931673412864	2.12448495868757	3.62927043137825	5.12875791753522
2.81572841726833	2.12386892431677	3.63963852674362	5.15046766502537
2.82214010040801	2.13663676821739	3.64808585573541	5.14621230035362
2.8285517835477	2.12627856104989	3.65555619777745	5.1618329729048
2.83496346668739	2.13255756611356	3.66668036657	5.17616333870298
2.84137514982707	2.13884770816314	3.67281764287464	5.18420776813967
2.84778683296676	2.16371966954104	3.68151688270593	5.18994197275368
2.85419851610645	2.16700334208408	3.68841951155509	5.21017027607469
2.86061019924614	2.16575390126329	3.69838049549133	5.22589452988251
2.86702188238582	2.18071531028774	3.70757681870109	5.23538717082786
2.87343356552551	2.16641301839202	3.71526227439712	5.22989649655132
2.8798452486652	2.1853826948621	3.71800875343538	5.26161384927294
2.88625693180488	2.18399894186746	3.72990261471092	5.27179398870156
2.89266861494457	2.18970076133018	3.74233651831301	5.28065101551814
2.89908029808426	2.18554973970924	3.74884560261409	5.2790776682448
2.90549198122395	2.19585414506074	3.76202378708904	5.3000445788228
2.91190366436363	2.21857543962326	3.7695695122733	5.3164887679174
2.91831534750332	2.21010882957522	3.78141747391799	5.3231802636465
2.92472703064301	2.22231450709199	3.78083224657482	5.32560415275353
2.9311387137827	2.2304823442221	3.79032682360816	5.3406982735655
2.93755039692238	2.23715757203032	3.80109323001332	5.36695010590331
2.94396208006207	2.23846741121614	3.80938509045948	5.36042513065908
2.95037376320176	2.24817865037627	3.82239314363646	5.37926217983286
2.95678544634144	2.23601366724547	3.82820907778795	5.39138732324935
2.96319712948113	2.24838630747755	3.83722184942022	5.40905708172465
2.96960881262082	2.26514005959096	3.84370728297292	5.41961110104062
2.97602049576051	2.27133108311033	3.85783123400922	5.42477982930205
2.98243217890019	2.2671311938219	3.86386017949472	5.43644677743708
2.98884386203988	2.27861156116743	3.87059776395908	5.43783659344726
2.99525554517957	2.27776293530325	3.88039853307372	5.46432475069768
3.00166722831925	2.30230413188634	3.88576993615467	5.4695975544105
3.00807891145894	2.29593440864131	3.89732435114575	5.48350981111279
3.01449059459863	2.31005734373673	3.90830767724999	5.49952970851288
3.02090227773832	2.31139506852573	3.91604494899627	5.5093325059445
3.027313960878	2.31775161754706	3.9266514150801	5.52314885209927
3.03372564401769	2.32175957667877	3.93187423904722	5.52973522869997
3.04013732715738	2.32588780567297	3.93811861466964	5.54941746991456
3.04654901029706	2.32866080966934	3.95275799683828	5.5524936603684
3.05296069343675	2.35831180497287	3.95867629407874	5.57762922030004
3.05937237657644	2.34665176871775	3.96220220162614	5.56584380710897
3.06578405971613	2.35092611977433	3.97715414204335	5.59263131364095
3.07219574285581	2.3537612826788	3.98551080369548	5.59712446977461
3.0786074259955	2.35125490400466	3.99033811275536	5.61977766607427
3.08501910913519	2.37228424479253	3.99985462600035	5.623164153663
3.09143079227488	2.36884669494016	4.0098139917672	5.64009665771793
3.09784247541456	2.37846299857642	4.01961237048099	5.63023532793495
3.10425415855425	2.38164666250677	4.02342776489902	5.65638402093926
3.11066584169394	2.37744713021992	4.03939413461747	5.67025232659486
3.11707752483362	2.39326073394597	4.04488700614186	5.67729386728368
3.12348920797331	2.39560299950912	4.05370691819994	5.68503562771756
3.129900891113	2.42147412529962	4.06171593664753	5.70393011774087
3.13631257425269	2.41746401757119	4.06951422261169	5.7010032694954
3.14272425739237	2.42542436727263	4.07734120043478	5.72848651970625
3.14913594053206	2.42893916808579	4.08763036634715	5.72545164856847
3.15554762367175	2.42709420558943	4.0951596469041	5.7566528302633
3.16195930681143	2.44048240604594	4.1023096175141	5.7609753661659
3.16837098995112	2.43605458682131	4.11274371396931	5.76122420343686
3.17478267309081	2.44839295772712	4.12127136118247	5.78651601391888
3.1811943562305	2.44954412858014	4.12985611650112	5.78450437779305
3.18760603937018	2.45209668627203	4.13815318405626	5.81011247940844
3.19401772250987	2.46981187911616	4.14915212871357	5.81631338541342
3.20042940564956	2.48642608437161	4.1591151215489	5.835781667095
3.20684108878924	2.47410258902351	4.1703102077967	5.84331620981194
3.21325277192893	2.49059914011464	4.17686612254492	5.8615801683609
3.21966445506862	2.49996889052668	4.18063705831548	5.86183605599108
3.22607613820831	2.50823304511578	4.19414394987103	5.859135511536
3.23248782134799	2.50168200105603	4.19821548633502	5.88492256808712
3.23889950448768	2.5029198917054	4.21136817470182	5.89733854335122
3.24531118762737	2.5085677170668	4.22088426514084	5.91143680983818
3.25172287076705	2.51248940208146	4.22606174507859	5.91697095062625
3.25813455390674	2.52203663755975	4.23450196467599	5.92679861984968
3.26454623704643	2.53508163231633	4.24832513924609	5.95106263419164
3.27095792018612	2.54456692246447	4.25126525848305	5.94601898230599
3.2773696033258	2.53595673927234	4.26038073001497	5.96648600930445
3.28378128646549	2.55454180974182	4.26854007601786	5.97637344611063
3.29019296960518	2.54499992746972	4.27140565923322	5.98538750978405
3.29660465274487	2.56508180359708	4.28182066617106	6.00914977359115
3.30301633588455	2.56643290666047	4.29447901572405	6.02346178438187
3.30942801902424	2.57223791325611	4.29742491630585	6.03215295725853
3.31583970216393	2.57238185711973	4.31271544554078	6.0383821803047
3.32225138530361	2.58096656034587	4.3255476776102	6.0568051891288
3.3286630684433	2.58488116385565	4.33362327891402	6.06211805680281
3.33507475158299	2.602319147358	4.34117260702129	6.05351682958644
3.34148643472268	2.60773150015603	4.34792785793792	6.0834582867484
3.34789811786236	2.60720217255171	4.36126806655186	6.11192162890991
3.35430980100205	2.60542348850314	4.36288952445571	6.11560126985955
3.36072148414174	2.60450698972945	4.37578209901556	6.1264105490233
3.36713316728142	2.62313964173136	4.38556810218452	6.13360740705573
3.37354485042111	2.61600791705681	4.38338267983282	6.13872873713435
3.3799565335608	2.63507682794082	4.40275461247839	6.16251757714511
3.38636821670049	2.63137743655697	4.40026938781967	6.15985685422242
3.39277989984017	2.6357998037756	4.41634807241049	6.18841995258279
3.39919158297986	2.65867439744958	4.42883095979656	6.1802695025578
3.40560326611955	2.64620897935999	4.43206731612523	6.20454364598169
3.41201494925923	2.66375570248449	4.44452284923034	6.20454118782481
3.41842663239892	2.65820291183219	4.45354190022538	6.22230508785665
3.42483831553861	2.65955638349705	4.46162805699655	6.24591695164851
3.4312499986783	2.68314913932056	4.46725804452532	6.25096944479156
3.43766168181798	2.68871248194807	4.48017979471734	6.24380924183508
3.44407336495767	2.69472563646397	4.48306188909846	6.26455171101159
3.45048504809736	2.69504039918555	4.48902380925557	6.28757967680623
3.45689673123705	2.68701744321122	4.50658560655052	6.29591664129232
3.46330841437673	2.71211010263052	4.51359167765703	6.30674642690245
3.46972009751642	2.71306256326499	4.52160952609997	6.3070663375839
3.47613178065611	2.71889942044127	4.53117628685771	6.32458689561181
3.48254346379579	2.72022896334803	4.53639345402969	6.33937912878553
3.48895514693548	2.72357473322146	4.54681130664135	6.36062172524823
3.49536683007517	2.72623179801598	4.55119867528786	6.36087696009778
3.50177851321486	2.74645650793289	4.56281516319649	6.37805929597611
3.50819019635454	2.72907571603684	4.56892832757774	6.38230768361709
3.51460187949423	2.75559770975929	4.58225780197303	6.38584260335357
3.52101356263392	2.74820847446091	4.58985160493588	6.41079813876234
3.5274252457736	2.75707347666121	4.59633455132789	6.42759891836895
3.53383692891329	2.76570489126492	4.60527541634733	6.43388773903512
3.54024861205298	2.77881314641222	4.61665998923824	6.43723926633259
3.54666029519267	2.77845864158659	4.62363248331674	6.46205954600973
3.55307197833235	2.77248518532858	4.62180908976214	6.46615575851495
3.55948366147204	2.79213968929394	4.64054169599274	6.47770736484267
3.56589534461173	2.79558452444064	4.65421744096312	6.49407580655996
3.57230702775141	2.80537220641915	4.66127538745504	6.50712525053365
3.5787187108911	2.80084733220459	4.6694560441394	6.50797431871543
3.58513039403079	2.80220486366411	4.68023027733371	6.52504997611467
3.59154207717048	2.81951931635547	4.68839178734241	6.54478868240758
3.59795376031016	2.82155462312264	4.69391530795763	6.55853116022838
3.60436544344985	2.82645111584602	4.70358818884979	6.55937919359464
3.61077712658954	2.83558415467483	4.71306002971076	6.56499279114583
3.61718880972923	2.84966010703534	4.71525816780134	6.58743004765921
3.62360049286891	2.83947390026572	4.73590982286439	6.57668518097818
3.6300121760086	2.86235359397164	4.73600819431254	6.61037407767584
3.63642385914829	2.85510695637809	4.74384214355969	6.62522675373615
3.64283554228797	2.8462157715459	4.75388553952884	6.61288061788815
3.64924722542766	2.8706542193548	4.75752576333004	6.63956132096085
3.65565890856735	2.87588645359501	4.76874963995045	6.64503992451312
3.66207059170703	2.88733311432502	4.7799488014437	6.66764589191027
3.66848227484672	2.88192147541796	4.78562034285376	6.68199393072239
3.67489395798641	2.88796364153453	4.79843679347333	6.69387903083612
3.6813056411261	2.90037943756038	4.80437784581085	6.69975928125583
3.68771732426578	2.91252099049438	4.81637974932688	6.70213681303735
3.69412900740547	2.92567932013098	4.82542962079462	6.72511192734922
3.70054069054516	2.91571567637275	4.83131466866656	6.7414641096428
3.70695237368485	2.93068534539864	4.84209092251358	6.74307501316429
3.71336405682453	2.92679912634451	4.85358614273061	6.74322915881058
3.71977573996422	2.94416089156922	4.85845251351511	6.76223700617107
3.72618742310391	2.92995622257837	4.86765159560305	6.78478792891935
3.73259910624359	2.93408483101673	4.87217702008784	6.79847418707624
3.73901078938328	2.94683141854601	4.88130423728489	6.79596736957898
3.74542247252297	2.94830130545645	4.89030232562529	6.80529013291502
3.75183415566266	2.96952943970272	4.90050212990522	6.83410717281966
3.75824583880234	2.95593314185663	4.91120984075302	6.83350214364433
3.76465752194203	2.96963188602438	4.92306438035418	6.85871272723618
3.77106920508172	2.97502253009429	4.93021022576916	6.85306761381745
3.77748088822141	2.97165441491139	4.93691482710923	6.87665932761827
3.78389257136109	2.99212719242863	4.9403503036129	6.89095572569468
3.79030425450078	2.98864020485593	4.95462337969875	6.89408139568725
3.79671593764047	2.99149194735075	4.96251170120567	6.90663730741533
3.80312762078015	2.99743987870568	4.97291309932174	6.92048540581335
3.80953930391984	3.01432524532815	4.97782932917057	6.92223464484874
3.81595098705953	3.02509560998188	4.98661510031588	6.93526322300462
3.82236267019921	3.02104440384903	4.99632159635308	6.95176378326072
3.8287743533389	3.03092762122461	5.00147333034106	6.96618768478414
3.83518603647859	3.04249596227974	5.01131074582019	6.97859180281731
3.84159771961828	3.04183379193234	5.02110112529422	6.97013547236997
3.84800940275796	3.04255579393393	5.03450482713975	6.99706355360184
3.85442108589765	3.03364081495458	5.04106327983782	7.01146918017667
3.86083276903734	3.0553546863619	5.04558156511124	7.02633469678289
3.86724445217703	3.04916823025775	5.05669279783709	7.03727294527445
3.87365613531671	3.0730233647879	5.06404265464322	7.0440538026632
3.8800678184564	3.06821405940005	5.07216352956489	7.05661963598213
3.88647950159609	3.07794524374117	5.08650655155934	7.0751019980809
3.89289118473577	3.08331632347282	5.09448159050902	7.08030330595093
3.89930286787546	3.0904918964428	5.09678252140793	7.09346835208731
3.90571455101515	3.08762741675344	5.11242482281874	7.11204724761465
3.91212623415484	3.10707337146176	5.12184254673423	7.11805381027304
3.91853791729452	3.11607692455015	5.1243608425245	7.11979091710542
3.92494960043421	3.11223438510954	5.13569308694344	7.14353426332177
3.9313612835739	3.1220655029534	5.14859658729285	7.15604965227297
3.93777296671359	3.1230519241759	5.1524189301555	7.16510998633067
3.94418464985327	3.11738587169249	5.1621978137918	7.18107095168348
3.95059633299296	3.13163025863846	5.16663740384851	7.18471206557492
3.95700801613265	3.13879177969991	5.18012116410269	7.20274354871039
3.96341969927233	3.13536801679074	5.18563570745758	7.21382913401637
3.96983138241202	3.14743959786241	5.18881491983861	7.22025236580734
3.97624306555171	3.15325230171188	5.20414896079742	7.22725256539478
3.98265474869139	3.16794978728614	5.21376592035662	7.23940634318013
3.98906643183108	3.17952044086215	5.22103499880417	7.25824110415796
3.99547811497077	3.1685933476568	5.23373268096494	7.27661123537722
4.00188979811046	3.18448274910472	5.23762565892962	7.26839268506063
4.00830148125014	3.18957323882589	5.24748483333343	7.29144363701106
4.01471316438983	3.19192794038929	5.25363538392608	7.29563507965568
4.02112484752952	3.19279056483967	5.26265142397236	7.3166283833348
4.02753653066921	3.20284538583787	5.2689093890454	7.32006353955552
4.03394821380889	3.20254376390683	5.28258903880635	7.33327704918297
4.04035989694858	3.19786674109772	5.29103813922428	7.34631352485907
4.04677158008827	3.2181839643623	5.30186300199913	7.36605927597673
4.05318326322795	3.23011246849098	5.30615468619473	7.3782664386607
4.05959494636764	3.23094964320412	5.31740971111022	7.39055023681093
4.06600662950733	3.24967749936835	5.32361936456376	7.38194041091566
4.07241831264701	3.23384465350769	5.33172000104213	7.39045346221832
4.0788299957867	3.2393369767115	5.3418997492353	7.41618184504537
4.08524167892639	3.2554870204537	5.35000000574743	7.43350171823343
4.09165336206608	3.25484540595906	5.36219125073821	7.43596630237556
4.09806504520576	3.26128016615774	5.36702133730192	7.46818732626919
4.10447672834545	3.2557460338985	5.37883215954108	7.47261235191649
4.11088841148514	3.26007047652293	5.38416900146943	7.4685631494011
4.11730009462483	3.28530744337115	5.39123598158164	7.49491331632773
4.12371177776451	3.29295329627249	5.40472343181968	7.49168299797743
4.1301234609042	3.2872151737842	5.4087297288682	7.51907813696909
4.13653514404389	3.29878396595362	5.41735544626862	7.53834812742766
4.14294682718358	3.29764520357804	5.42887176015881	7.52469662830745
4.14935851032326	3.31629318139533	5.43419346398427	7.54739770289622
4.15577019346295	3.31658002896484	5.44275458543099	7.55471252357438
4.16218187660264	3.33339900670655	5.45591780726283	7.56014379950241
4.16859355974232	3.32025148189036	5.46561940959262	7.57261570224844
4.17500524288201	3.33671693763865	5.47499065828824	7.59750486628315
4.1814169260217	3.32314351985305	5.48282815505317	7.60112029695367
4.18782860916139	3.33783542737789	5.4885320715875	7.61922811531185
4.19424029230107	3.33831713786328	5.49444582480703	7.63251251889431
4.20065197544076	3.3451440458037	5.50559098725274	7.64064347781786
4.20706365858045	3.35858601734536	5.51072517301713	7.65217247341488
4.21347534172013	3.37744164107341	5.52317285086235	7.65547381117313
4.21988702485982	3.36172117692221	5.53604034904171	7.67690319602404
4.22629870799951	3.35254075930331	5.54455587083575	7.68917618067454
4.23271039113919	3.37391479184753	5.54894740068971	7.69633330434868
4.23912207427888	3.39102545335915	5.56465275370107	7.69953137864209
4.24553375741857	3.40884160469627	5.57241989508036	7.72397398408095
4.25194544055826	3.39514891532596	5.57599783866426	7.7284637439643
4.25835712369794	3.38905345196709	5.58703660135671	7.74759042929913
4.26476880683763	3.41513121035318	5.59145301405882	7.75051206284004
4.27118048997732	3.41273177259525	5.59957833822598	7.77898458180119
4.27759217311701	3.41497179504855	5.6101277773586	7.78016985724512
4.28400385625669	3.43330233726619	5.61811169418657	7.80551912431416
4.29041553939638	3.4402036682847	5.6272745651046	7.81138438036649
4.29682722253607	3.4265853726371	5.638129767938	7.83425622237593
4.30323890567576	3.43508952319079	5.64568332917083	7.82246463443009
4.30965058881544	3.46274162411932	5.65342697935014	7.83719810282345
4.31606227195513	3.44354216064032	5.65907579010772	7.8395082327691
4.32247395509482	3.46825654285487	5.67575219424663	7.86028485772847
4.3288856382345	3.47532893208049	5.68000128908911	7.8707603244296
4.33529732137419	3.46767027184809	5.68824801409695	7.87749314060489
4.34170900451388	3.46785762645086	5.6992651643903	7.90438036485266
4.34812068765357	3.4901506213186	5.70188404253366	7.91632651208014
4.35453237079325	3.49234215430636	5.7133587289459	7.9079028013021
4.36094405393294	3.49513322687671	5.72594467962001	7.93173534377982
4.36735573707263	3.50022611957485	5.73107224829073	7.926867395304
4.37376742021231	3.50903012470873	5.74368710040467	7.96425826033431
4.380179103352	3.50349166876717	5.75248951848542	7.95964808574093
4.38659078649169	3.50219269902679	5.7576313074793	7.98503715684422
4.39300246963137	3.50912146106474	5.76554044852253	7.9994399615373
4.39941415277106	3.53481269050724	5.77028150544403	8.00052936819548
4.40582583591075	3.5437946029136	5.78246340943343	8.00732489630439
4.41223751905044	3.54375425289987	5.79113184593081	8.02138880475509
4.41864920219012	3.54388094920145	5.79820822014318	8.05585984870953
4.42506088532981	3.55187556450129	5.81056858837876	8.0475409290409
4.4314725684695	3.55492058548969	5.81481535369391	8.05557793835633
4.43788425160919	3.56636230700764	5.82741962999693	8.07712037848749
4.44429593474887	3.56218763902469	5.8334071426388	8.07303997659868
4.45070761788856	3.57538734101218	5.84168342471481	8.10764340681219
4.45711930102825	3.58701743930175	5.8536296183398	8.10025397000251
4.46353098416794	3.58852948271963	5.86652641468627	8.12142810626402
4.46994266730762	3.58808663137602	5.87291699128009	8.13142721954637
4.47635435044731	3.5822382421341	5.88142256037881	8.12821901948563
4.482766033587	3.59731402601476	5.88803572918318	8.16965900491285
4.48917771672668	3.61601611866922	5.89759786185999	8.15024980304068
4.49558939986637	3.60177035378239	5.90560049850313	8.1777914956329
4.50200108300606	3.61919041463149	5.90848653466373	8.1925220788561
