"mitochan"	"lwrNorm"	"medNorm"	"uprNorm"
-1.90327037354145	-2.44074157904821	-2.14573219396226	-1.8523412174648
-1.89706886147604	-2.43105593175739	-2.13775812994104	-1.84476700594493
-1.89086734941062	-2.42895845954343	-2.12994584562357	-1.84340093523866
-1.88466583734521	-2.42058777887389	-2.12298041849621	-1.83055180825316
-1.87846432527979	-2.41476296382985	-2.11771083216302	-1.82205810479961
-1.87226281321438	-2.39756791348472	-2.11000227302741	-1.82041709404764
-1.86606130114897	-2.39939189085376	-2.10503759688807	-1.81079151058617
-1.85985978908355	-2.39387779366905	-2.09830573761871	-1.80207382197356
-1.85365827701814	-2.38201968922346	-2.09035417639712	-1.79446824865843
-1.84745676495273	-2.36835895912636	-2.08374913181088	-1.78987290658701
-1.84125525288731	-2.36857057855116	-2.07597297119214	-1.7827972795373
-1.8350537408219	-2.36406979640124	-2.070864711115	-1.78368398603854
-1.82885222875648	-2.359501854155	-2.0636950073742	-1.76467651568686
-1.82265071669107	-2.34759059773613	-2.05675348616025	-1.76482000836011
-1.81644920462566	-2.34433571398959	-2.05172329539665	-1.76309884209568
-1.81024769256024	-2.33974750093375	-2.04668306795391	-1.74741517417855
-1.80404618049483	-2.32965530512713	-2.03590148243682	-1.74772632381943
-1.79784466842942	-2.3298910434001	-2.03018244625663	-1.73921913001404
-1.791643156364	-2.31627519571139	-2.02294174828557	-1.73475198273491
-1.78544164429859	-2.30944928935314	-2.01814810722669	-1.72531282164908
-1.77924013223318	-2.3061838605057	-2.01294329658525	-1.72052702600457
-1.77303862016776	-2.29225588669314	-2.00495877682873	-1.71443881030827
-1.76683710810235	-2.29106005160907	-1.99980495700469	-1.70514676765413
-1.76063559603693	-2.2828614019427	-1.98921593501311	-1.6990205828827
-1.75443408397152	-2.27350965251501	-1.98383084915224	-1.69127167499893
-1.74823257190611	-2.27162424015241	-1.97730948867784	-1.68348703760742
-1.74203105984069	-2.26074611379817	-1.97316786968592	-1.68403867685654
-1.73582954777528	-2.2511835863637	-1.96281544870865	-1.67274635532482
-1.72962803570987	-2.24648342480608	-1.95825302145692	-1.66523296103621
-1.72342652364445	-2.24628963610967	-1.95233615499814	-1.661879710455
-1.71722501157904	-2.23670262652499	-1.94579748505198	-1.65655928689911
-1.71102349951362	-2.22876279420175	-1.93636534439767	-1.65096572585596
-1.70482198744821	-2.22373140130032	-1.9320083571016	-1.63661221765372
-1.6986204753828	-2.21202951973419	-1.92310261594168	-1.63273010523346
-1.69241896331738	-2.2074589705357	-1.9172989734394	-1.62690676081994
-1.68621745125197	-2.20374055990744	-1.90910594457052	-1.62459296311181
-1.68001593918656	-2.18935086524041	-1.90326012071537	-1.61670332434246
-1.67381442712114	-2.18453006991993	-1.89863425404989	-1.60738503682043
-1.66761291505573	-2.17503854427991	-1.89002383393802	-1.60370393002651
-1.66141140299031	-2.17541558866283	-1.88286979079648	-1.59600133623997
-1.6552098909249	-2.16605671195439	-1.87799860541888	-1.59072895483924
-1.64900837885949	-2.15925219120577	-1.86943093450999	-1.58409504321283
-1.64280686679407	-2.15143173337446	-1.8655597894435	-1.57429049275248
-1.63660535472866	-2.14441300475034	-1.85690785348939	-1.56929657816889
-1.63040384266325	-2.14028584616135	-1.84988639267793	-1.56224941967642
-1.62420233059783	-2.13479042237085	-1.84414652124931	-1.55580796500236
-1.61800081853242	-2.12202738390385	-1.83687246416273	-1.54698705691885
-1.61179930646701	-2.11463803484281	-1.82934309347335	-1.5406422504045
-1.60559779440159	-2.10975334686356	-1.82426831684527	-1.53485764939065
-1.59939628233618	-2.10280706119869	-1.81843274910317	-1.52819957773907
-1.59319477027076	-2.10042813066617	-1.81048437458586	-1.53096965999317
-1.58699325820535	-2.0890740926583	-1.80491971434494	-1.51670205987467
-1.58079174613994	-2.08565203568269	-1.79656830906605	-1.50934660452245
-1.57459023407452	-2.07660684066321	-1.78947376775731	-1.50475633824527
-1.56838872200911	-2.07105929920504	-1.78498404005224	-1.50041973185119
-1.5621872099437	-2.06418184417252	-1.77654646781373	-1.49126216881572
-1.55598569787828	-2.05356617611209	-1.772298445457	-1.48398882126788
-1.54978418581287	-2.05273667528315	-1.76307960248212	-1.47668448556677
-1.54358267374745	-2.04220800503749	-1.75792667431969	-1.46701273364358
-1.53738116168204	-2.03504322258574	-1.74856104874383	-1.4652696427815
-1.53117964961663	-2.02774305591289	-1.74356399621933	-1.45618818945862
-1.52497813755121	-2.02455746320013	-1.73685590485249	-1.45187323472934
-1.5187766254858	-2.01826734228939	-1.72909912215129	-1.44849845111715
-1.51257511342039	-2.01530431205363	-1.72503051528213	-1.43915518294711
-1.50637360135497	-2.00556224493866	-1.71838083791747	-1.43312234705911
-1.50017208928956	-1.99711409227526	-1.70958772938743	-1.42096976523021
-1.49397057722415	-1.98986225481096	-1.70395543704424	-1.42039535833454
-1.48776906515873	-1.98554129230503	-1.69811050053455	-1.41457993558431
-1.48156755309332	-1.97444402239447	-1.68977221612279	-1.40893547307855
-1.4753660410279	-1.96716004189355	-1.68215668314963	-1.3968826997992
-1.46916452896249	-1.96351131071593	-1.67832594706042	-1.39279084041197
-1.46296301689708	-1.95697245371606	-1.66994429602693	-1.38725315120966
-1.45676150483166	-1.94571505181634	-1.66304439144221	-1.37705163591255
-1.45055999276625	-1.94584562467283	-1.65796232228894	-1.37229468841206
-1.44435848070084	-1.93791138324026	-1.64943963826777	-1.36587380556332
-1.43815696863542	-1.92687229886938	-1.64278785760125	-1.35489808478534
-1.43195545657001	-1.92941164194098	-1.63813723159792	-1.35213371400402
-1.42575394450459	-1.91627870678542	-1.62996667488759	-1.34519164636109
-1.41955243243918	-1.90684226094772	-1.62364872631176	-1.34026197406881
-1.41335092037377	-1.90149232576909	-1.61748364373465	-1.33140409156847
-1.40714940830835	-1.89287528646958	-1.60849105695747	-1.32461133269506
-1.40094789624294	-1.88580027360912	-1.60473990165173	-1.31775684011675
-1.39474638417753	-1.88264678501676	-1.59511722373803	-1.31305836061126
-1.38854487211211	-1.87207503897678	-1.59007255473705	-1.30590110055407
-1.3823433600467	-1.87439210666908	-1.58496793335574	-1.30068070842758
-1.37614184798129	-1.86182110278377	-1.58016103775837	-1.29050879817849
-1.36994033591587	-1.85659189629852	-1.57231198442316	-1.28410991763105
-1.36373882385046	-1.84609823854241	-1.5622906340504	-1.28302031600716
-1.35753731178504	-1.83601954232905	-1.55831107863427	-1.2752221432643
-1.35133579971963	-1.8335998600703	-1.55017178821998	-1.27201984361022
-1.34513428765422	-1.82268515750328	-1.54397317019506	-1.27138432676785
-1.3389327755888	-1.81830705980813	-1.53788934114939	-1.25601045952963
-1.33273126352339	-1.81494865383339	-1.53171024125722	-1.24867411939986
-1.32652975145798	-1.80735830700558	-1.52283232930288	-1.24266606682152
-1.32032823939256	-1.79521756187224	-1.51527233834917	-1.23490318166914
-1.31412672732715	-1.7914364352093	-1.50918796025464	-1.22638486364213
-1.30792521526173	-1.78778337186051	-1.5049122840928	-1.22563231511262
-1.30172370319632	-1.78031379657099	-1.49828767156379	-1.21613067635379
-1.29552219113091	-1.77117871373515	-1.49246059725086	-1.2081017829513
-1.28932067906549	-1.7645057637715	-1.48344019731897	-1.20657086608842
-1.28311916700008	-1.76052842981488	-1.47682005319651	-1.19738506807146
-1.27691765493467	-1.74911822519732	-1.47137837093043	-1.19029960260847
-1.27071614286925	-1.74564294608096	-1.46282747034209	-1.18057740273453
-1.26451463080384	-1.74190376480479	-1.45927397235247	-1.17744330805455
-1.25831311873842	-1.73069902705371	-1.45161089005445	-1.16841114020653
-1.25211160667301	-1.72851728120957	-1.44406857706191	-1.16585952369234
-1.2459100946076	-1.71535283982665	-1.43586895032146	-1.15473357748552
-1.23970858254218	-1.71115392472295	-1.42877188392762	-1.14760498479121
-1.23350707047677	-1.70730951361212	-1.4244782247008	-1.14275002766257
-1.22730555841136	-1.69915777149502	-1.41599766741166	-1.13435590406901
-1.22110404634594	-1.69063061872289	-1.41039129193274	-1.12944773244737
-1.21490253428053	-1.68870602828163	-1.40411612079871	-1.12628244310745
-1.20870102221512	-1.67987169115099	-1.39668054961709	-1.11935578226437
-1.2024995101497	-1.67774667430635	-1.38978423400146	-1.11229475680182
-1.19629799808429	-1.66480868024305	-1.38570124356746	-1.10362707443482
-1.19009648601887	-1.65697123163792	-1.37703410858796	-1.09715097647289
-1.18389497395346	-1.65545638942053	-1.37162527602012	-1.0886870379036
-1.17769346188805	-1.64174624772377	-1.36551721880766	-1.09031296596815
-1.17149194982263	-1.63423106362437	-1.35780122593791	-1.07780893343754
-1.16529043775722	-1.63207979278407	-1.35111990146203	-1.0714431549829
-1.15908892569181	-1.62254648706361	-1.34378745924912	-1.06759072981634
-1.15288741362639	-1.61822461863995	-1.33934199715802	-1.05521833980173
-1.14668590156098	-1.60696332497078	-1.33081351312356	-1.05464486812297
-1.14048438949556	-1.6030584924369	-1.32451593888815	-1.04335654157463
-1.13428287743015	-1.59819688243582	-1.31703276997406	-1.03623256308637
-1.12808136536474	-1.58963351776163	-1.30977462152341	-1.02989705748061
-1.12187985329932	-1.58303138366545	-1.30375233784373	-1.02883909032197
-1.11567834123391	-1.5760129149718	-1.29852867861335	-1.01943955059817
-1.1094768291685	-1.56693854777701	-1.28826198313633	-1.01472236240983
-1.10327531710308	-1.56291450310032	-1.28312291680534	-1.00634500502664
-1.09707380503767	-1.55818661422261	-1.2761625092023	-0.99963285177146
-1.09087229297226	-1.55061815155815	-1.27245693277687	-0.995804517388457
-1.08467078090684	-1.55050074967068	-1.26349097701813	-0.98527582532701
-1.07846926884143	-1.53841670643017	-1.25474637356282	-0.978546686170579
-1.07226775677601	-1.52686529260724	-1.25033304984337	-0.971603201868526
-1.0660662447106	-1.52515483627615	-1.2433859215014	-0.965322602698056
-1.05986473264519	-1.5156655572142	-1.23786577113148	-0.958557414026208
-1.05366322057977	-1.51485496765894	-1.22748731283021	-0.952659716733374
-1.04746170851436	-1.50349726071979	-1.22263329408507	-0.94549257490117
-1.04126019644895	-1.49754259213357	-1.21779207243208	-0.934191316216549
-1.03505868438353	-1.4916650118336	-1.21032616679639	-0.931106174108528
-1.02885717231812	-1.47954362562546	-1.20418679226245	-0.92947220974006
-1.0226556602527	-1.46980498138094	-1.19596554899552	-0.922836874974583
-1.01645414818729	-1.46481504700523	-1.19193731140741	-0.913175086353123
-1.01025263612188	-1.4626287762672	-1.18477445849559	-0.906229245234567
-1.00405112405646	-1.45295892581673	-1.17608325800062	-0.899665017948995
-0.99784961199105	-1.44944850252523	-1.17193435462327	-0.893296009997644
-0.991648099925636	-1.4413558871657	-1.16418548325472	-0.886607924111293
-0.985446587860222	-1.43620695088004	-1.15837970333164	-0.882480013186215
-0.979245075794809	-1.42647932006014	-1.14975870069553	-0.877137782318581
-0.973043563729395	-1.42240125403116	-1.14394920233702	-0.872770518216895
-0.966842051663981	-1.41909767109906	-1.13949823028733	-0.861524797981925
-0.960640539598568	-1.40779247469403	-1.13086542850501	-0.855594573331893
-0.954439027533154	-1.40247796730338	-1.12350781936476	-0.846965575048507
-0.94823751546774	-1.39515379095218	-1.11811104858855	-0.845642837949085
-0.942036003402327	-1.3871164622337	-1.11314037356395	-0.837811527842325
-0.935834491336913	-1.38123743303523	-1.10684106682616	-0.826875566349751
-0.929632979271499	-1.37475199332115	-1.09788605309111	-0.820546538593626
-0.923431467206086	-1.3683229060411	-1.09038448020334	-0.817738849628537
-0.917229955140672	-1.35472734087902	-1.08279903301619	-0.804612091827237
-0.911028443075258	-1.35265205317235	-1.07528846267058	-0.7983893948605
-0.904826931009844	-1.34821148405311	-1.07294283246717	-0.797941115380184
-0.898625418944431	-1.33960225094229	-1.06452804515264	-0.788265623647406
-0.892423906879017	-1.3314346954277	-1.05488560874826	-0.779096891600379
-0.886222394813603	-1.32488487474747	-1.04840268458611	-0.77240354600092
-0.88002088274819	-1.32019821885943	-1.04342003191716	-0.77022581177893
-0.873819370682776	-1.31782099883284	-1.03750974629742	-0.7612719799009
-0.867617858617362	-1.30568948369715	-1.02923180628106	-0.753583583848586
-0.861416346551949	-1.2986007275875	-1.0235085293086	-0.749730104168034
-0.855214834486535	-1.29463926396277	-1.01849357388949	-0.745175975881374
-0.849013322421121	-1.290788568153	-1.01090237120901	-0.736588556848456
-0.842811810355708	-1.27890654850367	-1.00344498861318	-0.728086788392732
-0.836610298290294	-1.27652397569902	-0.998414081302449	-0.727106221254224
-0.83040878622488	-1.26464598767356	-0.98925895497468	-0.716786154358518
-0.824207274159467	-1.26378322746873	-0.984210558015253	-0.710458648903268
-0.818005762094053	-1.24977674221147	-0.977735758156693	-0.699572923865362
-0.811804250028639	-1.24572938033066	-0.969832527316651	-0.691998531069931
-0.805602737963225	-1.24293635696233	-0.965689437564852	-0.688442327631593
-0.799401225897812	-1.22919885802922	-0.95870531326493	-0.677241340503429
-0.793199713832398	-1.22217406869362	-0.951022776166027	-0.677174664269497
-0.786998201766984	-1.21915178457982	-0.944154938067904	-0.670792211300594
-0.780796689701571	-1.21115398668319	-0.937578626491638	-0.665829299832144
-0.774595177636157	-1.20235010429824	-0.930828456392004	-0.655547550105053
-0.768393665570743	-1.19238769332304	-0.923885895878356	-0.653601307117229
-0.76219215350533	-1.18974806306065	-0.918595865723465	-0.641104446492527
-0.755990641439916	-1.1881803053589	-0.911487677829006	-0.642015946815927
-0.749789129374502	-1.17167073124923	-0.902441419315285	-0.630806990627878
-0.743587617309089	-1.17374328704913	-0.897103986397236	-0.626699128269281
-0.737386105243675	-1.1641495643889	-0.892140355163385	-0.621105882678625
-0.731184593178261	-1.15734725138975	-0.881553712922253	-0.609576616972478
-0.724983081112847	-1.14613919352526	-0.878473419157406	-0.603485564960798
-0.718781569047434	-1.14590084692058	-0.870697454443977	-0.592468192457231
-0.71258005698202	-1.13272999346727	-0.863676628312316	-0.594980528019882
-0.706378544916606	-1.12852936293777	-0.855835334207374	-0.583588985806027
-0.700177032851193	-1.12341850260196	-0.850120194182842	-0.575460465935453
-0.693975520785779	-1.11202072196196	-0.843424462488466	-0.569773623037364
-0.687774008720365	-1.10638263966218	-0.836719518119972	-0.562723819066523
-0.681572496654952	-1.1026354900398	-0.831423978911623	-0.556104437057161
-0.675370984589538	-1.10122677002147	-0.8243455791412	-0.548170661568626
-0.669169472524124	-1.08854458032276	-0.817458646733705	-0.545531502966815
-0.66296796045871	-1.08582971811318	-0.811230309268273	-0.541203993993153
-0.656766448393297	-1.07799493371739	-0.802125201346457	-0.531006195023495
-0.650564936327883	-1.06877462514343	-0.79699474753915	-0.525869233848925
-0.644363424262469	-1.06067920805385	-0.791313007663585	-0.523383556289974
-0.638161912197056	-1.05456912659753	-0.784391916126146	-0.514908964784672
-0.631960400131642	-1.04635512975846	-0.778855415744013	-0.503718316349204
-0.625758888066228	-1.04590010569078	-0.769529289027146	-0.499686656846958
-0.619557376000815	-1.03716294008641	-0.76414869424064	-0.490138103540312
-0.613355863935401	-1.03000059861802	-0.758162902429044	-0.483646833594166
-0.607154351869987	-1.02158241780227	-0.751737840657264	-0.481431941142143
-0.600952839804574	-1.01530341048636	-0.743467585641536	-0.474533944293267
-0.59475132773916	-1.00763970297854	-0.736281817835914	-0.466382166508314
-0.588549815673746	-0.999145820845264	-0.729867199961288	-0.456933293402746
-0.582348303608333	-0.996822174378872	-0.723938190538493	-0.455092362667831
-0.576146791542919	-0.988614190705968	-0.719236840329911	-0.447257433946708
-0.569945279477505	-0.981340089633664	-0.710199832426277	-0.441082490974537
-0.563743767412092	-0.979721223391906	-0.704475062884639	-0.432154354868139
-0.557542255346678	-0.96323778566086	-0.696204651568926	-0.431530853297824
-0.551340743281264	-0.961089660532932	-0.692328716919894	-0.425003335556824
-0.54513923121585	-0.956891246762601	-0.685051465478974	-0.415401684007483
-0.538937719150437	-0.946861941533791	-0.676469480719588	-0.404647673980656
-0.532736207085023	-0.939431872009463	-0.671765578706956	-0.403118348344305
-0.526534695019609	-0.932022892007117	-0.663172432202175	-0.389629198465049
-0.520333182954196	-0.930632245339372	-0.659151970837895	-0.386362033581644
-0.514131670888782	-0.92005863195477	-0.648684787756952	-0.377926919792536
-0.507930158823368	-0.915662149138821	-0.643344912971497	-0.374762762995278
-0.501728646757954	-0.906540703643517	-0.637385901423759	-0.364605069565449
-0.495527134692541	-0.903293031951039	-0.631596499004609	-0.362704812851694
-0.489325622627127	-0.896712644701952	-0.623895689840269	-0.35608108101572
-0.483124110561713	-0.887178605778162	-0.617374158214935	-0.348910822964565
-0.4769225984963	-0.883593945192124	-0.611768784718585	-0.339977430434072
-0.470721086430886	-0.871816948460315	-0.604985016366576	-0.337011575233041
-0.464519574365472	-0.862682960752897	-0.596486438239735	-0.326197753615457
-0.458318062300059	-0.859186941148526	-0.590567015513166	-0.322991017124363
-0.452116550234645	-0.851954054823463	-0.583980448112431	-0.315071312488294
-0.445915038169231	-0.847198614161261	-0.577548371607868	-0.306766814250487
-0.439713526103818	-0.839470241656241	-0.570737216638545	-0.305022496106628
-0.433512014038404	-0.831642416170124	-0.560620139507391	-0.294168870543954
-0.42731050197299	-0.823833099768829	-0.5578089615389	-0.287053154111653
-0.421108989907577	-0.822026300210504	-0.550001590522781	-0.281694476389549
-0.414907477842163	-0.814538407463309	-0.542485546732035	-0.27662325256054
-0.408705965776749	-0.805026112408955	-0.536907702172688	-0.264033300397982
-0.402504453711335	-0.798606093983973	-0.528767090419944	-0.259959827032477
-0.396302941645922	-0.790341355423883	-0.523957734858109	-0.259526216326257
-0.390101429580508	-0.784572022182556	-0.517874913053704	-0.2465265928727
-0.383899917515094	-0.77803498306344	-0.510509720534641	-0.24725712169222
-0.377698405449681	-0.777301148317022	-0.504096011729699	-0.237517897899032
-0.371496893384267	-0.765351785374675	-0.497490905487443	-0.230069406706579
-0.365295381318853	-0.760304924115155	-0.490721931692107	-0.219622710894903
-0.35909386925344	-0.756601328406745	-0.485331921227326	-0.213506668740483
-0.352892357188026	-0.744682126940363	-0.478418894172678	-0.206222525928268
-0.346690845122612	-0.744739240027953	-0.472534933578571	-0.202871963728609
-0.340489333057199	-0.734244459250698	-0.465375400777336	-0.197066912102485
-0.334287820991785	-0.72469302804291	-0.458897450145621	-0.186357955479567
-0.328086308926371	-0.719430681444826	-0.453546076858088	-0.181233109401775
-0.321884796860958	-0.713841266133544	-0.44343235949374	-0.175560790110271
-0.315683284795544	-0.705205429437648	-0.438255303728697	-0.168786924081182
-0.30948177273013	-0.699083739851371	-0.431075633001542	-0.159037359236715
-0.303280260664716	-0.692084048319672	-0.42350844352013	-0.159278342336192
-0.297078748599303	-0.684975254989554	-0.416901189058097	-0.150310032320186
-0.290877236533889	-0.682966686623284	-0.411074188034501	-0.146099669097667
-0.284675724468475	-0.67119499276472	-0.403660923420732	-0.141971994063934
-0.278474212403062	-0.661283322666898	-0.395095754684592	-0.128884056112919
-0.272272700337648	-0.65573589929643	-0.389266314492348	-0.119333359096097
-0.266071188272234	-0.649116663512682	-0.38062599541403	-0.113580707709934
-0.25986967620682	-0.643995706530466	-0.377916448501755	-0.109357849015315
-0.253668164141407	-0.635459793958622	-0.371397272795516	-0.101900406964479
-0.247466652075993	-0.63028466672745	-0.36403300746794	-0.0943963093489495
-0.241265140010579	-0.62259225663942	-0.355583646641591	-0.0880678662107732
-0.235063627945166	-0.61476209165755	-0.350328791189314	-0.0839325258834001
-0.228862115879752	-0.613957088012876	-0.344655298295635	-0.0816836907706707
-0.222660603814338	-0.603936917049668	-0.335695208928416	-0.0711226433177444
-0.216459091748925	-0.592908131383148	-0.329940716814229	-0.0637925423523919
-0.210257579683511	-0.588875268250929	-0.323623604791655	-0.0598947209148477
-0.204056067618097	-0.584162314918228	-0.316545409242159	-0.0483616848608814
-0.197854555552684	-0.578455378965795	-0.309914804172997	-0.0427351143969037
-0.19165304348727	-0.570895236281269	-0.303812060767039	-0.0360977180442677
-0.185451531421856	-0.564786179444497	-0.297052681098468	-0.0307553973899034
-0.179250019356443	-0.56043862622529	-0.291335502889194	-0.0237463212615323
-0.173048507291029	-0.548183764009236	-0.282742774360902	-0.0193498790705949
-0.166846995225615	-0.544966414063242	-0.276775106420744	-0.0101092726473186
-0.160645483160202	-0.538646246321358	-0.26981081720766	-0.00321357377154202
-0.154443971094788	-0.533411175333078	-0.262801876846469	0.00354254603421723
-0.148242459029374	-0.525202159598592	-0.258876541133876	0.0087523660916274
-0.14204094696396	-0.515870271635486	-0.250829586142741	0.0178156617627456
-0.135839434898547	-0.508873173506091	-0.242443517877007	0.0239825012509201
-0.129637922833133	-0.503744615630373	-0.234909180751497	0.0307064252994269
-0.123436410767719	-0.496183528121205	-0.230683289015117	0.0358975519084378
-0.117234898702306	-0.492599887490689	-0.222463011761955	0.0448877026602914
-0.111033386636892	-0.486649905656458	-0.217734879897462	0.0485691934264792
-0.104831874571478	-0.472228165350757	-0.21123371516242	0.0568507356428328
-0.0986303625060645	-0.470440766146137	-0.204753709871109	0.0588953790536292
-0.0924288504406507	-0.458834441820831	-0.197523468603486	0.0643123115335459
-0.0862273383752372	-0.455298583939634	-0.188840722807492	0.0761055288798537
-0.0800258263098235	-0.449196498569221	-0.184487366167243	0.0840894494365716
-0.0738243142444097	-0.441619984014029	-0.177748715873759	0.0870020678441115
-0.067622802178996	-0.436891429952168	-0.172882176136396	0.0968012653796673
-0.0614212901135824	-0.432263463834771	-0.161499982453815	0.102264123838527
-0.0552197780481687	-0.422169453470891	-0.156558369859183	0.110467669463755
-0.0490182659827549	-0.416497032344854	-0.149659356968487	0.113900965518052
-0.0428167539173414	-0.411477769246605	-0.14273651609564	0.127790528263388
-0.0366152418519277	-0.402888708120249	-0.137544213175221	0.129838393085755
-0.0304137297865139	-0.396135745315738	-0.130562258806086	0.136372026475787
-0.0242122177211002	-0.385330252784045	-0.123135674991559	0.141251258006254
-0.0180107056556866	-0.380628746744662	-0.116871470992703	0.144104430843103
-0.0118091935902729	-0.377606807304304	-0.110397802017469	0.15387359050098
-0.00560768152485913	-0.369220120655101	-0.103572486047032	0.160122596542842
0.000593830540554618	-0.360540128235179	-0.0960562037247951	0.170428422057077
0.00679534260596815	-0.355706340219485	-0.0927905013392843	0.172081887079327
0.0129968546713819	-0.349809024866526	-0.0838980106809778	0.177882528181113
0.0191983667367956	-0.343930930142569	-0.0767692496890713	0.186464215915292
0.0253998788022094	-0.337586605446912	-0.0690025472170119	0.196610635371165
0.0316013908676229	-0.327737866683014	-0.0638652744003249	0.204607722939956
0.0378029029330367	-0.324009401479014	-0.0594436795479011	0.210973222461717
0.0440044149984504	-0.314612931164867	-0.0494915404269256	0.213072366962123
0.0502059270638642	-0.30989749465496	-0.0430899461392588	0.225627088436501
0.0564074391292777	-0.302146716896219	-0.0388437962986013	0.230849632350189
0.0626089511946915	-0.297544669051613	-0.0292620051594875	0.233324411976174
0.0688104632601052	-0.289266077605587	-0.0254163813496532	0.237367847827779
0.075011975325519	-0.285232325674471	-0.02037028994893	0.246647991191158
0.0812134873909325	-0.27932215460608	-0.0117554101475377	0.252492282694273
0.0874149994563462	-0.269843100064402	-0.00402675425529167	0.26160918901473
0.09361651152176	-0.262664751605576	0.000675258672619013	0.265453458055182
0.0998180235871735	-0.25167454217037	0.0110787921941172	0.271365924314461
0.106019535652587	-0.241706815952116	0.0167627573935235	0.278110690155749
0.112221047718001	-0.238161567487788	0.0229362019427135	0.288824344847527
0.118422559783415	-0.236559931115828	0.0293135377442056	0.291437977828405
0.124624071848829	-0.22595399120968	0.0362477766313626	0.299709548445785
0.130825583914242	-0.218334869611398	0.0426079762031266	0.310990581101099
0.137027095979656	-0.214631896257374	0.0491267626330752	0.315372840458776
0.14322860804507	-0.20702033409755	0.0564018797632493	0.316971271996892
0.149430120110483	-0.191720189289947	0.0651875016588652	0.329648937243651
0.155631632175897	-0.18951468951832	0.0688494447714723	0.332150771468698
0.161833144241311	-0.185056394427405	0.0770988280901466	0.341040150447902
0.168034656306724	-0.18110043557212	0.0816884524663551	0.348404395479576
0.174236168372138	-0.172385154850916	0.0900903970277612	0.349589749285097
0.180437680437552	-0.16416186895952	0.0979435142627832	0.356740994931449
0.186639192502965	-0.160853384169948	0.102920312808721	0.366801296481613
0.192840704568379	-0.150102475328549	0.110431414820231	0.374202954610606
0.199042216633793	-0.148915555837864	0.117035334469527	0.378850100583092
0.205243728699207	-0.139028815525835	0.121469916920703	0.382890002249459
0.21144524076462	-0.131567614751746	0.128230644240391	0.389535748452321
0.217646752830034	-0.127081087324464	0.138724945527828	0.403744070551451
0.223848264895448	-0.121905416476461	0.142935452450492	0.407159315588431
0.230049776960861	-0.111376219544812	0.150048459954109	0.413787764478265
0.236251289026275	-0.109801885171849	0.154788189091801	0.41681095895706
0.242452801091689	-0.0982078749836072	0.163372646758377	0.427020162926818
0.248654313157102	-0.092810254873675	0.170361837278533	0.436246542937234
0.254855825222516	-0.0864417155418887	0.175603227919975	0.442358463246175
0.26105733728793	-0.080153318588669	0.183057694323178	0.444411415696412
0.267258849353343	-0.0713272304604046	0.189772283421882	0.454357343048117
0.273460361418757	-0.0644667887586556	0.1948169991937	0.458428670429294
0.279661873484171	-0.0606055134918119	0.202304049974699	0.465125104671141
0.285863385549584	-0.0546815582236823	0.208404547415423	0.469347448997794
0.292064897614998	-0.0480423670060772	0.214879709753489	0.479156138402979
0.298266409680412	-0.0393076239105307	0.22315665261772	0.484431581399367
0.304467921745825	-0.0322435409006205	0.231103003947643	0.495318153413175
0.310669433811239	-0.026572070245395	0.237076460184415	0.499454627149661
0.316870945876653	-0.0154804682614796	0.243473208587482	0.50735519838268
0.323072457942067	-0.0140784440786219	0.249141522688184	0.512563298733142
0.32927397000748	-0.00593429407193822	0.255251096651441	0.517076104574232
0.335475482072894	0.00359764621731184	0.265605236011937	0.524543906109719
0.341676994138308	0.00704363243641149	0.268779533527451	0.530110661163244
0.347878506203721	0.0178013593245879	0.277768976228749	0.534015400822006
0.354080018269135	0.0195816129702004	0.282899303282026	0.543325263212292
0.360281530334549	0.0218993412001443	0.286703794032741	0.552018081048543
0.366483042399962	0.0262798791393839	0.296585530588106	0.559368911590497
0.372684554465376	0.0391955001863268	0.304090318826862	0.566996714968849
0.37888606653079	0.0461806757918878	0.308354714883748	0.576545785716248
0.385087578596203	0.0557481411199062	0.316548119724804	0.578000182636698
0.391289090661617	0.0598412012546466	0.324154738506525	0.585581618884004
0.397490602727031	0.066660344612947	0.327718854866239	0.59145195876665
0.403692114792444	0.0734283302381499	0.33429603709884	0.596004501729009
0.409893626857858	0.0784465834762627	0.34288031142142	0.604024757597329
0.416095138923272	0.0874506397831072	0.348600085839964	0.614425632493231
0.422296650988685	0.0973581284300741	0.356885927503068	0.61255940841755
0.428498163054099	0.100144083911461	0.362730211738415	0.630492239311257
0.434699675119513	0.110049734603309	0.37005372136248	0.632930831068738
0.440901187184927	0.114447066164936	0.375017406606745	0.637622013056558
0.44710269925034	0.125260241010474	0.38318405023763	0.641920724728176
0.453304211315754	0.128748474597546	0.390038664179113	0.650389685130181
0.459505723381168	0.132726310060155	0.394620828607787	0.658978349889122
0.465707235446581	0.138759086407333	0.402464075912011	0.66236296236366
0.471908747511995	0.146183080075377	0.409639295923862	0.670028145855879
0.478110259577409	0.154846246708273	0.417202707706554	0.680977559145005
0.484311771642822	0.163012264244634	0.422981858144257	0.683081740125824
0.490513283708236	0.172103848249389	0.428988106490906	0.686999614604003
0.49671479577365	0.172621316710485	0.434818861764729	0.697035137717223
0.502916307839063	0.183002773403494	0.441985129857342	0.708442091507245
0.509117819904477	0.188676265393207	0.450058383891991	0.710346957997942
0.515319331969891	0.196255674705465	0.455743783646795	0.71648125462107
0.521520844035305	0.195310730177448	0.464442527546734	0.719543570172287
0.527722356100718	0.207822637908003	0.472547222598421	0.72871445663642
0.533923868166132	0.214369858545907	0.474246709013842	0.73759662008609
0.540125380231546	0.218612973187365	0.482139729350331	0.743673266167603
0.54632689229696	0.224236213528722	0.488763719875284	0.752769310834813
0.552528404362373	0.235006331791438	0.496624231175078	0.757149843705796
0.558729916427787	0.238973872164425	0.500176449769618	0.763360069367973
0.564931428493201	0.24761325620362	0.509120512306458	0.772424464611824
0.571132940558614	0.254573679509431	0.515907185527911	0.776584396721302
0.577334452624028	0.259244309071895	0.522666577539063	0.784873543601251
0.583535964689442	0.267710019899771	0.527480420886953	0.790534174391424
0.589737476754855	0.275262728614249	0.5376636396821	0.795083280667251
0.595938988820269	0.281147200256389	0.543371625516227	0.806803851430098
0.602140500885683	0.292290370020543	0.550235870376562	0.81074514231414
0.608342012951097	0.295632790555612	0.556521583628949	0.812177969868729
0.61454352501651	0.303442746031734	0.560745109795574	0.820518221590019
0.620745037081924	0.306611877205949	0.568560875532374	0.834232146065757
0.626946549147338	0.31426881295363	0.574240347974708	0.837005789344119
0.633148061212751	0.323338676147376	0.581801151158643	0.842404431110949
0.639349573278165	0.330917834640166	0.58996811224884	0.852921059285675
0.645551085343579	0.334395558923919	0.596021303616555	0.854938946531189
0.651752597408992	0.347328181248774	0.604105989292148	0.862735341427994
0.657954109474406	0.348550334982735	0.610956475191159	0.870560912391728
0.66415562153982	0.35757139041577	0.616391802019653	0.877283734957271
0.670357133605233	0.36043322754822	0.623014286123248	0.882953585621712
0.676558645670647	0.366903841936774	0.629666893435977	0.890053058855874
0.682760157736061	0.372644869582075	0.636160315898783	0.900071660529583
0.688961669801474	0.379247343147253	0.642667018735374	0.901268963416111
0.695163181866888	0.385637523046825	0.649153035615769	0.908709331609206
0.701364693932302	0.396074129938725	0.65736768683864	0.915591845884112
0.707566205997715	0.401161903420904	0.661855177818527	0.917317133876469
0.713767718063129	0.409766063811147	0.668314327978071	0.93272840663556
0.719969230128543	0.417152379939226	0.675900465895263	0.938178487251103
0.726170742193957	0.424361184517873	0.682791915008395	0.940508767921132
0.73237225425937	0.427767963811779	0.691108907925281	0.950340925335127
0.738573766324784	0.43587540570193	0.700378701501513	0.959508621040777
0.744775278390198	0.444657358845933	0.702843883413993	0.964829358560794
0.750976790455611	0.449458173740906	0.709190957628328	0.970255112308677
0.757178302521025	0.449971327168986	0.716090300993181	0.972534926022478
0.763379814586439	0.457741858555017	0.723287367879524	0.986860218975578
0.769581326651852	0.471574597690203	0.731195312504882	0.992908694553234
0.775782838717266	0.473643884451695	0.736308175121844	0.99927843571675
0.78198435078268	0.479509241859158	0.743139589498791	1.00457706828553
0.788185862848093	0.489081051602282	0.749701139463096	1.01034932265745
0.794387374913507	0.500598503041502	0.755343818217614	1.01616371774955
0.800588886978921	0.500419849010403	0.761961217401133	1.0256099062703
0.806790399044334	0.503412173317098	0.76769821653157	1.03033746640197
0.812991911109748	0.520625593401823	0.778141035281797	1.03669803233832
0.819193423175162	0.524198236745293	0.785107996848425	1.04635745210688
0.825394935240575	0.529671276310609	0.790306626817822	1.04760959217321
0.831596447305989	0.538084816765023	0.795241280905425	1.05774428986409
0.837797959371403	0.540365433072093	0.802355810330074	1.0600617629207
0.843999471436817	0.551706374528931	0.81050328827791	1.06637204994651
0.85020098350223	0.556268342879484	0.815018115139662	1.07645662774982
0.856402495567644	0.56306386238905	0.822238743172485	1.08338076498424
0.862604007633058	0.570933921954541	0.829206367451965	1.08788005419573
0.868805519698471	0.577183378818354	0.838556063431835	1.09871995742176
0.875007031763885	0.584890060094053	0.844110157529612	1.1030227941653
0.881208543829299	0.589119472350723	0.848941553876432	1.11085615887452
0.887410055894712	0.596193322483472	0.854115029488353	1.1152700836674
0.893611567960126	0.605780369530838	0.863321977742484	1.1222606031052
0.89981308002554	0.614527381621956	0.868868459144368	1.12613232765709
0.906014592090953	0.614227262309035	0.877549398231951	1.13796414491919
0.912216104156367	0.622223579532486	0.881683956685902	1.14244222250642
0.918417616221781	0.630573563755394	0.89171186311105	1.15434785661189
0.924619128287195	0.632856600059611	0.895505096247178	1.15744654935496
0.930820640352608	0.645327676233918	0.899573498706343	1.16435481545802
0.937022152418022	0.651806656857252	0.912296180920135	1.17311464801483
0.943223664483436	0.649950621705516	0.916919636600021	1.17414989988637
0.94942517654885	0.661796136158541	0.921710585556893	1.17966134836362
0.955626688614263	0.672041026719107	0.931766255352598	1.19351006258808
0.961828200679677	0.678744425407784	0.937838245980295	1.20054830353623
0.968029712745091	0.682207501741025	0.942740993492699	1.20684114900176
0.974231224810504	0.689963240774701	0.95021398570668	1.2093363328661
0.980432736875918	0.696491099259847	0.955357219239349	1.21814466790666
0.986634248941332	0.708959665022255	0.964400301217251	1.22104291062821
0.992835761006745	0.711526959277862	0.969929040864571	1.23312528328034
0.999037273072159	0.716278951123687	0.97403427969444	1.23905328189869
1.00523878513757	0.72321584931463	0.984577748650811	1.24541337532612
1.01144029720299	0.72903553329643	0.990144832952116	1.24983221737493
1.0176418092684	0.735970686613419	0.995500935282899	1.25549183066742
1.02384332133381	0.73632614593455	1.00067533340764	1.26269202381321
1.03004483339923	0.753839543361481	1.01117370272486	1.27169806101482
1.03624634546464	0.758814977789005	1.01675748794678	1.27568792937349
1.04244785753005	0.762493795501242	1.02439906069015	1.2810664910306
1.04864936959547	0.770435830162064	1.02939993501269	1.29303748038518
1.05485088166088	0.772781240638611	1.03550706108868	1.29923939916281
1.0610523937263	0.782677964043321	1.04197875027258	1.30250564422132
1.06725390579171	0.788898534313941	1.0494969307008	1.31055648286505
1.07345541785712	0.794002584785171	1.05716292494838	1.3174632021737
1.07965692992254	0.805810147388382	1.06315809073749	1.32413424497913
1.08585844198795	0.805004162772034	1.06774217860133	1.32883006321609
1.09205995405336	0.813847956326264	1.07635346228777	1.33593520289006
1.09826146611878	0.817973672719156	1.08277385478822	1.3351102641728
1.10446297818419	0.826953285027603	1.08884182236386	1.34749233781513
1.11066449024961	0.835767190762222	1.09488369259279	1.35608728115485
1.11686600231502	0.842983026309177	1.10295513715978	1.35994375148461
1.12306751438043	0.847817835014265	1.10919173484458	1.36781953819222
1.12926902644585	0.855166755660769	1.11663661963812	1.3737556605712
1.13547053851126	0.860974115984479	1.12332671729562	1.38605597562694
1.14167205057667	0.868087961711403	1.129903883107	1.3919810574699
1.14787356264209	0.869558833491362	1.13652206714529	1.39437017935293
1.1540750747075	0.882582358048058	1.14229862720667	1.40411275359579
1.16027658677291	0.890143685969119	1.14853157341287	1.41258147671749
1.16647809883833	0.895775815252075	1.15831778694809	1.41648531044271
1.17267961090374	0.89651176797441	1.16215836722275	1.42145855832215
1.17888112296916	0.909660838631038	1.16956370200821	1.43322509806366
1.18508263503457	0.913125280343665	1.17686122717645	1.43354166790207
1.19128414709998	0.924880026960499	1.18366537235898	1.44550479161705
1.1974856591654	0.930853548881085	1.1880495769148	1.45068208919121
1.20368717123081	0.935251788607439	1.1960118321504	1.45877980525951
1.20988868329622	0.946741677267061	1.20352579377422	1.46480274934656
1.21609019536164	0.950558842916452	1.21168381655232	1.47291935693212
1.22229170742705	0.950956907394998	1.21648897128582	1.48477806070898
1.22849321949247	0.959685568042942	1.22361445486492	1.48478192345237
1.23469473155788	0.964842650968701	1.22921728988908	1.48480531022435
1.24089624362329	0.974135087380425	1.23810348750859	1.49810292262556
1.24709775568871	0.983330367865362	1.24417171470002	1.50366613935458
1.25329926775412	0.991843426501279	1.25011845732396	1.51307379445269
1.25950077981953	0.994518783171394	1.25597717980898	1.51739363334568
1.26570229188495	1.00181106933782	1.26361878501334	1.52122709122266
1.27190380395036	1.0100173984686	1.2720507118502	1.52885023869468
1.27810531601577	1.01585939634769	1.27527482164235	1.5372986607138
1.28430682808119	1.02082856988156	1.28361527227869	1.5435097062766
1.2905083401466	1.03061528348539	1.28848462352289	1.55122701709428
1.29670985221202	1.03897723366757	1.29644575642277	1.55902042954499
1.30291136427743	1.03995724390566	1.30291316139554	1.56166635631823
1.30911287634284	1.0443514202229	1.30887087813513	1.57334536700222
1.31531438840826	1.05535351094093	1.3177317639923	1.57954406141041
1.32151590047367	1.06124238093518	1.32548338040741	1.58956861052015
1.32771741253908	1.06425782440461	1.32883963598142	1.58978401355846
1.3339189246045	1.07449664307535	1.336795414309	1.59618973663045
1.34012043666991	1.08042895234842	1.34265673216505	1.60104607759657
1.34632194873533	1.08834802660355	1.34971777827575	1.60888370246919
1.35252346080074	1.09548393555463	1.35548278698426	1.61689852022584
1.35872497286615	1.10425755661586	1.36314643618644	1.62742531637066
1.36492648493157	1.10483375871248	1.36918772883888	1.63074252820582
1.37112799699698	1.11462063263826	1.37414769700406	1.64088685668495
1.37732950906239	1.1189269915873	1.38530279860719	1.64532212383637
1.38353102112781	1.12723824390843	1.38997890364045	1.65458222649765
1.38973253319322	1.13516857590835	1.39421466661179	1.65712752209155
1.39593404525864	1.13994492081471	1.40309931856514	1.66172146860487
1.40213555732405	1.15078828477484	1.40797836705191	1.66732276371159
1.40833706938946	1.15851312599859	1.41576886030032	1.67427771183019
1.41453858145488	1.16190643982573	1.42479346866669	1.68756761852774
1.42074009352029	1.16894760913641	1.42949909112888	1.69021660193986
1.4269416055857	1.1750179290828	1.43953845887201	1.69858536401856
1.43314311765112	1.18323789215509	1.44366454128689	1.70452113125326
1.43934462971653	1.18515149029253	1.44972375158637	1.71381602368713
1.44554614178194	1.1984373691473	1.45702600168651	1.72028735286185
1.45174765384736	1.20004419975998	1.46300537787941	1.72023918515507
1.45794916591277	1.20237280007138	1.46795011668109	1.73596673729794
1.46415067797819	1.21770678632536	1.47826220142023	1.74026666135579
1.4703521900436	1.21672995231653	1.4840842080837	1.74730768178927
1.47655370210901	1.23170263184729	1.49175728280428	1.75297970235065
1.48275521417443	1.23092027949024	1.49625711696117	1.75955713950418
1.48895672623984	1.24304679961277	1.50469988774545	1.76739539074578
1.49515823830525	1.24324569089088	1.5103324712641	1.76986079060227
1.50135975037067	1.25468111583765	1.51571366740654	1.77767068830064
1.50756126243608	1.26191702928366	1.52056428060395	1.78290960520153
1.5137627745015	1.27567476707859	1.53087702762817	1.79034743589419
1.51996428656691	1.2734240666906	1.53470640199604	1.79555671948857
1.52616579863232	1.28422535540833	1.54445515750878	1.81029597301136
1.53236731069774	1.28891030321264	1.54866246535648	1.81165169900257
1.53856882276315	1.29247335121664	1.55650132261782	1.82182181722511
1.54477033482856	1.30220244347126	1.5622691227285	1.82542289355905
1.55097184689398	1.31014266063689	1.57152246149576	1.83236364890203
1.55717335895939	1.30943757378703	1.57502217752019	1.84058514413021
1.5633748710248	1.32597928530309	1.58431271508007	1.84562344799407
1.56957638309022	1.33163997239982	1.58848085433882	1.8553074852256
1.57577789515563	1.33222836704146	1.59637341783275	1.85693845120969
1.58197940722105	1.34103380115714	1.60344910050627	1.86800085397776
1.58818091928646	1.34943951111022	1.60906254098366	1.87183412570457
1.59438243135187	1.35664420175251	1.61563196789614	1.87795461579812
1.60058394341729	1.35927751350194	1.62091343423985	1.88264797244502
1.6067854554827	1.37391844966093	1.6316921884532	1.89606441412944
1.61298696754811	1.37465174400597	1.63555797299069	1.90269451112348
1.61918847961353	1.37833907151571	1.64456209478284	1.90627086235066
1.62538999167894	1.39134602154041	1.64989199497647	1.90811179485122
1.63159150374436	1.3913945619889	1.65459873052696	1.91722818505927
1.63779301580977	1.40170938332837	1.66351721007529	1.92351340858917
1.64399452787518	1.406636964735	1.67167801692726	1.93301021951682
1.6501960399406	1.40950627138834	1.67546921261802	1.93812543864088
1.65639755200601	1.41958313354857	1.68221223285012	1.94590552347884
1.66259906407142	1.42523542624235	1.68949247204489	1.95348055107023
1.66880057613684	1.44033284578623	1.69741025741346	1.96070145537339
1.67500208820225	1.44285918362221	1.70401448413823	1.96695787274511
1.68120360026766	1.4433179705817	1.70891926988314	1.97577859998199
1.68740511233308	1.4511857453264	1.71744063802072	1.97515892491161
1.69360662439849	1.46084222786105	1.72345892417015	1.98693087959287
1.69980813646391	1.46603945076127	1.72981687631346	1.9940492369325
1.70600964852932	1.47314021632986	1.7364407230352	2.00159543779605
1.71221116059473	1.47441631021313	1.74539796479662	2.0088713390238
1.71841267266015	1.48054015803264	1.74847872234423	2.01740180687861
1.72461418472556	1.4926377402135	1.75596207607678	2.02079868850816
1.73081569679097	1.49885806310944	1.76314855892578	2.02924038625626
1.73701720885639	1.50612717387843	1.76934292078813	2.03388586176035
1.7432187209218	1.5134515155075	1.77465090330238	2.04207432534281
1.74942023298722	1.52314251581958	1.78279777978247	2.04598478155936
1.75562174505263	1.52741733483595	1.78846885652203	2.04779159418969
1.76182325711804	1.53624010783768	1.79768506043487	2.05846102433519
1.76802476918346	1.53691214889868	1.80426997061301	2.05932790328901
1.77422628124887	1.54814884796029	1.81079512959859	2.07723741395811
1.78042779331428	1.55316152668931	1.81794732574979	2.0790548143526
1.7866293053797	1.56164937265115	1.82391429720551	2.08619735379667
1.79283081744511	1.56786761007323	1.82799000314416	2.09385267399869
1.79903232951053	1.57065924656047	1.836049339483	2.09870879561244
1.80523384157594	1.58067114645286	1.84260184229706	2.1063348627145
1.81143535364135	1.58915445289925	1.8502225844213	2.11458409204736
1.81763686570677	1.59309205456342	1.85696942007907	2.1206009344279
1.82383837777218	1.59830951825084	1.86232164244887	2.12980353710809
1.83003988983759	1.60872350651465	1.8721890611926	2.13391148333423
1.83624140190301	1.61502405870111	1.87617844690735	2.13978295217687
1.84244291396842	1.61917243095854	1.88254922736943	2.14411970800222
1.84864442603383	1.6261003939324	1.88908643557409	2.15487968417009
1.85484593809925	1.63195282062321	1.89777945362453	2.16084063025673
1.86104745016466	1.63761528091033	1.9016386486136	2.16735121534432
1.86724896223008	1.64741419519026	1.91068368747583	2.17210318898053
1.87345047429549	1.65393524458568	1.91530039220067	2.18242320658698
1.8796519863609	1.66051925315873	1.92407142596608	2.18282298933419
1.88585349842632	1.66727731491255	1.92873108303752	2.19004725391173
1.89205501049173	1.67136274574675	1.93413922369248	2.19962961726627
1.89825652255714	1.67710113957101	1.94390006784771	2.20941004753568
1.90445803462256	1.68796572843712	1.94942408458805	2.21121806770095
1.91065954668797	1.69048375793687	1.95738761543069	2.2174438062985
1.91686105875339	1.6997531785231	1.96403132162744	2.22799865787815
1.9230625708188	1.70570397611847	1.96988927690886	2.23657848969257
1.92926408288421	1.7128256243719	1.9781431031087	2.2405475180185
1.93546559494963	1.72261636379772	1.98384159080431	2.2503038915656
1.94166710701504	1.72573082630028	1.99082934157229	2.25526006739615
1.94786861908045	1.731898545903	1.99551027111573	2.26175053619618
1.95407013114587	1.7427276491896	2.00259116405444	2.26364330938006
1.96027164321128	1.74758076725134	2.01151658953427	2.27333189766094
1.96647315527669	1.75336545218162	2.01552192174806	2.28078011186904
1.97267466734211	1.75993478287715	2.02349509667115	2.28246272023121
1.97887617940752	1.76123148178251	2.02968527745371	2.29021705513383
1.98507769147294	1.77078340576192	2.03775972498576	2.30588621844579
1.99127920353835	1.77950251939628	2.04231321494202	2.30748574481747
1.99748071560376	1.78486969198729	2.0499644743075	2.31579642168012
2.00368222766918	1.79045277466973	2.05499229092203	2.31758925367016
2.00988373973459	1.79609493001508	2.06102393705558	2.32580471917313
2.0160852518	1.80562318214856	2.06966140592854	2.33879889173353
2.02228676386542	1.81403478893888	2.07673019440548	2.34721655521585
2.02848827593083	1.8142594543304	2.08288727659133	2.3482739816937
2.03468978799625	1.82825202854989	2.08918060494195	2.3513379542239
2.04089130006166	1.83509686364225	2.096774904273	2.3646360321466
2.04709281212707	1.83962843076955	2.10327820645787	2.36484426916006
2.05329432419249	1.84780824296438	2.11012237365946	2.37387150887279
2.0594958362579	1.85018633018868	2.11765545780906	2.38237068092816
2.06569734832331	1.8547293059225	2.12334714666881	2.39041516236275
2.07189886038873	1.86178524466128	2.1278633259921	2.39658605143004
2.07810037245414	1.8695168708054	2.13916793523589	2.40645177340573
2.08430188451955	1.87703954315403	2.143228671971	2.40966960157428
2.09050339658497	1.88884239063382	2.15168869710663	2.41244302552828
2.09670490865038	1.88391603132827	2.15668849943789	2.42637195766119
2.1029064207158	1.90064556472808	2.16229136126313	2.43176803258902
2.10910793278121	1.90132492326376	2.17064895102777	2.43657821486141
2.11530944484662	1.9101698794354	2.177476451202	2.4421726550742
2.12151095691204	1.92166602186945	2.18310298601131	2.44508015099788
2.12771246897745	1.92289631081047	2.19160718995771	2.45272885424533
2.13391398104286	1.93094953108348	2.19580606663046	2.46311933652775
2.14011549310828	1.9381820084212	2.20107563267322	2.47052735902408
2.14631700517369	1.94558209722779	2.21147471764266	2.47748929557255
2.15251851723911	1.95018550055537	2.21608144813591	2.48117290833069
2.15872002930452	1.95641701559799	2.22221750254087	2.48812220114099
2.16492154136993	1.96145203597706	2.22816329459363	2.49815373567022
2.17112305343535	1.97152450282957	2.23656255619813	2.49739599082205
2.17732456550076	1.97298922406079	2.2436900229612	2.50703955445183
2.18352607756617	1.98268552401025	2.24892379572624	2.51915121792748
2.18972758963159	1.98687054696465	2.25656530668048	2.52155008764311
2.195929101697	1.99644024001513	2.26317645662531	2.52790319477258
2.20213061376242	2.00273483566368	2.27049209469566	2.53574817097877
2.20833212582783	2.01510075302233	2.27781381848241	2.54748267908564
2.21453363789324	2.01824032624974	2.28189350137438	2.54571259905255
2.22073514995866	2.02096346266816	2.29053926077735	2.56238978452298
2.22693666202407	2.03034402532812	2.29752121420686	2.56054616626871
2.23313817408948	2.03361950609459	2.30244746849043	2.56953335243157
2.2393396861549	2.04197204649186	2.31087514697549	2.57617769904367
2.24554119822031	2.05010071442904	2.31728014417087	2.58203846016756
2.25174271028573	2.05345625545305	2.32419609354514	2.59601094905285
2.25794422235114	2.06264836211917	2.32819883507197	2.59845635645374
2.26414573441655	2.07037217061072	2.33447523880967	2.6008526160731
2.27034724648197	2.07891159025078	2.34338812330873	2.60867398763488
2.27654875854738	2.0747074534883	2.35017679264822	2.61980359322247
2.28275027061279	2.08844947217917	2.35672420761597	2.62092654057501
2.28895178267821	2.09639333552737	2.36425628139689	2.63287171698281
2.29515329474362	2.10303356152253	2.37001452920553	2.63420422243444
2.30135480680903	2.110277015689	2.37525279195794	2.64476571597161
2.30755631887445	2.11774349003901	2.38328390009121	2.6515374234756
2.31375783093986	2.12796927823943	2.39054963468326	2.65551457440543
2.31995934300528	2.12850666818247	2.39639909863975	2.66594634152511
2.32616085507069	2.13621669735293	2.40379362666195	2.67443729581708
2.3323623671361	2.13691783903579	2.40849863283465	2.68002714010357
2.33856387920152	2.14416746766538	2.41476102926131	2.68580473650662
2.34476539126693	2.15503077395042	2.42467468685637	2.69242181147526
2.35096690333234	2.16150622645349	2.42962678564344	2.69532473950692
2.35716841539776	2.17072464785673	2.43957794650134	2.70213381696135
2.36336992746317	2.17691155091575	2.44256069180469	2.71330678662522
2.36957143952859	2.17420815609068	2.45000210931893	2.71857609928306
2.375772951594	2.18986483165239	2.45806719458681	2.72504374715455
2.38197446365941	2.19372887844793	2.46436864337941	2.73205395889572
2.38817597572483	2.20306704759967	2.47134435802632	2.73819556857858
2.39437748779024	2.20755155490184	2.47834170021127	2.74440134123698
2.40057899985565	2.21587294663917	2.48483191416892	2.75245818937933
2.40678051192107	2.22245114576375	2.49205340117119	2.75828680265924
2.41298202398648	2.23091484087736	2.49605066267598	2.76148406320859
2.41918353605189	2.2316638319391	2.50494441074205	2.77339803598451
2.42538504811731	2.24159875823869	2.50958154235011	2.78296418120779
2.43158656018272	2.24305942472464	2.51683189327146	2.78514670869706
2.43778807224814	2.25480627994268	2.52441406489197	2.79402019332481
2.44398958431355	2.25950995586992	2.53062595436726	2.79628474375911
2.45019109637896	2.26673523123432	2.53714379609075	2.80382587937404
2.45639260844438	2.27109245800559	2.54343471000157	2.81844977088696
2.46259412050979	2.28223519147878	2.54835074036441	2.8133446263102
2.4687956325752	2.28616042201738	2.55773696490987	2.82744604221501
2.47499714464062	2.29675560763146	2.56245773350193	2.83138964990825
2.48119865670603	2.30002599713811	2.56963912892183	2.83811234406693
2.48740016877145	2.30265624735551	2.57708293053716	2.84722292349323
2.49360168083686	2.31345927389253	2.58241778138095	2.84996257128855
2.49980319290227	2.32049175517344	2.58962852170734	2.85858536045669
2.50600470496769	2.32626474418069	2.5956398546758	2.86226766656119
2.5122062170331	2.33474140533073	2.60364531414607	2.87400198220241
2.51840772909851	2.34175825598314	2.61265051045074	2.88769926631914
2.52460924116393	2.34525686309023	2.61574456188914	2.88605044675496
2.53081075322934	2.35562846901601	2.62427501877465	2.89753799964933
2.53701226529475	2.36311262938522	2.63080490834091	2.89762499971262
2.54321377736017	2.36681116660505	2.6351895521266	2.90599164993167
2.54941528942558	2.37435590711557	2.64466573716416	2.91437615323271
2.555616801491	2.3827173170763	2.65032663415827	2.92011048742601
2.56181831355641	2.38805783528342	2.65730593404265	2.92560990063884
2.56801982562182	2.40020204189616	2.66502794209253	2.93439003891202
2.57422133768724	2.39421467323538	2.66867505612099	2.94055274674804
2.58042284975265	2.40555195451205	2.67682634489577	2.94266224115375
2.58662436181806	2.41240641795449	2.68397242231059	2.95450178274536
2.59282587388348	2.41930017469902	2.68988066090661	2.96289795317561
2.59902738594889	2.42468639455834	2.6959736063033	2.97249244040824
2.60522889801431	2.43436236444572	2.70463755776736	2.97517284877848
2.61143041007972	2.44219894076083	2.70954249577818	2.97882350656966
2.61763192214513	2.44176819816499	2.71626638167298	2.98688324198569
2.62383343421055	2.45273456731394	2.72337221469087	2.99698061082671
2.63003494627596	2.45543421060507	2.72998804426952	2.99959971703538
2.63623645834137	2.46639819435836	2.73589239251204	3.00282716657998
2.64243797040679	2.47458982455407	2.74357075058491	3.01809944594679
2.6486394824722	2.47458649137871	2.74984132352042	3.02111132933851
2.65484099453761	2.48393494161523	2.75633113853629	3.02773806663123
2.66104250660303	2.49537773000099	2.76409177801383	3.03675278006339
2.66724401866844	2.49373906843123	2.77017831589907	3.03743884270392
2.67344553073386	2.50480335365063	2.77760658905694	3.05282680457603
2.67964704279927	2.51152001049032	2.78303179021097	3.05209179867571
2.68584855486468	2.51679460102035	2.7883292882995	3.05778915858167
2.6920500669301	2.52405946276484	2.79759765092695	3.07065240882934
2.69825157899551	2.53089980278342	2.80389629691093	3.07688472673466
2.70445309106092	2.53496393193635	2.8109026537181	3.0828342294156
2.71065460312634	2.54153864253798	2.8190693064216	3.09135883285066
2.71685611519175	2.5495651633426	2.82327098042817	3.09813691060276
2.72305762725717	2.55656453290068	2.82954888836743	3.10283733339936
2.72925913932258	2.56001215920195	2.83851032754612	3.1128451840474
2.73546065138799	2.56969224217428	2.84352743134925	3.11404167384746
2.74166216345341	2.57989258601312	2.84909304094772	3.12389027636369
2.74786367551882	2.58467323334071	2.8586176266673	3.13071237652832
2.75406518758423	2.59446626355715	2.86291919082569	3.13545373628115
2.76026669964965	2.59966652329474	2.87066191897921	3.13709636149246
2.76646821171506	2.60792976851133	2.87799774133343	3.14810376221376
2.77266972378047	2.60867437410695	2.88452023438107	3.15886622745787
2.77887123584589	2.62039480120169	2.89203562638748	3.1654160365341
2.7850727479113	2.62059506095135	2.89596228904026	3.17168203424221
2.79127425997672	2.62944603713597	2.90198659806143	3.17666638303549
2.79747577204213	2.63432908897291	2.91095479020848	3.18150077825726
2.80367728410754	2.64205959924851	2.91719552989875	3.18945423385613
2.80987879617296	2.65201586449646	2.92435267496989	3.1961776369773
2.81608030823837	2.65846232073873	2.93292763717993	3.20332016815938
2.82228182030378	2.66475809237935	2.93609652924885	3.2113181572126
2.8284833323692	2.66958857882337	2.94320432698187	3.21538885665179
2.83468484443461	2.67676697648538	2.94815424070158	3.22555362771054
2.84088635650003	2.68914029246967	2.95665339844938	3.22628597873179
2.84708786856544	2.68572914649565	2.96108055096054	3.23333538795007
2.85328938063085	2.68967603553374	2.97093044224866	3.24365164131359
2.85949089269627	2.70140031586811	2.97711504507477	3.25368365108399
2.86569240476168	2.71173869495523	2.98609770659381	3.25761808811228
2.87189391682709	2.71308767001783	2.98983425951271	3.26818626811926
2.87809542889251	2.72329629455399	2.99560805388998	3.27598950378884
2.88429694095792	2.72701947611638	3.00380125373874	3.27933199129151
2.89049845302333	2.73666960005767	3.009746008081	3.28469551785872
2.89669996508875	2.7426213456687	3.01700262618905	3.29276013349978
2.90290147715416	2.74815060939796	3.02230066416026	3.29413105839195
2.90910298921958	2.75935957469258	3.0307152266631	3.30478544409499
2.91530450128499	2.76148432399198	3.03946751288862	3.31411183850999
2.9215060133504	2.76785876945398	3.04240233552794	3.32001234701768
2.92770752541582	2.77471193382433	3.0505367508027	3.32428625744093
2.93390903748123	2.78272108877636	3.05508791925521	3.33142778883531
2.94011054954664	2.7899361098262	3.06287591081487	3.34379321053834
2.94631206161206	2.79181431616284	3.07095083598339	3.346647527863
2.95251357367747	2.80213730727303	3.07577944872454	3.35078010989782
2.95871508574289	2.81239308494432	3.08442799998257	3.36173094665252
2.9649165978083	2.81302568996866	3.08838868195132	3.36856856341457
2.97111810987371	2.82487245422676	3.09714594080837	3.3750713545629
2.97731962193913	2.82447349672118	3.10402824686025	3.37799039243943
2.98352113400454	2.83077133676432	3.10978259972031	3.38674874134502
2.98972264606995	2.84047528107978	3.11461139746741	3.3950354116624
2.99592415813537	2.84422370011486	3.12365044665895	3.40176370076188
3.00212567020078	2.85736729924345	3.13087855508357	3.40802004891422
3.00832718226619	2.86111765701908	3.13931593694645	3.41012063432576
3.01452869433161	2.87265302177263	3.14243533418386	3.41670547503871
3.02073020639702	2.87567241515049	3.15006763736333	3.42401474908288
3.02693171846244	2.87740144616729	3.15693247275832	3.43198462936627
3.03313323052785	2.88805860996682	3.16422421412935	3.44221552814901
3.03933474259326	2.89690150854604	3.17101442827646	3.4473681116485
3.04553625465868	2.89889110294456	3.17591935373646	3.45147352887044
3.05173776672409	2.90613042422156	3.18442658585528	3.46030697420489
3.0579392787895	2.91508492383978	3.1906802999657	3.47022680316565
3.06414079085492	2.92002151760025	3.19748327453541	3.47727790689988
3.07034230292033	2.92803406013603	3.20361283273839	3.48299525978128
3.07654381498575	2.92857605864297	3.20920172837796	3.48618417284155
3.08274532705116	2.93412991452771	3.21643470186166	3.49541064404512
3.08894683911657	2.94319128536603	3.22428810065227	3.50007683977808
3.09514835118199	2.9522703955439	3.22939497026001	3.51091022279979
3.1013498632474	2.96104169572602	3.23689017163026	3.51484885936881
3.10755137531281	2.96673698300601	3.24255802065444	3.5242115032598
3.11375288737823	2.9720388331464	3.25075914633231	3.52644787306423
3.11995439944364	2.97948334251508	3.25688022820943	3.53697903219263
3.12615591150906	2.98578475655444	3.26182647949872	3.54230989715308
3.13235742357447	2.99115768881801	3.26937527699953	3.55032530956645
3.13855893563988	3.0050459927758	3.27836312869567	3.55624526875283
3.1447604477053	3.00185147971994	3.28480232875846	3.56657263545631
3.15096195977071	3.00919333059964	3.28976603565119	3.56829275401291
3.15716347183612	3.01651353851614	3.29664793870303	3.57795739808037
3.16336498390154	3.02562304845429	3.30286109040327	3.58341602510267
3.16956649596695	3.02926308519569	3.31180569569388	3.59231111580247
3.17576800803237	3.03546923307201	3.31872331892465	3.59421332589245
3.18196952009778	3.04461296308904	3.32359186351818	3.60765740560642
3.18817103216319	3.05044684348902	3.3317059424902	3.6133770125332
3.19437254422861	3.06047134030337	3.33741745563697	3.61305819576674
3.20057405629402	3.06343884960632	3.34432506083074	3.62414859488246
3.20677556835943	3.06991591511895	3.35229644678937	3.62852000732505
3.21297708042485	3.0785131976757	3.35543134449649	3.6361356111435
3.21917859249026	3.08072575432081	3.36354859238328	3.64031856687893
3.22538010455567	3.08872483660717	3.36930529001377	3.65383820050235
3.23158161662109	3.09814842935996	3.37704902980739	3.65374561990558
3.2377831286865	3.10892887401235	3.38536068743885	3.66838061202331
3.24398464075192	3.11201190631491	3.39116000086493	3.66675769433461
3.25018615281733	3.11538281843707	3.39805176898963	3.67906365479432
3.25638766488274	3.12167088022891	3.40119390438213	3.68328662279177
3.26258917694816	3.12988313511807	3.40950971252567	3.68808401567773
3.26879068901357	3.1317021600938	3.41681441123643	3.69695188487024
3.27499220107898	3.14498322470573	3.42294581618687	3.70130972853973
3.2811937131444	3.14952639964093	3.42988103791143	3.71038950774583
3.28739522520981	3.15419940373684	3.43686975970444	3.72140686829015
3.29359673727523	3.15740033220218	3.4435835927408	3.72618579847286
3.29979824934064	3.1728157352907	3.45127637966081	3.72908667623625
3.30599976140605	3.17555798908694	3.45718063912706	3.73811647771943
3.31220127347147	3.17756258802861	3.46514379776576	3.74383804803525
3.31840278553688	3.18170080937469	3.47159445672075	3.75255418682383
3.32460429760229	3.19832472071346	3.47676658462235	3.7591343300166
3.33080580966771	3.20127918404695	3.48467605760454	3.7661638697449
3.33700732173312	3.20745880453556	3.49026061157247	3.76640362083217
3.34320883379853	3.2165906218864	3.49782140475995	3.7776829757226
3.34941034586395	3.22290061324159	3.5043442684242	3.78654867698619
3.35561185792936	3.22958923003132	3.51114457715172	3.79143528905766
3.36181336999478	3.2350478856806	3.51715272713557	3.79871998375913
3.36801488206019	3.24137789187805	3.52418324869079	3.80696794552299
3.3742163941256	3.2472386675662	3.53216961151384	3.8124606211701
3.38041790619102	3.2508922246993	3.53644660880481	3.82090900147501
3.38661941825643	3.25699593161742	3.54150512748815	3.82487309866597
3.39282093032184	3.26820877797351	3.55027848051601	3.83447864092192
3.39902244238726	3.27161307868241	3.55528312412586	3.84324000649499
3.40522395445267	3.28306602075451	3.56278943894607	3.84457084539099
3.41142546651809	3.28899770929998	3.569098066911	3.85681794582943
3.4176269785835	3.29597463308839	3.5786305568343	3.86163656131362
3.42382849064891	3.30278647386173	3.58377439932794	3.86833134365087
3.43003000271433	3.30680170569347	3.590940623801	3.87438425482026
3.43623151477974	3.30835234538609	3.59901194646907	3.88216210543382
3.44243302684515	3.32188804776361	3.6041633542345	3.88951971535518
3.44863453891057	3.32544948114434	3.61184623185124	3.89401250313813
3.45483605097598	3.33442697562103	3.61725655477326	3.90132400580225
3.46103756304139	3.34343693931689	3.622055209758	3.9124643463615
3.46723907510681	3.35194725598823	3.63075004951882	3.91429408249009
3.47344058717222	3.35283100009224	3.63867641399361	3.92648721943173
3.47964209923764	3.3592278289812	3.64310353961386	3.93137014625662
3.48584361130305	3.36489925095236	3.64996755686115	3.93721222627854
3.49204512336846	3.37484366928175	3.65597828242327	3.93965770105567
3.49824663543388	3.37775990861222	3.66471269445619	3.95094395353116
3.50444814749929	3.38369865270266	3.67077635414942	3.95601515213539
3.5106496595647	3.38669583109418	3.67562967930867	3.96184098284141
3.51685117163012	3.39924060306021	3.68242681057225	3.96928248638301
3.52305268369553	3.40172856692267	3.68862520967272	3.97609395950633
3.52925419576095	3.41080218621698	3.69804413079463	3.98494724937114
3.53545570782636	3.41097042676745	3.70341329137234	3.995406176155
3.54165721989177	3.41960175297854	3.71138519167437	3.99249651028848
3.54785873195719	3.43348162741027	3.71711253367139	4.00388575076413
3.5540602440226	3.43986968723488	3.72372913681047	4.01252847577455
3.56026175608801	3.44709319131569	3.72816372239896	4.01616540626539
3.56646326815343	3.45236521464713	3.73665589432384	4.02418665555418
3.57266478021884	3.45753226082053	3.74350203003739	4.02991217847055
3.57886629228425	3.46735317695499	3.75079911566836	4.03706485746646
3.58506780434967	3.4668149220541	3.75573231672918	4.04652316827735
3.59126931641508	3.47600539070924	3.76418448098423	4.05128247336765
3.5974708284805	3.48284638406438	3.77166419112588	4.05475846589942
3.60367234054591	3.48930206445339	3.77824898230259	4.06296373852681
3.60987385261132	3.49816080193986	3.78443084789225	4.06640465414352
3.61607536467674	3.49813901097331	3.78882658401752	4.07898068864449
3.62227687674215	3.51109464533923	3.79884449757342	4.08608542661525
3.62847838880756	3.51308275750744	3.80288057396309	4.09110158700403
3.63467990087298	3.52766241349694	3.80966874521126	4.09646796015756
3.64088141293839	3.52532892850933	3.81645262071721	4.10079856863273
3.64708292500381	3.53745901637992	3.82548358428379	4.11576472916507
3.65328443706922	3.54397409506247	3.82831120396725	4.11732779166915
3.65948594913463	3.54996624949345	3.83418813694919	4.12744755234453
3.66568746120005	3.55780497406074	3.84344979733472	4.13349123214856
3.67188897326546	3.56200308027742	3.84924423357368	4.13931690307317
3.67809048533087	3.5694951866469	3.85672307636049	4.14648225988901
3.68429199739629	3.57460683208432	3.86025477780805	4.15235252310509
3.6904935094617	3.58010500242397	3.87033789412493	4.16222487365153
3.69669502152711	3.58923653169847	3.87867560082849	4.16610525752219
3.70289653359253	3.59611784111431	3.88518063921642	4.17497155848439
3.70909804565794	3.60255287726946	3.89080098199415	4.18196083151918
3.71529955772336	3.6075034947551	3.89833117569302	4.18462077153722
3.72150106978877	3.61693375131793	3.90476472463593	4.19690982978404
3.72770258185418	3.61958641896009	3.91106278052919	4.19944519280567
3.7339040939196	3.62841055638706	3.91629879796105	4.20096453005466
3.74010560598501	3.63625439819496	3.92281232453759	4.21841375435475
3.74630711805042	3.64049689088622	3.93073188290904	4.22491439512084
3.75250863011584	3.64745659663752	3.9374756605811	4.23031763581086
3.75871014218125	3.65641810772073	3.94267526534462	4.23311143690089
3.76491165424667	3.66112999724962	3.95217599999867	4.24308429775284
3.77111316631208	3.66723747300167	3.95611595499436	4.24797685875695
3.77731467837749	3.67337842157939	3.96438385758901	4.25040367170468
3.78351619044291	3.67952209354546	3.96795225344197	4.26304927528362
3.78971770250832	3.68746765846776	3.97655729728698	4.26760428534887
3.79591921457373	3.68937404934348	3.98138178579021	4.27770416240829
3.80212072663915	3.70185667868146	3.99053644444405	4.27848548713997
3.80832223870456	3.70481552453126	3.99646379603117	4.29115720289745
3.81452375076997	3.71505843199484	4.00340407766413	4.29801087306701
3.82072526283539	3.71875935768671	4.00813842698537	4.30224627750438
3.8269267749008	3.72360891130785	4.01677653226949	4.31032690227841
3.83312828696622	3.73287929650149	4.02373625457525	4.31653245431144
3.83932979903163	3.73709396534693	4.03069872965481	4.32145867142046
3.84553131109704	3.7462945991008	4.03772758765161	4.32976092935151
3.85173282316246	3.7485686705872	4.04274304082553	4.33490056741177
3.85793433522787	3.75710744950238	4.05081427742861	4.34970613903133
3.86413584729328	3.76311765331842	4.0541572475143	4.35058414776231
3.8703373593587	3.77200416835586	4.0628728143425	4.35619322107541
3.87653887142411	3.77924867185629	4.07044484576565	4.36084294331942
3.88274038348953	3.77794429065382	4.07965204439689	4.37353037232596
3.88894189555494	3.78813019163121	4.08297707567049	4.37655649860253
3.89514340762035	3.80065676909285	4.09066701767868	4.37951513567818
3.90134491968577	3.80051632629358	4.09736437379605	4.3863511317382
3.90754643175118	3.80930969743113	4.10412490146714	4.39799642086958
3.91374794381659	3.8138512987317	4.1105624699322	4.40642814157366
3.91994945588201	3.82678729446873	4.11844653066812	4.41091945110936
3.92615096794742	3.82606499337746	4.12302360887877	4.41795376548881
3.93235248001284	3.83389992600226	4.13014561456164	4.42300132632311
3.93855399207825	3.8462707487247	4.13836824640547	4.43091874519297
3.94475550414366	3.84987771150586	4.14444129912598	4.44630687573577
3.95095701620908	3.85680677996067	4.15039772653724	4.44692783974124
3.95715852827449	3.86229412756904	4.15555888286247	4.45397874721784
3.9633600403399	3.87062455373362	4.16319667055275	4.45433788266819
3.96956155240532	3.87351917624492	4.16988838814824	4.46443935075485
3.97576306447073	3.88337163142479	4.17738437402299	4.4673897324632
3.98196457653615	3.89065092683088	4.18463550548298	4.4811695511852
3.98816608860156	3.89503358425691	4.19072343612255	4.48195201248872
3.99436760066697	3.89542759998163	4.19799921995665	4.48821525241811
4.00056911273239	3.90909479737346	4.20379482536128	4.49254693942268
4.0067706247978	3.91519623333612	4.21043975104533	4.50211728106608
4.01297213686321	3.92512640259541	4.21687894653568	4.51451419868098
4.01917364892863	3.93019951673225	4.22594605143415	4.51684038861093
4.02537516099404	3.93432960414974	4.23182286625845	4.52976389594398
4.03157667305945	3.94594609779115	4.23958522501507	4.53162701061848
4.03777818512487	3.94558412717142	4.24274763765185	4.53479867110857
4.04397969719028	3.95199869048027	4.24908545817475	4.54910969059815
4.0501812092557	3.9575958911089	4.25769989043958	4.55547213814321
4.05638272132111	3.96771619224872	4.26399526002588	4.56241379829972
4.06258423338652	3.97738591024155	4.27066758132817	4.5706735926091
4.06878574545194	3.9800864231791	4.27684256392934	4.57084272942853
4.07498725751735	3.9852419798219	4.2844360316425	4.57759362766451
4.08118876958276	3.99082629382183	4.29009907664155	4.59259110111577
4.08739028164818	4.00399675006208	4.29826112831865	4.59403143221508
4.09359179371359	4.00770248210767	4.30539507576778	4.60629761676295
4.09979330577901	4.01310603680279	4.31057738326851	4.60525671053524
4.10599481784442	4.02319751306571	4.3187062371304	4.61644294296824
4.11219632990983	4.025925618827	4.32314998206113	4.62030812480426
4.11839784197525	4.03514429156252	4.33307456247537	4.62886405857428
4.12459935404066	4.04034976581817	4.33475590451691	4.63535557023079
4.13080086610607	4.04570557958722	4.34190867578428	4.64485285629628
4.13700237817149	4.04488777306663	4.35070928286853	4.65343679040372
4.1432038902369	4.06074239989288	4.35731880552124	4.66023114765067
4.14940540230231	4.06541344490554	4.36268328871741	4.66264471897798
4.15560691436773	4.07667071999033	4.37120738439557	4.66361634920676
4.16180842643314	4.07842905500787	4.37665711746798	4.67645924023127
4.16800993849855	4.08878898839012	4.38280575749193	4.68054647545304
4.17421145056397	4.09223901578431	4.3904020344738	4.69156777084616
4.18041296262938	4.09597070419119	4.39548231042984	4.69744549821397
4.1866144746948	4.10761024632356	4.40437276508991	4.70136997558125
4.19281598676021	4.11018271519852	4.40927540447803	4.70708302851001
4.19901749882562	4.11843792856603	4.41721736933867	4.71931005920704
4.20521901089104	4.12325629143855	4.42339388640451	4.72400563402811
4.21142052295645	4.12618561449903	4.43060819120323	4.73093356356123
4.21762203502186	4.13668447336281	4.43829515860021	4.73202127703572
4.22382354708728	4.14575088280188	4.44470159483587	4.74375211112002
4.23002505915269	4.15350321344528	4.45063754774473	4.75368914255363
4.23622657121811	4.15729504777982	4.45606928548972	4.75847053897642
4.24242808328352	4.16052582036777	4.46436924964788	4.7666205385483
4.24862959534893	4.16880267302943	4.46908429380504	4.7708564191871
4.25483110741435	4.17772804121803	4.47713408409526	4.78002803877781
4.26103261947976	4.18060948267912	4.48374357156834	4.78454558150131
4.26723413154517	4.19402405706982	4.48980348111983	4.79357424495096
4.27343564361059	4.19100152300469	4.49900484467144	4.80102896376097
4.279637155676	4.20261360878035	4.50476917510242	4.80359720770108
4.28583866774142	4.21188069600759	4.50952606773973	4.81322456501683
4.29204017980683	4.2184515819253	4.51596839649807	4.81934001225216
